0.800000
0.800041
0.800081
0.800121
0.800162
0.800202
0.800242
0.800283
0.800323
0.800364
0.800404
0.800444
0.800485
0.800525
0.800565
0.800606
0.800646
0.800686
0.800727
0.800767
0.800808
0.800848
0.800888
0.800929
0.800969
0.801009
0.801050
0.801090
0.801130
0.801171
0.801211
0.801252
0.801292
0.801332
0.801373
0.801413
0.801454
0.801494
0.801534
0.801575
0.801615
0.801655
0.801696
0.801736
0.801776
0.801817
0.801857
0.801898
0.801938
0.801978
0.802019
0.802059
0.802099
0.802140
0.802180
0.802221
0.802261
0.802301
0.802342
0.802382
0.802422
0.802463
0.802503
0.802543
0.802584
0.802624
0.802665
0.802705
0.802745
0.802786
0.802826
0.802866
0.802907
0.802947
0.802987
0.803028
0.803068
0.803109
0.803149
0.803189
0.803230
0.803270
0.803310
0.803351
0.803391
0.803432
0.803472
0.803512
0.803553
0.803593
0.803633
0.803674
0.803714
0.803755
0.803795
0.803835
0.803876
0.803916
0.803956
0.803997
0.804037
0.804078
0.804118
0.804158
0.804199
0.804239
0.804281
0.804325
0.804374
0.804430
0.804494
0.804566
0.804644
0.804726
0.804809
0.804894
0.804978
0.805063
0.805147
0.805231
0.805316
0.805400
0.805485
0.805570
0.805654
0.805738
0.805823
0.805907
0.805992
0.806076
0.806161
0.806245
0.806330
0.806414
0.806499
0.806583
0.806668
0.806752
0.806837
0.806921
0.807006
0.807090
0.807175
0.807259
0.807344
0.807428
0.807513
0.807597
0.807682
0.807766
0.807851
0.807935
0.808019
0.808104
0.808188
0.808273
0.808357
0.808442
0.808529
0.808619
0.808717
0.808826
0.808951
0.809090
0.809242
0.809401
0.809565
0.809730
0.809895
0.810061
0.810227
0.810393
0.810558
0.810724
0.810890
0.811055
0.811221
0.811387
0.811553
0.811718
0.811884
0.812050
0.812215
0.812381
0.812548
0.812717
0.812892
0.813078
0.813280
0.813501
0.813739
0.813990
0.814249
0.814511
0.814775
0.815038
0.815302
0.815566
0.815829
0.816093
0.816357
0.816620
0.816883
0.817146
0.817407
0.817666
0.817922
0.818177
0.818430
0.818683
0.818936
0.819188
0.819440
0.819692
0.819945
0.820197
0.820449
0.820701
0.820954
0.821209
0.821469
0.821737
0.822020
0.822320
0.822636
0.822966
0.823303
0.823645
0.823988
0.824331
0.824675
0.825019
0.825363
0.825708
0.826056
0.826406
0.826759
0.827116
0.827475
0.827836
0.828197
0.828558
0.828920
0.829282
0.829645
0.830012
0.830384
0.830765
0.831158
0.831561
0.831974
0.832392
0.832813
0.833236
0.833659
0.834086
0.834519
0.834963
0.835420
0.835892
0.836378
0.836873
0.837374
0.837878
0.838384
0.838893
0.839409
0.839931
0.840460
0.840996
0.841535
0.842078
0.842625
0.843180
0.843747
0.844331
0.844932
0.845549
0.846174
0.846800
0.847419
0.848024
0.848609
0.849173
0.849719
0.850254
0.850784
0.851317
0.851862
0.852428
0.853024
0.853655
0.854319
0.855008
0.855713
0.856430
0.857154
0.857887
0.858628
0.859383
0.860160
0.860974
0.861839
0.862761
0.863728
0.864714
0.865690
0.866634
0.867541
0.868415
0.869267
0.870104
0.870931
0.871750
0.872565
0.873378
0.874193
0.875012
0.875837
0.876670
0.877516
0.878380
0.879270
0.880193
0.881152
0.882149
0.883184
0.884260
0.885370
0.886506
0.887652
0.888796
0.889930
0.891049
0.892155
0.893251
0.894343
0.895442
0.896564
0.897722
0.898931
0.900199
0.901532
0.902923
0.904354
0.905799
0.907235
0.908648
0.910035
0.911401
0.912760
0.914120
0.915490
0.916869
0.918253
0.919640
0.921038
0.922461
0.923928
0.925445
0.927000
0.928572
0.930133
0.931663
0.933156
0.934620
0.936076
0.937549
0.939062
0.940636
0.942283
0.944007
0.945798
0.947634
0.949485
0.951324
0.953136
0.954924
0.956708
0.958511
0.960352
0.962237
0.964160
0.966106
0.968063
0.970025
0.971993
0.973978
0.975990
0.978044
0.980145
0.982293
0.984479
0.986689
0.988908
0.991128
0.993351
0.995582
0.997830
1.000097
1.002381
1.004681
1.007003
1.009364
1.011792
1.014314
1.016946
1.019683
1.022495
1.025340
1.028180
1.030995
1.033786
1.036580
1.039413
1.042320
1.045317
1.048391
1.051504
1.054610
1.057676
1.060695
1.063684
1.066667
1.069669
1.072701
1.075763
1.078847
1.081942
1.085046
1.088161
1.091298
1.094464
1.097662
1.100892
1.104155
1.107459
1.110820
1.114250
1.117755
1.121331
1.124973
1.128685
1.132490
1.136430
1.140544
1.144849
1.149316
1.153874
1.158436
1.162925
1.167298
1.171543
1.175673
1.179720
1.183729
1.187750
1.191837
1.196031
1.200359
1.204818
1.209381
1.213999
1.218619
1.223200
1.227726
1.232213
1.236704
1.241259
1.245939
1.250793
1.255858
1.261156
1.266694
1.272447
1.278342
1.284264
1.290094
1.295765
1.301275
1.306681
1.312055
1.317452
1.322893
1.328369
1.333855
1.339334
1.344807
1.350300
1.355848
1.361480
1.367216
1.373058
1.379001
1.385035
1.391147
1.397319
1.403532
1.409775
1.416061
1.422438
1.428990
1.435802
1.442915
1.450282
1.457776
1.465250
1.472608
1.479841
1.486997
1.494136
1.501291
1.508456
1.515606
1.522718
1.529781
1.536800
1.543789
1.550773
1.557781
1.564848
1.572005
1.579266
1.586626
1.594064
1.601562
1.609116
1.616747
1.624494
1.632409
1.640546
1.648957
1.657679
1.666701
1.675946
1.685269
1.694505
1.703536
1.712338
1.720975
1.729554
1.738167
1.746861
1.755627
1.764429
1.773235
1.782034
1.790843
1.799690
1.808592
1.817552
1.826569
1.835647
1.844807
1.854078
1.863487
1.873035
1.882702
1.892449
1.902249
1.912100
1.922038
1.932141
1.942531
1.953347
1.964687
1.976528
1.988684
2.000863
2.012792
2.024335
2.035518
2.046469
2.057334
2.068216
2.079167
2.090201
2.101317
2.112521
2.123822
2.135226
2.146725
2.158296
2.169910
2.181550
2.193227
2.204972
2.216829
2.228844
2.241069
2.253571
2.266426
2.279677
2.293277
2.307060
2.320798
2.334302
2.347500
2.360438
2.373216
2.385917
2.398584
2.411231
2.423877
2.436565
2.449350
2.462274
2.475338
2.488500
2.501693
2.514862
2.527986
2.541080
2.554183
2.567337
2.580579
2.593938
2.607455
2.621198
2.635269
2.649783
2.664822
2.680365
2.696249
2.712206
2.727960
2.743331
2.758280
2.772885
2.787274
2.801577
2.815891
2.830271
2.844730
2.859245
2.873786
2.888335
2.902902
2.917517
2.932214
2.947012
2.961908
2.976878
2.991886
3.006902
3.021911
3.036934
3.052036
3.067344
3.083026
3.099240
3.116036
3.133293
3.150723
3.167991
3.184856
3.201250
3.217251
3.232994
3.248591
3.264111
3.279589
3.295050
3.310511
3.325984
3.341472
3.356969
3.372474
3.387999
3.403566
3.419199
3.434909
3.450685
3.466500
3.482328
3.498154
3.513992
3.529891
3.545940
3.562268
3.579021
3.596300
3.614089
3.632211
3.650366
3.668249
3.685669
3.702599
3.719133
3.735413
3.751562
3.767663
3.783759
3.799866
3.815982
3.832098
3.848205
3.864302
3.880398
3.896509
3.912648
3.928825
3.945032
3.961255
3.977474
3.993678
4.009876
4.026104
4.042441
4.059011
4.075970
4.093451
4.111479
4.129905
4.148414
4.166648
4.184351
4.201445
4.218013
4.234213
4.250197
4.266081
4.281935
4.297793
4.313664
4.329545
4.345427
4.361310
4.377201
4.393115
4.409061
4.425033
4.441007
4.456945
4.472808
4.488585
4.504303
4.520040
4.535922
4.552108
4.568748
4.585922
4.603574
4.621495
4.639374
4.656919
4.673953
4.690443
4.706459
4.722119
4.737544
4.752839
4.768083
4.783321
4.798563
4.813794
4.828991
4.844138
4.859238
4.874307
4.889367
4.904426
4.919485
4.934530
4.949545
4.964522
4.979462
4.994392
5.009378
5.024529
5.039975
5.055815
5.072035
5.088478
5.104890
5.121023
5.136737
5.152017
5.166931
5.181556
5.195946
5.210135
5.224159
5.238062
5.251890
5.265673
5.279423
5.293133
5.306796
5.320414
5.334001
5.347579
5.361167
5.374773
5.388408
5.402104
5.415933
5.429990
5.444352
5.459015
5.473860
5.488675
5.503235
5.517385
5.531076
5.544339
5.557247
5.569878
5.582312
5.594627
5.606898
5.619182
5.631504
5.643860
5.656224
5.668560
5.680838
5.693041
5.705161
5.717204
5.729199
5.741204
5.753318
5.765658
5.778333
5.791378
5.804715
5.818150
5.831445
5.844410
5.856969
5.869152
5.881041
5.892720
5.904251
5.915673
5.927004
5.938247
5.949398
5.960458
5.971438
5.982362
5.993254
6.004124
6.014958
6.025735
6.036435
6.047056
6.057625
6.068201
6.078877
6.089767
6.100964
6.112470
6.124145
6.135736
6.146977
6.157711
6.167933
6.177755
6.187325
6.196762
6.206136
6.215472
6.224778
6.234057
6.243316
6.252554
6.261758
6.270902
6.279953
6.288893
6.297720
6.306447
6.315095
6.323683
6.332239
6.340822
6.349530
6.358480
6.367753
6.377317
6.387010
6.396590
6.405851
6.414691
6.423125
6.431223
6.439062
6.446704
6.454207
6.461632
6.469035
6.476455
6.483895
6.491331
6.498719
6.506024
6.513226
6.520323
6.527323
6.534234
6.541061
6.547813
6.554496
6.561126
6.567721
6.574312
6.580950
6.587694
6.594588
6.601621
6.608699
6.615679
6.622428
6.628886
6.635080
6.641084
6.646966
6.652764
6.658489
6.664139
6.669709
6.675201
6.680622
6.685979
6.691276
6.696517
6.701710
6.706873
6.712033
6.717217
6.722442
6.727704
6.732986
6.738264
6.743526
6.748781
6.754050
6.759350
6.764674
6.769981
6.775215
6.780324
6.785287
6.790116
6.794843
6.799494
6.804081
6.808600
6.813041
6.817397
6.821669
6.825865
6.830004
6.834107
6.838202
6.842311
6.846442
6.850590
6.854734
6.858852
6.862930
6.866965
6.870963
6.874927
6.878858
6.882766
6.886675
6.890619
6.894629
6.898708
6.902821
6.906906
6.910910
6.914806
6.918592
6.922276
6.925855
6.929318
6.932656
6.935873
6.938985
6.942011
6.944974
6.947891
6.950786
6.953686
6.956626
6.959634
6.962717
6.965859
6.969023
6.972175
6.975302
6.978423
6.981575
6.984784
6.988040
6.991293
6.994471
6.997509
7.000373
7.003065
7.005611
7.008047
7.010409
7.012730
7.015034
7.017342
7.019671
7.022030
7.024422
7.026836
7.029255
7.031654
7.034013
7.036322
7.038586
7.040822
7.043046
7.045268
7.047490
7.049708
7.051913
7.054095
7.056238
7.058324
7.060340
7.062282
7.064155
7.065969
7.067733
7.069454
7.071132
7.072769
7.074366
7.075929
7.077469
7.078998
7.080529
7.082070
7.083626
7.085198
7.086789
7.088395
7.090015
7.091642
7.093277
7.094924
7.096601
7.098328
7.100119
7.101977
7.103882
7.105801
7.107695
7.109532
7.111294
7.112978
7.114588
7.116133
7.117621
7.119056
7.120439
7.121767
7.123040
7.124261
7.125446
7.126622
7.127814
7.129034
7.130270
7.131494
7.132677
7.133801
7.134866
7.135880
7.136854
7.137796
7.138716
7.139624
7.140528
7.141434
7.142345
7.143259
7.144172
7.145079
7.145975
7.146860
7.147734
7.148597
7.149450
7.150293
7.151126
7.151954
7.152781
7.153613
7.154456
7.155311
7.156176
7.157046
7.157913
7.158769
7.159610
7.160435
7.161240
7.162022
7.162771
7.163482
7.164155
7.164798
7.165421
7.166036
7.166654
7.167282
7.167923
7.168579
7.169247
7.169922
7.170596
7.171261
7.171910
7.172540
7.173151
7.173747
7.174333
7.174910
7.175477
7.176028
7.176559
7.177068
7.177559
7.178036
7.178506
7.178972
7.179436
7.179898
7.180356
7.180807
7.181251
7.181688
7.182119
7.182547
7.182974
7.183400
7.183826
7.184255
7.184689
7.185130
7.185582
7.186044
7.186515
7.186993
7.187473
7.187951
7.188423
7.188879
7.189310
7.189707
7.190066
7.190393
7.190698
7.190991
7.191278
7.191563
7.191847
7.192132
7.192416
7.192701
7.192986
7.193272
7.193562
7.193860
7.194168
7.194490
7.194824
7.195168
7.195518
7.195872
7.196226
7.196580
7.196935
7.197287
7.197635
7.197972
7.198292
7.198588
7.198859
7.199107
7.199340
7.199566
7.199788
7.200010
7.200231
7.200452
7.200673
7.200894
7.201115
7.201336
7.201557
7.201779
7.202000
7.202221
7.202443
7.202665
7.202889
7.203115
7.203343
7.203572
7.203802
7.204032
7.204263
7.204494
7.204725
7.204956
7.205188
7.205419
7.205650
7.205881
7.206112
7.206344
7.206576
7.206809
7.207048
7.207293
7.207550
7.207817
7.208095
7.208379
7.208666
7.208956
7.209245
7.209535
7.209825
7.210115
7.210404
7.210690
7.210970
7.211235
7.211473
7.211674
7.211834
7.211954
7.212047
7.212122
7.212190
7.212254
7.212318
7.212382
7.212446
7.212509
7.212573
7.212636
7.212700
7.212764
7.212827
7.212891
7.212955
7.213019
7.213083
7.213146
7.213210
7.213274
7.213337
7.213401
7.213464
7.213528
7.213592
7.213656
7.213719
7.213783
7.213847
7.213910
7.213974
7.214037
7.214101
7.214165
7.214228
7.214292
7.214356
7.214420
7.214483
7.214547
7.214610
7.214674
7.214738
7.214801
7.214865
7.214929
7.214993
7.215056
7.215120
7.215183
7.215247
7.215311
7.215374
7.215438
7.215502
7.215565
7.215629
7.215693
7.215756
7.215820
7.215884
7.215947
7.216010
7.216072
7.216130
7.216182
7.216225
7.216256
7.216275
7.216285
7.216289
7.216290
7.216291
7.216291
7.216291
7.216291
7.216291
7.216291
7.216291
7.216291
7.216291
7.216291
7.216291
7.216291
7.216291
7.216291
7.216291
7.216291
7.216291
7.216291
7.216291
7.216291
7.216291
7.216291
7.216291
7.216291
7.216291
7.216291
7.216291
7.216291
7.216291
7.216291
7.216291
7.216291
7.216291
7.216291
7.216291
7.216291
7.216291
7.216291
7.216291
7.216291
7.216291
7.216291
7.216291
7.216291
7.216291
7.216291
7.216291
7.216291
7.216291
7.216291
7.216291
7.216291
7.216291
7.216291
7.216291
7.216291
7.216291
7.216291
7.216291
7.216291
7.216291
7.216291
7.216291
7.216291
7.216291
7.216291
7.216291
7.216291
7.216291
7.216291
7.216291
7.216291
7.216291
7.216291
7.216291
7.216291
7.216291
7.216291
7.216291
7.216291
7.216291
7.216291
7.216291
7.216291
7.216291
7.216291
7.216291
7.216291
7.216291
7.216291
7.216291
7.216291
7.216291
7.216291
7.216291
7.216291
7.216291
7.216291
7.216291
7.216291
7.216291
7.216291
7.216291
7.216291
7.216291
7.216291
7.216291
7.216291
7.216291
7.216291
7.216291
7.216291
7.216291
7.216291
7.216291
7.216291
7.216291
7.216291
7.216291
7.216291
7.216291
7.216291
7.216291
7.216291
7.216291
7.216291
7.216291
7.216291
7.216291
7.216291
7.216291
7.216291
7.216291
7.216291
7.216291
7.216291
7.216291
7.216291
7.216291
7.216291
7.216291
7.216291
7.216291
7.216291
7.216291
7.216291
7.216291
7.216291
7.216291
7.216291
7.216291
7.216291
7.216291
7.216291
7.216291
7.216291
7.216291
7.216291
7.216291
7.216291
7.216291
7.216291
7.216291
7.216291
7.216291
7.216291
7.216291
7.216291
7.216291
7.216291
7.216291
7.216291
7.216291
7.216291
7.216291
7.216291
7.216291
7.216291
7.216291
7.216291
7.216291
7.216291
7.216291
7.216291
7.216291
7.216291
7.216291
7.216291
7.216291
7.216291
7.216291
7.216291
7.216291
7.216291
7.216291
7.216291
7.216291
7.216291
7.216291
7.216291
7.216291
7.216291
7.216291
7.216291
7.216291
7.216291
7.216291
7.216291
7.216291
7.216291
7.216291
7.216291
7.216291
7.216291
7.216291
7.216291
7.216291
7.216291
7.216291
7.216291
7.216291
7.216291
7.216291
7.216291
7.216291
7.216291
7.216291
7.216291
7.216291
7.216291
7.216291
7.216291
7.216291
7.216291
7.216291
7.216291
7.216291
7.216291
7.216291
7.216291
7.216291
7.216291
7.216291
7.216291
7.216291
7.216291
7.216291
7.216291
7.216291
7.216291
7.216291
7.216291
7.216291
7.216291
7.216291
7.216291
7.216291
7.216291
7.216291
7.216291
7.216291
7.216291
7.216291
7.216291
7.216291
7.216291
7.216291
7.216291
7.216291
7.216291
7.216291
7.216291
7.216291
7.216291
7.216291
7.216291
7.216291
7.216291
7.216291
7.216291
7.216291
7.216291
7.216291
7.216291
7.216291
7.216291
7.216291
7.216291
7.216291
7.216291
7.216291
7.216291
7.216291
7.216291
7.216291
7.216291
7.216291
7.216291
7.216291
7.216291
7.216291
7.216291
7.216291
7.216291
7.216291
7.216291
7.216291
7.216291
7.216291
7.216291
7.216291
7.216291
7.216291
7.216291
7.216291
7.216291
7.216291
7.216291
7.216291
7.216291
7.216291
7.216291
7.216291
7.216291
7.216291
7.216291
7.216291
7.216291
7.216291
7.216291
7.216291
7.216291
7.216291
7.216291
7.216291
7.216291
7.216291
7.216291
7.216291
7.216291
7.216291
7.216291
7.216291
7.216291
7.216291
7.216291
7.216291
7.216291
7.216291
7.216291
7.216291
7.216291
7.216291
7.216291
7.216291
7.216291
7.216291
7.216291
7.216291
7.216291
7.216291
7.216291
7.216291
7.216291
7.216291
7.216291
7.216291
7.216291
7.216291
7.216291
7.216291
7.216291
7.216291
7.216291
7.216291
7.216291
7.216291
7.216291
7.216291
7.216291
7.216291
7.216291
7.216291
7.216291
7.216291
7.216291
7.216291
7.216291
7.216291
7.216291
7.216291
7.216291
7.216291
7.216291
7.216291
7.216291
7.216291
7.216291
7.216291
7.216291
7.216291
7.216291
7.216291
7.216291
7.216291
7.216291
7.216291
7.216291
7.216291
7.216291
7.216291
7.216291
7.216291
7.216291
7.216291
7.216291
7.216291
7.216291
7.216291
7.216291
7.216291
7.216291
7.216291
7.216291
7.216291
7.216291
7.216291
7.216291
7.216291
7.216291
7.216291
7.216291
7.216291
7.216291
7.216291
7.216291
7.216291
7.216291
7.216291
7.216291
7.216291
7.216291
7.216291
7.216291
7.216291
7.216291
7.216291
7.216291
7.216291
7.216291
7.216291
7.216291
7.216291
7.216291
7.216291
7.216291
7.216291
7.216291
7.216291
7.216291
7.216291
7.216291
7.216291
7.216291
7.216291
7.216291
7.216291
7.216291
7.216291
7.216291
7.216291
7.216291
7.216291
7.216291
7.216291
7.216291
7.216291
7.216291
7.216291
7.216291
7.216291
7.216291
7.216291
7.216291
7.216291
7.216291
7.216291
7.216291
7.216291
7.216291
7.216291
7.216291
7.216291
7.216291
7.216291
7.216291
7.216291
7.216291
7.216291
7.216291
7.216291
7.216291
7.216291
7.216291
7.216291
7.216291
7.216291
7.216291
7.216291
7.216291
7.216291
7.216291
7.216291
7.216291
7.216291
7.216291
7.216291
7.216291
7.216291
7.216291
7.216291
7.216291
7.216291
7.216291
7.216291
7.216291
7.216291
7.216291
7.216291
7.216291
7.216291
7.216291
7.216291
7.216291
7.216291
7.216291
7.216291
7.216291
7.216291
7.216291
7.216291
7.216291
7.216291
7.216291
7.216291
7.216291
7.216291
7.216291
7.216291
7.216291
7.216291
7.216291
7.216291
7.216291
7.216291
7.216291
7.216291
7.216291
7.216291
7.216291
7.216291
7.216291
7.216291
7.216291
7.216291
7.216291
7.216291
7.216291
7.216291
7.216291
7.216291
7.216291
7.216291
7.216291
7.216291
7.216291
7.216291
7.216291
7.216291
7.216291
7.216291
7.216291
7.216291
7.216291
7.216291
7.216291
7.216291
7.216291
7.216291
7.216291
7.216291
7.216291
7.216291
7.216291
7.216291
7.216291
7.216291
7.216291
7.216291
7.216291
7.216291
7.216291
7.216291
7.216291
7.216291
7.216291
7.216291
7.216291
7.216291
7.216291
7.216291
7.216291
7.216291
7.216291
7.216291
7.216291
7.216291
7.216291
7.216291
7.216291
7.216291
7.216291
7.216291
7.216291
7.216291
7.216291
7.216291
7.216291
7.216291
7.216291
7.216291
7.216291
7.216291
7.216291
7.216291
7.216291
7.216291
7.216291
7.216291
7.216291
7.216291
7.216291
7.216291
7.216291
7.216291
7.216291
7.216291
7.216291
7.216291
7.216291
7.216291
7.216291
7.216291
7.216291
7.216291
7.216291
7.216291
7.216291
7.216291
7.216291
7.216291
7.216291
7.216291
7.216291
7.216291
7.216291
7.216291
7.216291
7.216291
7.216291
7.216291
7.216291
7.216291
7.216291
7.216291
7.216291
7.216291
7.216291
7.216291
7.216291
7.216291
7.216291
7.216291
7.216291
7.216291
7.216291
7.216291
7.216291
7.216291
7.216291
7.216291
7.216291
7.216291
7.216291
7.216291
7.216291
7.216291
7.216291
7.216291
7.216291
7.216291
7.216291
7.216291
7.216291
7.216291
7.216291
7.216291
7.216291
7.216291
7.216291
7.216291
7.216291
7.216291
7.216291
7.216291
7.216291
7.216291
7.216291
7.216291
7.216291
7.216291
7.216291
7.216291
7.216291
7.216291
7.216291
7.216291
7.216291
7.216291
7.216291
7.216291
7.216291
7.216291
7.216291
7.216291
7.216291
7.216291
7.216291
7.216291
7.216291
7.216291
7.216291
7.216291
7.216291
7.216291
7.216291
7.216291
7.216291
7.216291
7.216291
7.216291
7.216291
7.216291
7.216291
7.216291
7.216291
7.216291
7.216291
7.216291
7.216291
7.216291
7.216291
7.216291
7.216291
7.216291
7.216291
7.216291
7.216291
7.216291
7.216291
7.216291
7.216291
7.216291
7.216291
7.216291
7.216291
7.216291
7.216291
7.216291
7.216291
7.216291
7.216291
7.216291
7.216291
7.216291
7.216291
7.216291
7.216291
7.216291
7.216291
7.216291
7.216291
7.216291
7.216291
7.216291
7.216291
7.216291
7.216291
7.216291
7.216291
7.216291
7.216291
7.216291
7.216291
7.216291
7.216291
7.216291
7.216291
7.216291
7.216291
7.216291
7.216291
7.216291
7.216291
7.216291
7.216291
7.216291
7.216291
7.216291
7.216291
7.216291
7.216291
7.216291
7.216291
7.216291
7.216291
7.216291
7.216291
7.216291
7.216291
7.216291
7.216291
7.216291
7.216291
7.216291
7.216291
7.216291
7.216291
7.216291
7.216291
7.216291
7.216291
7.216291
7.216291
7.216291
7.216291
7.216291
7.216291
7.216291
7.216291
7.216291
7.216291
7.216291
7.216291
7.216291
7.216291
7.216291
7.216291
7.216291
7.216291
7.216291
7.216291
7.216291
7.216291
7.216291
7.216291
7.216291
7.216291
7.216291
7.216291
7.216291
7.216291
7.216291
7.216291
7.216291
7.216291
7.216291
7.216291
7.216291
7.216291
7.216291
7.216291
7.216291
7.216291
7.216291
7.216291
7.216291
7.216291
7.216291
7.216291
7.216291
7.216291
7.216291
7.216291
7.216291
7.216291
7.216291
7.216291
7.216291
7.216291
7.216291
7.216291
7.216291
7.216291
7.216291
7.216291
7.216291
7.216291
7.216291
7.216291
7.216291
7.216291
7.216291
7.216291
7.216291
7.216291
7.216291
7.216291
7.216291
7.216291
7.216291
7.216291
7.216291
7.216291
7.216291
7.216291
7.216291
7.216291
7.216291
7.216291
7.216291
7.216291
7.216291
7.216291
7.216291
7.216291
7.216291
7.216291
7.216291
7.216291
7.216291
7.216291
7.216291
7.216291
7.216291
7.216291
7.216291
7.216291
7.216291
7.216291
7.216291
7.216291
7.216291
7.216291
7.216291
7.216291
7.216291
7.216291
7.216291
7.216291
7.216291
7.216291
7.216291
7.216291
7.216291
7.216291
7.216291
7.216291
7.216291
7.216291
7.216291
7.216291
7.216291
7.216291
7.216291
7.216291
7.216291
7.216291
7.216291
7.216291
7.216291
7.216291
7.216291
7.216291
7.216291
7.216291
7.216291
7.216291
7.216291
7.216291
7.216291
7.216291
7.216291
7.216291
7.216291
7.216291
7.216291
7.216291
7.216291
7.216291
7.216291
7.216291
7.216291
7.216291
7.216291
7.216291
7.216291
7.216291
7.216291
7.216291
7.216291
7.216291
7.216291
7.216291
7.216291
7.216291
7.216291
7.216291
7.216291
7.216291
7.216291
7.216291
7.216291
7.216291
7.216291
7.216291
7.216291
7.216291
7.216291
7.216291
7.216291
7.216291
7.216291
7.216291
7.216291
7.216291
7.216291
7.216291
7.216291
7.216291
7.216291
7.216291
7.216291
7.216291
7.216291
7.216291
7.216291
7.216291
7.216291
7.216291
7.216291
7.216291
7.216291
7.216291
7.216291
7.216291
7.216291
7.216291
7.216291
7.216291
7.216291
7.216291
7.216291
7.216291
7.216291
7.216291
7.216291
7.216291
7.216291
7.216291
7.216291
7.216291
7.216291
7.216291
7.216291
7.216291
7.216291
7.216291
7.216291
7.216291
7.216291
7.216291
7.216291
7.216291
7.216291
7.216291
7.216291
7.216291
7.216291
7.216291
7.216291
7.216291
7.216291
7.216291
7.216291
7.216291
7.216291
7.216291
7.216291
7.216291
7.216291
7.216291
7.216291
7.216291
7.216291
7.216291
7.216291
7.216291
7.216291
7.216291
7.216291
7.216291
7.216291
7.216291
7.216291
7.216291
7.216291
7.216291
7.216291
7.216291
7.216291
7.216291
7.216291
7.216291
7.216291
7.216291
7.216291
7.216291
7.216291
7.216291
7.216291
7.216291
7.216291
7.216291
7.216291
7.216291
7.216291
7.216291
7.216291
7.216291
7.216291
7.216291
7.216291
7.216291
7.216291
7.216291
7.216291
7.216291
7.216291
7.216291
7.216291
7.216291
7.216291
7.216291
7.216291
7.216291
7.216291
7.216291
7.216291
7.216291
7.216291
7.216291
7.216291
7.216291
7.216291
7.216291
7.216291
7.216291
7.216291
7.216291
7.216291
7.216291
7.216291
7.216291
7.216291
7.216291
7.216291
7.216291
7.216291
7.216291
7.216291
7.216291
7.216291
7.216291
7.216291
7.216291
7.216291
7.216291
7.216291
7.216291
7.216291
7.216291
7.216291
7.216291
7.216291
7.216291
7.216291
7.216291
7.216291
7.216291
7.216291
7.216291
7.216291
7.216291
7.216291
7.216291
7.216291
7.216291
7.216291
7.216291
7.216291
7.216291
7.216291
7.216291
7.216291
7.216291
7.216291
7.216291
7.216291
7.216291
7.216291
7.216291
7.216291
7.216291
7.216291
7.216291
7.216291
7.216291
7.216291
7.216291
7.216291
7.216291
7.216291
7.216291
7.216291
7.216291
7.216291
7.216291
7.216291
7.216291
7.216291
7.216291
7.216291
7.216291
7.216291
7.216291
7.216291
7.216291
7.216291
7.216291
7.216291
7.216291
7.216291
7.216291
7.216291
7.216291
7.216291
7.216291
7.216291
7.216291
7.216291
7.216291
7.216291
7.216291
7.216291
7.216291
7.216291
7.216291
7.216291
7.216291
7.216291
7.216291
7.216291
7.216291
7.216291
7.216291
7.216291
7.216291
7.216291
7.216291
7.216291
7.216291
7.216291
7.216291
7.216291
7.216291
7.216291
7.216291
7.216291
7.216291
7.216291
7.216291
7.216291
7.216291
7.216291
7.216291
7.216291
7.216291
7.216291
7.216291
7.216291
7.216291
7.216291
7.216291
7.216291
7.216291
7.216291
7.216291
7.216291
7.216291
7.216291
7.216291
7.216291
7.216291
7.216291
7.216291
7.216291
7.216291
7.216291
7.216291
7.216291
7.216291
7.216291
7.216291
7.216291
7.216291
7.216291
7.216291
7.216291
7.216291
7.216291
7.216291
7.216291
7.216291
7.216291
7.216291
7.216291
7.216291
7.216291
7.216291
7.216291
7.216291
7.216291
7.216291
7.216291
7.216291
7.216291
7.216291
7.216291
7.216291
7.216291
7.216291
7.216291
7.216291
7.216291
7.216291
7.216291
7.216291
7.216291
7.216291
7.216291
7.216291
7.216291
7.216291
7.216291
7.216291
7.216291
7.216291
7.216291
7.216291
7.216291
7.216291
7.216291
7.216291
7.216291
7.216291
7.216291
7.216291
7.216291
7.216291
7.216291
7.216291
7.216291
7.216291
7.216291
7.216291
7.216291
7.216291
7.216291
7.216291
7.216291
7.216291
7.216291
7.216291
7.216291
7.216291
7.216291
7.216291
7.216291
7.216291
7.216291
7.216291
7.216291
7.216291
7.216291
7.216291
7.216291
7.216291
7.216291
7.216291
7.216291
7.216291
7.216291
7.216291
7.216291
7.216291
7.216291
7.216291
7.216291
7.216291
7.216291
7.216291
7.216291
7.216291
7.216291
7.216291
7.216291
7.216291
7.216291
7.216291
7.216291
7.216291
7.216291
7.216291
7.216291
7.216291
7.216291
7.216291
7.216291
7.216291
7.216291
7.216291
7.216291
7.216291
7.216291
7.216291
7.216291
7.216291
7.216291
7.216291
7.216291
7.216291
7.216291
7.216291
7.216291
7.216291
7.216291
7.216291
7.216291
7.216291
7.216291
7.216291
7.216291
7.216291
7.216291
7.216291
7.216291
7.216291
7.216291
7.216291
7.216291
7.216291
7.216291
7.216291
7.216291
7.216291
7.216291
7.216291
7.216291
7.216291
7.216291
7.216291
7.216291
7.216291
7.216291
7.216291
7.216291
7.216291
7.216291
7.216291
7.216291
7.216291
7.216291
7.216291
7.216291
7.216291
7.216291
7.216291
7.216291
7.216291
7.216291
7.216291
7.216291
7.216291
7.216291
7.216291
7.216291
7.216291
7.216291
7.216291
7.216291
7.216291
7.216291
7.216291
7.216291
7.216291
7.216291
7.216291
7.216291
7.216291
7.216291
7.216291
7.216291
7.216291
7.216291
7.216291
7.216291
7.216291
7.216291
7.216291
7.216291
7.216291
7.216291
7.216291
7.216291
7.216291
7.216291
7.216291
7.216291
7.216291
7.216291
7.216291
7.216291
7.216291
7.216291
7.216291
7.216291
7.216291
7.216291
7.216291
7.216291
7.216291
7.216291
7.216291
7.216291
7.216291
7.216291
7.216291
7.216291
7.216291
7.216291
7.216291
7.216291
7.216291
7.216291
7.216291
7.216291
7.216291
7.216291
7.216291
7.216291
7.216291
7.216291
7.216291
7.216291
7.216291
7.216291
7.216291
7.216291
7.216291
7.216291
7.216291
7.216291
7.216291
7.216291
7.216291
7.216291
7.216291
7.216291
7.216291
7.216291
7.216291
7.216291
7.216291
7.216291
7.216291
7.216291
7.216291
7.216291
7.216291
7.216291
7.216291
7.216291
7.216291
7.216291
7.216291
7.216291
7.216291
7.216291
7.216291
7.216291
7.216291
7.216291
7.216291
7.216291
7.216291
7.216291
7.216291
7.216291
7.216291
7.216291
7.216291
7.216291
7.216291
7.216291
7.216291
7.216291
7.216291
7.216291
7.216291
7.216291
7.216291
7.216291
7.216291
7.216291
7.216291
7.216291
7.216291
7.216291
7.216291
7.216291
7.216291
7.216291
7.216291
7.216291
7.216291
7.216291
7.216291
7.216291
7.216291
7.216291
7.216291
7.216291
7.216291
7.216291
7.216291
7.216291
7.216291
7.216291
7.216291
7.216291
7.216291
7.216291
7.216291
7.216291
7.216291
7.216291
7.216291
7.216291
7.216291
7.216291
7.216291
7.216291
7.216291
7.216291
7.216291
7.216291
7.216291
7.216291
7.216291
7.216291
7.216291
7.216291
7.216291
7.216291
7.216291
7.216291
7.216291
7.216291
7.216291
7.216291
7.216291
7.216291
7.216291
7.216291
7.216291
7.216291
7.216291
7.216291
7.216291
7.216291
7.216291
7.216291
7.216291
7.216291
7.216291
7.216291
7.216291
7.216291
7.216291
7.216291
7.216291
7.216291
7.216291
7.216291
7.216291
7.216291
7.216291
7.216291
7.216291
7.216291
7.216291
7.216291
7.216291
7.216291
7.216291
7.216291
7.216291
7.216291
7.216291
7.216291
7.216291
7.216291
7.216291
7.216291
7.216291
7.216291
7.216291
7.216291
7.216291
7.216291
7.216291
7.216291
7.216291
7.216291
7.216291
7.216291
7.216291
7.216291
7.216291
7.216291
7.216291
7.216291
7.216291
7.216291
7.216291
7.216291
7.216291
7.216291
7.216291
7.216291
7.216291
7.216291
7.216291
7.216291
7.216291
7.216291
7.216291
7.216291
7.216291
7.216291
7.216291
7.216291
7.216291
7.216291
7.216291
7.216291
7.216291
7.216291
7.216291
7.216291
7.216291
7.216291
7.216291
7.216291
7.216291
7.216291
7.216291
7.216291
7.216291
7.216291
7.216291
7.216291
7.216291
7.216291
7.216291
7.216291
7.216291
7.216291
7.216291
7.216291
7.216291
7.216291
7.216291
7.216291
7.216291
7.216291
7.216291
7.216291
7.216291
7.216291
7.216291
7.216291
7.216291
7.216291
7.216291
7.216291
7.216291
7.216291
7.216291
7.216291
7.216291
7.216291
7.216291
7.216291
7.216291
7.216291
7.216291
7.216291
7.216291
7.216291
7.216291
7.216291
7.216291
7.216291
7.216291
7.216291
7.216291
7.216291
7.216291
7.216291
7.216291
7.216291
7.216291
7.216291
7.216291
7.216291
7.216291
7.216291
7.216291
7.216291
7.216291
7.216291
7.216291
7.216291
7.216291
7.216291
7.216291
7.216291
7.216291
7.216291
7.216291
7.216291
7.216291
7.216291
7.216291
7.216291
7.216291
7.216291
7.216291
7.216291
7.216291
7.216291
7.216291
7.216291
7.216291
7.216291
7.216291
7.216291
7.216291
7.216291
7.216291
7.216291
7.216291
7.216291
7.216291
7.216291
7.216291
7.216291
7.216291
7.216291
7.216291
7.216291
7.216291
7.216291
7.216291
7.216291
7.216291
7.216291
7.216291
7.216291
7.216291
7.216291
7.216291
7.216291
7.216291
7.216291
7.216291
7.216291
7.216291
7.216291
7.216291
7.216291
7.216291
7.216291
7.216291
7.216291
7.216291
7.216291
7.216291
7.216291
7.216291
7.216291
7.216291
7.216291
7.216291
7.216291
7.216291
7.216291
7.216291
7.216291
7.216291
7.216291
7.216291
7.216291
7.216291
7.216291
7.216291
7.216291
7.216291
7.216291
7.216291
7.216291
7.216291
7.216291
7.216291
7.216291
7.216291
7.216291
7.216291
7.216291
7.216291
7.216291
7.216291
7.216291
7.216291
7.216291
7.216291
7.216291
7.216291
7.216291
7.216291
7.216291
7.216291
7.216291
7.216291
7.216291
7.216291
7.216291
7.216291
7.216291
7.216291
7.216291
7.216291
7.216291
7.216291
7.216291
7.216291
7.216291
7.216291
7.216291
7.216291
7.216291
7.216291
7.216291
7.216291
7.216291
7.216291
7.216291
7.216291
7.216291
7.216291
7.216291
7.216291
7.216291
7.216291
7.216291
7.216291
7.216291
7.216291
7.216291
7.216291
7.216291
7.216291
7.216291
7.216291
7.216291
7.216291
7.216291
7.216291
7.216291
7.216291
7.216291
7.216291
7.216291
7.216291
7.216291
7.216291
7.216291
7.216291
7.216291
7.216291
7.216291
7.216291
7.216291
7.216291
7.216291
7.216291
7.216291
7.216291
7.216291
7.216291
7.216291
7.216291
7.216291
7.216291
7.216291
7.216291
7.216291
7.216291
7.216291
7.216291
7.216291
7.216291
7.216291
7.216291
7.216291
7.216291
7.216291
7.216291
7.216291
7.216291
7.216291
7.216291
7.216291
7.216291
7.216291
7.216291
7.216291
7.216291
7.216291
7.216291
7.216291
7.216291
7.216291
7.216291
7.216291
7.216291
7.216291
7.216291
7.216291
7.216291
7.216291
7.216291
7.216291
7.216291
7.216291
7.216291
7.216291
7.216291
7.216291
7.216291
7.216291
7.216291
7.216291
7.216291
7.216291
7.216291
7.216291
7.216291
7.216291
7.216291
7.216291
7.216291
7.216291
7.216291
7.216291
7.216291
7.216291
7.216291
7.216291
7.216291
7.216291
7.216291
7.216291
7.216291
7.216291
7.216291
7.216291
7.216291
7.216291
7.216291
7.216291
7.216291
7.216291
7.216291
7.216291
7.216291
7.216291
7.216291
7.216291
7.216291
7.216291
7.216291
7.216291
7.216291
7.216291
7.216291
7.216291
7.216291
7.216291
7.216291
7.216291
7.216291
7.216291
7.216291
7.216291
7.216291
7.216291
7.216291
7.216291
7.216291
7.216291
7.216291
7.216291
7.216291
7.216291
7.216291
7.216291
7.216291
7.216291
7.216291
7.216291
7.216291
7.216291
7.216291
7.216291
7.216291
7.216291
7.216291
7.216291
7.216291
7.216291
7.216291
7.216291
7.216291
7.216291
7.216291
7.216291
7.216291
7.216291
7.216291
7.216291
7.216291
7.216291
7.216291
7.216291
7.216291
7.216291
7.216291
7.216291
7.216291
7.216291
7.216291
7.216291
7.216291
7.216291
7.216291
7.216291
7.216291
7.216291
7.216291
7.216291
7.216291
7.216291
7.216291
7.216291
7.216291
7.216291
7.216291
7.216291
7.216291
7.216291
7.216291
7.216291
7.216291
7.216291
7.216291
7.216291
7.216291
7.216291
7.216291
7.216291
7.216291
7.216291
7.216291
7.216291
7.216291
7.216291
7.216291
7.216291
7.216291
7.216291
7.216291
7.216291
7.216291
7.216291
7.216291
7.216291
7.216291
7.216291
7.216291
7.216291
7.216291
7.216291
7.216291
7.216291
7.216291
7.216291
7.216291
7.216291
7.216291
7.216291
7.216291
7.216291
7.216291
7.216291
7.216291
7.216291
7.216291
7.216291
7.216291
7.216291
7.216291
7.216291
7.216291
7.216291
7.216291
7.216291
7.216291
7.216291
7.216291
7.216291
7.216291
7.216291
7.216291
7.216291
7.216291
7.216291
7.216291
7.216291
7.216291
7.216291
7.216291
7.216291
7.216291
7.216291
7.216291
7.216291
7.216291
7.216291
7.216291
7.216291
7.216291
7.216291
7.216291
7.216291
7.216291
7.216291
7.216291
7.216291
7.216291
7.216291
7.216291
7.216291
7.216291
7.216291
7.216291
7.216291
7.216291
7.216291
7.216291
7.216291
7.216291
7.216291
7.216291
7.216291
7.216291
7.216291
7.216291
7.216291
7.216291
7.216291
7.216291
7.216291
7.216291
7.216291
7.216291
7.216291
7.216291
7.216291
7.216291
7.216291
7.216291
7.216291
7.216291
7.216291
7.216291
7.216291
7.216291
7.216291
7.216291
7.216291
7.216291
7.216291
7.216291
7.216291
7.216291
7.216291
7.216291
7.216291
7.216291
7.216291
7.216291
7.216291
7.216291
7.216291
7.216291
7.216291
7.216291
7.216291
7.216291
7.216291
7.216291
7.216291
7.216291
7.216291
7.216291
7.216291
7.216291
7.216291
7.216291
7.216291
7.216291
7.216291
7.216291
7.216291
7.216291
7.216291
7.216291
7.216291
7.216291
7.216291
7.216291
7.216291
7.216291
7.216291
7.216291
7.216291
7.216291
7.216291
7.216291
7.216291
7.216291
7.216291
7.216291
7.216291
7.216291
7.216291
7.216291
7.216291
7.216291
7.216291
7.216291
7.216291
7.216291
7.216291
7.216291
7.216291
7.216291
7.216291
7.216291
7.216291
7.216291
7.216291
7.216291
7.216291
7.216291
7.216291
7.216291
7.216291
7.216291
7.216291
7.216291
7.216291
7.216291
7.216291
7.216291
7.216291
7.216291
7.216291
7.216291
7.216291
7.216291
7.216291
7.216291
7.216291
7.216291
7.216291
7.216291
7.216291
7.216291
7.216291
7.216291
7.216291
7.216291
7.216291
7.216291
7.216291
7.216291
7.216291
7.216291
7.216291
7.216291
7.216291
7.216291
7.216291
7.216291
7.216291
7.216291
7.216291
7.216291
7.216291
7.216291
7.216291
7.216291
7.216291
7.216291
7.216291
7.216291
7.216291
7.216291
7.216291
7.216291
7.216291
7.216291
7.216291
7.216291
7.216291
7.216291
7.216291
7.216291
7.216291
7.216291
7.216291
7.216291
7.216291
7.216291
7.216291
7.216291
7.216291
7.216291
7.216291
7.216291
7.216291
7.216291
7.216291
7.216291
7.216291
7.216291
7.216291
7.216291
7.216291
7.216291
7.216291
7.216291
7.216291
7.216291
7.216291
7.216291
7.216291
7.216291
7.216291
7.216291
7.216291
7.216291
7.216291
7.216291
7.216291
7.216291
7.216291
7.216291
7.216291
7.216291
7.216291
7.216291
7.216291
7.216291
7.216291
7.216291
7.216291
7.216291
7.216291
7.216291
7.216291
7.216291
7.216291
7.216291
7.216291
7.216291
7.216291
7.216291
7.216291
7.216291
7.216291
7.216291
7.216291
7.216291
7.216291
7.216291
7.216291
7.216291
7.216291
7.216291
7.216291
7.216291
7.216291
7.216291
7.216291
7.216291
7.216291
7.216291
7.216291
7.216291
7.216291
7.216291
7.216291
7.216291
7.216291
7.216291
7.216291
7.216291
7.216291
7.216291
7.216291
7.216291
7.216291
7.216291
7.216291
7.216291
7.216291
7.216291
7.216291
7.216291
7.216291
7.216291
7.216291
7.216291
7.216291
7.216291
7.216291
7.216291
7.216291
7.216291
7.216291
7.216291
7.216291
7.216291
7.216291
7.216291
7.216291
7.216291
7.216291
7.216291
7.216291
7.216291
7.216291
7.216291
7.216291
7.216291
7.216291
7.216291
7.216291
7.216291
7.216291
7.216291
7.216291
7.216291
7.216291
7.216291
7.216291
7.216291
7.216291
7.216291
7.216291
7.216291
7.216291
7.216291
7.216291
7.216291
7.216291
7.216291
7.216291
7.216291
7.216291
7.216291
7.216291
7.216291
7.216291
7.216291
7.216291
7.216291
7.216291
7.216291
7.216291
7.216291
7.216291
7.216291
7.216291
7.216291
7.216291
7.216291
7.216291
7.216291
7.216291
7.216291
7.216291
7.216291
7.216291
7.216291
7.216291
7.216291
7.216291
7.216291
7.216291
7.216291
7.216291
7.216291
7.216291
7.216291
7.216291
7.216291
7.216291
7.216291
7.216291
7.216291
7.216291
7.216291
7.216291
7.216291
7.216291
7.216291
7.216291
7.216291
7.216291
7.216291
7.216291
7.216291
7.216291
7.216291
7.216291
7.216291
7.216291
7.216291
7.216291
7.216291
7.216291
7.216291
7.216291
7.216291
7.216291
7.216291
7.216291
7.216291
7.216291
7.216291
7.216291
7.216291
7.216291
7.216291
7.216291
7.216291
7.216291
7.216291
7.216291
7.216291
7.216291
7.216291
7.216291
7.216291
7.216291
7.216291
7.216291
7.216291
7.216291
7.216291
7.216291
7.216291
7.216291
7.216291
7.216291
7.216291
7.216291
7.216291
7.216291
7.216291
7.216291
7.216291
7.216291
7.216291
7.216291
7.216291
7.216291
7.216291
7.216291
7.216291
7.216291
7.216291
7.216291
7.216291
7.216291
7.216291
7.216291
7.216291
7.216291
7.216291
7.216291
7.216291
7.216291
7.216291
7.216291
7.216291
7.216291
7.216291
7.216291
7.216291
7.216291
7.216291
7.216291
7.216291
7.216291
7.216291
7.216291
7.216291
7.216291
7.216291
7.216291
7.216291
7.216291
7.216291
7.216291
7.216291
7.216291
7.216291
7.216291
7.216291
7.216291
7.216291
7.216291
7.216291
7.216291
7.216291
7.216291
7.216291
7.216291
7.216291
7.216291
7.216291
7.216291
7.216291
7.216291
7.216291
7.216291
7.216291
7.216291
7.216291
7.216291
7.216291
7.216291
7.216291
7.216291
7.216291
7.216291
7.216291
7.216291
7.216291
7.216291
7.216291
7.216291
7.216291
7.216291
7.216291
7.216291
7.216291
7.216291
7.216291
7.216291
7.216291
7.216291
7.216291
7.216291
7.216291
7.216291
7.216291
7.216291
7.216291
7.216291
7.216291
7.216291
7.216291
7.216291
7.216291
7.216291
7.216291
7.216291
7.216291
7.216291
7.216291
7.216291
7.216291
7.216291
7.216291
7.216291
7.216291
7.216291
7.216291
7.216291
7.216291
7.216291
7.216291
7.216291
7.216291
7.216291
7.216291
7.216291
7.216291
7.216291
7.216291
7.216291
7.216291
7.216291
7.216291
7.216291
7.216291
7.216291
7.216291
7.216291
7.216291
7.216291
7.216291
7.216291
7.216291
7.216291
7.216291
7.216291
7.216291
7.216291
7.216291
7.216291
7.216291
7.216291
7.216291
7.216291
7.216291
7.216291
7.216291
7.216291
7.216291
7.216291
7.216291
7.216291
7.216291
7.216291
7.216291
7.216291
7.216291
7.216291
7.216291
7.216291
7.216291
7.216291
7.216291
7.216291
7.216291
7.216291
7.216291
7.216291
7.216291
7.216291
7.216291
7.216291
7.216291
7.216291
7.216291
7.216291
7.216291
7.216291
7.216291
7.216291
7.216291
7.216291
7.216291
7.216291
7.216291
7.216291
7.216291
7.216291
7.216291
7.216291
7.216291
7.216291
7.216291
7.216291
7.216291
7.216291
7.216291
7.216291
7.216291
7.216291
7.216291
7.216291
7.216291
7.216291
7.216291
7.216291
7.216291
7.216291
7.216291
7.216291
7.216291
7.216291
7.216291
7.216291
7.216291
7.216291
7.216291
7.216291
7.216291
7.216291
7.216291
7.216291
7.216291
7.216291
7.216291
7.216291
7.216291
7.216291
7.216291
7.216291
7.216291
7.216291
7.216291
7.216291
7.216291
7.216291
7.216291
7.216291
7.216291
7.216291
7.216291
7.216291
7.216291
7.216291
7.216291
7.216291
7.216291
7.216291
7.216291
7.216291
7.216291
7.216291
7.216291
7.216291
7.216291
7.216291
7.216291
7.216291
7.216291
7.216291
7.216291
7.216291
7.216291
7.216291
7.216291
7.216291
7.216291
7.216291
7.216291
7.216291
7.216291
7.216291
7.216291
7.216291
7.216291
7.216291
7.216291
7.216291
7.216291
7.216291
7.216291
7.216291
7.216291
7.216291
7.216291
7.216291
7.216291
7.216291
7.216291
7.216291
7.216291
7.216291
7.216291
7.216291
7.216291
7.216291
7.216291
7.216291
7.216291
7.216291
7.216291
7.216291
7.216291
7.216291
7.216291
7.216291
7.216291
7.216291
7.216291
7.216291
7.216291
7.216291
7.216291
7.216291
7.216291
7.216291
7.216291
7.216291
7.216291
7.216291
7.216291
7.216291
7.216291
7.216291
7.216291
7.216291
7.216291
7.216291
7.216291
7.216291
7.216291
7.216291
7.216291
7.216291
7.216291
7.216291
7.216291
7.216291
7.216291
7.216291
7.216291
7.216291
7.216291
7.216291
7.216291
7.216291
7.216291
7.216291
7.216291
7.216291
7.216291
7.216291
7.216291
7.216291
7.216291
7.216291
7.216291
7.216291
7.216291
7.216291
7.216291
7.216291
7.216290
7.216290
7.216288
7.216284
7.216279
7.216272
7.216262
7.216250
7.216237
7.216223
7.216208
7.216192
7.216176
7.216160
7.216144
7.216128
7.216112
7.216097
7.216081
7.216065
7.216049
7.216033
7.216017
7.216001
7.215985
7.215969
7.215953
7.215938
7.215922
7.215906
7.215890
7.215874
7.215858
7.215842
7.215826
7.215811
7.215795
7.215779
7.215763
7.215747
7.215731
7.215715
7.215699
7.215683
7.215667
7.215651
7.215635
7.215619
7.215603
7.215587
7.215571
7.215555
7.215539
7.215523
7.215508
7.215492
7.215476
7.215460
7.215444
7.215428
7.215412
7.215396
7.215380
7.215364
7.215349
7.215333
7.215317
7.215301
7.215285
7.215269
7.215253
7.215237
7.215221
7.215206
7.215190
7.215174
7.215158
7.215142
7.215126
7.215110
7.215094
7.215078
7.215063
7.215047
7.215031
7.215015
7.214999
7.214983
7.214967
7.214951
7.214935
7.214919
7.214903
7.214887
7.214871
7.214855
7.214839
7.214823
7.214807
7.214791
7.214775
7.214759
7.214744
7.214728
7.214712
7.214696
7.214680
7.214664
7.214648
7.214633
7.214617
7.214601
7.214585
7.214569
7.214553
7.214537
7.214521
7.214505
7.214489
7.214473
7.214458
7.214442
7.214426
7.214410
7.214394
7.214378
7.214362
7.214346
7.214330
7.214314
7.214298
7.214282
7.214266
7.214250
7.214234
7.214218
7.214202
7.214186
7.214171
7.214155
7.214139
7.214123
7.214107
7.214091
7.214075
7.214059
7.214043
7.214028
7.214012
7.213996
7.213980
7.213964
7.213948
7.213932
7.213916
7.213900
7.213884
7.213868
7.213853
7.213837
7.213821
7.213805
7.213789
7.213773
7.213757
7.213741
7.213725
7.213709
7.213694
7.213678
7.213662
7.213646
7.213630
7.213614
7.213598
7.213582
7.213566
7.213550
7.213534
7.213518
7.213502
7.213486
7.213470
7.213454
7.213439
7.213423
7.213407
7.213391
7.213375
7.213359
7.213343
7.213327
7.213311
7.213295
7.213279
7.213264
7.213248
7.213232
7.213216
7.213200
7.213184
7.213168
7.213152
7.213137
7.213121
7.213105
7.213089
7.213073
7.213057
7.213041
7.213025
7.213009
7.212993
7.212977
7.212961
7.212945
7.212929
7.212913
7.212897
7.212881
7.212865
7.212849
7.212834
7.212818
7.212802
7.212786
7.212770
7.212754
7.212738
7.212722
7.212706
7.212691
7.212675
7.212659
7.212643
7.212627
7.212611
7.212595
7.212579
7.212563
7.212547
7.212531
7.212516
7.212500
7.212484
7.212468
7.212452
7.212436
7.212420
7.212404
7.212388
7.212373
7.212357
7.212341
7.212325
7.212309
7.212293
7.212276
7.212260
7.212245
7.212229
7.212213
7.212197
7.212181
7.212165
7.212149
7.212133
7.212117
7.212101
7.212085
7.212070
7.212054
7.212038
7.212022
7.212006
7.211990
7.211974
7.211957
7.211939
7.211917
7.211890
7.211856
7.211815
7.211767
7.211713
7.211652
7.211586
7.211517
7.211446
7.211374
7.211302
7.211229
7.211157
7.211084
7.211012
7.210939
7.210867
7.210794
7.210722
7.210650
7.210577
7.210505
7.210432
7.210360
7.210288
7.210215
7.210143
7.210070
7.209998
7.209926
7.209853
7.209781
7.209708
7.209636
7.209563
7.209491
7.209418
7.209346
7.209273
7.209201
7.209128
7.209056
7.208983
7.208911
7.208838
7.208766
7.208694
7.208622
7.208549
7.208477
7.208404
7.208332
7.208259
7.208187
7.208115
7.208043
7.207970
7.207898
7.207825
7.207753
7.207681
7.207610
7.207541
7.207475
7.207412
7.207351
7.207291
7.207233
7.207174
7.207117
7.207059
7.207001
7.206943
7.206885
7.206828
7.206770
7.206712
7.206654
7.206596
7.206538
7.206481
7.206423
7.206365
7.206308
7.206250
7.206192
7.206134
7.206076
7.206019
7.205961
7.205903
7.205846
7.205788
7.205730
7.205672
7.205614
7.205557
7.205499
7.205441
7.205383
7.205325
7.205268
7.205210
7.205152
7.205095
7.205037
7.204979
7.204921
7.204863
7.204805
7.204748
7.204690
7.204632
7.204574
7.204517
7.204459
7.204401
7.204343
7.204285
7.204228
7.204170
7.204112
7.204054
7.203997
7.203939
7.203881
7.203823
7.203765
7.203708
7.203650
7.203592
7.203534
7.203477
7.203419
7.203361
7.203304
7.203246
7.203189
7.203132
7.203075
7.203019
7.202963
7.202907
7.202851
7.202795
7.202740
7.202685
7.202629
7.202574
7.202518
7.202463
7.202408
7.202353
7.202298
7.202243
7.202187
7.202132
7.202076
7.202021
7.201966
7.201910
7.201855
7.201800
7.201745
7.201690
7.201634
7.201579
7.201524
7.201468
7.201413
7.201358
7.201302
7.201247
7.201192
7.201137
7.201081
7.201026
7.200971
7.200916
7.200860
7.200805
7.200750
7.200694
7.200639
7.200584
7.200528
7.200473
7.200418
7.200363
7.200307
7.200252
7.200197
7.200141
7.200086
7.200031
7.199976
7.199920
7.199865
7.199810
7.199755
7.199699
7.199644
7.199589
7.199533
7.199478
7.199423
7.199368
7.199313
7.199258
7.199202
7.199147
7.199092
7.199036
7.198981
7.198925
7.198870
7.198813
7.198753
7.198690
7.198621
7.198546
7.198467
7.198383
7.198297
7.198210
7.198122
7.198033
7.197945
7.197856
7.197767
7.197679
7.197590
7.197501
7.197412
7.197324
7.197235
7.197147
7.197058
7.196969
7.196880
7.196792
7.196703
7.196614
7.196526
7.196437
7.196348
7.196260
7.196171
7.196083
7.195995
7.195906
7.195817
7.195729
7.195640
7.195551
7.195462
7.195374
7.195285
7.195196
7.195108
7.195019
7.194930
7.194841
7.194753
7.194665
7.194577
7.194489
7.194403
7.194319
7.194238
7.194159
7.194083
7.194010
7.193937
7.193866
7.193795
7.193724
7.193652
7.193581
7.193510
7.193439
7.193368
7.193297
7.193226
7.193154
7.193083
7.193012
7.192941
7.192870
7.192799
7.192728
7.192657
7.192586
7.192515
7.192444
7.192372
7.192301
7.192230
7.192159
7.192088
7.192017
7.191946
7.191875
7.191804
7.191732
7.191661
7.191590
7.191519
7.191448
7.191377
7.191306
7.191234
7.191163
7.191092
7.191021
7.190950
7.190879
7.190808
7.190736
7.190665
7.190594
7.190523
7.190452
7.190381
7.190310
7.190238
7.190166
7.190092
7.190015
7.189936
7.189851
7.189760
7.189662
7.189556
7.189443
7.189326
7.189207
7.189087
7.188966
7.188846
7.188725
7.188605
7.188484
7.188364
7.188243
7.188122
7.188002
7.187881
7.187761
7.187640
7.187520
7.187399
7.187279
7.187158
7.187037
7.186917
7.186796
7.186676
7.186555
7.186434
7.186314
7.186193
7.186073
7.185952
7.185832
7.185713
7.185595
7.185480
7.185366
7.185255
7.185146
7.185038
7.184931
7.184824
7.184717
7.184611
7.184504
7.184398
7.184291
7.184185
7.184078
7.183972
7.183866
7.183759
7.183653
7.183547
7.183440
7.183334
7.183228
7.183121
7.183015
7.182909
7.182802
7.182696
7.182590
7.182483
7.182377
7.182270
7.182164
7.182058
7.181951
7.181845
7.181739
7.181632
7.181526
7.181419
7.181311
7.181203
7.181094
7.180984
7.180872
7.180759
7.180644
7.180529
7.180413
7.180297
7.180180
7.180064
7.179948
7.179832
7.179716
7.179599
7.179483
7.179367
7.179251
7.179135
7.179018
7.178902
7.178786
7.178669
7.178553
7.178436
7.178320
7.178204
7.178087
7.177971
7.177855
7.177739
7.177623
7.177506
7.177390
7.177274
7.177157
7.177039
7.176920
7.176797
7.176672
7.176543
7.176410
7.176274
7.176134
7.175992
7.175848
7.175703
7.175558
7.175413
7.175267
7.175122
7.174977
7.174831
7.174686
7.174540
7.174395
7.174249
7.174104
7.173958
7.173813
7.173667
7.173522
7.173377
7.173231
7.173086
7.172940
7.172794
7.172647
7.172498
7.172345
7.172189
7.172029
7.171866
7.171700
7.171532
7.171362
7.171191
7.171020
7.170848
7.170676
7.170505
7.170333
7.170161
7.169989
7.169818
7.169646
7.169475
7.169303
7.169131
7.168960
7.168788
7.168617
7.168446
7.168276
7.168107
7.167940
7.167776
7.167616
7.167459
7.167305
7.167152
7.167000
7.166848
7.166697
7.166545
7.166394
7.166242
7.166091
7.165939
7.165788
7.165636
7.165485
7.165333
7.165182
7.165030
7.164879
7.164727
7.164575
7.164424
7.164272
7.164120
7.163967
7.163811
7.163651
7.163485
7.163311
7.163131
7.162944
7.162752
7.162555
7.162356
7.162155
7.161952
7.161750
7.161547
7.161344
7.161141
7.160939
7.160736
7.160534
7.160331
7.160128
7.159925
7.159722
7.159517
7.159312
7.159105
7.158894
7.158680
7.158463
7.158244
7.158023
7.157802
7.157581
7.157359
7.157138
7.156916
7.156695
7.156474
7.156252
7.156031
7.155809
7.155588
7.155367
7.155146
7.154927
7.154710
7.154496
7.154286
7.154078
7.153873
7.153668
7.153464
7.153260
7.153056
7.152852
7.152648
7.152444
7.152240
7.152036
7.151832
7.151629
7.151425
7.151221
7.151016
7.150812
7.150606
7.150399
7.150190
7.149980
7.149769
7.149556
7.149342
7.149126
7.148911
7.148694
7.148478
7.148262
7.148046
7.147829
7.147613
7.147397
7.147180
7.146964
7.146747
7.146530
7.146312
7.146093
7.145873
7.145650
7.145426
7.145198
7.144969
7.144738
7.144507
7.144275
7.144044
7.143812
7.143580
7.143349
7.143117
7.142885
7.142654
7.142422
7.142191
7.141961
7.141731
7.141502
7.141274
7.141048
7.140823
7.140599
7.140376
7.140154
7.139931
7.139709
7.139487
7.139265
7.139043
7.138821
7.138598
7.138376
7.138154
7.137931
7.137707
7.137481
7.137253
7.137022
7.136786
7.136545
7.136299
7.136048
7.135795
7.135541
7.135286
7.135031
7.134776
7.134521
7.134266
7.134010
7.133755
7.133498
7.133237
7.132969
7.132689
7.132395
7.132088
7.131769
7.131441
7.131106
7.130767
7.130425
7.130082
7.129739
7.129399
7.129063
7.128734
7.128413
7.128101
7.127798
7.127504
7.127218
7.126938
7.126663
7.126390
7.126118
7.125846
7.125574
7.125301
7.125028
7.124753
7.124474
7.124191
7.123901
7.123605
7.123299
7.122985
7.122662
7.122333
7.121999
7.121664
7.121328
7.120991
7.120654
7.120317
7.119977
7.119634
7.119286
7.118932
7.118573
7.118209
7.117843
7.117476
7.117109
7.116741
7.116373
7.116003
7.115631
7.115253
7.114869
7.114476
7.114077
7.113673
7.113266
7.112857
7.112445
7.112032
7.111615
7.111195
7.110768
7.110332
7.109887
7.109431
7.108967
7.108497
7.108024
7.107548
7.107067
7.106580
7.106086
7.105583
7.105073
7.104557
7.104039
7.103521
7.103006
7.102500
7.102003
7.101518
7.101044
7.100579
7.100122
7.099672
7.099226
7.098784
7.098344
7.097908
7.097479
7.097057
7.096643
7.096237
7.095837
7.095438
7.095041
7.094644
7.094246
7.093847
7.093447
7.093045
7.092640
7.092231
7.091820
7.091406
7.090990
7.090574
7.090158
7.089743
7.089329
7.088918
7.088509
7.088103
7.087700
7.087299
7.086901
7.086505
7.086109
7.085714
7.085319
7.084925
7.084531
7.084139
7.083748
7.083358
7.082968
7.082580
7.082192
7.081804
7.081417
7.081031
7.080645
7.080261
7.079879
7.079499
7.079121
7.078746
7.078372
7.077999
7.077627
7.077255
7.076883
7.076510
7.076135
7.075757
7.075375
7.074988
7.074597
7.074202
7.073804
7.073404
7.073002
7.072598
7.072194
7.071788
7.071379
7.070966
7.070547
7.070124
7.069697
7.069267
7.068836
7.068403
7.067968
7.067533
7.067096
7.066657
7.066217
7.065773
7.065327
7.064878
7.064428
7.063977
7.063524
7.063068
7.062606
7.062138
7.061661
7.061177
7.060688
7.060193
7.059693
7.059188
7.058678
7.058161
7.057637
7.057106
7.056567
7.056022
7.055472
7.054917
7.054361
7.053805
7.053250
7.052697
7.052145
7.051595
7.051046
7.050496
7.049946
7.049395
7.048840
7.048284
7.047724
7.047162
7.046597
7.046033
7.045469
7.044906
7.044346
7.043788
7.043233
7.042680
7.042128
7.041579
7.041030
7.040482
7.039936
7.039390
7.038845
7.038300
7.037754
7.037206
7.036656
7.036100
7.035538
7.034968
7.034388
7.033800
7.033204
7.032602
7.031996
7.031386
7.030773
7.030156
7.029536
7.028913
7.028289
7.027666
7.027044
7.026425
7.025808
7.025194
7.024582
7.023974
7.023369
7.022768
7.022172
7.021580
7.020992
7.020406
7.019823
7.019242
7.018664
7.018088
7.017515
7.016945
7.016376
7.015809
7.015242
7.014676
7.014109
7.013541
7.012973
7.012404
7.011834
7.011263
7.010692
7.010119
7.009545
7.008969
7.008390
7.007810
7.007228
7.006644
7.006055
7.005459
7.004853
7.004234
7.003602
7.002961
7.002311
7.001654
7.000988
7.000314
6.999628
6.998928
6.998214
6.997483
6.996735
6.995969
6.995183
6.994379
6.993556
6.992714
6.991854
6.990978
6.990089
6.989190
6.988292
6.987402
6.986528
6.985675
6.984842
6.984026
6.983226
6.982438
6.981661
6.980895
6.980136
6.979384
6.978636
6.977892
6.977149
6.976405
6.975660
6.974910
6.974155
6.973394
6.972626
6.971851
6.971067
6.970273
6.969466
6.968646
6.967813
6.966972
6.966130
6.965292
6.964464
6.963647
6.962841
6.962045
6.961258
6.960481
6.959713
6.958954
6.958205
6.957465
6.956735
6.956013
6.955300
6.954592
6.953888
6.953186
6.952484
6.951782
6.951078
6.950371
6.949662
6.948950
6.948234
6.947515
6.946793
6.946068
6.945340
6.944609
6.943876
6.943140
6.942402
6.941660
6.940916
6.940168
6.939416
6.938660
6.937900
6.937136
6.936367
6.935594
6.934814
6.934028
6.933233
6.932429
6.931614
6.930786
6.929944
6.929087
6.928215
6.927332
6.926437
6.925534
6.924623
6.923706
6.922783
6.921857
6.920929
6.919999
6.919069
6.918138
6.917208
6.916279
6.915349
6.914418
6.913484
6.912543
6.911594
6.910632
6.909654
6.908655
6.907633
6.906589
6.905524
6.904440
6.903341
6.902234
6.901125
6.900021
6.898929
6.897852
6.896791
6.895749
6.894725
6.893718
6.892727
6.891749
6.890783
6.889826
6.888877
6.887933
6.886992
6.886052
6.885111
6.884166
6.883216
6.882260
6.881296
6.880323
6.879341
6.878353
6.877361
6.876366
6.875369
6.874372
6.873375
6.872378
6.871382
6.870387
6.869391
6.868397
6.867402
6.866407
6.865411
6.864414
6.863415
6.862414
6.861408
6.860397
6.859379
6.858354
6.857321
6.856279
6.855230
6.854175
6.853116
6.852056
6.850995
6.849936
6.848879
6.847825
6.846775
6.845728
6.844686
6.843647
6.842613
6.841583
6.840559
6.839539
6.838524
6.837514
6.836509
6.835507
6.834506
6.833505
6.832502
6.831496
6.830486
6.829471
6.828451
6.827425
6.826394
6.825357
6.824317
6.823272
6.822222
6.821169
6.820110
6.819047
6.817979
6.816905
6.815824
6.814737
6.813643
6.812542
6.811433
6.810318
6.809196
6.808067
6.806932
6.805792
6.804646
6.803496
6.802342
6.801184
6.800023
6.798859
6.797694
6.796529
6.795364
6.794201
6.793039
6.791879
6.790717
6.789554
6.788387
6.787214
6.786033
6.784842
6.783638
6.782421
6.781187
6.779935
6.778665
6.777378
6.776073
6.774750
6.773411
6.772055
6.770683
6.769298
6.767905
6.766514
6.765129
6.763755
6.762395
6.761046
6.759707
6.758379
6.757059
6.755746
6.754438
6.753136
6.751837
6.750542
6.749249
6.747959
6.746670
6.745381
6.744093
6.742803
6.741507
6.740205
6.738893
6.737571
6.736240
6.734902
6.733556
6.732207
6.730855
6.729505
6.728157
6.726813
6.725474
6.724142
6.722817
6.721499
6.720187
6.718882
6.717583
6.716289
6.715002
6.713720
6.712443
6.711171
6.709904
6.708641
6.707381
6.706120
6.704856
6.703587
6.702311
6.701028
6.699739
6.698444
6.697143
6.695838
6.694529
6.693217
6.691901
6.690582
6.689259
6.687932
6.686601
6.685267
6.683929
6.682588
6.681244
6.679898
6.678548
6.677197
6.675844
6.674489
6.673132
6.671773
6.670410
6.669041
6.667662
6.666272
6.664872
6.663462
6.662043
6.660617
6.659186
6.657751
6.656314
6.654875
6.653435
6.651992
6.650546
6.649096
6.647642
6.646186
6.644726
6.643263
6.641797
6.640327
6.638852
6.637371
6.635883
6.634388
6.632888
6.631389
6.629903
6.628435
6.626983
6.625524
6.624022
6.622440
6.620759
6.618986
6.617149
6.615278
6.613394
6.611506
6.609613
6.607716
6.605814
6.603913
6.602023
6.600152
6.598309
6.596498
6.594723
6.592987
6.591286
6.589614
6.587961
6.586318
6.584681
6.583047
6.581416
6.579788
6.578163
6.576539
6.574917
6.573293
6.571668
6.570040
6.568408
6.566772
6.565132
6.563488
6.561839
6.560188
6.558534
6.556878
6.555220
6.553561
6.551901
6.550242
6.548584
6.546925
6.545261
6.543590
6.541905
6.540206
6.538495
6.536775
6.535050
6.533322
6.531592
6.529862
6.528129
6.526395
6.524658
6.522917
6.521172
6.519423
6.517667
6.515903
6.514131
6.512351
6.510562
6.508765
6.506961
6.505148
6.503328
6.501499
6.499661
6.497813
6.495954
6.494081
6.492196
6.490300
6.488397
6.486492
6.484589
6.482689
6.480796
6.478909
6.477032
6.475163
6.473303
6.471453
6.469612
6.467778
6.465952
6.464130
6.462313
6.460500
6.458689
6.456879
6.455069
6.453256
6.451436
6.449606
6.447763
6.445905
6.444027
6.442130
6.440212
6.438277
6.436328
6.434367
6.432396
6.430416
6.428427
6.426429
6.424421
6.422402
6.420373
6.418331
6.416275
6.414202
6.412108
6.409987
6.407836
6.405645
6.403406
6.401110
6.398746
6.396306
6.393781
6.391174
6.388501
6.385789
6.383065
6.380354
6.377675
6.375045
6.372480
6.369986
6.367560
6.365198
6.362893
6.360638
6.358426
6.356251
6.354106
6.351986
6.349885
6.347798
6.345720
6.343644
6.341565
6.339478
6.337379
6.335268
6.333147
6.331019
6.328886
6.326750
6.324611
6.322470
6.320325
6.318178
6.316028
6.313875
6.311719
6.309561
6.307401
6.305237
6.303072
6.300903
6.298731
6.296556
6.294377
6.292191
6.289998
6.287795
6.285579
6.283350
6.281106
6.278847
6.276572
6.274285
6.271987
6.269683
6.267373
6.265060
6.262744
6.260426
6.258108
6.255787
6.253467
6.251145
6.248824
6.246505
6.244189
6.241878
6.239571
6.237269
6.234972
6.232678
6.230383
6.228085
6.225778
6.223460
6.221132
6.218796
6.216455
6.214111
6.211764
6.209418
6.207072
6.204727
6.202384
6.200042
6.197700
6.195359
6.193018
6.190677
6.188336
6.185995
6.183653
6.181312
6.178970
6.176627
6.174282
6.171933
6.169575
6.167203
6.164808
6.162381
6.159913
6.157400
6.154838
6.152224
6.149555
6.146823
6.144017
6.141128
6.138149
6.135085
6.131944
6.128739
6.125490
6.122224
6.118976
6.115781
6.112660
6.109622
6.106663
6.103780
6.100963
6.098200
6.095478
6.092785
6.090111
6.087453
6.084808
6.082176
6.079554
6.076940
6.074331
6.071726
6.069120
6.066515
6.063908
6.061299
6.058688
6.056074
6.053457
6.050837
6.048214
6.045587
6.042958
6.040323
6.037683
6.035033
6.032371
6.029695
6.027005
6.024302
6.021588
6.018865
6.016135
6.013401
6.010665
6.007929
6.005193
6.002460
5.999730
5.997003
5.994279
5.991558
5.988839
5.986123
5.983408
5.980696
5.977987
5.975281
5.972577
5.969874
5.967171
5.964465
5.961749
5.959019
5.956270
5.953502
5.950718
5.947921
5.945117
5.942308
5.939495
5.936680
5.933864
5.931046
5.928225
5.925401
5.922573
5.919741
5.916904
5.914062
5.911216
5.908367
5.905515
5.902660
5.899803
5.896943
5.894076
5.891201
5.888315
5.885416
5.882505
5.879580
5.876641
5.873692
5.870734
5.867770
5.864800
5.861822
5.858831
5.855823
5.852792
5.849733
5.846638
5.843501
5.840314
5.837073
5.833772
5.830409
5.826986
5.823509
5.819987
5.816430
5.812850
5.809262
5.805682
5.802123
5.798599
5.795121
5.791698
5.788338
5.785036
5.781789
5.778588
5.775427
5.772302
5.769206
5.766137
5.763091
5.760066
5.757058
5.754066
5.751088
5.748123
5.745169
5.742224
5.739286
5.736348
5.733404
5.730450
5.727484
5.724506
5.721518
5.718522
5.715520
5.712514
5.709503
5.706488
5.703469
5.700445
5.697416
5.694381
5.691340
5.688294
5.685242
5.682184
5.679120
5.676051
5.672975
5.669893
5.666805
5.663713
5.660617
5.657518
5.654414
5.651304
5.648186
5.645061
5.641931
5.638802
5.635679
5.632563
5.629458
5.626362
5.623276
5.620201
5.617134
5.614075
5.611023
5.607978
5.604938
5.601902
5.598869
5.595838
5.592807
5.589774
5.586740
5.583703
5.580661
5.577615
5.574561
5.571496
5.568415
5.565312
5.562183
5.559028
5.555850
5.552652
5.549437
5.546206
5.542961
5.539701
5.536426
5.533135
5.529825
5.526494
5.523138
5.519753
5.516333
5.512873
5.509367
5.505811
5.502200
5.498530
5.494801
5.491014
5.487173
5.483285
5.479359
5.475412
5.471461
5.467522
5.463610
5.459737
5.455915
5.452149
5.448442
5.444789
5.441184
5.437623
5.434098
5.430604
5.427136
5.423689
5.420259
5.416843
5.413438
5.410043
5.406656
5.403274
5.399897
5.396521
5.393142
5.389756
5.386357
5.382946
5.379524
5.376097
5.372670
5.369247
5.365828
5.362415
5.359008
5.355606
5.352209
5.348818
5.345433
5.342052
5.338675
5.335300
5.331925
5.328551
5.325175
5.321797
5.318415
5.315030
5.311641
5.308246
5.304845
5.301437
5.298021
5.294595
5.291159
5.287716
5.284267
5.280816
5.277365
5.273914
5.270465
5.267018
5.263572
5.260128
5.256685
5.253243
5.249803
5.246364
5.242926
5.239487
5.236047
5.232606
5.229161
5.225713
5.222259
5.218798
5.215330
5.211853
5.208363
5.204856
5.201327
5.197774
5.194196
5.190596
5.186979
5.183349
5.179708
5.176060
5.172403
5.168741
5.165072
5.161396
5.157714
5.154025
5.150326
5.146614
5.142887
5.139138
5.135365
5.131560
5.127718
5.123829
5.119885
5.115876
5.111793
5.107631
5.103391
5.099081
5.094712
5.090299
5.085867
5.081443
5.077057
5.072725
5.068458
5.064262
5.060138
5.056086
5.052099
5.048170
5.044292
5.040458
5.036662
5.032895
5.029154
5.025432
5.021725
5.018028
5.014338
5.010649
5.006960
5.003265
4.999564
4.995856
4.992142
4.988425
4.984706
4.980984
4.977260
4.973534
4.969804
4.966070
4.962332
4.958590
4.954843
4.951091
4.947335
4.943576
4.939814
4.936048
4.932281
4.928512
4.924741
4.920970
4.917197
4.913423
4.909648
4.905873
4.902096
4.898320
4.894544
4.890771
4.887003
4.883241
4.879486
4.875736
4.871990
4.868245
4.864501
4.860755
4.857006
4.853254
4.849496
4.845734
4.841965
4.838189
4.834405
4.830615
4.826817
4.823011
4.819198
4.815378
4.811551
4.807717
4.803880
4.800041
4.796204
4.792370
4.788541
4.784716
4.780897
4.777083
4.773275
4.769474
4.765679
4.761890
4.758105
4.754324
4.750544
4.746763
4.742981
4.739195
4.735406
4.731610
4.727807
4.723995
4.720170
4.716332
4.712476
4.708599
4.704699
4.700775
4.696826
4.692852
4.688853
4.684827
4.680772
4.676687
4.672568
4.668410
4.664207
4.659953
4.655640
4.651262
4.646813
4.642288
4.637686
4.633014
4.628286
4.623514
4.618718
4.613919
4.609143
4.604411
4.599741
4.595140
4.590615
4.586167
4.581794
4.577491
4.573251
4.569066
4.564929
4.560836
4.556780
4.552757
4.548762
4.544791
4.540842
4.536911
4.532996
4.529094
4.525205
4.521325
4.517453
4.513588
4.509727
4.505868
4.502006
4.498136
4.494253
4.490354
4.486440
4.482510
4.478567
4.474611
4.470645
4.466667
4.462679
4.458682
4.454677
4.450666
4.446650
4.442629
4.438607
4.434583
4.430558
4.426536
4.422516
4.418501
4.414493
4.410492
4.406497
4.402510
4.398529
4.394553
4.390581
4.386611
4.382644
4.378678
4.374714
4.370754
4.366796
4.362840
4.358885
4.354929
4.350970
4.347008
4.343041
4.339070
4.335094
4.331114
4.327131
4.323147
4.319162
4.315177
4.311193
4.307213
4.303236
4.299263
4.295294
4.291330
4.287369
4.283411
4.279456
4.275503
4.271552
4.267603
4.263656
4.259712
4.255769
4.251826
4.247881
4.243933
4.239982
4.236026
4.232064
4.228096
4.224120
4.220133
4.216133
4.212116
4.208080
4.204021
4.199936
4.195821
4.191669
4.187472
4.183223
4.178912
4.174531
4.170072
4.165525
4.160888
4.156158
4.151340
4.146441
4.141477
4.136474
4.131466
4.126484
4.121553
4.116691
4.111909
4.107218
4.102618
4.098104
4.093666
4.089296
4.084986
4.080727
4.076511
4.072331
4.068184
4.064062
4.059962
4.055879
4.051811
4.047754
4.043705
4.039663
4.035625
4.031591
4.027558
4.023528
4.019498
4.015470
4.011442
4.007415
4.003387
3.999356
3.995320
3.991279
3.987232
3.983179
3.979122
3.975060
3.970994
3.966924
3.962853
3.958779
3.954705
3.950632
3.946560
3.942491
3.938424
3.934359
3.930298
3.926240
3.922186
3.918138
3.914095
3.910060
3.906030
3.902005
3.897984
3.893967
3.889953
3.885940
3.881929
3.877917
3.873906
3.869895
3.865883
3.861870
3.857855
3.853838
3.849817
3.845793
3.841766
3.837736
3.833704
3.829670
3.825633
3.821594
3.817554
3.813512
3.809469
3.805427
3.801386
3.797346
3.793310
3.789276
3.785247
3.781222
3.777201
3.773185
3.769173
3.765163
3.761154
3.757145
3.753136
3.749126
3.745117
3.741108
3.737099
3.733089
3.729077
3.725062
3.721043
3.717018
3.712986
3.708945
3.704892
3.700823
3.696733
3.692617
3.688471
3.684287
3.680059
3.675777
3.671434
3.667022
3.662531
3.657958
3.653303
3.648569
3.643764
3.638903
3.634011
3.629118
3.624251
3.619433
3.614679
3.610002
3.605408
3.600899
3.596471
3.592116
3.587826
3.583594
3.579412
3.575272
3.571169
3.567097
3.563052
3.559029
3.555025
3.551036
3.547059
3.543092
3.539131
3.535176
3.531226
3.527282
3.523343
3.519407
3.515473
3.511538
3.507601
3.503661
3.499718
3.495773
3.491825
3.487873
3.483918
3.479959
3.475996
3.472030
3.468059
3.464085
3.460109
3.456132
3.452154
3.448179
3.444205
3.440236
3.436271
3.432312
3.428361
3.424420
3.420493
3.416581
3.412683
3.408796
3.404917
3.401043
3.397172
3.393304
3.389437
3.385572
3.381708
3.377843
3.373978
3.370110
3.366241
3.362368
3.358493
3.354615
3.350735
3.346853
3.342969
3.339083
3.335197
3.331311
3.327427
3.323545
3.319668
3.315796
3.311930
3.308071
3.304217
3.300366
3.296518
3.292671
3.288824
3.284976
3.281129
3.277279
3.273427
3.269571
3.265710
3.261842
3.257970
3.254092
3.250209
3.246321
3.242428
3.238531
3.234631
3.230728
3.226826
3.222927
3.219032
3.215140
3.211251
3.207361
3.203467
3.199562
3.195640
3.191690
3.187705
3.183673
3.179585
3.175429
3.171195
3.166876
3.162464
3.157957
3.153361
3.148692
3.143973
3.139229
3.134487
3.129775
3.125123
3.120555
3.116083
3.111709
3.107433
3.103250
3.099150
3.095123
3.091157
3.087241
3.083369
3.079531
3.075723
3.071938
3.068174
3.064426
3.060690
3.056964
3.053244
3.049527
3.045810
3.042092
3.038370
3.034643
3.030909
3.027168
3.023422
3.019672
3.015921
3.012169
3.008416
3.004661
3.000904
2.997142
2.993377
2.989608
2.985835
2.982059
2.978282
2.974506
2.970733
2.966964
2.963200
2.959443
2.955694
2.951953
2.948221
2.944498
2.940784
2.937078
2.933382
2.929694
2.926015
2.922346
2.918691
2.915050
2.911425
2.907812
2.904207
2.900604
2.897000
2.893392
2.889780
2.886161
2.882536
2.878905
2.875268
2.871626
2.867978
2.864326
2.860670
2.857011
2.853350
2.849689
2.846030
2.842373
2.838721
2.835077
2.831442
2.827818
2.824207
2.820611
2.817031
2.813466
2.809915
2.806375
2.802843
2.799314
2.795787
2.792260
2.788734
2.785205
2.781674
2.778139
2.774598
2.771050
2.767491
2.763921
2.760335
2.756732
2.753106
2.749455
2.745774
2.742059
2.738304
2.734505
2.730656
2.726752
2.722788
2.718756
2.714656
2.710489
2.706266
2.702004
2.697720
2.693434
2.689168
2.684945
2.680783
2.676693
2.672679
2.668741
2.664875
2.661077
2.657338
2.653649
2.650005
2.646400
2.642831
2.639294
2.635788
2.632310
2.628855
2.625420
2.622002
2.618598
2.615204
2.611819
2.608439
2.605066
2.601699
2.598340
2.594988
2.591643
2.588306
2.584976
2.581652
2.578335
2.575025
2.571722
2.568426
2.565135
2.561849
2.558568
2.555293
2.552024
2.548765
2.545515
2.542275
2.539041
2.535811
2.532582
2.529350
2.526113
2.522867
2.519611
2.516343
2.513063
2.509771
2.506467
2.503152
2.499826
2.496490
2.493146
2.489794
2.486439
2.483084
2.479730
2.476381
2.473039
2.469709
2.466392
2.463095
2.459821
2.456574
2.453356
2.450164
2.446993
2.443839
2.440697
2.437564
2.434438
2.431315
2.428193
2.425072
2.421949
2.418823
2.415693
2.412556
2.409411
2.406257
2.403094
2.399921
2.396740
2.393552
2.390357
2.387159
2.383959
2.380761
2.377567
2.374384
2.371214
2.368061
2.364921
2.361790
2.358661
2.355531
2.352394
2.349248
2.346087
2.342908
2.339705
2.336471
2.333200
2.329884
2.326517
2.323092
2.319604
2.316053
2.312443
2.308784
2.305087
2.301371
2.297659
2.293982
2.290360
2.286807
2.283324
2.279905
2.276547
2.273242
2.269984
2.266765
2.263581
2.260425
2.257294
2.254181
2.251084
2.248001
2.244927
2.241863
2.238805
2.235755
2.232712
2.229677
2.226650
2.223634
2.220631
2.217643
2.214672
2.211717
2.208778
2.205853
2.202941
2.200038
2.197142
2.194250
2.191359
2.188468
2.185576
2.182681
2.179782
2.176880
2.173975
2.171066
2.168153
2.165238
2.162319
2.159398
2.156473
2.153547
2.150619
2.147692
2.144768
2.141853
2.138952
2.136068
2.133200
2.130348
2.127508
2.124678
2.121856
2.119040
2.116231
2.113426
2.110626
2.107831
2.105040
2.102254
2.099473
2.096695
2.093922
2.091151
2.088383
2.085617
2.082853
2.080090
2.077327
2.074566
2.071806
2.069050
2.066304
2.063573
2.060861
2.058168
2.055492
2.052828
2.050170
2.047515
2.044862
2.042209
2.039555
2.036899
2.034239
2.031572
2.028895
2.026205
2.023495
2.020759
2.017990
2.015178
2.012313
2.009383
2.006377
2.003290
2.000117
1.996856
1.993515
1.990117
1.986692
1.983274
1.979892
1.976568
1.973324
1.970177
1.967133
1.964187
1.961327
1.958540
1.955815
1.953142
1.950510
1.947911
1.945339
1.942787
1.940250
1.937723
1.935206
1.932697
1.930196
1.927705
1.925223
1.922751
1.920290
1.917838
1.915393
1.912954
1.910515
1.908075
1.905632
1.903185
1.900736
1.898283
1.895828
1.893371
1.890913
1.888455
1.885997
1.883540
1.881084
1.878630
1.876180
1.873734
1.871295
1.868866
1.866449
1.864048
1.861667
1.859307
1.856968
1.854646
1.852340
1.850048
1.847766
1.845491
1.843220
1.840953
1.838688
1.836424
1.834162
1.831902
1.829642
1.827383
1.825125
1.822867
1.820609
1.818352
1.816096
1.813840
1.811586
1.809334
1.807084
1.804838
1.802599
1.800369
1.798151
1.795944
1.793748
1.791563
1.789388
1.787219
1.785053
1.782887
1.780717
1.778544
1.776365
1.774180
1.771990
1.769794
1.767590
1.765380
1.763162
1.760938
1.758707
1.756471
1.754230
1.751988
1.749746
1.747508
1.745276
1.743056
1.740853
1.738668
1.736504
1.734361
1.732237
1.730131
1.728039
1.725959
1.723887
1.721820
1.719754
1.717687
1.715614
1.713534
1.711443
1.709338
1.707214
1.705068
1.702896
1.700692
1.698451
1.696170
1.693845
1.691474
1.689056
1.686597
1.684109
1.681604
1.679099
1.676604
1.674128
1.671678
1.669261
1.666881
1.664538
1.662234
1.659969
1.657741
1.655547
1.653384
1.651247
1.649134
1.647041
1.644964
1.642902
1.640851
1.638812
1.636784
1.634766
1.632759
1.630767
1.628790
1.626831
1.624889
1.622962
1.621050
1.619150
1.617261
1.615378
1.613501
1.611625
1.609752
1.607879
1.606006
1.604133
1.602259
1.600383
1.598506
1.596626
1.594745
1.592863
1.590980
1.589097
1.587215
1.585335
1.583458
1.581588
1.579726
1.577877
1.576043
1.574224
1.572421
1.570631
1.568855
1.567089
1.565332
1.563581
1.561834
1.560091
1.558351
1.556614
1.554879
1.553146
1.551415
1.549684
1.547954
1.546223
1.544491
1.542757
1.541022
1.539284
1.537543
1.535798
1.534049
1.532297
1.530543
1.528787
1.527030
1.525271
1.523510
1.521747
1.519979
1.518207
1.516426
1.514637
1.512838
1.511031
1.509217
1.507398
1.505575
1.503753
1.501932
1.500115
1.498304
1.496499
1.494700
1.492909
1.491126
1.489348
1.487577
1.485813
1.484057
1.482311
1.480575
1.478849
1.477129
1.475408
1.473679
1.471935
1.470169
1.468376
1.466548
1.464683
1.462777
1.460832
1.458848
1.456832
1.454793
1.452746
1.450703
1.448675
1.446675
1.444711
1.442793
1.440925
1.439105
1.437334
1.435608
1.433923
1.432273
1.430651
1.429053
1.427472
1.425905
1.424347
1.422795
1.421247
1.419700
1.418154
1.416607
1.415058
1.413507
1.411952
1.410395
1.408834
1.407270
1.405703
1.404132
1.402560
1.400985
1.399411
1.397838
1.396268
1.394704
1.393147
1.391599
1.390058
1.388524
1.386995
1.385471
1.383950
1.382433
1.380921
1.379412
1.377909
1.376411
1.374920
1.373435
1.371957
1.370485
1.369022
1.367565
1.366114
1.364669
1.363231
1.361799
1.360374
1.358958
1.357552
1.356157
1.354773
1.353400
1.352039
1.350687
1.349342
1.348002
1.346664
1.345326
1.343986
1.342642
1.341293
1.339940
1.338581
1.337217
1.335849
1.334475
1.333096
1.331712
1.330323
1.328929
1.327532
1.326132
1.324730
1.323330
1.321933
1.320542
1.319160
1.317788
1.316429
1.315084
1.313751
1.312429
1.311113
1.309802
1.308494
1.307188
1.305882
1.304577
1.303270
1.301962
1.300651
1.299335
1.298012
1.296681
1.295339
1.293981
1.292603
1.291199
1.289765
1.288298
1.286795
1.285259
1.283691
1.282097
1.280486
1.278869
1.277258
1.275661
1.274088
1.272545
1.271037
1.269564
1.268123
1.266710
1.265320
1.263949
1.262593
1.261250
1.259916
1.258590
1.257273
1.255963
1.254662
1.253372
1.252096
1.250839
1.249602
1.248386
1.247189
1.246010
1.244846
1.243697
1.242560
1.241433
1.240316
1.239206
1.238104
1.237007
1.235915
1.234828
1.233743
1.232659
1.231576
1.230490
1.229401
1.228305
1.227201
1.226088
1.224963
1.223827
1.222680
1.221524
1.220362
1.219197
1.218029
1.216857
1.215680
1.214498
1.213310
1.212118
1.210923
1.209727
1.208534
1.207346
1.206166
1.204997
1.203841
1.202698
1.201570
1.200456
1.199355
1.198268
1.197193
1.196129
1.195077
1.194035
1.193003
1.191981
1.190969
1.189967
1.188973
1.187987
1.187007
1.186032
1.185060
1.184089
1.183118
1.182145
1.181171
1.180194
1.179214
1.178229
1.177240
1.176245
1.175244
1.174236
1.173220
1.172195
1.171162
1.170118
1.169064
1.167998
1.166922
1.165835
1.164737
1.163631
1.162519
1.161400
1.160276
1.159144
1.157997
1.156831
1.155646
1.154442
1.153225
1.152000
1.150772
1.149549
1.148336
1.147140
1.145965
1.144813
1.143685
1.142582
1.141505
1.140450
1.139416
1.138401
1.137404
1.136422
1.135455
1.134501
1.133558
1.132624
1.131695
1.130771
1.129849
1.128929
1.128009
1.127091
1.126173
1.125256
1.124340
1.123424
1.122510
1.121596
1.120684
1.119773
1.118865
1.117959
1.117057
1.116160
1.115271
1.114391
1.113523
1.112668
1.111824
1.110988
1.110158
1.109331
1.108508
1.107686
1.106867
1.106049
1.105232
1.104417
1.103602
1.102789
1.101977
1.101166
1.100355
1.099546
1.098737
1.097929
1.097122
1.096315
1.095508
1.094702
1.093898
1.093097
1.092300
1.091511
1.090729
1.089954
1.089183
1.088416
1.087648
1.086881
1.086113
1.085344
1.084573
1.083802
1.083029
1.082255
1.081479
1.080701
1.079923
1.079144
1.078365
1.077585
1.076805
1.076025
1.075246
1.074468
1.073692
1.072918
1.072147
1.071380
1.070618
1.069862
1.069111
1.068365
1.067624
1.066887
1.066153
1.065422
1.064692
1.063962
1.063233
1.062504
1.061774
1.061044
1.060313
1.059581
1.058848
1.058113
1.057373
1.056624
1.055864
1.055091
1.054305
1.053508
1.052704
1.051892
1.051076
1.050256
1.049435
1.048612
1.047791
1.046975
1.046166
1.045368
1.044582
1.043812
1.043060
1.042324
1.041604
1.040895
1.040195
1.039502
1.038814
1.038131
1.037452
1.036776
1.036102
1.035428
1.034753
1.034078
1.033401
1.032722
1.032042
1.031358
1.030670
1.029975
1.029274
1.028566
1.027853
1.027135
1.026413
1.025687
1.024957
1.024223
1.023485
1.022745
1.022004
1.021264
1.020526
1.019791
1.019062
1.018338
1.017624
1.016921
1.016235
1.015566
1.014915
1.014280
1.013656
1.013040
1.012431
1.011828
1.011232
1.010642
1.010058
1.009479
1.008902
1.008328
1.007754
1.007181
1.006609
1.006037
1.005465
1.004893
1.004320
1.003746
1.003172
1.002596
1.002019
1.001441
1.000862
1.000285
0.999709
0.999135
0.998564
0.997995
0.997429
0.996866
0.996306
0.995748
0.995192
0.994639
0.994087
0.993538
0.992991
0.992446
0.991901
0.991356
0.990809
0.990260
0.989709
0.989154
0.988597
0.988036
0.987473
0.986909
0.986345
0.985781
0.985217
0.984653
0.984091
0.983530
0.982971
0.982415
0.981863
0.981315
0.980773
0.980236
0.979705
0.979180
0.978659
0.978141
0.977625
0.977113
0.976604
0.976099
0.975599
0.975102
0.974608
0.974116
0.973624
0.973133
0.972644
0.972155
0.971669
0.971183
0.970699
0.970215
0.969731
0.969246
0.968760
0.968273
0.967783
0.967291
0.966796
0.966300
0.965803
0.965305
0.964808
0.964311
0.963815
0.963322
0.962831
0.962343
0.961857
0.961373
0.960890
0.960410
0.959934
0.959465
0.959005
0.958556
0.958116
0.957683
0.957253
0.956826
0.956400
0.955974
0.955547
0.955118
0.954688
0.954255
0.953819
0.953381
0.952940
0.952498
0.952054
0.951608
0.951157
0.950699
0.950233
0.949758
0.949275
0.948785
0.948292
0.947796
0.947300
0.946809
0.946323
0.945845
0.945376
0.944914
0.944462
0.944016
0.943575
0.943137
0.942702
0.942270
0.941846
0.941431
0.941026
0.940631
0.940242
0.939859
0.939478
0.939099
0.938721
0.938344
0.937969
0.937596
0.937228
0.936865
0.936508
0.936156
0.935808
0.935462
0.935117
0.934773
0.934430
0.934085
0.933739
0.933390
0.933035
0.932673
0.932304
0.931928
0.931545
0.931156
0.930762
0.930365
0.929966
0.929566
0.929165
0.928763
0.928359
0.927955
0.927548
0.927141
0.926733
0.926324
0.925915
0.925506
0.925098
0.924693
0.924294
0.923905
0.923530
0.923169
0.922820
0.922479
0.922142
0.921807
0.921473
0.921138
0.920803
0.920468
0.920132
0.919793
0.919452
0.919108
0.918761
0.918412
0.918061
0.917708
0.917353
0.916998
0.916643
0.916289
0.915936
0.915584
0.915235
0.914889
0.914546
0.914207
0.913871
0.913537
0.913205
0.912875
0.912545
0.912215
0.911884
0.911554
0.911223
0.910891
0.910556
0.910218
0.909875
0.909530
0.909183
0.908835
0.908486
0.908138
0.907788
0.907439
0.907088
0.906733
0.906375
0.906010
0.905640
0.905264
0.904884
0.904500
0.904115
0.903727
0.903339
0.902953
0.902571
0.902196
0.901833
0.901484
0.901147
0.900821
0.900502
0.900188
0.899876
0.899567
0.899258
0.898951
0.898644
0.898338
0.898033
0.897732
0.897434
0.897142
0.896857
0.896579
0.896307
0.896038
0.895771
0.895505
0.895239
0.894974
0.894708
0.894443
0.894177
0.893911
0.893645
0.893379
0.893111
0.892841
0.892569
0.892294
0.892017
0.891739
0.891460
0.891181
0.890901
0.890621
0.890342
0.890062
0.889782
0.889502
0.889222
0.888941
0.888658
0.888372
0.888084
0.887793
0.887499
0.887205
0.886909
0.886614
0.886317
0.886021
0.885725
0.885429
0.885133
0.884839
0.884547
0.884260
0.883980
0.883708
0.883445
0.883189
0.882937
0.882687
0.882439
0.882190
0.881941
0.881692
0.881444
0.881195
0.880946
0.880699
0.880452
0.880207
0.879966
0.879730
0.879499
0.879272
0.879050
0.878833
0.878620
0.878409
0.878200
0.877991
0.877782
0.877574
0.877365
0.877156
0.876947
0.876739
0.876530
0.876322
0.876113
0.875905
0.875696
0.875489
0.875282
0.875076
0.874871
0.874667
0.874464
0.874261
0.874059
0.873857
0.873656
0.873453
0.873252
0.873050
0.872848
0.872646
0.872444
0.872243
0.872041
0.871839
0.871637
0.871435
0.871232
0.871028
0.870824
0.870618
0.870411
0.870203
0.869994
0.869784
0.869574
0.869364
0.869153
0.868942
0.868731
0.868521
0.868310
0.868099
0.867888
0.867678
0.867467
0.867255
0.867042
0.866827
0.866608
0.866383
0.866150
0.865907
0.865655
0.865394
0.865130
0.864862
0.864595
0.864326
0.864058
0.863790
0.863521
0.863253
0.862985
0.862720
0.862459
0.862206
0.861966
0.861740
0.861528
0.861326
0.861130
0.860938
0.860749
0.860561
0.860373
0.860186
0.859999
0.859812
0.859624
0.859437
0.859250
0.859063
0.858875
0.858688
0.858501
0.858313
0.858126
0.857940
0.857754
0.857569
0.857386
0.857204
0.857023
0.856844
0.856665
0.856486
0.856308
0.856130
0.855951
0.855773
0.855595
0.855417
0.855239
0.855061
0.854882
0.854704
0.854526
0.854348
0.854170
0.853992
0.853815
0.853640
0.853468
0.853300
0.853138
0.852981
0.852830
0.852685
0.852545
0.852410
0.852276
0.852144
0.852013
0.851882
0.851751
0.851619
0.851488
0.851357
0.851226
0.851095
0.850964
0.850833
0.850702
0.850571
0.850440
0.850309
0.850178
0.850046
0.849915
0.849784
0.849653
0.849522
0.849391
0.849259
0.849128
0.848996
0.848862
0.848726
0.848585
0.848439
0.848289
0.848135
0.847979
0.847822
0.847663
0.847505
0.847346
0.847187
0.847028
0.846869
0.846710
0.846551
0.846392
0.846233
0.846075
0.845916
0.845757
0.845598
0.845439
0.845280
0.845121
0.844963
0.844804
0.844647
0.844491
0.844339
0.844189
0.844044
0.843901
0.843761
0.843622
0.843485
0.843349
0.843213
0.843077
0.842942
0.842806
0.842670
0.842535
0.842399
0.842264
0.842128
0.841992
0.841857
0.841721
0.841585
0.841450
0.841314
0.841178
0.841043
0.840907
0.840772
0.840636
0.840501
0.840365
0.840230
0.840096
0.839962
0.839830
0.839699
0.839569
0.839440
0.839312
0.839185
0.839059
0.838932
0.838807
0.838681
0.838554
0.838429
0.838303
0.838177
0.838051
0.837925
0.837799
0.837673
0.837547
0.837421
0.837295
0.837169
0.837043
0.836917
0.836791
0.836665
0.836539
0.836413
0.836287
0.836161
0.836035
0.835910
0.835785
0.835662
0.835541
0.835421
0.835304
0.835190
0.835078
0.834969
0.834862
0.834755
0.834649
0.834543
0.834438
0.834332
0.834226
0.834121
0.834015
0.833910
0.833804
0.833699
0.833593
0.833487
0.833382
0.833276
0.833170
0.833065
0.832959
0.832853
0.832748
0.832642
0.832537
0.832431
0.832325
0.832220
0.832114
0.832009
0.831903
0.831797
0.831692
0.831586
0.831480
0.831375
0.831270
0.831166
0.831064
0.830964
0.830866
0.830770
0.830677
0.830584
0.830492
0.830401
0.830311
0.830220
0.830130
0.830039
0.829949
0.829859
0.829768
0.829678
0.829587
0.829497
0.829407
0.829316
0.829226
0.829136
0.829045
0.828955
0.828865
0.828774
0.828684
0.828593
0.828503
0.828412
0.828322
0.828232
0.828141
0.828051
0.827960
0.827870
0.827780
0.827689
0.827599
0.827509
0.827418
0.827328
0.827237
0.827147
0.827057
0.826967
0.826876
0.826786
0.826697
0.826607
0.826518
0.826430
0.826342
0.826256
0.826169
0.826083
0.825997
0.825911
0.825825
0.825739
0.825653
0.825568
0.825482
0.825396
0.825310
0.825224
0.825138
0.825052
0.824966
0.824880
0.824794
0.824708
0.824622
0.824536
0.824450
0.824365
0.824279
0.824193
0.824107
0.824021
0.823935
0.823849
0.823763
0.823677
0.823592
0.823506
0.823420
0.823334
0.823248
0.823162
0.823076
0.822990
0.822904
0.822818
0.822732
0.822646
0.822561
0.822475
0.822390
0.822305
0.822223
0.822143
0.822067
0.821995
0.821927
0.821862
0.821798
0.821735
0.821672
0.821609
0.821546
0.821483
0.821419
0.821356
0.821293
0.821230
0.821167
0.821104
0.821041
0.820978
0.820915
0.820852
0.820789
0.820726
0.820663
0.820600
0.820537
0.820473
0.820410
0.820347
0.820284
0.820221
0.820158
0.820095
0.820032
0.819969
0.819906
0.819843
0.819780
0.819717
0.819654
0.819591
0.819527
0.819465
0.819401
0.819338
0.819275
0.819212
0.819149
0.819086
0.819023
0.818960
0.818897
0.818834
0.818771
0.818708
0.818645
0.818582
0.818519
0.818455
0.818392
0.818329
0.818266
0.818203
0.818140
0.818077
0.818014
0.817951
0.817888
0.817824
0.817761
0.817697
0.817633
0.817568
0.817503
0.817437
0.817371
0.817305
0.817239
0.817173
0.817107
0.817042
0.816976
0.816910
0.816844
0.816778
0.816712
0.816646
0.816580
0.816514
0.816448
0.816382
0.816316
0.816250
0.816184
0.816118
0.816052
0.815987
0.815921
0.815855
0.815789
0.815723
0.815657
0.815591
0.815525
0.815459
0.815393
0.815327
0.815261
0.815196
0.815130
0.815064
0.814998
0.814932
0.814866
0.814800
0.814734
0.814668
0.814602
0.814536
0.814470
0.814404
0.814338
0.814273
0.814207
0.814141
0.814075
0.814009
0.813943
0.813877
0.813811
0.813745
0.813679
0.813613
0.813547
0.813482
0.813418
0.813356
0.813298
0.813243
0.813194
0.813147
0.813103
0.813061
0.813019
0.812977
0.812936
0.812894
0.812853
0.812811
0.812770
0.812728
0.812687
0.812646
0.812604
0.812563
0.812521
0.812480
0.812438
0.812397
0.812356
0.812314
0.812273
0.812231
0.812190
0.812149
0.812107
0.812066
0.812024
0.811983
0.811941
0.811900
0.811859
0.811817
0.811776
0.811734
0.811693
0.811651
0.811610
0.811569
0.811527
0.811486
0.811444
0.811403
0.811361
0.811320
0.811279
0.811237
0.811196
0.811154
0.811113
0.811071
0.811030
0.810989
0.810947
0.810906
0.810864
0.810823
0.810782
0.810740
0.810699
0.810657
0.810616
0.810574
0.810533
0.810491
0.810450
0.810409
0.810367
0.810326
0.810284
0.810243
0.810202
0.810160
0.810119
0.810077
0.810036
0.809994
0.809953
0.809911
0.809870
0.809829
0.809787
0.809746
0.809704
0.809663
0.809621
0.809580
0.809539
0.809497
0.809456
0.809414
0.809373
0.809331
0.809290
0.809249
0.809207
0.809166
0.809124
0.809083
0.809042
0.809001
0.808961
0.808923
0.808888
0.808855
0.808825
0.808797
0.808772
0.808748
0.808725
0.808704
0.808682
0.808661
0.808640
0.808619
0.808598
0.808577
0.808556
0.808534
0.808513
0.808492
0.808471
0.808450
0.808429
0.808408
0.808387
0.808366
0.808345
0.808323
0.808302
0.808281
0.808260
0.808239
0.808218
0.808197
0.808176
0.808154
0.808133
0.808112
0.808091
0.808070
0.808049
0.808028
0.808006
0.807985
0.807964
0.807943
0.807922
0.807901
0.807880
0.807859
0.807837
0.807816
0.807795
0.807774
0.807753
0.807732
0.807711
0.807690
0.807669
0.807647
0.807626
0.807605
0.807584
0.807563
0.807542
0.807521
0.807500
0.807478
0.807457
0.807436
0.807415
0.807394
0.807373
0.807352
0.807331
0.807310
0.807288
0.807267
0.807246
0.807225
0.807204
0.807183
0.807162
0.807141
0.807119
0.807098
0.807077
0.807056
0.807035
0.807014
0.806993
0.806972
0.806951
0.806929
0.806908
0.806887
0.806866
0.806845
0.806824
0.806803
0.806782
0.806760
0.806739
0.806718
0.806697
0.806676
0.806655
0.806634
0.806612
0.806591
0.806570
0.806549
0.806528
0.806507
0.806486
0.806465
0.806443
0.806422
0.806401
0.806380
0.806359
0.806338
0.806317
0.806296
0.806275
0.806253
0.806232
0.806211
0.806190
0.806169
0.806148
0.806127
0.806106
0.806085
0.806064
0.806042
0.806021
0.806000
0.805979
0.805958
0.805937
0.805916
0.805894
0.805873
0.805852
0.805831
0.805810
0.805789
0.805768
0.805747
0.805725
0.805704
0.805683
0.805662
0.805641
0.805620
0.805599
0.805578
0.805557
0.805535
0.805514
0.805493
0.805472
0.805451
0.805430
0.805409
0.805388
0.805366
0.805345
0.805324
0.805303
0.805282
0.805261
0.805240
0.805219
0.805198
0.805176
0.805155
0.805134
0.805113
0.805092
0.805071
0.805050
0.805029
0.805007
0.804986
0.804965
0.804944
0.804923
0.804902
0.804881
0.804860
0.804839
0.804817
0.804796
0.804775
0.804754
0.804733
0.804712
0.804691
0.804670
0.804648
0.804627
0.804606
0.804585
0.804564
0.804543
0.804522
0.804501
0.804481
0.804461
0.804442
0.804425
0.804410
0.804397
0.804385
0.804374
0.804364
0.804354
0.804344
0.804334
0.804324
0.804314
0.804303
0.804293
0.804283
0.804273
0.804263
0.804253
0.804243
0.804233
0.804223
0.804213
0.804203
0.804192
0.804182
0.804172
0.804162
0.804152
0.804142
0.804132
0.804122
0.804112
0.804102
0.804091
0.804081
0.804071
0.804061
0.804051
0.804041
0.804031
0.804021
0.804011
0.804001
0.803991
0.803980
0.803970
0.803960
0.803950
0.803940
0.803930
0.803920
0.803910
0.803900
0.803890
0.803880
0.803870
0.803859
0.803849
0.803839
0.803829
0.803819
0.803809
0.803799
0.803789
0.803779
0.803768
0.803758
0.803748
0.803738
0.803728
0.803718
0.803708
0.803698
0.803688
0.803678
0.803668
0.803658
0.803647
0.803637
0.803627
0.803617
0.803607
0.803597
0.803587
0.803577
0.803567
0.803557
0.803547
0.803536
0.803526
0.803516
0.803506
0.803496
0.803486
0.803476
0.803466
0.803456
0.803446
0.803435
0.803425
0.803415
0.803405
0.803395
0.803385
0.803375
0.803365
0.803355
0.803345
0.803334
0.803324
0.803314
0.803304
0.803294
0.803284
0.803274
0.803264
0.803254
0.803244
0.803234
0.803223
0.803213
0.803203
0.803193
0.803183
0.803173
0.803163
0.803153
0.803143
0.803133
0.803123
0.803113
0.803102
0.803092
0.803082
0.803072
0.803062
0.803052
0.803042
0.803032
0.803022
0.803012
0.803002
0.802991
0.802981
0.802971
0.802961
0.802951
0.802941
0.802931
0.802921
0.802911
0.802901
0.802890
0.802880
0.802870
0.802860
0.802850
0.802840
0.802830
0.802820
0.802810
0.802800
0.802790
0.802779
0.802769
0.802759
0.802749
0.802739
0.802729
0.802719
0.802709
0.802699
0.802689
0.802678
0.802668
0.802658
0.802648
0.802638
0.802628
0.802618
0.802608
0.802598
0.802588
0.802578
0.802567
0.802558
0.802547
0.802537
0.802527
0.802517
0.802507
0.802497
0.802487
0.802477
0.802467
0.802457
0.802446
0.802436
0.802426
0.802416
0.802406
0.802396
0.802386
0.802376
0.802366
0.802356
0.802346
0.802335
0.802325
0.802315
0.802305
0.802295
0.802285
0.802275
0.802265
0.802255
0.802245
0.802234
0.802224
0.802214
0.802204
0.802194
0.802184
0.802174
0.802164
0.802154
0.802144
0.802134
0.802123
0.802113
0.802103
0.802093
0.802083
0.802073
0.802063
0.802053
0.802043
0.802033
0.802022
0.802013
0.802002
0.801992
0.801982
0.801972
0.801962
0.801952
0.801942
0.801932
0.801922
0.801911
0.801901
0.801891
0.801881
0.801871
0.801861
0.801851
0.801841
0.801831
0.801821
0.801811
0.801801
0.801790
0.801780
0.801770
0.801760
0.801750
0.801740
0.801730
0.801720
0.801710
0.801700
0.801690
0.801679
0.801669
0.801659
0.801649
0.801639
0.801629
0.801619
0.801609
0.801599
0.801589
0.801578
0.801568
0.801558
0.801548
0.801538
0.801528
0.801518
0.801508
0.801498
0.801488
0.801477
0.801467
0.801457
0.801447
0.801437
0.801427
0.801417
0.801407
0.801397
0.801387
0.801377
0.801366
0.801356
0.801346
0.801336
0.801326
0.801316
0.801306
0.801296
0.801286
0.801276
0.801266
0.801256
0.801245
0.801235
0.801225
0.801215
0.801205
0.801195
0.801185
0.801175
0.801165
0.801155
0.801145
0.801134
0.801124
0.801114
0.801104
0.801094
0.801084
0.801074
0.801064
0.801054
0.801044
0.801033
0.801023
0.801013
0.801003
0.800993
0.800983
0.800973
0.800963
0.800953
0.800943
0.800933
0.800922
0.800912
0.800902
0.800892
0.800882
0.800872
0.800862
0.800852
0.800842
0.800832
0.800821
0.800811
0.800801
0.800791
0.800781
0.800771
0.800761
0.800751
0.800741
0.800731
0.800721
0.800710
0.800700
0.800690
0.800680
0.800670
0.800660
0.800650
0.800640
0.800630
0.800620
0.800610
0.800600
0.800589
0.800579
0.800569
0.800559
0.800549
0.800539
0.800529
0.800519
0.800509
0.800499
0.800489
0.800478
0.800468
0.800458
0.800448
0.800438
0.800428
0.800418
0.800408
0.800398
0.800388
0.800377
0.800367
0.800357
0.800347
0.800337
0.800327
0.800317
0.800307
0.800297
0.800287
0.800276
0.800266
0.800256
0.800246
0.800236
0.800226
0.800216
0.800206
0.800196
0.800186
0.800176
0.800165
0.800155
0.800145
0.800135
0.800125
0.800115
0.800105
0.800095
0.800085
0.800075
0.800064
0.800055
0.800044
0.800034
0.800024
0.800014
0.800004
