0.800000
0.800015
0.800032
0.800054
0.800078
0.800106
0.800134
0.800162
0.800191
0.800220
0.800249
0.800278
0.800307
0.800336
0.800365
0.800394
0.800423
0.800452
0.800481
0.800510
0.800539
0.800567
0.800596
0.800625
0.800654
0.800683
0.800712
0.800741
0.800770
0.800799
0.800828
0.800857
0.800886
0.800915
0.800944
0.800972
0.801001
0.801030
0.801059
0.801088
0.801117
0.801146
0.801175
0.801204
0.801233
0.801262
0.801291
0.801320
0.801349
0.801377
0.801406
0.801435
0.801464
0.801493
0.801522
0.801551
0.801580
0.801609
0.801638
0.801667
0.801696
0.801725
0.801754
0.801783
0.801812
0.801840
0.801869
0.801898
0.801927
0.801956
0.801985
0.802014
0.802043
0.802072
0.802101
0.802130
0.802159
0.802188
0.802216
0.802245
0.802274
0.802303
0.802332
0.802361
0.802390
0.802419
0.802448
0.802477
0.802506
0.802535
0.802564
0.802593
0.802621
0.802650
0.802679
0.802708
0.802737
0.802766
0.802795
0.802824
0.802853
0.802882
0.802911
0.802940
0.802969
0.802998
0.803026
0.803055
0.803084
0.803113
0.803142
0.803171
0.803200
0.803229
0.803258
0.803287
0.803316
0.803345
0.803374
0.803403
0.803431
0.803460
0.803489
0.803518
0.803547
0.803576
0.803605
0.803634
0.803663
0.803692
0.803721
0.803750
0.803779
0.803808
0.803836
0.803865
0.803895
0.803925
0.803957
0.803993
0.804034
0.804083
0.804139
0.804201
0.804266
0.804333
0.804400
0.804468
0.804535
0.804603
0.804671
0.804739
0.804806
0.804874
0.804942
0.805010
0.805077
0.805145
0.805213
0.805280
0.805348
0.805416
0.805484
0.805551
0.805619
0.805687
0.805754
0.805822
0.805890
0.805957
0.806025
0.806093
0.806161
0.806228
0.806296
0.806364
0.806431
0.806499
0.806567
0.806635
0.806702
0.806770
0.806838
0.806906
0.806973
0.807041
0.807109
0.807176
0.807244
0.807312
0.807380
0.807447
0.807515
0.807583
0.807650
0.807718
0.807786
0.807855
0.807927
0.808004
0.808089
0.808183
0.808287
0.808398
0.808514
0.808632
0.808751
0.808870
0.808989
0.809108
0.809227
0.809346
0.809466
0.809585
0.809704
0.809823
0.809942
0.810061
0.810181
0.810300
0.810419
0.810538
0.810657
0.810776
0.810896
0.811015
0.811134
0.811253
0.811372
0.811492
0.811611
0.811732
0.811855
0.811984
0.812122
0.812270
0.812429
0.812597
0.812770
0.812945
0.813122
0.813299
0.813477
0.813654
0.813831
0.814009
0.814186
0.814363
0.814541
0.814718
0.814895
0.815073
0.815250
0.815427
0.815605
0.815784
0.815964
0.816148
0.816334
0.816523
0.816715
0.816909
0.817103
0.817298
0.817492
0.817687
0.817882
0.818077
0.818272
0.818466
0.818661
0.818856
0.819050
0.819245
0.819441
0.819638
0.819839
0.820048
0.820267
0.820498
0.820742
0.820995
0.821253
0.821515
0.821777
0.822040
0.822302
0.822565
0.822828
0.823091
0.823355
0.823623
0.823898
0.824184
0.824487
0.824806
0.825140
0.825483
0.825831
0.826180
0.826531
0.826881
0.827231
0.827581
0.827929
0.828276
0.828620
0.828962
0.829302
0.829642
0.829981
0.830320
0.830658
0.830997
0.831337
0.831678
0.832022
0.832370
0.832724
0.833082
0.833444
0.833808
0.834173
0.834539
0.834906
0.835275
0.835648
0.836032
0.836430
0.836846
0.837279
0.837727
0.838184
0.838645
0.839108
0.839574
0.840043
0.840518
0.840998
0.841483
0.841973
0.842465
0.842960
0.843457
0.843961
0.844472
0.844993
0.845525
0.846064
0.846608
0.847155
0.847705
0.848257
0.848811
0.849369
0.849930
0.850494
0.851061
0.851634
0.852217
0.852814
0.853427
0.854055
0.854695
0.855343
0.856001
0.856670
0.857352
0.858044
0.858746
0.859453
0.860164
0.860875
0.861587
0.862301
0.863017
0.863738
0.864466
0.865205
0.865954
0.866714
0.867483
0.868261
0.869049
0.869846
0.870653
0.871468
0.872293
0.873126
0.873969
0.874821
0.875685
0.876561
0.877451
0.878355
0.879272
0.880200
0.881138
0.882083
0.883035
0.883995
0.884964
0.885942
0.886933
0.887941
0.888970
0.890025
0.891104
0.892203
0.893316
0.894439
0.895567
0.896697
0.897826
0.898954
0.900081
0.901208
0.902339
0.903480
0.904638
0.905819
0.907025
0.908254
0.909501
0.910761
0.912032
0.913315
0.914610
0.915917
0.917235
0.918561
0.919895
0.921238
0.922591
0.923957
0.925335
0.926725
0.928126
0.929541
0.930970
0.932418
0.933887
0.935381
0.936898
0.938434
0.939988
0.941561
0.943155
0.944773
0.946416
0.948083
0.949770
0.951475
0.953196
0.954933
0.956686
0.958453
0.960230
0.962018
0.963818
0.965634
0.967471
0.969331
0.971214
0.973117
0.975038
0.976979
0.978945
0.980943
0.982976
0.985040
0.987129
0.989235
0.991352
0.993479
0.995616
0.997764
0.999922
1.002091
1.004272
1.006473
1.008704
1.010975
1.013292
1.015651
1.018044
1.020463
1.022905
1.025373
1.027871
1.030399
1.032955
1.035532
1.038129
1.040750
1.043403
1.046094
1.048824
1.051587
1.054375
1.057183
1.060012
1.062865
1.065745
1.068652
1.071579
1.074525
1.077494
1.080497
1.083547
1.086654
1.089815
1.093022
1.096262
1.099531
1.102829
1.106156
1.109514
1.112900
1.116310
1.119744
1.123212
1.126723
1.130286
1.133902
1.137559
1.141246
1.144957
1.148693
1.152460
1.156265
1.160102
1.163965
1.167847
1.171745
1.175668
1.179623
1.183618
1.187653
1.191723
1.195828
1.199972
1.204166
1.208416
1.212725
1.217083
1.221480
1.225912
1.230386
1.234913
1.239506
1.244163
1.248877
1.253633
1.258423
1.263248
1.268113
1.273020
1.277969
1.282951
1.287961
1.292999
1.298073
1.303191
1.308357
1.313566
1.318811
1.324089
1.329407
1.334780
1.340220
1.345726
1.351289
1.356893
1.362529
1.368198
1.373911
1.379674
1.385487
1.391341
1.397227
1.403143
1.409101
1.415112
1.421186
1.427318
1.433495
1.439708
1.445954
1.452245
1.458592
1.464999
1.471461
1.477965
1.484502
1.491076
1.497699
1.504388
1.511147
1.517969
1.524840
1.531748
1.538695
1.545692
1.552751
1.559873
1.567050
1.574270
1.581525
1.588820
1.596167
1.603578
1.611055
1.618587
1.626164
1.633779
1.641439
1.649158
1.656942
1.664787
1.672681
1.680606
1.688561
1.696555
1.704607
1.712733
1.720937
1.729211
1.737544
1.745934
1.754386
1.762909
1.771506
1.780167
1.788878
1.797626
1.806414
1.815256
1.824168
1.833160
1.842226
1.851349
1.860518
1.869730
1.878995
1.888325
1.897720
1.907173
1.916667
1.926195
1.935762
1.945385
1.955081
1.964858
1.974710
1.984624
1.994593
2.004623
2.014724
2.024906
2.035167
2.045491
2.055864
2.066278
2.076739
2.087259
2.097850
2.108508
2.119223
2.129984
2.140790
2.151653
2.162591
2.173610
2.184703
2.195851
2.207038
2.218258
2.229521
2.240839
2.252219
2.263654
2.275135
2.286660
2.298237
2.309885
2.321619
2.333441
2.345340
2.357299
2.369305
2.381362
2.393479
2.405664
2.417914
2.430215
2.442552
2.454921
2.467326
2.479777
2.492282
2.504838
2.517434
2.530064
2.542732
2.555450
2.568227
2.581064
2.593949
2.606864
2.619801
2.632767
2.645781
2.658865
2.672029
2.685269
2.698570
2.711920
2.725314
2.738750
2.752229
2.765746
2.779293
2.792863
2.806459
2.820096
2.833788
2.847547
2.861369
2.875241
2.889146
2.903074
2.917020
2.930984
2.944964
2.958954
2.972948
2.986945
3.000953
3.014988
3.029067
3.043202
3.057393
3.071637
3.085929
3.100271
3.114667
3.129119
3.143619
3.158157
3.172718
3.187296
3.201891
3.216507
3.231147
3.245812
3.260497
3.275198
3.289914
3.304648
3.319405
3.334183
3.348979
3.363782
3.378582
3.393371
3.408147
3.422911
3.437665
3.452417
3.467174
3.481946
3.496747
3.511587
3.526474
3.541407
3.556377
3.571369
3.586372
3.601376
3.616377
3.631373
3.646365
3.661355
3.676345
3.691340
3.706341
3.721354
3.736380
3.751419
3.766468
3.781521
3.796572
3.811613
3.826638
3.841640
3.856620
3.871579
3.886524
3.901461
3.916402
3.931355
3.946329
3.961330
3.976356
3.991401
4.006454
4.021500
4.036526
4.051529
4.066511
4.081479
4.096440
4.111400
4.126362
4.141326
4.156293
4.171260
4.186220
4.201163
4.216073
4.230934
4.245733
4.260470
4.275152
4.289787
4.304384
4.318950
4.333490
4.348012
4.362525
4.377037
4.391553
4.406069
4.420579
4.435072
4.449547
4.464004
4.478450
4.492882
4.507295
4.521676
4.536017
4.550317
4.564584
4.578828
4.593053
4.607255
4.621423
4.635547
4.649626
4.663661
4.677655
4.691605
4.705504
4.719345
4.733129
4.746869
4.760582
4.774281
4.787967
4.801628
4.815249
4.828820
4.842346
4.855835
4.869297
4.882733
4.896135
4.909497
4.922817
4.936099
4.949348
4.962562
4.975727
4.988827
5.001854
5.014812
5.027715
5.040576
5.053398
5.066173
5.078885
5.091526
5.104099
5.116618
5.129098
5.141543
5.153947
5.166297
5.178589
5.190826
5.203021
5.215181
5.227303
5.239378
5.251393
5.263346
5.275246
5.287108
5.298940
5.310740
5.322499
5.334206
5.345861
5.357476
5.369060
5.380618
5.392140
5.403611
5.415022
5.426373
5.437672
5.448929
5.460138
5.471288
5.482362
5.493355
5.504275
5.515139
5.525960
5.536738
5.547463
5.558126
5.568723
5.579266
5.589766
5.600230
5.610652
5.621019
5.631322
5.641564
5.651756
5.661910
5.672026
5.682092
5.692089
5.702009
5.711853
5.721633
5.731355
5.741017
5.750606
5.760114
5.769541
5.778904
5.788220
5.797499
5.806737
5.815922
5.825045
5.834110
5.843127
5.852109
5.861058
5.869963
5.878810
5.887592
5.896315
5.904987
5.913616
5.922193
5.930703
5.939129
5.947468
5.955730
5.963930
5.972075
5.980163
5.988184
5.996136
6.004026
6.011869
6.019677
6.027448
6.035168
6.042822
6.050404
6.057921
6.065384
6.072799
6.080157
6.087445
6.094654
6.101787
6.108859
6.115882
6.122861
6.129786
6.136644
6.143426
6.150135
6.156782
6.163377
6.169917
6.176395
6.182801
6.189138
6.195419
6.201661
6.207873
6.214054
6.220193
6.226279
6.232312
6.238301
6.244250
6.250157
6.256005
6.261775
6.267459
6.273065
6.278609
6.284112
6.289584
6.295021
6.300418
6.305773
6.311090
6.316373
6.321623
6.326827
6.331969
6.337037
6.342033
6.346970
6.351867
6.356736
6.361581
6.366397
6.371181
6.375934
6.380660
6.385366
6.390047
6.394692
6.399285
6.403816
6.408285
6.412703
6.417077
6.421404
6.425672
6.429877
6.434029
6.438152
6.442263
6.446361
6.450434
6.454463
6.458438
6.462357
6.466229
6.470068
6.473881
6.477668
6.481425
6.485149
6.488843
6.492517
6.496179
6.499828
6.503458
6.507058
6.510623
6.514150
6.517645
6.521110
6.524543
6.527937
6.531289
6.534598
6.537873
6.541118
6.544337
6.547523
6.550668
6.553765
6.556816
6.559829
6.562811
6.565765
6.568688
6.571573
6.574422
6.577238
6.580030
6.582805
6.585565
6.588306
6.591028
6.593729
6.596413
6.599081
6.601730
6.604353
6.606941
6.609488
6.611996
6.614469
6.616915
6.619337
6.621732
6.624100
6.626438
6.628749
6.631034
6.633296
6.635531
6.637737
6.639914
6.642066
6.644198
6.646315
6.648418
6.650504
6.652570
6.654615
6.656640
6.658649
6.660646
6.662627
6.664589
6.666525
6.668437
6.670327
6.672199
6.674054
6.675888
6.677697
6.679478
6.681234
6.682971
6.684693
6.686401
6.688095
6.689773
6.691434
6.693077
6.694702
6.696307
6.697889
6.699446
6.700979
6.702491
6.703986
6.705469
6.706945
6.708413
6.709874
6.711325
6.712764
6.714191
6.715602
6.716994
6.718360
6.719701
6.721017
6.722314
6.723597
6.724866
6.726119
6.727357
6.728579
6.729788
6.730987
6.732175
6.733350
6.734508
6.735646
6.736767
6.737873
6.738967
6.740053
6.741130
6.742199
6.743259
6.744308
6.745347
6.746377
6.747397
6.748408
6.749413
6.750413
6.751409
6.752399
6.753382
6.754353
6.755309
6.756250
6.757176
6.758088
6.758985
6.759870
6.760741
6.761600
6.762445
6.763277
6.764094
6.764897
6.765690
6.766472
6.767243
6.768003
6.768755
6.769502
6.770245
6.770987
6.771728
6.772469
6.773207
6.773939
6.774661
6.775369
6.776061
6.776740
6.777408
6.778066
6.778712
6.779345
6.779964
6.780571
6.781169
6.781759
6.782342
6.782916
6.783480
6.784031
6.784573
6.785108
6.785639
6.786168
6.786695
6.787222
6.787746
6.788269
6.788790
6.789311
6.789831
6.790351
6.790872
6.791393
6.791915
6.792437
6.792959
6.793480
6.793999
6.794511
6.795011
6.795495
6.795961
6.796411
6.796849
6.797280
6.797707
6.798133
6.798558
6.798980
6.799398
6.799811
6.800219
6.800623
6.801024
6.801424
6.801824
6.802222
6.802619
6.803013
6.803403
6.803786
6.804163
6.804535
6.804903
6.805270
6.805635
6.806000
6.806363
6.806724
6.807079
6.807424
6.807757
6.808075
6.808380
6.808677
6.808970
6.809260
6.809549
6.809839
6.810128
6.810417
6.810705
6.810990
6.811271
6.811542
6.811800
6.812045
6.812278
6.812502
6.812722
6.812939
6.813156
6.813372
6.813588
6.813805
6.814021
6.814238
6.814454
6.814671
6.814887
6.815102
6.815315
6.815525
6.815727
6.815921
6.816106
6.816283
6.816455
6.816625
6.816793
6.816962
6.817130
6.817298
6.817466
6.817634
6.817802
6.817970
6.818138
6.818306
6.818475
6.818643
6.818811
6.818979
6.819147
6.819314
6.819480
6.819642
6.819797
6.819943
6.820079
6.820206
6.820328
6.820447
6.820564
6.820681
6.820798
6.820915
6.821032
6.821149
6.821266
6.821382
6.821499
6.821616
6.821733
6.821850
6.821967
6.822084
6.822201
6.822318
6.822435
6.822552
6.822669
6.822786
6.822902
6.823019
6.823136
6.823253
6.823370
6.823487
6.823602
6.823715
6.823824
6.823924
6.824015
6.824095
6.824168
6.824235
6.824299
6.824363
6.824426
6.824489
6.824552
6.824614
6.824677
6.824740
6.824803
6.824865
6.824928
6.824991
6.825054
6.825117
6.825180
6.825243
6.825306
6.825368
6.825431
6.825494
6.825557
6.825620
6.825683
6.825746
6.825808
6.825871
6.825934
6.825997
6.826059
6.826122
6.826185
6.826248
6.826311
6.826374
6.826436
6.826499
6.826562
6.826625
6.826688
6.826751
6.826814
6.826877
6.826940
6.827003
6.827065
6.827128
6.827191
6.827254
6.827316
6.827379
6.827442
6.827505
6.827568
6.827631
6.827693
6.827756
6.827818
6.827879
6.827935
6.827985
6.828025
6.828053
6.828070
6.828079
6.828083
6.828084
6.828084
6.828084
6.828084
6.828084
6.828084
6.828084
6.828084
6.828084
6.828084
6.828084
6.828084
6.828084
6.828084
6.828084
6.828084
6.828084
6.828084
6.828084
6.828084
6.828084
6.828084
6.828084
6.828084
6.828084
6.828084
6.828084
6.828084
6.828084
6.828084
6.828084
6.828084
6.828084
6.828084
6.828084
6.828084
6.828084
6.828084
6.828084
6.828084
6.828084
6.828084
6.828084
6.828084
6.828084
6.828084
6.828084
6.828084
6.828084
6.828084
6.828084
6.828084
6.828084
6.828084
6.828084
6.828084
6.828084
6.828084
6.828084
6.828084
6.828084
6.828084
6.828084
6.828084
6.828084
6.828084
6.828084
6.828084
6.828084
6.828084
6.828084
6.828084
6.828084
6.828084
6.828084
6.828084
6.828084
6.828084
6.828084
6.828084
6.828084
6.828084
6.828084
6.828084
6.828084
6.828084
6.828084
6.828084
6.828084
6.828084
6.828084
6.828084
6.828084
6.828084
6.828084
6.828084
6.828084
6.828084
6.828084
6.828084
6.828084
6.828084
6.828084
6.828084
6.828084
6.828084
6.828084
6.828084
6.828084
6.828084
6.828084
6.828084
6.828084
6.828084
6.828084
6.828084
6.828084
6.828084
6.828084
6.828084
6.828084
6.828084
6.828084
6.828084
6.828084
6.828084
6.828084
6.828084
6.828084
6.828084
6.828084
6.828084
6.828084
6.828084
6.828084
6.828084
6.828084
6.828084
6.828084
6.828084
6.828084
6.828084
6.828084
6.828084
6.828084
6.828084
6.828084
6.828084
6.828084
6.828084
6.828084
6.828084
6.828084
6.828084
6.828084
6.828084
6.828084
6.828084
6.828084
6.828084
6.828084
6.828084
6.828084
6.828084
6.828084
6.828084
6.828084
6.828084
6.828084
6.828084
6.828084
6.828084
6.828084
6.828084
6.828084
6.828084
6.828084
6.828084
6.828084
6.828084
6.828084
6.828084
6.828084
6.828084
6.828084
6.828084
6.828084
6.828084
6.828084
6.828084
6.828084
6.828084
6.828084
6.828084
6.828084
6.828084
6.828084
6.828084
6.828084
6.828084
6.828084
6.828084
6.828084
6.828084
6.828084
6.828084
6.828084
6.828084
6.828084
6.828084
6.828084
6.828084
6.828084
6.828084
6.828084
6.828084
6.828084
6.828084
6.828084
6.828084
6.828084
6.828084
6.828084
6.828084
6.828084
6.828084
6.828084
6.828084
6.828084
6.828084
6.828084
6.828084
6.828084
6.828084
6.828084
6.828084
6.828084
6.828084
6.828084
6.828084
6.828084
6.828084
6.828084
6.828084
6.828084
6.828084
6.828084
6.828084
6.828084
6.828084
6.828084
6.828084
6.828084
6.828084
6.828084
6.828084
6.828084
6.828084
6.828084
6.828084
6.828084
6.828084
6.828084
6.828084
6.828084
6.828084
6.828084
6.828084
6.828084
6.828084
6.828084
6.828084
6.828084
6.828084
6.828084
6.828084
6.828084
6.828084
6.828084
6.828084
6.828084
6.828084
6.828084
6.828084
6.828084
6.828084
6.828084
6.828084
6.828084
6.828084
6.828084
6.828084
6.828084
6.828084
6.828084
6.828084
6.828084
6.828084
6.828084
6.828084
6.828084
6.828084
6.828084
6.828084
6.828084
6.828084
6.828084
6.828084
6.828084
6.828084
6.828084
6.828084
6.828084
6.828084
6.828084
6.828084
6.828084
6.828084
6.828084
6.828084
6.828084
6.828084
6.828084
6.828084
6.828084
6.828084
6.828084
6.828084
6.828084
6.828084
6.828084
6.828084
6.828084
6.828084
6.828084
6.828084
6.828084
6.828084
6.828084
6.828084
6.828084
6.828084
6.828084
6.828084
6.828084
6.828084
6.828084
6.828084
6.828084
6.828084
6.828084
6.828084
6.828084
6.828084
6.828084
6.828084
6.828084
6.828084
6.828084
6.828084
6.828084
6.828084
6.828084
6.828084
6.828084
6.828084
6.828084
6.828084
6.828084
6.828084
6.828084
6.828084
6.828084
6.828084
6.828084
6.828084
6.828084
6.828084
6.828084
6.828084
6.828084
6.828084
6.828084
6.828084
6.828084
6.828084
6.828084
6.828084
6.828084
6.828084
6.828084
6.828084
6.828084
6.828084
6.828084
6.828084
6.828084
6.828084
6.828084
6.828084
6.828084
6.828084
6.828084
6.828084
6.828084
6.828084
6.828084
6.828084
6.828084
6.828084
6.828084
6.828084
6.828084
6.828084
6.828084
6.828084
6.828084
6.828084
6.828084
6.828084
6.828084
6.828084
6.828084
6.828084
6.828084
6.828084
6.828084
6.828084
6.828084
6.828084
6.828084
6.828084
6.828084
6.828084
6.828084
6.828084
6.828084
6.828084
6.828084
6.828084
6.828084
6.828084
6.828084
6.828084
6.828084
6.828084
6.828084
6.828084
6.828084
6.828084
6.828084
6.828084
6.828084
6.828084
6.828084
6.828084
6.828084
6.828084
6.828084
6.828084
6.828084
6.828084
6.828084
6.828084
6.828084
6.828084
6.828084
6.828084
6.828084
6.828084
6.828084
6.828084
6.828084
6.828084
6.828084
6.828084
6.828084
6.828084
6.828084
6.828084
6.828084
6.828084
6.828084
6.828084
6.828084
6.828084
6.828084
6.828084
6.828084
6.828084
6.828084
6.828084
6.828084
6.828084
6.828084
6.828084
6.828084
6.828084
6.828084
6.828084
6.828084
6.828084
6.828084
6.828084
6.828084
6.828084
6.828084
6.828084
6.828084
6.828084
6.828084
6.828084
6.828084
6.828084
6.828084
6.828084
6.828084
6.828084
6.828084
6.828084
6.828084
6.828084
6.828084
6.828084
6.828084
6.828084
6.828084
6.828084
6.828084
6.828084
6.828084
6.828084
6.828084
6.828084
6.828084
6.828084
6.828084
6.828084
6.828084
6.828084
6.828084
6.828084
6.828084
6.828084
6.828084
6.828084
6.828084
6.828084
6.828084
6.828084
6.828084
6.828084
6.828084
6.828084
6.828084
6.828084
6.828084
6.828084
6.828084
6.828084
6.828084
6.828084
6.828084
6.828084
6.828084
6.828084
6.828084
6.828084
6.828084
6.828084
6.828084
6.828084
6.828084
6.828084
6.828084
6.828084
6.828084
6.828084
6.828084
6.828084
6.828084
6.828084
6.828084
6.828084
6.828084
6.828084
6.828084
6.828084
6.828084
6.828084
6.828084
6.828084
6.828084
6.828084
6.828084
6.828084
6.828084
6.828084
6.828084
6.828084
6.828084
6.828084
6.828084
6.828084
6.828084
6.828084
6.828084
6.828084
6.828084
6.828084
6.828084
6.828084
6.828084
6.828084
6.828084
6.828084
6.828084
6.828084
6.828084
6.828084
6.828084
6.828084
6.828084
6.828084
6.828084
6.828084
6.828084
6.828084
6.828084
6.828084
6.828084
6.828084
6.828084
6.828084
6.828084
6.828084
6.828084
6.828084
6.828084
6.828084
6.828084
6.828084
6.828084
6.828084
6.828084
6.828084
6.828084
6.828084
6.828084
6.828084
6.828084
6.828084
6.828084
6.828084
6.828084
6.828084
6.828084
6.828084
6.828084
6.828084
6.828084
6.828084
6.828084
6.828084
6.828084
6.828084
6.828084
6.828084
6.828084
6.828084
6.828084
6.828084
6.828084
6.828084
6.828084
6.828084
6.828084
6.828084
6.828084
6.828084
6.828084
6.828084
6.828084
6.828084
6.828084
6.828084
6.828084
6.828084
6.828084
6.828084
6.828084
6.828084
6.828084
6.828084
6.828084
6.828084
6.828084
6.828084
6.828084
6.828084
6.828084
6.828084
6.828084
6.828084
6.828084
6.828084
6.828084
6.828084
6.828084
6.828084
6.828084
6.828084
6.828084
6.828084
6.828084
6.828084
6.828084
6.828084
6.828084
6.828084
6.828084
6.828084
6.828084
6.828084
6.828084
6.828084
6.828084
6.828084
6.828084
6.828084
6.828084
6.828084
6.828084
6.828084
6.828084
6.828084
6.828084
6.828084
6.828084
6.828084
6.828084
6.828084
6.828084
6.828084
6.828084
6.828084
6.828084
6.828084
6.828084
6.828084
6.828084
6.828084
6.828084
6.828084
6.828084
6.828084
6.828084
6.828084
6.828084
6.828084
6.828084
6.828084
6.828084
6.828084
6.828084
6.828084
6.828084
6.828084
6.828084
6.828084
6.828084
6.828084
6.828084
6.828084
6.828084
6.828084
6.828084
6.828084
6.828084
6.828084
6.828084
6.828084
6.828084
6.828084
6.828084
6.828084
6.828084
6.828084
6.828084
6.828084
6.828084
6.828084
6.828084
6.828084
6.828084
6.828084
6.828084
6.828084
6.828084
6.828084
6.828084
6.828084
6.828084
6.828084
6.828084
6.828084
6.828084
6.828084
6.828084
6.828084
6.828084
6.828084
6.828084
6.828084
6.828084
6.828084
6.828084
6.828084
6.828084
6.828084
6.828084
6.828084
6.828084
6.828084
6.828084
6.828084
6.828084
6.828084
6.828084
6.828084
6.828084
6.828084
6.828084
6.828084
6.828084
6.828084
6.828084
6.828084
6.828084
6.828084
6.828084
6.828084
6.828084
6.828084
6.828084
6.828084
6.828084
6.828084
6.828084
6.828084
6.828084
6.828084
6.828084
6.828084
6.828084
6.828084
6.828084
6.828084
6.828084
6.828084
6.828084
6.828084
6.828084
6.828084
6.828084
6.828084
6.828084
6.828084
6.828084
6.828084
6.828084
6.828084
6.828084
6.828084
6.828084
6.828084
6.828084
6.828084
6.828084
6.828084
6.828084
6.828084
6.828084
6.828084
6.828084
6.828084
6.828084
6.828084
6.828084
6.828084
6.828084
6.828084
6.828084
6.828084
6.828084
6.828084
6.828084
6.828084
6.828084
6.828084
6.828084
6.828084
6.828084
6.828084
6.828084
6.828084
6.828084
6.828084
6.828084
6.828084
6.828084
6.828084
6.828084
6.828084
6.828084
6.828084
6.828084
6.828084
6.828084
6.828084
6.828084
6.828084
6.828084
6.828084
6.828084
6.828084
6.828084
6.828084
6.828084
6.828084
6.828084
6.828084
6.828084
6.828084
6.828084
6.828084
6.828084
6.828084
6.828084
6.828084
6.828084
6.828084
6.828084
6.828084
6.828084
6.828084
6.828084
6.828084
6.828084
6.828084
6.828084
6.828084
6.828084
6.828084
6.828084
6.828084
6.828084
6.828084
6.828084
6.828084
6.828084
6.828084
6.828084
6.828084
6.828084
6.828084
6.828084
6.828084
6.828084
6.828084
6.828084
6.828084
6.828084
6.828084
6.828084
6.828084
6.828084
6.828084
6.828084
6.828084
6.828084
6.828084
6.828084
6.828084
6.828084
6.828084
6.828084
6.828084
6.828084
6.828084
6.828084
6.828084
6.828084
6.828084
6.828084
6.828084
6.828084
6.828084
6.828084
6.828084
6.828084
6.828084
6.828084
6.828084
6.828084
6.828084
6.828084
6.828084
6.828084
6.828084
6.828084
6.828084
6.828084
6.828084
6.828084
6.828084
6.828084
6.828084
6.828084
6.828084
6.828084
6.828084
6.828084
6.828084
6.828084
6.828084
6.828084
6.828084
6.828084
6.828084
6.828084
6.828084
6.828084
6.828084
6.828084
6.828084
6.828084
6.828084
6.828084
6.828084
6.828084
6.828084
6.828084
6.828084
6.828084
6.828084
6.828084
6.828084
6.828084
6.828084
6.828084
6.828084
6.828084
6.828084
6.828084
6.828084
6.828084
6.828084
6.828084
6.828084
6.828084
6.828084
6.828084
6.828084
6.828084
6.828084
6.828084
6.828084
6.828084
6.828084
6.828084
6.828084
6.828084
6.828084
6.828084
6.828084
6.828084
6.828084
6.828084
6.828084
6.828084
6.828084
6.828084
6.828084
6.828084
6.828084
6.828084
6.828084
6.828084
6.828084
6.828084
6.828084
6.828084
6.828084
6.828084
6.828084
6.828084
6.828084
6.828084
6.828084
6.828084
6.828084
6.828084
6.828084
6.828084
6.828084
6.828084
6.828084
6.828084
6.828084
6.828084
6.828084
6.828084
6.828084
6.828084
6.828084
6.828084
6.828084
6.828084
6.828084
6.828084
6.828084
6.828084
6.828084
6.828084
6.828084
6.828084
6.828084
6.828084
6.828084
6.828084
6.828084
6.828084
6.828084
6.828084
6.828084
6.828084
6.828084
6.828084
6.828084
6.828084
6.828084
6.828084
6.828084
6.828084
6.828084
6.828084
6.828084
6.828084
6.828084
6.828084
6.828084
6.828084
6.828084
6.828084
6.828084
6.828084
6.828084
6.828084
6.828084
6.828084
6.828084
6.828084
6.828084
6.828084
6.828084
6.828084
6.828084
6.828084
6.828084
6.828084
6.828084
6.828084
6.828084
6.828084
6.828084
6.828084
6.828084
6.828084
6.828084
6.828084
6.828084
6.828084
6.828084
6.828084
6.828084
6.828084
6.828084
6.828084
6.828084
6.828084
6.828084
6.828084
6.828084
6.828084
6.828084
6.828084
6.828084
6.828084
6.828084
6.828084
6.828084
6.828084
6.828084
6.828084
6.828084
6.828084
6.828084
6.828084
6.828084
6.828084
6.828084
6.828084
6.828084
6.828084
6.828084
6.828084
6.828084
6.828084
6.828084
6.828084
6.828084
6.828084
6.828084
6.828084
6.828084
6.828084
6.828084
6.828084
6.828084
6.828084
6.828084
6.828084
6.828084
6.828084
6.828084
6.828084
6.828084
6.828084
6.828084
6.828084
6.828084
6.828084
6.828084
6.828084
6.828084
6.828084
6.828084
6.828084
6.828084
6.828084
6.828084
6.828084
6.828084
6.828084
6.828084
6.828084
6.828084
6.828084
6.828084
6.828084
6.828084
6.828084
6.828084
6.828084
6.828084
6.828084
6.828084
6.828084
6.828084
6.828084
6.828084
6.828084
6.828084
6.828084
6.828084
6.828084
6.828084
6.828084
6.828084
6.828084
6.828084
6.828084
6.828084
6.828084
6.828084
6.828084
6.828084
6.828084
6.828084
6.828084
6.828084
6.828084
6.828084
6.828084
6.828084
6.828084
6.828084
6.828084
6.828084
6.828084
6.828084
6.828084
6.828084
6.828084
6.828084
6.828084
6.828084
6.828084
6.828084
6.828084
6.828084
6.828084
6.828084
6.828084
6.828084
6.828084
6.828084
6.828084
6.828084
6.828084
6.828084
6.828084
6.828084
6.828084
6.828084
6.828084
6.828084
6.828084
6.828084
6.828084
6.828084
6.828084
6.828084
6.828084
6.828084
6.828084
6.828084
6.828084
6.828084
6.828084
6.828084
6.828084
6.828084
6.828084
6.828084
6.828084
6.828084
6.828084
6.828084
6.828084
6.828084
6.828084
6.828084
6.828084
6.828084
6.828084
6.828084
6.828084
6.828084
6.828084
6.828084
6.828084
6.828084
6.828084
6.828084
6.828084
6.828084
6.828084
6.828084
6.828084
6.828084
6.828084
6.828084
6.828084
6.828084
6.828084
6.828084
6.828084
6.828084
6.828084
6.828084
6.828084
6.828084
6.828084
6.828084
6.828084
6.828084
6.828084
6.828084
6.828084
6.828084
6.828084
6.828084
6.828084
6.828084
6.828084
6.828084
6.828084
6.828084
6.828084
6.828084
6.828084
6.828084
6.828084
6.828084
6.828084
6.828084
6.828084
6.828084
6.828084
6.828084
6.828084
6.828084
6.828084
6.828084
6.828084
6.828084
6.828084
6.828084
6.828084
6.828084
6.828084
6.828084
6.828084
6.828084
6.828084
6.828084
6.828084
6.828084
6.828084
6.828084
6.828084
6.828084
6.828084
6.828084
6.828084
6.828084
6.828084
6.828084
6.828084
6.828084
6.828084
6.828084
6.828084
6.828084
6.828084
6.828084
6.828084
6.828084
6.828084
6.828084
6.828084
6.828084
6.828084
6.828084
6.828084
6.828084
6.828084
6.828084
6.828084
6.828084
6.828084
6.828084
6.828084
6.828084
6.828084
6.828084
6.828084
6.828084
6.828084
6.828084
6.828084
6.828084
6.828084
6.828084
6.828084
6.828084
6.828084
6.828084
6.828084
6.828084
6.828084
6.828084
6.828084
6.828084
6.828084
6.828084
6.828084
6.828084
6.828084
6.828084
6.828084
6.828084
6.828084
6.828084
6.828084
6.828084
6.828084
6.828084
6.828084
6.828084
6.828084
6.828084
6.828084
6.828084
6.828084
6.828084
6.828084
6.828084
6.828084
6.828084
6.828084
6.828084
6.828084
6.828084
6.828084
6.828084
6.828084
6.828084
6.828084
6.828084
6.828084
6.828084
6.828084
6.828084
6.828084
6.828084
6.828084
6.828084
6.828084
6.828084
6.828084
6.828084
6.828084
6.828084
6.828084
6.828084
6.828084
6.828084
6.828084
6.828084
6.828084
6.828084
6.828084
6.828084
6.828084
6.828084
6.828084
6.828084
6.828084
6.828084
6.828084
6.828084
6.828084
6.828084
6.828084
6.828084
6.828084
6.828084
6.828084
6.828084
6.828084
6.828084
6.828084
6.828084
6.828084
6.828084
6.828084
6.828084
6.828084
6.828084
6.828084
6.828084
6.828084
6.828084
6.828084
6.828084
6.828084
6.828084
6.828084
6.828084
6.828084
6.828084
6.828084
6.828084
6.828084
6.828084
6.828084
6.828084
6.828084
6.828084
6.828084
6.828084
6.828084
6.828084
6.828084
6.828084
6.828084
6.828084
6.828084
6.828084
6.828084
6.828084
6.828084
6.828084
6.828084
6.828084
6.828084
6.828084
6.828084
6.828084
6.828084
6.828084
6.828084
6.828084
6.828084
6.828084
6.828084
6.828084
6.828084
6.828084
6.828084
6.828084
6.828084
6.828084
6.828084
6.828084
6.828084
6.828084
6.828084
6.828084
6.828084
6.828084
6.828084
6.828084
6.828084
6.828084
6.828084
6.828084
6.828084
6.828084
6.828084
6.828084
6.828084
6.828084
6.828084
6.828084
6.828084
6.828084
6.828084
6.828084
6.828084
6.828084
6.828084
6.828084
6.828084
6.828084
6.828084
6.828084
6.828084
6.828084
6.828084
6.828084
6.828084
6.828084
6.828084
6.828084
6.828084
6.828084
6.828084
6.828084
6.828084
6.828084
6.828084
6.828084
6.828084
6.828084
6.828084
6.828084
6.828084
6.828084
6.828084
6.828084
6.828084
6.828084
6.828084
6.828084
6.828084
6.828084
6.828084
6.828084
6.828084
6.828084
6.828084
6.828084
6.828084
6.828084
6.828084
6.828084
6.828084
6.828084
6.828084
6.828084
6.828084
6.828084
6.828084
6.828084
6.828084
6.828084
6.828084
6.828084
6.828084
6.828084
6.828084
6.828084
6.828084
6.828084
6.828084
6.828084
6.828084
6.828084
6.828084
6.828084
6.828084
6.828084
6.828084
6.828084
6.828084
6.828084
6.828084
6.828084
6.828084
6.828084
6.828084
6.828084
6.828084
6.828084
6.828084
6.828084
6.828084
6.828084
6.828084
6.828084
6.828084
6.828084
6.828084
6.828084
6.828084
6.828084
6.828084
6.828084
6.828084
6.828084
6.828084
6.828084
6.828084
6.828084
6.828084
6.828084
6.828084
6.828084
6.828084
6.828084
6.828084
6.828084
6.828084
6.828084
6.828084
6.828084
6.828084
6.828084
6.828084
6.828084
6.828084
6.828084
6.828084
6.828084
6.828084
6.828084
6.828084
6.828084
6.828084
6.828084
6.828084
6.828084
6.828084
6.828084
6.828084
6.828084
6.828084
6.828084
6.828084
6.828084
6.828084
6.828084
6.828084
6.828084
6.828084
6.828084
6.828084
6.828084
6.828084
6.828084
6.828084
6.828084
6.828084
6.828084
6.828084
6.828084
6.828084
6.828084
6.828084
6.828084
6.828084
6.828084
6.828084
6.828084
6.828084
6.828084
6.828084
6.828084
6.828084
6.828084
6.828084
6.828084
6.828084
6.828084
6.828084
6.828084
6.828084
6.828084
6.828084
6.828084
6.828084
6.828084
6.828084
6.828084
6.828084
6.828084
6.828084
6.828084
6.828084
6.828084
6.828084
6.828084
6.828084
6.828084
6.828084
6.828084
6.828084
6.828084
6.828084
6.828084
6.828084
6.828084
6.828084
6.828084
6.828084
6.828084
6.828084
6.828084
6.828084
6.828084
6.828084
6.828084
6.828084
6.828084
6.828084
6.828084
6.828084
6.828084
6.828084
6.828084
6.828084
6.828084
6.828084
6.828084
6.828084
6.828084
6.828084
6.828084
6.828084
6.828084
6.828084
6.828084
6.828084
6.828084
6.828084
6.828084
6.828084
6.828084
6.828084
6.828084
6.828084
6.828084
6.828084
6.828084
6.828084
6.828084
6.828084
6.828084
6.828084
6.828084
6.828084
6.828084
6.828084
6.828084
6.828084
6.828084
6.828084
6.828084
6.828084
6.828084
6.828084
6.828084
6.828084
6.828084
6.828084
6.828084
6.828084
6.828084
6.828084
6.828084
6.828084
6.828084
6.828084
6.828084
6.828084
6.828084
6.828084
6.828084
6.828084
6.828084
6.828084
6.828084
6.828084
6.828084
6.828084
6.828084
6.828084
6.828084
6.828084
6.828084
6.828084
6.828084
6.828084
6.828084
6.828084
6.828084
6.828084
6.828084
6.828084
6.828084
6.828084
6.828084
6.828084
6.828084
6.828084
6.828084
6.828084
6.828084
6.828084
6.828084
6.828084
6.828084
6.828084
6.828084
6.828084
6.828084
6.828084
6.828084
6.828084
6.828084
6.828084
6.828084
6.828084
6.828084
6.828084
6.828084
6.828084
6.828084
6.828084
6.828084
6.828084
6.828084
6.828084
6.828084
6.828084
6.828084
6.828084
6.828084
6.828084
6.828084
6.828084
6.828084
6.828084
6.828084
6.828084
6.828084
6.828084
6.828084
6.828084
6.828084
6.828084
6.828084
6.828084
6.828084
6.828084
6.828084
6.828084
6.828084
6.828084
6.828084
6.828084
6.828084
6.828084
6.828084
6.828084
6.828084
6.828084
6.828084
6.828084
6.828084
6.828084
6.828084
6.828084
6.828084
6.828084
6.828084
6.828084
6.828084
6.828084
6.828084
6.828084
6.828084
6.828084
6.828084
6.828084
6.828084
6.828084
6.828084
6.828084
6.828084
6.828084
6.828084
6.828084
6.828084
6.828084
6.828084
6.828084
6.828084
6.828084
6.828084
6.828084
6.828084
6.828084
6.828084
6.828084
6.828084
6.828084
6.828084
6.828084
6.828084
6.828084
6.828084
6.828084
6.828084
6.828084
6.828084
6.828084
6.828084
6.828084
6.828084
6.828084
6.828084
6.828084
6.828084
6.828084
6.828084
6.828084
6.828084
6.828084
6.828084
6.828084
6.828084
6.828084
6.828084
6.828084
6.828084
6.828084
6.828084
6.828084
6.828084
6.828084
6.828084
6.828084
6.828084
6.828084
6.828084
6.828084
6.828084
6.828084
6.828084
6.828084
6.828084
6.828084
6.828084
6.828084
6.828084
6.828084
6.828084
6.828084
6.828084
6.828084
6.828084
6.828084
6.828084
6.828084
6.828084
6.828084
6.828084
6.828084
6.828084
6.828084
6.828084
6.828084
6.828084
6.828084
6.828084
6.828084
6.828084
6.828084
6.828084
6.828084
6.828084
6.828084
6.828084
6.828084
6.828084
6.828084
6.828084
6.828084
6.828084
6.828084
6.828084
6.828084
6.828084
6.828084
6.828084
6.828084
6.828084
6.828084
6.828084
6.828084
6.828084
6.828084
6.828084
6.828084
6.828084
6.828084
6.828084
6.828084
6.828084
6.828084
6.828084
6.828084
6.828084
6.828084
6.828084
6.828084
6.828084
6.828084
6.828084
6.828084
6.828084
6.828084
6.828084
6.828084
6.828084
6.828084
6.828084
6.828084
6.828084
6.828084
6.828084
6.828084
6.828084
6.828084
6.828084
6.828084
6.828084
6.828084
6.828084
6.828084
6.828084
6.828084
6.828084
6.828084
6.828084
6.828084
6.828084
6.828084
6.828084
6.828084
6.828084
6.828084
6.828084
6.828084
6.828084
6.828084
6.828084
6.828084
6.828084
6.828084
6.828084
6.828084
6.828084
6.828084
6.828084
6.828084
6.828084
6.828084
6.828084
6.828084
6.828084
6.828084
6.828084
6.828084
6.828084
6.828084
6.828084
6.828084
6.828084
6.828084
6.828084
6.828084
6.828084
6.828084
6.828084
6.828084
6.828084
6.828084
6.828084
6.828084
6.828084
6.828084
6.828084
6.828084
6.828084
6.828084
6.828084
6.828084
6.828084
6.828084
6.828084
6.828084
6.828084
6.828084
6.828084
6.828084
6.828084
6.828084
6.828084
6.828084
6.828084
6.828084
6.828084
6.828084
6.828084
6.828084
6.828084
6.828084
6.828084
6.828084
6.828084
6.828084
6.828084
6.828084
6.828084
6.828084
6.828084
6.828084
6.828084
6.828084
6.828084
6.828084
6.828084
6.828084
6.828084
6.828084
6.828084
6.828084
6.828084
6.828084
6.828084
6.828084
6.828084
6.828084
6.828084
6.828084
6.828084
6.828084
6.828084
6.828084
6.828084
6.828084
6.828084
6.828084
6.828084
6.828084
6.828084
6.828084
6.828084
6.828084
6.828084
6.828084
6.828084
6.828084
6.828084
6.828084
6.828084
6.828084
6.828084
6.828084
6.828084
6.828084
6.828084
6.828084
6.828084
6.828084
6.828084
6.828084
6.828084
6.828084
6.828084
6.828084
6.828084
6.828084
6.828084
6.828084
6.828084
6.828084
6.828084
6.828084
6.828084
6.828084
6.828084
6.828084
6.828084
6.828084
6.828084
6.828084
6.828084
6.828084
6.828084
6.828084
6.828084
6.828084
6.828084
6.828084
6.828084
6.828084
6.828084
6.828084
6.828084
6.828084
6.828084
6.828084
6.828084
6.828084
6.828084
6.828084
6.828084
6.828084
6.828084
6.828084
6.828084
6.828084
6.828084
6.828084
6.828084
6.828084
6.828084
6.828084
6.828084
6.828084
6.828084
6.828084
6.828084
6.828084
6.828084
6.828084
6.828084
6.828084
6.828084
6.828084
6.828084
6.828084
6.828084
6.828084
6.828084
6.828084
6.828084
6.828084
6.828084
6.828084
6.828084
6.828084
6.828084
6.828084
6.828084
6.828084
6.828084
6.828084
6.828084
6.828084
6.828084
6.828084
6.828084
6.828084
6.828084
6.828084
6.828084
6.828084
6.828084
6.828084
6.828084
6.828084
6.828084
6.828084
6.828084
6.828084
6.828084
6.828084
6.828084
6.828084
6.828084
6.828084
6.828084
6.828084
6.828084
6.828084
6.828084
6.828084
6.828084
6.828084
6.828084
6.828084
6.828084
6.828084
6.828084
6.828084
6.828084
6.828084
6.828084
6.828084
6.828084
6.828084
6.828084
6.828084
6.828084
6.828084
6.828084
6.828084
6.828084
6.828084
6.828084
6.828084
6.828084
6.828084
6.828084
6.828084
6.828084
6.828084
6.828084
6.828084
6.828084
6.828084
6.828084
6.828084
6.828084
6.828084
6.828084
6.828084
6.828084
6.828084
6.828084
6.828084
6.828084
6.828084
6.828084
6.828084
6.828084
6.828084
6.828084
6.828084
6.828084
6.828084
6.828084
6.828084
6.828084
6.828084
6.828084
6.828084
6.828084
6.828084
6.828084
6.828084
6.828084
6.828084
6.828084
6.828084
6.828084
6.828084
6.828084
6.828084
6.828084
6.828084
6.828084
6.828084
6.828084
6.828084
6.828084
6.828084
6.828084
6.828084
6.828084
6.828084
6.828084
6.828084
6.828084
6.828084
6.828084
6.828084
6.828084
6.828084
6.828084
6.828084
6.828084
6.828084
6.828084
6.828084
6.828084
6.828084
6.828084
6.828084
6.828084
6.828084
6.828084
6.828084
6.828084
6.828084
6.828084
6.828084
6.828084
6.828084
6.828084
6.828084
6.828084
6.828084
6.828084
6.828084
6.828084
6.828084
6.828084
6.828084
6.828084
6.828084
6.828084
6.828084
6.828084
6.828084
6.828084
6.828084
6.828084
6.828084
6.828084
6.828084
6.828084
6.828084
6.828084
6.828084
6.828084
6.828084
6.828084
6.828084
6.828084
6.828084
6.828084
6.828084
6.828084
6.828084
6.828084
6.828084
6.828084
6.828084
6.828084
6.828084
6.828084
6.828084
6.828084
6.828084
6.828084
6.828084
6.828084
6.828084
6.828084
6.828084
6.828084
6.828084
6.828084
6.828084
6.828084
6.828084
6.828084
6.828084
6.828084
6.828084
6.828084
6.828084
6.828084
6.828084
6.828084
6.828084
6.828084
6.828084
6.828084
6.828084
6.828084
6.828084
6.828084
6.828084
6.828084
6.828084
6.828084
6.828084
6.828084
6.828084
6.828084
6.828084
6.828084
6.828084
6.828084
6.828084
6.828084
6.828084
6.828084
6.828084
6.828084
6.828084
6.828084
6.828084
6.828084
6.828084
6.828084
6.828084
6.828084
6.828084
6.828084
6.828084
6.828084
6.828084
6.828084
6.828084
6.828084
6.828084
6.828084
6.828084
6.828084
6.828084
6.828084
6.828084
6.828084
6.828084
6.828084
6.828084
6.828084
6.828084
6.828084
6.828084
6.828084
6.828084
6.828084
6.828084
6.828084
6.828084
6.828084
6.828084
6.828084
6.828084
6.828084
6.828084
6.828084
6.828084
6.828084
6.828084
6.828084
6.828084
6.828084
6.828084
6.828084
6.828084
6.828084
6.828084
6.828084
6.828084
6.828084
6.828084
6.828084
6.828084
6.828084
6.828084
6.828084
6.828084
6.828084
6.828084
6.828084
6.828084
6.828084
6.828084
6.828084
6.828084
6.828084
6.828084
6.828084
6.828084
6.828084
6.828084
6.828084
6.828084
6.828084
6.828084
6.828084
6.828084
6.828084
6.828084
6.828084
6.828084
6.828084
6.828084
6.828084
6.828084
6.828084
6.828084
6.828084
6.828084
6.828084
6.828084
6.828084
6.828084
6.828084
6.828084
6.828084
6.828084
6.828084
6.828084
6.828084
6.828084
6.828084
6.828084
6.828084
6.828084
6.828084
6.828084
6.828084
6.828084
6.828084
6.828084
6.828084
6.828084
6.828084
6.828084
6.828084
6.828084
6.828083
6.828080
6.828076
6.828069
6.828061
6.828050
6.828038
6.828024
6.828010
6.827995
6.827979
6.827964
6.827948
6.827932
6.827916
6.827901
6.827885
6.827869
6.827853
6.827838
6.827822
6.827806
6.827791
6.827775
6.827760
6.827744
6.827728
6.827712
6.827697
6.827681
6.827665
6.827650
6.827634
6.827618
6.827602
6.827586
6.827571
6.827555
6.827539
6.827524
6.827508
6.827492
6.827477
6.827461
6.827445
6.827429
6.827414
6.827398
6.827382
6.827366
6.827351
6.827335
6.827319
6.827303
6.827288
6.827272
6.827257
6.827241
6.827225
6.827209
6.827194
6.827178
6.827162
6.827147
6.827131
6.827115
6.827100
6.827084
6.827068
6.827052
6.827036
6.827021
6.827005
6.826989
6.826974
6.826958
6.826942
6.826926
6.826911
6.826895
6.826879
6.826864
6.826848
6.826832
6.826817
6.826801
6.826786
6.826770
6.826754
6.826738
6.826723
6.826707
6.826691
6.826675
6.826659
6.826644
6.826628
6.826612
6.826597
6.826581
6.826566
6.826550
6.826534
6.826518
6.826502
6.826487
6.826471
6.826455
6.826439
6.826424
6.826408
6.826392
6.826377
6.826361
6.826345
6.826330
6.826314
6.826299
6.826283
6.826267
6.826251
6.826236
6.826220
6.826204
6.826188
6.826172
6.826157
6.826141
6.826125
6.826109
6.826094
6.826078
6.826062
6.826047
6.826031
6.826015
6.826000
6.825984
6.825968
6.825953
6.825937
6.825921
6.825906
6.825890
6.825874
6.825858
6.825842
6.825827
6.825811
6.825795
6.825780
6.825764
6.825749
6.825733
6.825717
6.825701
6.825686
6.825670
6.825654
6.825639
6.825623
6.825607
6.825591
6.825575
6.825560
6.825544
6.825528
6.825513
6.825497
6.825481
6.825465
6.825450
6.825434
6.825418
6.825403
6.825387
6.825371
6.825356
6.825340
6.825324
6.825309
6.825293
6.825277
6.825261
6.825246
6.825230
6.825214
6.825198
6.825183
6.825167
6.825152
6.825136
6.825120
6.825105
6.825089
6.825073
6.825057
6.825042
6.825026
6.825010
6.824995
6.824979
6.824963
6.824947
6.824931
6.824916
6.824900
6.824884
6.824869
6.824853
6.824837
6.824822
6.824806
6.824790
6.824774
6.824759
6.824743
6.824727
6.824711
6.824696
6.824680
6.824664
6.824648
6.824633
6.824617
6.824602
6.824586
6.824570
6.824554
6.824539
6.824523
6.824507
6.824492
6.824476
6.824460
6.824445
6.824429
6.824413
6.824397
6.824381
6.824365
6.824350
6.824334
6.824319
6.824303
6.824287
6.824271
6.824256
6.824240
6.824225
6.824209
6.824194
6.824178
6.824162
6.824146
6.824130
6.824115
6.824098
6.824082
6.824064
6.824045
6.824025
6.824004
6.823980
6.823956
6.823929
6.823901
6.823873
6.823843
6.823814
6.823785
6.823756
6.823726
6.823697
6.823668
6.823639
6.823609
6.823580
6.823551
6.823522
6.823493
6.823464
6.823434
6.823405
6.823376
6.823347
6.823317
6.823288
6.823259
6.823230
6.823200
6.823171
6.823142
6.823112
6.823083
6.823054
6.823025
6.822995
6.822966
6.822937
6.822908
6.822879
6.822850
6.822820
6.822791
6.822762
6.822733
6.822704
6.822675
6.822645
6.822616
6.822587
6.822557
6.822528
6.822499
6.822469
6.822440
6.822411
6.822382
6.822353
6.822324
6.822294
6.822265
6.822236
6.822207
6.822177
6.822148
6.822119
6.822090
6.822061
6.822031
6.822002
6.821973
6.821944
6.821914
6.821885
6.821856
6.821826
6.821797
6.821768
6.821739
6.821710
6.821680
6.821651
6.821622
6.821592
6.821563
6.821534
6.821504
6.821475
6.821446
6.821417
6.821388
6.821359
6.821330
6.821300
6.821271
6.821242
6.821213
6.821184
6.821155
6.821125
6.821096
6.821066
6.821037
6.821008
6.820979
6.820949
6.820920
6.820891
6.820862
6.820833
6.820804
6.820774
6.820745
6.820716
6.820687
6.820658
6.820628
6.820599
6.820570
6.820541
6.820511
6.820482
6.820453
6.820424
6.820394
6.820365
6.820336
6.820307
6.820277
6.820248
6.820219
6.820190
6.820160
6.820131
6.820102
6.820073
6.820043
6.820012
6.819979
6.819944
6.819906
6.819867
6.819827
6.819786
6.819744
6.819702
6.819660
6.819618
6.819576
6.819534
6.819492
6.819449
6.819407
6.819365
6.819323
6.819281
6.819239
6.819197
6.819155
6.819113
6.819071
6.819029
6.818987
6.818945
6.818903
6.818861
6.818819
6.818778
6.818736
6.818694
6.818652
6.818610
6.818567
6.818525
6.818483
6.818441
6.818399
6.818357
6.818315
6.818273
6.818231
6.818188
6.818146
6.818104
6.818062
6.818020
6.817978
6.817936
6.817894
6.817852
6.817810
6.817768
6.817726
6.817684
6.817642
6.817600
6.817558
6.817516
6.817474
6.817432
6.817390
6.817348
6.817306
6.817264
6.817222
6.817180
6.817138
6.817096
6.817054
6.817012
6.816970
6.816928
6.816886
6.816844
6.816802
6.816760
6.816717
6.816675
6.816633
6.816591
6.816549
6.816507
6.816465
6.816423
6.816381
6.816339
6.816297
6.816255
6.816213
6.816171
6.816129
6.816087
6.816045
6.816002
6.815957
6.815911
6.815863
6.815813
6.815761
6.815708
6.815655
6.815601
6.815547
6.815492
6.815438
6.815384
6.815330
6.815276
6.815222
6.815168
6.815114
6.815060
6.815006
6.814951
6.814897
6.814843
6.814789
6.814735
6.814681
6.814627
6.814572
6.814519
6.814465
6.814411
6.814356
6.814302
6.814248
6.814194
6.814140
6.814085
6.814031
6.813977
6.813923
6.813869
6.813815
6.813761
6.813707
6.813653
6.813599
6.813545
6.813491
6.813437
6.813382
6.813328
6.813274
6.813220
6.813166
6.813112
6.813057
6.813003
6.812949
6.812895
6.812841
6.812787
6.812733
6.812679
6.812625
6.812571
6.812517
6.812462
6.812408
6.812354
6.812300
6.812246
6.812192
6.812137
6.812083
6.812027
6.811971
6.811913
6.811852
6.811790
6.811725
6.811657
6.811587
6.811515
6.811444
6.811371
6.811299
6.811227
6.811155
6.811082
6.811010
6.810938
6.810865
6.810793
6.810720
6.810648
6.810576
6.810503
6.810431
6.810359
6.810286
6.810214
6.810142
6.810070
6.809997
6.809925
6.809853
6.809781
6.809708
6.809636
6.809564
6.809491
6.809419
6.809347
6.809274
6.809202
6.809130
6.809057
6.808985
6.808912
6.808840
6.808768
6.808695
6.808623
6.808551
6.808478
6.808406
6.808334
6.808261
6.808189
6.808116
6.808042
6.807968
6.807891
6.807813
6.807733
6.807650
6.807564
6.807476
6.807386
6.807295
6.807204
6.807113
6.807021
6.806930
6.806838
6.806747
6.806656
6.806565
6.806473
6.806382
6.806291
6.806200
6.806109
6.806017
6.805926
6.805835
6.805744
6.805653
6.805561
6.805470
6.805379
6.805288
6.805197
6.805105
6.805014
6.804923
6.804832
6.804740
6.804649
6.804558
6.804467
6.804376
6.804284
6.804193
6.804101
6.804009
6.803917
6.803823
6.803729
6.803633
6.803536
6.803438
6.803339
6.803240
6.803140
6.803040
6.802941
6.802841
6.802741
6.802641
6.802541
6.802442
6.802342
6.802242
6.802142
6.802043
6.801943
6.801843
6.801743
6.801643
6.801543
6.801443
6.801344
6.801244
6.801144
6.801044
6.800944
6.800845
6.800745
6.800645
6.800545
6.800445
6.800346
6.800246
6.800146
6.800046
6.799946
6.799845
6.799743
6.799641
6.799537
6.799432
6.799326
6.799220
6.799114
6.799007
6.798901
6.798795
6.798688
6.798581
6.798475
6.798368
6.798262
6.798155
6.798048
6.797942
6.797835
6.797729
6.797622
6.797515
6.797409
6.797302
6.797196
6.797089
6.796983
6.796876
6.796770
6.796663
6.796557
6.796450
6.796344
6.796237
6.796130
6.796022
6.795913
6.795802
6.795688
6.795571
6.795450
6.795327
6.795201
6.795074
6.794945
6.794815
6.794684
6.794553
6.794422
6.794291
6.794161
6.794030
6.793899
6.793768
6.793638
6.793507
6.793376
6.793246
6.793115
6.792984
6.792854
6.792723
6.792592
6.792461
6.792331
6.792200
6.792069
6.791938
6.791807
6.791677
6.791546
6.791416
6.791285
6.791155
6.791025
6.790895
6.790765
6.790636
6.790506
6.790376
6.790246
6.790116
6.789986
6.789856
6.789726
6.789596
6.789466
6.789336
6.789206
6.789076
6.788946
6.788816
6.788686
6.788556
6.788426
6.788296
6.788166
6.788036
6.787906
6.787776
6.787645
6.787515
6.787384
6.787252
6.787120
6.786988
6.786856
6.786724
6.786591
6.786459
6.786327
6.786194
6.786062
6.785930
6.785797
6.785665
6.785533
6.785401
6.785269
6.785136
6.785004
6.784872
6.784740
6.784608
6.784475
6.784343
6.784211
6.784078
6.783945
6.783812
6.783676
6.783539
6.783400
6.783260
6.783117
6.782973
6.782827
6.782680
6.782532
6.782385
6.782237
6.782089
6.781941
6.781794
6.781646
6.781498
6.781350
6.781203
6.781055
6.780907
6.780759
6.780611
6.780463
6.780315
6.780168
6.780020
6.779871
6.779721
6.779569
6.779414
6.779257
6.779097
6.778936
6.778773
6.778609
6.778444
6.778279
6.778113
6.777947
6.777781
6.777615
6.777449
6.777283
6.777117
6.776951
6.776785
6.776619
6.776454
6.776288
6.776121
6.775955
6.775786
6.775616
6.775444
6.775269
6.775092
6.774913
6.774731
6.774548
6.774364
6.774178
6.773993
6.773807
6.773621
6.773435
6.773250
6.773064
6.772878
6.772693
6.772507
6.772321
6.772135
6.771949
6.771763
6.771577
6.771392
6.771206
6.771021
6.770836
6.770650
6.770465
6.770280
6.770095
6.769910
6.769725
6.769540
6.769354
6.769169
6.768983
6.768798
6.768613
6.768428
6.768242
6.768057
6.767871
6.767685
6.767497
6.767308
6.767116
6.766923
6.766728
6.766532
6.766335
6.766138
6.765940
6.765741
6.765543
6.765345
6.765146
6.764948
6.764750
6.764552
6.764353
6.764155
6.763956
6.763756
6.763555
6.763352
6.763147
6.762940
6.762730
6.762519
6.762306
6.762091
6.761876
6.761660
6.761445
6.761229
6.761013
6.760797
6.760582
6.760366
6.760150
6.759934
6.759718
6.759502
6.759283
6.759062
6.758838
6.758612
6.758384
6.758156
6.757926
6.757697
6.757468
6.757238
6.757009
6.756779
6.756549
6.756320
6.756090
6.755859
6.755627
6.755394
6.755158
6.754919
6.754678
6.754436
6.754191
6.753944
6.753697
6.753449
6.753201
6.752952
6.752704
6.752456
6.752208
6.751959
6.751711
6.751462
6.751214
6.750965
6.750716
6.750466
6.750217
6.749967
6.749717
6.749467
6.749217
6.748967
6.748717
6.748467
6.748217
6.747967
6.747716
6.747464
6.747212
6.746958
6.746703
6.746447
6.746189
6.745931
6.745672
6.745413
6.745153
6.744893
6.744634
6.744374
6.744114
6.743853
6.743593
6.743331
6.743068
6.742804
6.742538
6.742271
6.742003
6.741735
6.741465
6.741195
6.740925
6.740655
6.740386
6.740116
6.739846
6.739575
6.739305
6.739033
6.738761
6.738488
6.738214
6.737940
6.737666
6.737391
6.737116
6.736841
6.736566
6.736290
6.736015
6.735738
6.735461
6.735182
6.734901
6.734617
6.734328
6.734036
6.733741
6.733443
6.733145
6.732847
6.732548
6.732249
6.731951
6.731652
6.731353
6.731054
6.730755
6.730456
6.730156
6.729856
6.729557
6.729257
6.728957
6.728657
6.728357
6.728056
6.727755
6.727452
6.727148
6.726842
6.726533
6.726222
6.725908
6.725592
6.725274
6.724955
6.724635
6.724315
6.723995
6.723675
6.723354
6.723034
6.722713
6.722392
6.722071
6.721749
6.721427
6.721104
6.720782
6.720459
6.720136
6.719813
6.719489
6.719163
6.718834
6.718501
6.718163
6.717819
6.717470
6.717118
6.716764
6.716409
6.716054
6.715699
6.715344
6.714989
6.714633
6.714277
6.713921
6.713564
6.713207
6.712850
6.712493
6.712135
6.711777
6.711419
6.711059
6.710698
6.710335
6.709971
6.709605
6.709237
6.708868
6.708499
6.708129
6.707759
6.707389
6.707019
6.706650
6.706281
6.705913
6.705545
6.705177
6.704809
6.704441
6.704073
6.703705
6.703337
6.702969
6.702599
6.702226
6.701852
6.701475
6.701096
6.700716
6.700335
6.699954
6.699572
6.699188
6.698803
6.698415
6.698024
6.697630
6.697233
6.696832
6.696429
6.696025
6.695621
6.695216
6.694810
6.694404
6.693998
6.693590
6.693182
6.692773
6.692365
6.691955
6.691545
6.691134
6.690721
6.690308
6.689892
6.689474
6.689054
6.688633
6.688210
6.687786
6.687362
6.686937
6.686512
6.686085
6.685657
6.685227
6.684796
6.684364
6.683932
6.683500
6.683068
6.682636
6.682204
6.681773
6.681342
6.680911
6.680480
6.680048
6.679616
6.679182
6.678745
6.678305
6.677862
6.677413
6.676959
6.676501
6.676038
6.675574
6.675108
6.674641
6.674174
6.673707
6.673239
6.672772
6.672304
6.671836
6.671369
6.670901
6.670433
6.669966
6.669498
6.669031
6.668564
6.668097
6.667629
6.667160
6.666688
6.666212
6.665731
6.665245
6.664754
6.664259
6.663761
6.663262
6.662761
6.662260
6.661759
6.661257
6.660756
6.660255
6.659753
6.659252
6.658751
6.658250
6.657751
6.657252
6.656754
6.656256
6.655758
6.655260
6.654761
6.654259
6.653754
6.653244
6.652731
6.652214
6.651695
6.651175
6.650652
6.650128
6.649602
6.649075
6.648547
6.648017
6.647487
6.646957
6.646427
6.645898
6.645369
6.644840
6.644313
6.643785
6.643258
6.642730
6.642202
6.641672
6.641141
6.640608
6.640073
6.639537
6.638999
6.638460
6.637918
6.637372
6.636822
6.636266
6.635707
6.635143
6.634579
6.634013
6.633446
6.632879
6.632312
6.631744
6.631175
6.630606
6.630037
6.629467
6.628897
6.628326
6.627755
6.627183
6.626609
6.626033
6.625454
6.624871
6.624284
6.623694
6.623102
6.622508
6.621912
6.621313
6.620711
6.620107
6.619500
6.618891
6.618282
6.617672
6.617062
6.616453
6.615843
6.615233
6.614623
6.614012
6.613401
6.612788
6.612174
6.611559
6.610943
6.610325
6.609704
6.609079
6.608449
6.607813
6.607171
6.606524
6.605873
6.605217
6.604559
6.603897
6.603233
6.602567
6.601899
6.601230
6.600561
6.599892
6.599223
6.598555
6.597887
6.597220
6.596553
6.595887
6.595221
6.594555
6.593889
6.593222
6.592554
6.591883
6.591211
6.590536
6.589859
6.589178
6.588494
6.587808
6.587118
6.586427
6.585734
6.585039
6.584344
6.583648
6.582953
6.582258
6.581563
6.580869
6.580175
6.579481
6.578788
6.578095
6.577402
6.576709
6.576016
6.575324
6.574630
6.573934
6.573234
6.572528
6.571816
6.571098
6.570375
6.569647
6.568916
6.568181
6.567444
6.566704
6.565962
6.565219
6.564474
6.563728
6.562983
6.562236
6.561491
6.560745
6.560000
6.559255
6.558511
6.557766
6.557021
6.556276
6.555530
6.554781
6.554030
6.553274
6.552511
6.551738
6.550955
6.550163
6.549366
6.548564
6.547760
6.546954
6.546147
6.545340
6.544532
6.543724
6.542915
6.542107
6.541299
6.540490
6.539681
6.538872
6.538062
6.537252
6.536443
6.535633
6.534822
6.534011
6.533196
6.532378
6.531555
6.530726
6.529892
6.529053
6.528208
6.527359
6.526505
6.525647
6.524786
6.523922
6.523056
6.522189
6.521321
6.520453
6.519584
6.518714
6.517845
6.516975
6.516105
6.515235
6.514364
6.513494
6.512623
6.511751
6.510878
6.510002
6.509122
6.508236
6.507342
6.506441
6.505533
6.504620
6.503704
6.502785
6.501864
6.500943
6.500022
6.499103
6.498184
6.497267
6.496350
6.495435
6.494520
6.493606
6.492692
6.491778
6.490865
6.489954
6.489043
6.488133
6.487224
6.486315
6.485405
6.484492
6.483573
6.482647
6.481712
6.480769
6.479820
6.478867
6.477912
6.476957
6.476001
6.475045
6.474089
6.473134
6.472178
6.471223
6.470268
6.469314
6.468361
6.467407
6.466454
6.465501
6.464547
6.463592
6.462636
6.461678
6.460715
6.459747
6.458773
6.457790
6.456800
6.455802
6.454797
6.453785
6.452767
6.451745
6.450721
6.449694
6.448665
6.447634
6.446602
6.445569
6.444535
6.443500
6.442464
6.441428
6.440392
6.439356
6.438321
6.437286
6.436252
6.435218
6.434187
6.433162
6.432151
6.431160
6.430191
6.429232
6.428265
6.427263
6.426209
6.425103
6.423962
6.422812
6.421673
6.420556
6.419459
6.418375
6.417295
6.416216
6.415134
6.414051
6.412964
6.411876
6.410784
6.409690
6.408593
6.407494
6.406391
6.405284
6.404174
6.403060
6.401939
6.400810
6.399671
6.398522
6.397364
6.396199
6.395028
6.393853
6.392676
6.391497
6.390317
6.389138
6.387959
6.386781
6.385603
6.384426
6.383249
6.382074
6.380899
6.379725
6.378552
6.377379
6.376206
6.375032
6.373856
6.372678
6.371496
6.370309
6.369117
6.367919
6.366716
6.365507
6.364294
6.363078
6.361861
6.360644
6.359426
6.358209
6.356992
6.355775
6.354559
6.353342
6.352125
6.350907
6.349689
6.348471
6.347252
6.346032
6.344811
6.343591
6.342371
6.341150
6.339927
6.338699
6.337462
6.336215
6.334956
6.333687
6.332406
6.331115
6.329815
6.328508
6.327197
6.325882
6.324566
6.323249
6.321930
6.320611
6.319292
6.317972
6.316653
6.315333
6.314014
6.312695
6.311377
6.310059
6.308741
6.307423
6.306104
6.304784
6.303460
6.302131
6.300794
6.299449
6.298096
6.296736
6.295372
6.294004
6.292634
6.291262
6.289890
6.288518
6.287146
6.285774
6.284402
6.283031
6.281660
6.280288
6.278915
6.277541
6.276166
6.274791
6.273416
6.272040
6.270664
6.269285
6.267903
6.266514
6.265117
6.263709
6.262286
6.260847
6.259393
6.257927
6.256452
6.254973
6.253490
6.252006
6.250521
6.249034
6.247547
6.246060
6.244573
6.243086
6.241598
6.240111
6.238624
6.237136
6.235649
6.234161
6.232672
6.231183
6.229691
6.228197
6.226697
6.225191
6.223679
6.222158
6.220629
6.219092
6.217547
6.215995
6.214439
6.212880
6.211319
6.209759
6.208199
6.206640
6.205082
6.203526
6.201971
6.200416
6.198862
6.197307
6.195754
6.194201
6.192649
6.191097
6.189545
6.187991
6.186434
6.184871
6.183298
6.181712
6.180113
6.178501
6.176880
6.175251
6.173617
6.171979
6.170337
6.168694
6.167050
6.165404
6.163758
6.162111
6.160463
6.158814
6.157164
6.155512
6.153858
6.152203
6.150545
6.148887
6.147228
6.145566
6.143902
6.142234
6.140559
6.138876
6.137181
6.135472
6.133748
6.132013
6.130269
6.128521
6.126771
6.125019
6.123268
6.121516
6.119764
6.118012
6.116260
6.114507
6.112754
6.111001
6.109246
6.107491
6.105736
6.103980
6.102225
6.100468
6.098711
6.096950
6.095184
6.093408
6.091621
6.089823
6.088012
6.086188
6.084353
6.082508
6.080656
6.078801
6.076943
6.075085
6.073226
6.071366
6.069507
6.067647
6.065787
6.063927
6.062067
6.060206
6.058345
6.056484
6.054620
6.052756
6.050890
6.049023
6.047153
6.045277
6.043391
6.041493
6.039580
6.037652
6.035714
6.033767
6.031815
6.029859
6.027902
6.025944
6.023986
6.022030
6.020074
6.018119
6.016166
6.014214
6.012262
6.010311
6.008361
6.006412
6.004462
6.002513
6.000564
5.998613
5.996658
5.994698
5.992731
5.990756
5.988769
5.986770
5.984759
5.982735
5.980703
5.978666
5.976626
5.974585
5.972544
5.970503
5.968463
5.966422
5.964380
5.962337
5.960293
5.958248
5.956201
5.954154
5.952106
5.950057
5.948007
5.945956
5.943902
5.941842
5.939772
5.937689
5.935588
5.933469
5.931336
5.929192
5.927040
5.924882
5.922722
5.920560
5.918399
5.916239
5.914080
5.911922
5.909763
5.907604
5.905444
5.903283
5.901121
5.898957
5.896794
5.894631
5.892469
5.890308
5.888144
5.885977
5.883803
5.881620
5.879427
5.877222
5.875004
5.872773
5.870534
5.868289
5.866041
5.863793
5.861545
5.859298
5.857050
5.854804
5.852558
5.850313
5.848069
5.845825
5.843582
5.841340
5.839097
5.836855
5.834612
5.832371
5.830130
5.827888
5.825641
5.823387
5.821122
5.818843
5.816551
5.814249
5.811937
5.809619
5.807294
5.804968
5.802640
5.800312
5.797985
5.795658
5.793332
5.791008
5.788683
5.786360
5.784038
5.781716
5.779396
5.777076
5.774756
5.772435
5.770114
5.767791
5.765465
5.763134
5.760795
5.758443
5.756074
5.753688
5.751286
5.748874
5.746454
5.744031
5.741607
5.739180
5.736752
5.734323
5.731893
5.729462
5.727030
5.724597
5.722164
5.719729
5.717294
5.714857
5.712419
5.709981
5.707541
5.705101
5.702656
5.700206
5.697748
5.695278
5.692796
5.690301
5.687793
5.685273
5.682742
5.680204
5.677663
5.675121
5.672579
5.670038
5.667498
5.664957
5.662417
5.659878
5.657340
5.654803
5.652268
5.649735
5.647201
5.644669
5.642136
5.639602
5.637068
5.634531
5.631988
5.629437
5.626874
5.624297
5.621707
5.619105
5.616495
5.613881
5.611263
5.608642
5.606021
5.603400
5.600778
5.598157
5.595536
5.592916
5.590295
5.587675
5.585054
5.582434
5.579813
5.577193
5.574573
5.571954
5.569334
5.566714
5.564091
5.561463
5.558827
5.556181
5.553521
5.550846
5.548156
5.545455
5.542749
5.540042
5.537334
5.534628
5.531923
5.529219
5.526516
5.523813
5.521109
5.518405
5.515699
5.512993
5.510286
5.507579
5.504872
5.502165
5.499459
5.496752
5.494043
5.491329
5.488607
5.485873
5.483127
5.480367
5.477594
5.474808
5.472013
5.469209
5.466399
5.463587
5.460773
5.457958
5.455143
5.452327
5.449511
5.446695
5.443879
5.441064
5.438249
5.435435
5.432621
5.429807
5.426994
5.424180
5.421365
5.418548
5.415728
5.412901
5.410063
5.407212
5.404346
5.401469
5.398582
5.395691
5.392797
5.389902
5.387005
5.384109
5.381212
5.378315
5.375418
5.372520
5.369624
5.366728
5.363833
5.360940
5.358048
5.355158
5.352269
5.349381
5.346493
5.343603
5.340712
5.337817
5.334917
5.332009
5.329092
5.326163
5.323221
5.320270
5.317311
5.314349
5.311384
5.308420
5.305455
5.302492
5.299529
5.296568
5.293607
5.290647
5.287688
5.284729
5.281771
5.278814
5.275858
5.272903
5.269948
5.266993
5.264036
5.261077
5.258111
5.255137
5.252153
5.249158
5.246152
5.243137
5.240112
5.237081
5.234045
5.231006
5.227966
5.224926
5.221884
5.218842
5.215800
5.212757
5.209715
5.206672
5.203630
5.200588
5.197547
5.194506
5.191465
5.188424
5.185384
5.182345
5.179304
5.176260
5.173209
5.170148
5.167074
5.163987
5.160890
5.157783
5.154670
5.151551
5.148429
5.145307
5.142185
5.139065
5.135947
5.132831
5.129715
5.126601
5.123486
5.120372
5.117258
5.114143
5.111027
5.107909
5.104791
5.101670
5.098548
5.095424
5.092297
5.089164
5.086022
5.082868
5.079700
5.076517
5.073324
5.070123
5.066919
5.063712
5.060502
5.057291
5.054078
5.050864
5.047648
5.044434
5.041220
5.038007
5.034795
5.031583
5.028371
5.025158
5.021945
5.018732
5.015519
5.012305
5.009089
5.005871
5.002649
4.999421
4.996182
4.992931
4.989665
4.986384
4.983091
4.979792
4.976489
4.973185
4.969880
4.966573
4.963265
4.959955
4.956643
4.953330
4.950017
4.946703
4.943390
4.940076
4.936763
4.933450
4.930138
4.926826
4.923516
4.920205
4.916893
4.913576
4.910254
4.906925
4.903588
4.900244
4.896892
4.893535
4.890173
4.886806
4.883437
4.880067
4.876697
4.873327
4.869959
4.866592
4.863227
4.859863
4.856499
4.853134
4.849769
4.846405
4.843040
4.839675
4.836311
4.832945
4.829579
4.826210
4.822835
4.819453
4.816059
4.812654
4.809238
4.805814
4.802386
4.798953
4.795520
4.792085
4.788650
4.785216
4.781783
4.778352
4.774922
4.771495
4.768069
4.764645
4.761224
4.757804
4.754386
4.750969
4.747553
4.744137
4.740721
4.737305
4.733887
4.730467
4.727042
4.723610
4.720168
4.716715
4.713251
4.709780
4.706303
4.702822
4.699337
4.695850
4.692360
4.688868
4.685374
4.681878
4.678381
4.674883
4.671384
4.667885
4.664385
4.660885
4.657383
4.653879
4.650373
4.646865
4.643354
4.639841
4.636327
4.632809
4.629288
4.625761
4.622225
4.618679
4.615126
4.611566
4.608005
4.604443
4.600881
4.597319
4.593757
4.590195
4.586633
4.583072
4.579512
4.575954
4.572398
4.568843
4.565288
4.561731
4.558175
4.554617
4.551060
4.547503
4.543945
4.540384
4.536817
4.533244
4.529662
4.526073
4.522477
4.518874
4.515266
4.511655
4.508043
4.504431
4.500820
4.497209
4.493598
4.489986
4.486372
4.482758
4.479144
4.475530
4.471917
4.468306
4.464695
4.461086
4.457478
4.453872
4.450268
4.446664
4.443060
4.439454
4.435842
4.432224
4.428599
4.424968
4.421332
4.417693
4.414053
4.410413
4.406772
4.403133
4.399496
4.395861
4.392227
4.388595
4.384965
4.381337
4.377709
4.374083
4.370457
4.366832
4.363208
4.359586
4.355965
4.352345
4.348725
4.345106
4.341486
4.337864
4.334239
4.330611
4.326978
4.323342
4.319704
4.316063
4.312422
4.308780
4.305138
4.301494
4.297850
4.294203
4.290554
4.286902
4.283246
4.279588
4.275928
4.272266
4.268604
4.264940
4.261273
4.257604
4.253931
4.250254
4.246575
4.242892
4.239204
4.235510
4.231808
4.228096
4.224373
4.220642
4.216904
4.213162
4.209418
4.205674
4.201928
4.198182
4.194435
4.190689
4.186945
4.183202
4.179461
4.175722
4.171983
4.168243
4.164501
4.160757
4.157013
4.153269
4.149525
4.145781
4.142038
4.138295
4.134553
4.130810
4.127069
4.123329
4.119591
4.115853
4.112116
4.108378
4.104640
4.100901
4.097162
4.093422
4.089682
4.085942
4.082201
4.078461
4.074720
4.070980
4.067240
4.063501
4.059763
4.056026
4.052289
4.048552
4.044813
4.041072
4.037327
4.033578
4.029823
4.026062
4.022296
4.018525
4.014749
4.010971
4.007192
4.003413
3.999638
3.995865
3.992095
3.988326
3.984559
3.980794
3.977030
3.973267
3.969506
3.965747
3.961989
3.958234
3.954482
3.950732
3.946984
3.943240
3.939498
3.935760
3.932023
3.928289
3.924557
3.920826
3.917096
3.913366
3.909636
3.905906
3.902176
3.898446
3.894717
3.890988
3.887258
3.883527
3.879795
3.876062
3.872327
3.868591
3.864855
3.861118
3.857381
3.853642
3.849901
3.846159
3.842415
3.838668
3.834919
3.831167
3.827412
3.823656
3.819898
3.816139
3.812378
3.808615
3.804850
3.801084
3.797317
3.793549
3.789780
3.786012
3.782245
3.778477
3.774711
3.770945
3.767179
3.763414
3.759649
3.755885
3.752121
3.748357
3.744594
3.740832
3.737071
3.733310
3.729551
3.725793
3.722037
3.718284
3.714533
3.710785
3.707039
3.703293
3.699547
3.695800
3.692052
3.688304
3.684556
3.680807
3.677059
3.673311
3.669564
3.665817
3.662071
3.658325
3.654580
3.650834
3.647088
3.643342
3.639596
3.635850
3.632103
3.628355
3.624607
3.620859
3.617110
3.613361
3.609612
3.605863
3.602113
3.598363
3.594612
3.590860
3.587107
3.583353
3.579597
3.575840
3.572082
3.568324
3.564568
3.560813
3.557060
3.553308
3.549557
3.545805
3.542055
3.538305
3.534558
3.530813
3.527072
3.523338
3.519612
3.515893
3.512182
3.508476
3.504774
3.501074
3.497377
3.493681
3.489987
3.486296
3.482606
3.478918
3.475231
3.471545
3.467860
3.464176
3.460490
3.456805
3.453119
3.449433
3.445748
3.442063
3.438379
3.434695
3.431010
3.427323
3.423636
3.419948
3.416261
3.412574
3.408887
3.405200
3.401511
3.397819
3.394125
3.390428
3.386728
3.383026
3.379323
3.375618
3.371913
3.368209
3.364505
3.360801
3.357096
3.353391
3.349685
3.345978
3.342270
3.338561
3.334852
3.331145
3.327441
3.323741
3.320045
3.316353
3.312665
3.308982
3.305301
3.301623
3.297946
3.294270
3.290595
3.286920
3.283245
3.279571
3.275896
3.272220
3.268544
3.264868
3.261191
3.257515
3.253838
3.250161
3.246484
3.242808
3.239132
3.235457
3.231783
3.228113
3.224448
3.220788
3.217134
3.213485
3.209839
3.206196
3.202554
3.198912
3.195270
3.191628
3.187984
3.184340
3.180696
3.177051
3.173406
3.169762
3.166118
3.162475
3.158832
3.155189
3.151546
3.147903
3.144259
3.140615
3.136972
3.133330
3.129691
3.126058
3.122433
3.118818
3.115213
3.111617
3.108026
3.104440
3.100856
3.097275
3.093695
3.090118
3.086543
3.082969
3.079396
3.075824
3.072253
3.068683
3.065115
3.061550
3.057988
3.054428
3.050871
3.047315
3.043763
3.040213
3.036668
3.033127
3.029593
3.026066
3.022548
3.019041
3.015543
3.012052
3.008565
3.005078
3.001591
2.998102
2.994611
2.991119
2.987626
2.984132
2.980637
2.977141
2.973644
2.970145
2.966644
2.963141
2.959637
2.956130
2.952622
2.949114
2.945606
2.942100
2.938595
2.935094
2.931596
2.928102
2.924612
2.921126
2.917643
2.914163
2.910684
2.907205
2.903726
2.900246
2.896765
2.893283
2.889799
2.886315
2.882831
2.879349
2.875868
2.872389
2.868910
2.865433
2.861955
2.858478
2.855001
2.851526
2.848053
2.844586
2.841128
2.837682
2.834251
2.830833
2.827425
2.824024
2.820629
2.817236
2.813845
2.810455
2.807065
2.803675
2.800284
2.796894
2.793503
2.790111
2.786719
2.783327
2.779933
2.776538
2.773143
2.769747
2.766351
2.762956
2.759562
2.756169
2.752779
2.749392
2.746012
2.742640
2.739278
2.735923
2.732575
2.729230
2.725886
2.722543
2.719200
2.715856
2.712512
2.709169
2.705826
2.702484
2.699144
2.695806
2.692470
2.689136
2.685805
2.682477
2.679151
2.675827
2.672506
2.669188
2.665877
2.662573
2.659280
2.655998
2.652728
2.649471
2.646224
2.642988
2.639759
2.636534
2.633311
2.630089
2.626866
2.623643
2.620418
2.617191
2.613963
2.610733
2.607500
2.604265
2.601028
2.597790
2.594550
2.591308
2.588066
2.584822
2.581579
2.578338
2.575102
2.571875
2.568660
2.565458
2.562267
2.559086
2.555913
2.552746
2.549583
2.546423
2.543264
2.540105
2.536947
2.533789
2.530631
2.527475
2.524319
2.521163
2.518009
2.514855
2.511700
2.508546
2.505391
2.502235
2.499079
2.495924
2.492769
2.489617
2.486471
2.483335
2.480212
2.477102
2.474002
2.470910
2.467822
2.464735
2.461649
2.458563
2.455477
2.452391
2.449304
2.446217
2.443129
2.440041
2.436953
2.433863
2.430774
2.427684
2.424595
2.421506
2.418417
2.415330
2.412246
2.409165
2.406089
2.403021
2.399962
2.396914
2.393879
2.390856
2.387843
2.384837
2.381834
2.378831
2.375829
2.372826
2.369825
2.366825
2.363826
2.360829
2.357831
2.354834
2.351837
2.348841
2.345844
2.342847
2.339851
2.336857
2.333864
2.330875
2.327891
2.324917
2.321955
2.319006
2.316071
2.313148
2.310237
2.307336
2.304442
2.301554
2.298671
2.295790
2.292910
2.290032
2.287154
2.284276
2.281399
2.278522
2.275646
2.272771
2.269897
2.267023
2.264150
2.261278
2.258405
2.255533
2.252661
2.249790
2.246922
2.244062
2.241212
2.238375
2.235551
2.232736
2.229929
2.227127
2.224329
2.221533
2.218738
2.215944
2.213149
2.210354
2.207558
2.204761
2.201964
2.199166
2.196367
2.193567
2.190767
2.187966
2.185165
2.182365
2.179567
2.176770
2.173977
2.171189
2.168409
2.165640
2.162886
2.160149
2.157428
2.154719
2.152018
2.149321
2.146625
2.143930
2.141236
2.138542
2.135848
2.133155
2.130462
2.127769
2.125077
2.122385
2.119694
2.117004
2.114313
2.111623
2.108934
2.106245
2.103558
2.100874
2.098196
2.095526
2.092865
2.090214
2.087576
2.084949
2.082333
2.079726
2.077123
2.074524
2.071925
2.069327
2.066728
2.064130
2.061531
2.058932
2.056333
2.053733
2.051134
2.048534
2.045935
2.043337
2.040740
2.038143
2.035547
2.032953
2.030362
2.027777
2.025201
2.022635
2.020082
2.017542
2.015012
2.012493
2.009982
2.007477
2.004977
2.002479
1.999983
1.997487
1.994994
1.992502
1.990012
1.987525
1.985039
1.982554
1.980071
1.977589
1.975107
1.972627
1.970146
1.967667
1.965189
1.962713
1.960241
1.957777
1.955324
1.952886
1.950464
1.948057
1.945661
1.943273
1.940891
1.938512
1.936135
1.933758
1.931382
1.929004
1.926625
1.924246
1.921866
1.919486
1.917105
1.914724
1.912343
1.909962
1.907581
1.905200
1.902819
1.900439
1.898060
1.895682
1.893309
1.890941
1.888583
1.886238
1.883907
1.881589
1.879281
1.876978
1.874680
1.872384
1.870089
1.867796
1.865503
1.863210
1.860918
1.858625
1.856333
1.854041
1.851749
1.849457
1.847165
1.844873
1.842582
1.840292
1.838003
1.835716
1.833432
1.831153
1.828881
1.826618
1.824366
1.822130
1.819911
1.817706
1.815511
1.813322
1.811135
1.808949
1.806763
1.804577
1.802390
1.800203
1.798017
1.795830
1.793643
1.791457
1.789270
1.787083
1.784896
1.782708
1.780520
1.778331
1.776142
1.773955
1.771772
1.769595
1.767426
1.765267
1.763119
1.760981
1.758856
1.756741
1.754634
1.752532
1.750433
1.748336
1.746241
1.744148
1.742055
1.739965
1.737875
1.735787
1.733701
1.731616
1.729532
1.727450
1.725369
1.723291
1.721214
1.719138
1.717064
1.714994
1.712930
1.710875
1.708833
1.706802
1.704785
1.702780
1.700785
1.698799
1.696819
1.694842
1.692866
1.690889
1.688910
1.686931
1.684950
1.682968
1.680985
1.679001
1.677017
1.675031
1.673044
1.671056
1.669068
1.667079
1.665089
1.663100
1.661111
1.659126
1.657146
1.655177
1.653219
1.651275
1.649342
1.647420
1.645505
1.643596
1.641691
1.639789
1.637888
1.635989
1.634089
1.632190
1.630291
1.628392
1.626493
1.624595
1.622697
1.620800
1.618903
1.617006
1.615110
1.613214
1.611318
1.609422
1.607528
1.605637
1.603752
1.601878
1.600018
1.598173
1.596341
1.594519
1.592702
1.590889
1.589077
1.587266
1.585455
1.583645
1.581834
1.580023
1.578213
1.576402
1.574592
1.572781
1.570971
1.569159
1.567348
1.565536
1.563725
1.561914
1.560105
1.558298
1.556495
1.554697
1.552907
1.551127
1.549360
1.547605
1.545862
1.544127
1.542398
1.540672
1.538948
1.537224
1.535499
1.533774
1.532047
1.530320
1.528593
1.526866
1.525140
1.523413
1.521687
1.519962
1.518236
1.516510
1.514784
1.513059
1.511336
1.509617
1.507904
1.506198
1.504502
1.502818
1.501148
1.499491
1.497845
1.496208
1.494575
1.492944
1.491314
1.489683
1.488052
1.486421
1.484790
1.483158
1.481526
1.479894
1.478261
1.476627
1.474992
1.473357
1.471722
1.470085
1.468449
1.466814
1.465181
1.463552
1.461931
1.460319
1.458717
1.457125
1.455543
1.453971
1.452406
1.450847
1.449293
1.447740
1.446188
1.444637
1.443086
1.441534
1.439981
1.438429
1.436876
1.435323
1.433770
1.432216
1.430661
1.429106
1.427549
1.425992
1.424435
1.422879
1.421328
1.419783
1.418247
1.416724
1.415214
1.413714
1.412224
1.410742
1.409265
1.407792
1.406321
1.404850
1.403379
1.401908
1.400436
1.398963
1.397490
1.396017
1.394544
1.393070
1.391596
1.390122
1.388648
1.387174
1.385700
1.384227
1.382755
1.381286
1.379820
1.378360
1.376908
1.375467
1.374037
1.372616
1.371201
1.369792
1.368385
1.366980
1.365576
1.364172
1.362767
1.361361
1.359955
1.358549
1.357143
1.355737
1.354331
1.352924
1.351516
1.350107
1.348698
1.347289
1.345881
1.344475
1.343074
1.341679
1.340293
1.338916
1.337551
1.336199
1.334858
1.333527
1.332202
1.330881
1.329562
1.328244
1.326927
1.325611
1.324295
1.322980
1.321666
1.320351
1.319037
1.317723
1.316409
1.315094
1.313779
1.312462
1.311146
1.309829
1.308513
1.307200
1.305891
1.304590
1.303298
1.302015
1.300739
1.299471
1.298209
1.296951
1.295697
1.294443
1.293190
1.291937
1.290684
1.289430
1.288176
1.286923
1.285669
1.284415
1.283162
1.281908
1.280655
1.279403
1.278151
1.276901
1.275652
1.274405
1.273160
1.271919
1.270683
1.269454
1.268231
1.267016
1.265805
1.264599
1.263397
1.262197
1.260999
1.259802
1.258606
1.257411
1.256216
1.255022
1.253828
1.252635
1.251441
1.250249
1.249056
1.247863
1.246670
1.245477
1.244285
1.243094
1.241908
1.240727
1.239553
1.238389
1.237235
1.236091
1.234957
1.233833
1.232716
1.231605
1.230497
1.229392
1.228287
1.227184
1.226081
1.224978
1.223874
1.222770
1.221666
1.220561
1.219456
1.218351
1.217246
1.216142
1.215039
1.213936
1.212835
1.211737
1.210642
1.209553
1.208471
1.207397
1.206331
1.205273
1.204224
1.203182
1.202146
1.201114
1.200085
1.199056
1.198029
1.197002
1.195976
1.194951
1.193927
1.192903
1.191880
1.190857
1.189835
1.188814
1.187793
1.186773
1.185754
1.184737
1.183723
1.182713
1.181707
1.180705
1.179709
1.178719
1.177734
1.176754
1.175779
1.174807
1.173837
1.172869
1.171901
1.170932
1.169964
1.168994
1.168025
1.167055
1.166084
1.165114
1.164143
1.163171
1.162199
1.161227
1.160254
1.159281
1.158308
1.157336
1.156366
1.155399
1.154436
1.153480
1.152533
1.151593
1.150660
1.149732
1.148806
1.147882
1.146958
1.146034
1.145110
1.144186
1.143262
1.142337
1.141412
1.140487
1.139561
1.138635
1.137708
1.136781
1.135854
1.134926
1.133999
1.133073
1.132150
1.131232
1.130321
1.129418
1.128524
1.127638
1.126759
1.125887
1.125020
1.124157
1.123297
1.122439
1.121582
1.120725
1.119869
1.119014
1.118159
1.117305
1.116451
1.115596
1.114742
1.113888
1.113034
1.112181
1.111328
1.110475
1.109624
1.108775
1.107927
1.107082
1.106242
1.105405
1.104572
1.103743
1.102918
1.102097
1.101278
1.100460
1.099645
1.098830
1.098015
1.097201
1.096388
1.095575
1.094762
1.093950
1.093138
1.092327
1.091517
1.090707
1.089898
1.089090
1.088284
1.087481
1.086682
1.085888
1.085100
1.084320
1.083548
1.082785
1.082031
1.081284
1.080541
1.079801
1.079063
1.078327
1.077591
1.076856
1.076121
1.075386
1.074650
1.073915
1.073180
1.072444
1.071708
1.070972
1.070235
1.069499
1.068762
1.068025
1.067289
1.066554
1.065822
1.065093
1.064368
1.063647
1.062931
1.062218
1.061510
1.060804
1.060100
1.059398
1.058696
1.057995
1.057294
1.056593
1.055892
1.055191
1.054490
1.053789
1.053088
1.052388
1.051688
1.050988
1.050289
1.049591
1.048895
1.048200
1.047509
1.046820
1.046134
1.045451
1.044773
1.044099
1.043432
1.042770
1.042114
1.041463
1.040814
1.040167
1.039520
1.038874
1.038227
1.037581
1.036934
1.036288
1.035641
1.034995
1.034348
1.033701
1.033055
1.032408
1.031762
1.031115
1.030469
1.029824
1.029181
1.028540
1.027905
1.027277
1.026654
1.026037
1.025424
1.024813
1.024204
1.023594
1.022986
1.022377
1.021769
1.021162
1.020554
1.019948
1.019342
1.018736
1.018130
1.017525
1.016920
1.016316
1.015712
1.015109
1.014507
1.013908
1.013311
1.012717
1.012127
1.011543
1.010965
1.010395
1.009831
1.009274
1.008721
1.008171
1.007623
1.007076
1.006529
1.005985
1.005441
1.004898
1.004355
1.003813
1.003270
1.002728
1.002185
1.001642
1.001100
1.000557
1.000015
0.999472
0.998931
0.998389
0.997848
0.997307
0.996766
0.996226
0.995688
0.995152
0.994619
0.994087
0.993557
0.993028
0.992500
0.991971
0.991443
0.990914
0.990386
0.989857
0.989329
0.988800
0.988271
0.987742
0.987213
0.986683
0.986154
0.985624
0.985095
0.984567
0.984040
0.983515
0.982994
0.982478
0.981967
0.981460
0.980958
0.980457
0.979959
0.979463
0.978969
0.978479
0.977992
0.977508
0.977027
0.976547
0.976067
0.975588
0.975108
0.974628
0.974148
0.973668
0.973187
0.972707
0.972227
0.971747
0.971269
0.970793
0.970318
0.969846
0.969375
0.968904
0.968435
0.967967
0.967502
0.967039
0.966580
0.966124
0.965671
0.965221
0.964772
0.964324
0.963878
0.963431
0.962985
0.962538
0.962092
0.961646
0.961199
0.960752
0.960305
0.959859
0.959412
0.958966
0.958520
0.958075
0.957631
0.957188
0.956745
0.956303
0.955861
0.955419
0.954979
0.954542
0.954107
0.953675
0.953244
0.952815
0.952387
0.951959
0.951531
0.951104
0.950677
0.950251
0.949825
0.949400
0.948975
0.948551
0.948128
0.947705
0.947284
0.946864
0.946446
0.946030
0.945617
0.945207
0.944799
0.944392
0.943986
0.943581
0.943178
0.942777
0.942378
0.941983
0.941590
0.941199
0.940810
0.940422
0.940034
0.939648
0.939261
0.938875
0.938488
0.938102
0.937716
0.937330
0.936943
0.936557
0.936172
0.935786
0.935403
0.935021
0.934642
0.934267
0.933895
0.933527
0.933162
0.932799
0.932439
0.932081
0.931723
0.931365
0.931008
0.930651
0.930296
0.929941
0.929586
0.929233
0.928880
0.928528
0.928176
0.927824
0.927472
0.927120
0.926769
0.926419
0.926071
0.925723
0.925377
0.925032
0.924687
0.924343
0.924000
0.923656
0.923313
0.922971
0.922629
0.922288
0.921949
0.921612
0.921277
0.920943
0.920609
0.920277
0.919944
0.919612
0.919279
0.918947
0.918615
0.918283
0.917951
0.917620
0.917289
0.916957
0.916626
0.916295
0.915964
0.915633
0.915303
0.914972
0.914642
0.914314
0.913988
0.913664
0.913343
0.913023
0.912705
0.912388
0.912072
0.911756
0.911440
0.911125
0.910809
0.910494
0.910179
0.909864
0.909549
0.909234
0.908919
0.908604
0.908289
0.907975
0.907660
0.907346
0.907033
0.906721
0.906412
0.906106
0.905803
0.905505
0.905210
0.904920
0.904634
0.904351
0.904069
0.903788
0.903507
0.903226
0.902945
0.902664
0.902384
0.902103
0.901822
0.901541
0.901261
0.900980
0.900698
0.900417
0.900137
0.899855
0.899574
0.899293
0.899012
0.898730
0.898449
0.898167
0.897885
0.897603
0.897321
0.897038
0.896755
0.896471
0.896188
0.895904
0.895620
0.895336
0.895052
0.894768
0.894485
0.894202
0.893919
0.893637
0.893355
0.893074
0.892794
0.892515
0.892236
0.891957
0.891679
0.891400
0.891122
0.890844
0.890566
0.890289
0.890013
0.889740
0.889471
0.889208
0.888950
0.888697
0.888447
0.888198
0.887950
0.887702
0.887454
0.887207
0.886959
0.886711
0.886463
0.886216
0.885968
0.885722
0.885476
0.885232
0.884989
0.884748
0.884508
0.884268
0.884028
0.883789
0.883549
0.883310
0.883071
0.882832
0.882592
0.882353
0.882114
0.881876
0.881638
0.881401
0.881165
0.880930
0.880696
0.880463
0.880230
0.879998
0.879766
0.879534
0.879302
0.879070
0.878838
0.878606
0.878375
0.878144
0.877914
0.877685
0.877458
0.877232
0.877009
0.876788
0.876569
0.876352
0.876137
0.875922
0.875707
0.875492
0.875278
0.875063
0.874849
0.874634
0.874420
0.874205
0.873991
0.873777
0.873564
0.873352
0.873142
0.872933
0.872726
0.872520
0.872314
0.872109
0.871905
0.871701
0.871497
0.871293
0.871089
0.870885
0.870681
0.870477
0.870273
0.870069
0.869865
0.869661
0.869459
0.869258
0.869059
0.868862
0.868667
0.868472
0.868279
0.868086
0.867893
0.867701
0.867509
0.867317
0.867125
0.866932
0.866740
0.866548
0.866356
0.866163
0.865971
0.865780
0.865589
0.865399
0.865211
0.865025
0.864840
0.864657
0.864475
0.864295
0.864116
0.863938
0.863759
0.863581
0.863403
0.863224
0.863046
0.862868
0.862690
0.862511
0.862333
0.862155
0.861977
0.861799
0.861620
0.861442
0.861264
0.861086
0.860908
0.860730
0.860552
0.860375
0.860197
0.860019
0.859841
0.859663
0.859486
0.859308
0.859130
0.858952
0.858775
0.858597
0.858419
0.858242
0.858064
0.857886
0.857709
0.857532
0.857356
0.857181
0.857007
0.856835
0.856667
0.856501
0.856337
0.856174
0.856012
0.855850
0.855688
0.855527
0.855365
0.855203
0.855042
0.854880
0.854718
0.854556
0.854394
0.854233
0.854071
0.853909
0.853747
0.853586
0.853424
0.853264
0.853105
0.852949
0.852796
0.852646
0.852500
0.852356
0.852213
0.852071
0.851930
0.851789
0.851648
0.851507
0.851365
0.851224
0.851083
0.850942
0.850801
0.850660
0.850519
0.850378
0.850237
0.850096
0.849955
0.849814
0.849673
0.849532
0.849391
0.849250
0.849109
0.848969
0.848829
0.848690
0.848551
0.848413
0.848276
0.848139
0.848001
0.847865
0.847728
0.847591
0.847454
0.847317
0.847180
0.847043
0.846906
0.846769
0.846632
0.846495
0.846359
0.846222
0.846085
0.845948
0.845811
0.845674
0.845538
0.845401
0.845264
0.845129
0.844994
0.844860
0.844728
0.844598
0.844469
0.844342
0.844217
0.844092
0.843969
0.843845
0.843722
0.843598
0.843475
0.843352
0.843228
0.843105
0.842982
0.842858
0.842735
0.842611
0.842488
0.842365
0.842241
0.842118
0.841994
0.841871
0.841748
0.841624
0.841501
0.841378
0.841254
0.841131
0.841009
0.840886
0.840765
0.840644
0.840524
0.840405
0.840288
0.840171
0.840055
0.839939
0.839823
0.839708
0.839592
0.839476
0.839361
0.839245
0.839129
0.839013
0.838898
0.838782
0.838666
0.838550
0.838435
0.838319
0.838203
0.838087
0.837971
0.837856
0.837740
0.837624
0.837509
0.837393
0.837277
0.837162
0.837047
0.836933
0.836821
0.836712
0.836605
0.836501
0.836400
0.836302
0.836206
0.836113
0.836021
0.835929
0.835837
0.835746
0.835654
0.835563
0.835472
0.835380
0.835289
0.835197
0.835106
0.835014
0.834923
0.834831
0.834740
0.834648
0.834557
0.834465
0.834374
0.834282
0.834191
0.834099
0.834008
0.833916
0.833825
0.833733
0.833642
0.833550
0.833459
0.833368
0.833276
0.833184
0.833093
0.833001
0.832910
0.832819
0.832728
0.832638
0.832549
0.832461
0.832373
0.832286
0.832200
0.832115
0.832030
0.831945
0.831860
0.831775
0.831691
0.831606
0.831521
0.831437
0.831352
0.831267
0.831183
0.831098
0.831013
0.830929
0.830844
0.830759
0.830675
0.830590
0.830505
0.830421
0.830336
0.830251
0.830166
0.830082
0.829997
0.829912
0.829828
0.829743
0.829658
0.829574
0.829489
0.829404
0.829320
0.829235
0.829151
0.829066
0.828981
0.828896
0.828812
0.828727
0.828642
0.828556
0.828471
0.828385
0.828298
0.828212
0.828125
0.828037
0.827950
0.827862
0.827775
0.827687
0.827599
0.827512
0.827424
0.827336
0.827249
0.827161
0.827073
0.826986
0.826898
0.826811
0.826723
0.826635
0.826548
0.826460
0.826372
0.826285
0.826197
0.826110
0.826022
0.825934
0.825847
0.825759
0.825671
0.825584
0.825496
0.825408
0.825321
0.825233
0.825145
0.825058
0.824970
0.824883
0.824795
0.824708
0.824621
0.824535
0.824452
0.824372
0.824296
0.824224
0.824156
0.824089
0.824022
0.823957
0.823891
0.823825
0.823760
0.823694
0.823628
0.823563
0.823497
0.823431
0.823366
0.823300
0.823234
0.823169
0.823103
0.823037
0.822972
0.822906
0.822840
0.822775
0.822709
0.822643
0.822578
0.822512
0.822446
0.822381
0.822315
0.822249
0.822184
0.822118
0.822052
0.821986
0.821921
0.821855
0.821789
0.821724
0.821658
0.821592
0.821527
0.821461
0.821396
0.821330
0.821264
0.821199
0.821133
0.821067
0.821002
0.820936
0.820870
0.820804
0.820739
0.820673
0.820608
0.820543
0.820479
0.820416
0.820356
0.820298
0.820241
0.820187
0.820135
0.820084
0.820034
0.819985
0.819936
0.819887
0.819839
0.819790
0.819741
0.819693
0.819644
0.819595
0.819547
0.819498
0.819449
0.819401
0.819352
0.819303
0.819255
0.819206
0.819157
0.819109
0.819060
0.819011
0.818962
0.818914
0.818865
0.818816
0.818768
0.818719
0.818670
0.818622
0.818573
0.818524
0.818476
0.818427
0.818378
0.818330
0.818281
0.818232
0.818183
0.818135
0.818086
0.818037
0.817989
0.817940
0.817891
0.817843
0.817794
0.817745
0.817697
0.817648
0.817599
0.817551
0.817502
0.817453
0.817404
0.817356
0.817307
0.817258
0.817210
0.817161
0.817112
0.817064
0.817015
0.816966
0.816918
0.816869
0.816820
0.816772
0.816723
0.816674
0.816626
0.816577
0.816528
0.816479
0.816431
0.816382
0.816334
0.816286
0.816239
0.816192
0.816147
0.816102
0.816057
0.816012
0.815968
0.815923
0.815879
0.815835
0.815790
0.815746
0.815702
0.815657
0.815613
0.815569
0.815524
0.815480
0.815436
0.815392
0.815347
0.815303
0.815258
0.815214
0.815170
0.815125
0.815081
0.815037
0.814993
0.814948
0.814904
0.814859
0.814815
0.814771
0.814727
0.814682
0.814638
0.814593
0.814549
0.814505
0.814461
0.814416
0.814372
0.814328
0.814283
0.814239
0.814195
0.814150
0.814106
0.814062
0.814017
0.813973
0.813929
0.813884
0.813840
0.813796
0.813751
0.813707
0.813663
0.813618
0.813574
0.813530
0.813485
0.813441
0.813397
0.813352
0.813308
0.813264
0.813219
0.813175
0.813131
0.813086
0.813042
0.812998
0.812953
0.812909
0.812865
0.812821
0.812776
0.812732
0.812688
0.812643
0.812599
0.812554
0.812510
0.812466
0.812422
0.812378
0.812334
0.812291
0.812248
0.812207
0.812168
0.812131
0.812097
0.812065
0.812034
0.812004
0.811974
0.811944
0.811914
0.811884
0.811855
0.811825
0.811795
0.811765
0.811735
0.811706
0.811676
0.811646
0.811616
0.811586
0.811557
0.811527
0.811497
0.811467
0.811437
0.811408
0.811378
0.811348
0.811318
0.811288
0.811259
0.811229
0.811199
0.811169
0.811140
0.811110
0.811080
0.811050
0.811020
0.810991
0.810961
0.810931
0.810901
0.810871
0.810842
0.810812
0.810782
0.810752
0.810723
0.810693
0.810663
0.810633
0.810603
0.810574
0.810544
0.810514
0.810484
0.810454
0.810425
0.810395
0.810365
0.810335
0.810306
0.810276
0.810246
0.810216
0.810186
0.810156
0.810127
0.810097
0.810067
0.810037
0.810007
0.809978
0.809948
0.809918
0.809888
0.809859
0.809829
0.809799
0.809769
0.809739
0.809710
0.809680
0.809650
0.809620
0.809590
0.809561
0.809531
0.809501
0.809471
0.809442
0.809412
0.809382
0.809352
0.809322
0.809293
0.809263
0.809233
0.809203
0.809173
0.809144
0.809114
0.809084
0.809054
0.809024
0.808995
0.808965
0.808935
0.808905
0.808875
0.808846
0.808816
0.808786
0.808756
0.808727
0.808697
0.808667
0.808637
0.808607
0.808578
0.808548
0.808518
0.808488
0.808458
0.808429
0.808399
0.808369
0.808339
0.808310
0.808280
0.808250
0.808221
0.808192
0.808164
0.808137
0.808111
0.808087
0.808065
0.808045
0.808027
0.808009
0.807992
0.807975
0.807958
0.807941
0.807925
0.807908
0.807891
0.807874
0.807857
0.807840
0.807823
0.807806
0.807789
0.807772
0.807755
0.807738
0.807721
0.807704
0.807687
0.807670
0.807654
0.807637
0.807620
0.807603
0.807586
0.807569
0.807552
0.807535
0.807518
0.807501
0.807484
0.807467
0.807450
0.807434
0.807417
0.807400
0.807383
0.807366
0.807349
0.807332
0.807315
0.807298
0.807281
0.807264
0.807247
0.807230
0.807214
0.807196
0.807180
0.807163
0.807146
0.807129
0.807112
0.807095
0.807078
0.807061
0.807044
0.807027
0.807010
0.806993
0.806976
0.806960
0.806943
0.806926
0.806909
0.806892
0.806875
0.806858
0.806841
0.806824
0.806807
0.806790
0.806773
0.806756
0.806739
0.806723
0.806706
0.806689
0.806672
0.806655
0.806638
0.806621
0.806604
0.806587
0.806570
0.806553
0.806536
0.806519
0.806502
0.806485
0.806469
0.806452
0.806435
0.806418
0.806401
0.806384
0.806367
0.806350
0.806333
0.806316
0.806299
0.806282
0.806265
0.806249
0.806232
0.806215
0.806198
0.806181
0.806164
0.806147
0.806130
0.806113
0.806096
0.806079
0.806062
0.806045
0.806029
0.806011
0.805995
0.805978
0.805961
0.805944
0.805927
0.805910
0.805893
0.805876
0.805859
0.805842
0.805825
0.805808
0.805791
0.805775
0.805758
0.805741
0.805724
0.805707
0.805690
0.805673
0.805656
0.805639
0.805622
0.805605
0.805588
0.805571
0.805554
0.805538
0.805521
0.805504
0.805487
0.805470
0.805453
0.805436
0.805419
0.805402
0.805385
0.805368
0.805351
0.805334
0.805317
0.805300
0.805284
0.805267
0.805250
0.805233
0.805216
0.805199
0.805182
0.805165
0.805148
0.805131
0.805114
0.805097
0.805080
0.805064
0.805047
0.805030
0.805013
0.804996
0.804979
0.804962
0.804945
0.804928
0.804911
0.804894
0.804877
0.804860
0.804844
0.804827
0.804810
0.804793
0.804776
0.804759
0.804742
0.804725
0.804708
0.804691
0.804674
0.804657
0.804640
0.804624
0.804607
0.804590
0.804573
0.804556
0.804539
0.804522
0.804505
0.804488
0.804471
0.804454
0.804437
0.804420
0.804403
0.804386
0.804369
0.804353
0.804336
0.804319
0.804302
0.804285
0.804268
0.804251
0.804234
0.804217
0.804200
0.804183
0.804166
0.804149
0.804133
0.804116
0.804099
0.804083
0.804067
0.804053
0.804040
0.804028
0.804017
0.804007
0.803998
0.803990
0.803983
0.803975
0.803968
0.803961
0.803953
0.803946
0.803939
0.803932
0.803925
0.803917
0.803910
0.803903
0.803896
0.803889
0.803881
0.803874
0.803867
0.803859
0.803852
0.803845
0.803838
0.803831
0.803823
0.803816
0.803809
0.803802
0.803794
0.803787
0.803780
0.803773
0.803766
0.803758
0.803751
0.803744
0.803737
0.803729
0.803722
0.803715
0.803708
0.803700
0.803693
0.803686
0.803679
0.803671
0.803664
0.803657
0.803650
0.803643
0.803635
0.803628
0.803621
0.803614
0.803606
0.803599
0.803592
0.803585
0.803577
0.803570
0.803563
0.803556
0.803549
0.803541
0.803534
0.803527
0.803520
0.803512
0.803505
0.803498
0.803491
0.803484
0.803476
0.803469
0.803462
0.803455
0.803447
0.803440
0.803433
0.803426
0.803418
0.803411
0.803404
0.803397
0.803389
0.803382
0.803375
0.803368
0.803361
0.803353
0.803346
0.803339
0.803332
0.803324
0.803317
0.803310
0.803303
0.803295
0.803288
0.803281
0.803274
0.803266
0.803259
0.803252
0.803245
0.803238
0.803230
0.803223
0.803216
0.803209
0.803201
0.803194
0.803187
0.803180
0.803172
0.803165
0.803158
0.803151
0.803144
0.803136
0.803129
0.803122
0.803115
0.803107
0.803100
0.803093
0.803086
0.803079
0.803071
0.803064
0.803057
0.803049
0.803042
0.803035
0.803028
0.803021
0.803013
0.803006
0.802999
0.802992
0.802984
0.802977
0.802970
0.802963
0.802956
0.802948
0.802941
0.802934
0.802927
0.802919
0.802912
0.802905
0.802898
0.802890
0.802883
0.802876
0.802869
0.802862
0.802854
0.802847
0.802840
0.802833
0.802825
0.802818
0.802811
0.802804
0.802796
0.802789
0.802782
0.802775
0.802767
0.802760
0.802753
0.802746
0.802739
0.802731
0.802724
0.802717
0.802710
0.802702
0.802695
0.802688
0.802681
0.802674
0.802666
0.802659
0.802652
0.802644
0.802637
0.802630
0.802623
0.802616
0.802608
0.802601
0.802594
0.802587
0.802580
0.802572
0.802565
0.802558
0.802551
0.802543
0.802536
0.802529
0.802522
0.802514
0.802507
0.802500
0.802493
0.802485
0.802478
0.802471
0.802464
0.802457
0.802449
0.802442
0.802435
0.802428
0.802420
0.802413
0.802406
0.802399
0.802392
0.802384
0.802377
0.802370
0.802362
0.802355
0.802348
0.802341
0.802334
0.802326
0.802319
0.802312
0.802305
0.802297
0.802290
0.802283
0.802276
0.802269
0.802261
0.802254
0.802247
0.802240
0.802232
0.802225
0.802218
0.802211
0.802203
0.802196
0.802189
0.802182
0.802175
0.802167
0.802160
0.802153
0.802146
0.802138
0.802131
0.802124
0.802117
0.802109
0.802102
0.802095
0.802088
0.802080
0.802073
0.802066
0.802059
0.802052
0.802044
0.802037
0.802030
0.802023
0.802015
0.802008
0.802001
0.801994
0.801986
0.801979
0.801972
0.801965
0.801957
0.801950
0.801943
0.801936
0.801929
0.801921
0.801914
0.801907
0.801900
0.801892
0.801885
0.801878
0.801871
0.801863
0.801856
0.801849
0.801842
0.801835
0.801827
0.801820
0.801813
0.801806
0.801798
0.801791
0.801784
0.801777
0.801770
0.801762
0.801755
0.801748
0.801741
0.801733
0.801726
0.801719
0.801712
0.801704
0.801697
0.801690
0.801683
0.801675
0.801668
0.801661
0.801654
0.801647
0.801639
0.801632
0.801625
0.801618
0.801610
0.801603
0.801596
0.801589
0.801581
0.801574
0.801567
0.801560
0.801553
0.801545
0.801538
0.801531
0.801524
0.801516
0.801509
0.801502
0.801495
0.801487
0.801480
0.801473
0.801466
0.801458
0.801451
0.801444
0.801437
0.801430
0.801422
0.801415
0.801408
0.801401
0.801393
0.801386
0.801379
0.801372
0.801364
0.801357
0.801350
0.801343
0.801335
0.801328
0.801321
0.801314
0.801307
0.801299
0.801292
0.801285
0.801278
0.801270
0.801263
0.801256
0.801249
0.801241
0.801234
0.801227
0.801220
0.801212
0.801205
0.801198
0.801191
0.801184
0.801176
0.801169
0.801162
0.801155
0.801147
0.801140
0.801133
0.801126
0.801118
0.801111
0.801104
0.801097
0.801090
0.801082
0.801075
0.801068
0.801061
0.801053
0.801046
0.801039
0.801032
0.801025
0.801017
0.801010
0.801003
0.800996
0.800988
0.800981
0.800974
0.800967
0.800959
0.800952
0.800945
0.800938
0.800930
0.800923
0.800916
0.800909
0.800902
0.800894
0.800887
0.800880
0.800873
0.800865
0.800858
0.800851
0.800844
0.800836
0.800829
0.800822
0.800815
0.800808
0.800800
0.800793
0.800786
0.800779
0.800771
0.800764
0.800757
0.800750
0.800742
0.800735
0.800728
0.800721
0.800713
0.800706
0.800699
0.800692
0.800685
0.800677
0.800670
0.800663
0.800656
0.800648
0.800641
0.800634
0.800627
0.800620
0.800612
0.800605
0.800598
0.800591
0.800583
0.800576
0.800569
0.800562
0.800554
0.800547
0.800540
0.800533
0.800526
0.800518
0.800511
0.800504
0.800497
0.800489
0.800482
0.800475
0.800468
0.800460
0.800453
0.800446
0.800439
0.800431
0.800424
0.800417
0.800410
0.800403
0.800395
0.800388
0.800381
0.800374
0.800366
0.800359
0.800352
0.800345
0.800338
0.800330
0.800323
0.800316
0.800309
0.800301
0.800294
0.800287
0.800280
0.800272
0.800265
0.800258
0.800251
0.800243
0.800236
0.800229
0.800222
0.800215
0.800207
0.800200
0.800193
0.800186
0.800178
0.800171
0.800164
0.800157
0.800149
0.800142
0.800135
0.800128
0.800121
0.800113
0.800106
0.800099
0.800092
0.800084
0.800077
0.800070
0.800063
0.800055
0.800048
0.800041
0.800034
0.800027
0.800020
0.800014
0.800009
0.800005
0.800002
0.800001
0.800000
0.800000
0.800000
