0.800000
0.800057
0.800118
0.800186
0.800260
0.800338
0.800417
0.800496
0.800576
0.800656
0.800735
0.800815
0.800895
0.800974
0.801054
0.801134
0.801213
0.801293
0.801373
0.801452
0.801532
0.801612
0.801691
0.801771
0.801851
0.801930
0.802010
0.802090
0.802169
0.802249
0.802329
0.802408
0.802488
0.802568
0.802648
0.802727
0.802807
0.802887
0.802966
0.803046
0.803126
0.803205
0.803285
0.803365
0.803444
0.803524
0.803604
0.803683
0.803763
0.803843
0.803922
0.804002
0.804082
0.804161
0.804241
0.804319
0.804397
0.804472
0.804545
0.804615
0.804682
0.804746
0.804808
0.804868
0.804926
0.804984
0.805041
0.805099
0.805158
0.805218
0.805279
0.805343
0.805409
0.805478
0.805551
0.805627
0.805708
0.805793
0.805883
0.805979
0.806082
0.806190
0.806305
0.806427
0.806555
0.806690
0.806833
0.806982
0.807139
0.807302
0.807473
0.807651
0.807836
0.808028
0.808228
0.808434
0.808648
0.808868
0.809095
0.809330
0.809571
0.809818
0.810071
0.810330
0.810593
0.810861
0.811132
0.811407
0.811686
0.811969
0.812255
0.812546
0.812840
0.813139
0.813442
0.813750
0.814062
0.814379
0.814701
0.815028
0.815360
0.815699
0.816044
0.816394
0.816750
0.817110
0.817475
0.817843
0.818214
0.818588
0.818963
0.819339
0.819716
0.820093
0.820469
0.820843
0.821216
0.821588
0.821959
0.822329
0.822700
0.823071
0.823442
0.823813
0.824184
0.824552
0.824917
0.825278
0.825636
0.825992
0.826345
0.826696
0.827047
0.827397
0.827747
0.828097
0.828448
0.828800
0.829152
0.829507
0.829863
0.830221
0.830581
0.830945
0.831311
0.831681
0.832055
0.832432
0.832813
0.833199
0.833589
0.833986
0.834389
0.834800
0.835220
0.835649
0.836090
0.836541
0.837003
0.837476
0.837960
0.838454
0.838958
0.839471
0.839993
0.840523
0.841059
0.841602
0.842150
0.842704
0.843264
0.843832
0.844407
0.844991
0.845585
0.846190
0.846805
0.847434
0.848076
0.848733
0.849404
0.850089
0.850789
0.851503
0.852232
0.852976
0.853734
0.854509
0.855299
0.856103
0.856920
0.857745
0.858574
0.859402
0.860232
0.861069
0.861918
0.862786
0.863675
0.864588
0.865524
0.866482
0.867464
0.868467
0.869494
0.870544
0.871619
0.872719
0.873846
0.875000
0.876182
0.877393
0.878633
0.879901
0.881199
0.882526
0.883882
0.885269
0.886687
0.888136
0.889616
0.891128
0.892672
0.894247
0.895854
0.897495
0.899168
0.900875
0.902616
0.904391
0.906202
0.908049
0.909934
0.911858
0.913825
0.915835
0.917889
0.919981
0.922107
0.924258
0.926429
0.928616
0.930817
0.933033
0.935265
0.937516
0.939787
0.942081
0.944400
0.946743
0.949111
0.951502
0.953915
0.956349
0.958803
0.961279
0.963776
0.966296
0.968840
0.971409
0.974004
0.976625
0.979272
0.981948
0.984652
0.987384
0.990146
0.992937
0.995757
0.998605
1.001479
1.004380
1.007316
1.010297
1.013338
1.016448
1.019630
1.022882
1.026200
1.029583
1.033026
1.036531
1.040096
1.043722
1.047408
1.051155
1.054962
1.058830
1.062759
1.066750
1.070802
1.074915
1.079090
1.083326
1.087624
1.091984
1.096406
1.100891
1.105439
1.110050
1.114725
1.119465
1.124270
1.129142
1.134081
1.139088
1.144165
1.149311
1.154528
1.159817
1.165178
1.170612
1.176120
1.181700
1.187350
1.193066
1.198845
1.204682
1.210578
1.216535
1.222560
1.228657
1.234829
1.241080
1.247409
1.253817
1.260302
1.266862
1.273499
1.280210
1.286998
1.293865
1.300813
1.307845
1.314963
1.322169
1.329466
1.336855
1.344336
1.351909
1.359576
1.367338
1.375196
1.383151
1.391204
1.399358
1.407613
1.415973
1.424437
1.433009
1.441691
1.450489
1.459409
1.468451
1.477617
1.486901
1.496301
1.505815
1.515441
1.525182
1.535039
1.545014
1.555112
1.565337
1.575696
1.586192
1.596822
1.607577
1.618445
1.629416
1.640490
1.651667
1.662955
1.674360
1.685889
1.697546
1.709336
1.721263
1.733330
1.745540
1.757895
1.770394
1.783040
1.795834
1.808775
1.821866
1.835110
1.848508
1.862063
1.875777
1.889649
1.903680
1.917868
1.932209
1.946701
1.961343
1.976132
1.991069
2.006154
2.021388
2.036769
2.052300
2.067981
2.083811
2.099791
2.115922
2.132203
2.148633
2.165213
2.181942
2.198820
2.215845
2.233019
2.250343
2.267819
2.285449
2.303234
2.321174
2.339270
2.357519
2.375919
2.394466
2.413158
2.431990
2.450961
2.470068
2.489309
2.508682
2.528184
2.547814
2.567570
2.587449
2.607451
2.627574
2.647816
2.668176
2.688652
2.709243
2.729945
2.750760
2.771686
2.792726
2.813880
2.835148
2.856527
2.878011
2.899595
2.921278
2.943064
2.964962
2.986981
3.009127
3.031399
3.053795
3.076313
3.098952
3.121710
3.144584
3.167575
3.190681
3.213901
3.237235
3.260683
3.284245
3.307921
3.331711
3.355612
3.379624
3.403744
3.427968
3.452294
3.476721
3.501247
3.525872
3.550594
3.575415
3.600331
3.625343
3.650448
3.675645
3.700930
3.726303
3.751762
3.777305
3.802930
3.828637
3.854425
3.880290
3.906233
3.932252
3.958347
3.984514
4.010754
4.037063
4.063437
4.089871
4.116359
4.142895
4.169474
4.196090
4.222740
4.249421
4.276129
4.302863
4.329618
4.356393
4.383183
4.409986
4.436798
4.463616
4.490438
4.517262
4.544085
4.570907
4.597725
4.624540
4.651353
4.678164
4.704976
4.731789
4.758606
4.785425
4.812245
4.839064
4.865876
4.892677
4.919462
4.946227
4.972971
4.999690
5.026385
5.053057
5.079707
5.106336
5.132946
5.159536
5.186105
5.212654
5.239180
5.265682
5.292162
5.318616
5.345045
5.371447
5.397822
5.424168
5.450485
5.476773
5.503028
5.529252
5.555440
5.581593
5.607708
5.633782
5.659813
5.685801
5.711745
5.737644
5.763500
5.789310
5.815075
5.840795
5.866467
5.892092
5.917665
5.943186
5.968651
5.994058
6.019405
6.044691
6.069915
6.095074
6.120169
6.145201
6.170167
6.195067
6.219900
6.244666
6.269362
6.293988
6.318544
6.343027
6.367437
6.391775
6.416041
6.440236
6.464361
6.488418
6.512408
6.536333
6.560193
6.583988
6.607720
6.631386
6.654988
6.678525
6.701996
6.725401
6.748739
6.772010
6.795212
6.818345
6.841409
6.864402
6.887325
6.910177
6.932957
6.955664
6.978298
7.000859
7.023344
7.045754
7.068088
7.090343
7.112519
7.134615
7.156630
7.178563
7.200415
7.222184
7.243870
7.265472
7.286989
7.308420
7.329763
7.351017
7.372183
7.393258
7.414242
7.435134
7.455933
7.476636
7.497244
7.517752
7.538160
7.558466
7.578667
7.598763
7.618751
7.638629
7.658398
7.678055
7.697601
7.717032
7.736349
7.755550
7.774635
7.793603
7.812451
7.831179
7.849786
7.868270
7.886630
7.904864
7.922972
7.940952
7.958805
7.976531
7.994130
8.011600
8.028943
8.046158
8.063245
8.080204
8.097033
8.113734
8.130304
8.146746
8.163057
8.179236
8.195284
8.211200
8.226984
8.242636
8.258156
8.273544
8.288801
8.303925
8.318919
8.333782
8.348514
8.363117
8.377590
8.391935
8.406152
8.420242
8.434203
8.448037
8.461744
8.475324
8.488778
8.502105
8.515306
8.528381
8.541331
8.554156
8.566858
8.579436
8.591891
8.604224
8.616435
8.628524
8.640492
8.652339
8.664065
8.675673
8.687162
8.698533
8.709788
8.720927
8.731951
8.742861
8.753658
8.764343
8.774917
8.785383
8.795740
8.805991
8.816136
8.826177
8.836114
8.845947
8.855676
8.865300
8.874818
8.884230
8.893536
8.902734
8.911827
8.920813
8.929693
8.938469
8.947140
8.955708
8.964174
8.972538
8.980803
8.988967
8.997033
9.005001
9.012871
9.020644
9.028323
9.035907
9.043397
9.050796
9.058104
9.065323
9.072454
9.079498
9.086457
9.093332
9.100125
9.106835
9.113464
9.120012
9.126480
9.132868
9.139177
9.145409
9.151562
9.157639
9.163639
9.169561
9.175407
9.181176
9.186869
9.192487
9.198029
9.203498
9.208894
9.214218
9.219472
9.224655
9.229769
9.234813
9.239790
9.244698
9.249539
9.254313
9.259021
9.263663
9.268240
9.272754
9.277205
9.281593
9.285920
9.290186
9.294391
9.298534
9.302618
9.306640
9.310602
9.314505
9.318350
9.322136
9.325867
9.329542
9.333164
9.336732
9.340249
9.343714
9.347129
9.350493
9.353808
9.357074
9.360291
9.363461
9.366582
9.369658
9.372687
9.375671
9.378612
9.381511
9.384367
9.387184
9.389960
9.392698
9.395396
9.398057
9.400680
9.403265
9.405814
9.408328
9.410808
9.413253
9.415666
9.418046
9.420394
9.422711
9.424996
9.427249
9.429470
9.431659
9.433817
9.435943
9.438037
9.440100
9.442132
9.444132
9.446103
9.448043
9.449955
9.451837
9.453690
9.455516
9.457313
9.459084
9.460829
9.462549
9.464243
9.465911
9.467555
9.469174
9.470767
9.472335
9.473877
9.475396
9.476891
9.478362
9.479810
9.481235
9.482637
9.484016
9.485372
9.486705
9.488014
9.489301
9.490565
9.491807
9.493029
9.494231
9.495413
9.496576
9.497721
9.498848
9.499957
9.501049
9.502124
9.503181
9.504219
9.505240
9.506243
9.507228
9.508196
9.509147
9.510081
9.510998
9.511900
9.512785
9.513654
9.514507
9.515344
9.516166
9.516973
9.517764
9.518541
9.519302
9.520050
9.520783
9.521503
9.522210
9.522904
9.523585
9.524255
9.524913
9.525559
9.526193
9.526815
9.527426
9.528025
9.528613
9.529190
9.529756
9.530312
9.530857
9.531393
9.531920
9.532438
9.532947
9.533447
9.533938
9.534421
9.534896
9.535363
9.535822
9.536274
9.536719
9.537158
9.537591
9.538017
9.538438
9.538852
9.539260
9.539662
9.540058
9.540448
9.540831
9.541208
9.541579
9.541944
9.542302
9.542653
9.542999
9.543338
9.543672
9.544000
9.544323
9.544641
9.544952
9.545257
9.545556
9.545848
9.546134
9.546412
9.546684
9.546950
9.547209
9.547463
9.547710
9.547952
9.548189
9.548420
9.548645
9.548865
9.549079
9.549288
9.549491
9.549688
9.549879
9.550065
9.550246
9.550422
9.550594
9.550761
9.550924
9.551084
9.551240
9.551393
9.551543
9.551691
9.551837
9.551980
9.552120
9.552257
9.552391
9.552522
9.552649
9.552775
9.552897
9.553018
9.553137
9.553255
9.553373
9.553490
9.553607
9.553724
9.553841
9.553957
9.554074
9.554191
9.554309
9.554427
9.554546
9.554665
9.554786
9.554907
9.555029
9.555151
9.555273
9.555394
9.555514
9.555632
9.555748
9.555862
9.555973
9.556082
9.556189
9.556293
9.556394
9.556492
9.556588
9.556680
9.556770
9.556856
9.556940
9.557020
9.557097
9.557171
9.557241
9.557308
9.557372
9.557433
9.557490
9.557544
9.557594
9.557641
9.557685
9.557726
9.557763
9.557797
9.557829
9.557857
9.557882
9.557904
9.557924
9.557940
9.557954
9.557966
9.557975
9.557981
9.557986
9.557989
9.557989
9.557988
9.557986
9.557981
9.557976
9.557969
9.557962
9.557953
9.557944
9.557935
9.557926
9.557917
9.557908
9.557899
9.557892
9.557885
9.557879
9.557875
9.557872
9.557870
9.557869
9.557868
9.557868
9.557868
9.557868
9.557868
9.557868
9.557868
9.557868
9.557868
9.557868
9.557868
9.557868
9.557868
9.557868
9.557868
9.557868
9.557868
9.557868
9.557868
9.557868
9.557868
9.557868
9.557868
9.557868
9.557868
9.557868
9.557868
9.557868
9.557868
9.557868
9.557868
9.557868
9.557868
9.557868
9.557868
9.557868
9.557868
9.557868
9.557868
9.557868
9.557868
9.557868
9.557868
9.557868
9.557868
9.557868
9.557868
9.557868
9.557868
9.557868
9.557868
9.557868
9.557868
9.557868
9.557868
9.557868
9.557868
9.557868
9.557868
9.557868
9.557868
9.557868
9.557868
9.557868
9.557868
9.557868
9.557868
9.557868
9.557868
9.557868
9.557868
9.557868
9.557868
9.557868
9.557868
9.557868
9.557868
9.557868
9.557868
9.557868
9.557868
9.557868
9.557868
9.557868
9.557868
9.557868
9.557868
9.557868
9.557868
9.557868
9.557868
9.557868
9.557868
9.557868
9.557868
9.557868
9.557868
9.557868
9.557868
9.557868
9.557868
9.557868
9.557868
9.557868
9.557868
9.557868
9.557868
9.557868
9.557868
9.557868
9.557868
9.557868
9.557868
9.557868
9.557868
9.557868
9.557868
9.557868
9.557868
9.557868
9.557868
9.557868
9.557868
9.557868
9.557868
9.557868
9.557868
9.557868
9.557868
9.557868
9.557868
9.557868
9.557868
9.557868
9.557868
9.557868
9.557868
9.557868
9.557868
9.557868
9.557868
9.557868
9.557868
9.557868
9.557868
9.557868
9.557868
9.557868
9.557868
9.557868
9.557868
9.557868
9.557868
9.557868
9.557868
9.557868
9.557868
9.557868
9.557868
9.557868
9.557868
9.557868
9.557868
9.557868
9.557868
9.557868
9.557868
9.557868
9.557868
9.557868
9.557868
9.557868
9.557868
9.557868
9.557868
9.557868
9.557868
9.557868
9.557868
9.557868
9.557868
9.557868
9.557868
9.557868
9.557868
9.557868
9.557868
9.557868
9.557868
9.557868
9.557868
9.557868
9.557868
9.557868
9.557868
9.557868
9.557868
9.557868
9.557868
9.557868
9.557868
9.557868
9.557868
9.557868
9.557868
9.557868
9.557868
9.557868
9.557868
9.557868
9.557868
9.557868
9.557868
9.557868
9.557868
9.557868
9.557868
9.557868
9.557868
9.557868
9.557868
9.557868
9.557868
9.557868
9.557868
9.557868
9.557868
9.557868
9.557868
9.557868
9.557868
9.557868
9.557868
9.557868
9.557868
9.557868
9.557868
9.557868
9.557868
9.557868
9.557868
9.557868
9.557868
9.557868
9.557868
9.557868
9.557868
9.557868
9.557868
9.557868
9.557868
9.557868
9.557868
9.557868
9.557868
9.557868
9.557868
9.557868
9.557868
9.557868
9.557868
9.557868
9.557868
9.557868
9.557868
9.557868
9.557868
9.557868
9.557868
9.557868
9.557868
9.557868
9.557868
9.557868
9.557868
9.557868
9.557868
9.557868
9.557868
9.557868
9.557868
9.557868
9.557868
9.557868
9.557868
9.557868
9.557868
9.557868
9.557868
9.557868
9.557868
9.557868
9.557868
9.557868
9.557868
9.557868
9.557868
9.557868
9.557868
9.557868
9.557868
9.557868
9.557868
9.557868
9.557868
9.557868
9.557868
9.557868
9.557868
9.557868
9.557868
9.557868
9.557868
9.557868
9.557868
9.557868
9.557868
9.557868
9.557868
9.557868
9.557868
9.557868
9.557868
9.557868
9.557868
9.557868
9.557868
9.557868
9.557868
9.557868
9.557868
9.557868
9.557868
9.557868
9.557868
9.557868
9.557868
9.557868
9.557868
9.557868
9.557868
9.557868
9.557868
9.557868
9.557868
9.557868
9.557868
9.557868
9.557868
9.557868
9.557868
9.557868
9.557868
9.557868
9.557868
9.557868
9.557868
9.557868
9.557868
9.557868
9.557868
9.557868
9.557868
9.557868
9.557868
9.557868
9.557868
9.557868
9.557868
9.557868
9.557868
9.557868
9.557868
9.557868
9.557868
9.557868
9.557868
9.557868
9.557868
9.557868
9.557868
9.557868
9.557868
9.557868
9.557868
9.557868
9.557868
9.557868
9.557868
9.557868
9.557868
9.557868
9.557868
9.557868
9.557868
9.557868
9.557868
9.557868
9.557868
9.557868
9.557868
9.557868
9.557868
9.557868
9.557868
9.557868
9.557868
9.557868
9.557868
9.557868
9.557868
9.557868
9.557868
9.557868
9.557868
9.557868
9.557868
9.557868
9.557868
9.557868
9.557868
9.557868
9.557868
9.557868
9.557868
9.557868
9.557868
9.557868
9.557868
9.557868
9.557868
9.557868
9.557868
9.557868
9.557868
9.557868
9.557868
9.557868
9.557868
9.557868
9.557868
9.557868
9.557868
9.557868
9.557868
9.557868
9.557868
9.557868
9.557868
9.557868
9.557868
9.557868
9.557868
9.557868
9.557868
9.557868
9.557868
9.557868
9.557868
9.557868
9.557868
9.557868
9.557868
9.557868
9.557868
9.557868
9.557868
9.557868
9.557868
9.557868
9.557868
9.557868
9.557868
9.557868
9.557868
9.557868
9.557868
9.557868
9.557868
9.557868
9.557868
9.557868
9.557868
9.557868
9.557868
9.557868
9.557868
9.557868
9.557868
9.557868
9.557868
9.557868
9.557868
9.557868
9.557868
9.557868
9.557868
9.557868
9.557868
9.557868
9.557868
9.557868
9.557868
9.557868
9.557868
9.557868
9.557868
9.557868
9.557868
9.557868
9.557868
9.557868
9.557868
9.557868
9.557868
9.557868
9.557868
9.557868
9.557868
9.557868
9.557868
9.557868
9.557868
9.557868
9.557868
9.557868
9.557868
9.557868
9.557868
9.557868
9.557868
9.557868
9.557868
9.557868
9.557868
9.557868
9.557868
9.557868
9.557868
9.557868
9.557868
9.557868
9.557868
9.557868
9.557868
9.557868
9.557868
9.557868
9.557868
9.557868
9.557868
9.557868
9.557868
9.557868
9.557868
9.557868
9.557868
9.557868
9.557868
9.557868
9.557868
9.557868
9.557868
9.557868
9.557868
9.557868
9.557868
9.557868
9.557868
9.557868
9.557868
9.557868
9.557868
9.557868
9.557868
9.557868
9.557868
9.557868
9.557868
9.557868
9.557868
9.557868
9.557868
9.557868
9.557868
9.557868
9.557868
9.557868
9.557868
9.557868
9.557868
9.557868
9.557868
9.557868
9.557868
9.557868
9.557868
9.557868
9.557868
9.557868
9.557868
9.557868
9.557868
9.557868
9.557868
9.557868
9.557868
9.557868
9.557868
9.557868
9.557868
9.557868
9.557868
9.557868
9.557868
9.557868
9.557868
9.557868
9.557868
9.557868
9.557868
9.557868
9.557868
9.557868
9.557868
9.557868
9.557868
9.557868
9.557868
9.557868
9.557868
9.557868
9.557868
9.557868
9.557868
9.557868
9.557868
9.557868
9.557868
9.557868
9.557868
9.557868
9.557868
9.557868
9.557868
9.557868
9.557868
9.557868
9.557868
9.557868
9.557868
9.557868
9.557868
9.557868
9.557868
9.557868
9.557868
9.557868
9.557868
9.557868
9.557868
9.557868
9.557868
9.557868
9.557868
9.557868
9.557868
9.557868
9.557868
9.557868
9.557868
9.557868
9.557868
9.557868
9.557868
9.557868
9.557868
9.557868
9.557868
9.557868
9.557868
9.557868
9.557868
9.557868
9.557868
9.557868
9.557868
9.557868
9.557868
9.557868
9.557868
9.557868
9.557868
9.557868
9.557868
9.557868
9.557868
9.557868
9.557868
9.557868
9.557868
9.557868
9.557868
9.557868
9.557868
9.557868
9.557868
9.557868
9.557868
9.557868
9.557868
9.557868
9.557868
9.557868
9.557868
9.557868
9.557868
9.557868
9.557868
9.557868
9.557868
9.557868
9.557868
9.557868
9.557868
9.557868
9.557868
9.557868
9.557868
9.557868
9.557868
9.557868
9.557868
9.557868
9.557868
9.557868
9.557868
9.557868
9.557868
9.557868
9.557868
9.557868
9.557868
9.557868
9.557868
9.557868
9.557868
9.557868
9.557868
9.557868
9.557868
9.557868
9.557868
9.557868
9.557868
9.557868
9.557868
9.557868
9.557868
9.557868
9.557868
9.557868
9.557868
9.557868
9.557868
9.557868
9.557868
9.557868
9.557868
9.557868
9.557868
9.557868
9.557868
9.557868
9.557868
9.557868
9.557868
9.557868
9.557868
9.557868
9.557868
9.557868
9.557868
9.557868
9.557868
9.557868
9.557868
9.557868
9.557868
9.557868
9.557868
9.557868
9.557868
9.557868
9.557868
9.557868
9.557868
9.557868
9.557868
9.557868
9.557868
9.557868
9.557868
9.557868
9.557868
9.557868
9.557868
9.557868
9.557868
9.557868
9.557868
9.557868
9.557868
9.557868
9.557868
9.557868
9.557868
9.557868
9.557868
9.557868
9.557868
9.557868
9.557868
9.557868
9.557868
9.557868
9.557868
9.557868
9.557868
9.557868
9.557868
9.557868
9.557868
9.557868
9.557868
9.557868
9.557868
9.557868
9.557868
9.557868
9.557868
9.557868
9.557868
9.557868
9.557868
9.557868
9.557868
9.557868
9.557868
9.557868
9.557868
9.557868
9.557868
9.557868
9.557868
9.557868
9.557868
9.557868
9.557868
9.557868
9.557868
9.557868
9.557868
9.557868
9.557868
9.557868
9.557868
9.557868
9.557868
9.557868
9.557868
9.557868
9.557868
9.557868
9.557868
9.557868
9.557868
9.557868
9.557868
9.557868
9.557868
9.557868
9.557868
9.557868
9.557868
9.557868
9.557868
9.557868
9.557868
9.557868
9.557868
9.557868
9.557868
9.557868
9.557868
9.557868
9.557868
9.557868
9.557868
9.557868
9.557868
9.557868
9.557868
9.557868
9.557868
9.557868
9.557868
9.557868
9.557868
9.557868
9.557868
9.557868
9.557868
9.557868
9.557868
9.557868
9.557868
9.557868
9.557868
9.557868
9.557868
9.557868
9.557868
9.557868
9.557868
9.557868
9.557868
9.557868
9.557868
9.557868
9.557868
9.557868
9.557868
9.557868
9.557868
9.557868
9.557868
9.557868
9.557868
9.557868
9.557868
9.557868
9.557868
9.557868
9.557868
9.557868
9.557868
9.557868
9.557868
9.557868
9.557868
9.557868
9.557868
9.557868
9.557868
9.557868
9.557868
9.557868
9.557868
9.557868
9.557868
9.557868
9.557868
9.557868
9.557868
9.557868
9.557868
9.557868
9.557868
9.557868
9.557868
9.557868
9.557868
9.557868
9.557868
9.557868
9.557868
9.557868
9.557868
9.557868
9.557868
9.557868
9.557868
9.557868
9.557868
9.557868
9.557868
9.557868
9.557868
9.557868
9.557868
9.557868
9.557868
9.557868
9.557868
9.557868
9.557868
9.557868
9.557868
9.557868
9.557868
9.557868
9.557868
9.557868
9.557868
9.557868
9.557868
9.557868
9.557868
9.557868
9.557868
9.557868
9.557868
9.557868
9.557868
9.557868
9.557868
9.557868
9.557868
9.557868
9.557868
9.557868
9.557868
9.557868
9.557868
9.557868
9.557868
9.557868
9.557868
9.557868
9.557868
9.557868
9.557868
9.557868
9.557868
9.557868
9.557868
9.557868
9.557868
9.557868
9.557868
9.557868
9.557868
9.557868
9.557868
9.557868
9.557868
9.557868
9.557868
9.557868
9.557868
9.557868
9.557868
9.557868
9.557868
9.557868
9.557868
9.557868
9.557868
9.557868
9.557868
9.557868
9.557868
9.557868
9.557868
9.557868
9.557868
9.557868
9.557868
9.557868
9.557868
9.557868
9.557868
9.557868
9.557868
9.557868
9.557868
9.557868
9.557868
9.557868
9.557868
9.557868
9.557868
9.557868
9.557868
9.557868
9.557868
9.557868
9.557868
9.557868
9.557868
9.557868
9.557868
9.557868
9.557868
9.557868
9.557868
9.557868
9.557868
9.557868
9.557868
9.557868
9.557868
9.557868
9.557868
9.557868
9.557868
9.557868
9.557868
9.557868
9.557868
9.557868
9.557868
9.557868
9.557868
9.557868
9.557868
9.557868
9.557868
9.557868
9.557868
9.557868
9.557868
9.557868
9.557868
9.557868
9.557868
9.557868
9.557868
9.557868
9.557868
9.557868
9.557868
9.557868
9.557868
9.557868
9.557868
9.557868
9.557868
9.557868
9.557868
9.557868
9.557868
9.557868
9.557868
9.557868
9.557868
9.557868
9.557868
9.557868
9.557868
9.557868
9.557868
9.557868
9.557868
9.557868
9.557868
9.557868
9.557868
9.557868
9.557868
9.557868
9.557868
9.557868
9.557868
9.557868
9.557868
9.557868
9.557868
9.557868
9.557868
9.557868
9.557868
9.557868
9.557868
9.557868
9.557868
9.557868
9.557868
9.557868
9.557868
9.557868
9.557868
9.557868
9.557868
9.557868
9.557868
9.557868
9.557868
9.557868
9.557868
9.557868
9.557868
9.557868
9.557868
9.557868
9.557868
9.557868
9.557868
9.557868
9.557868
9.557868
9.557868
9.557868
9.557868
9.557868
9.557868
9.557868
9.557868
9.557868
9.557868
9.557868
9.557868
9.557868
9.557868
9.557868
9.557868
9.557868
9.557868
9.557868
9.557868
9.557868
9.557868
9.557868
9.557868
9.557868
9.557868
9.557868
9.557868
9.557868
9.557868
9.557868
9.557868
9.557868
9.557868
9.557868
9.557868
9.557868
9.557868
9.557868
9.557868
9.557868
9.557868
9.557868
9.557868
9.557868
9.557868
9.557868
9.557868
9.557868
9.557868
9.557868
9.557868
9.557868
9.557868
9.557868
9.557868
9.557868
9.557868
9.557868
9.557868
9.557868
9.557868
9.557868
9.557868
9.557868
9.557868
9.557868
9.557868
9.557868
9.557868
9.557868
9.557868
9.557868
9.557868
9.557868
9.557868
9.557868
9.557868
9.557868
9.557868
9.557868
9.557868
9.557868
9.557868
9.557868
9.557868
9.557868
9.557868
9.557868
9.557868
9.557868
9.557868
9.557868
9.557868
9.557868
9.557868
9.557868
9.557868
9.557868
9.557868
9.557868
9.557868
9.557868
9.557868
9.557868
9.557868
9.557868
9.557868
9.557868
9.557868
9.557868
9.557868
9.557868
9.557868
9.557868
9.557868
9.557868
9.557868
9.557868
9.557868
9.557868
9.557868
9.557868
9.557868
9.557868
9.557868
9.557868
9.557868
9.557868
9.557868
9.557868
9.557868
9.557868
9.557868
9.557868
9.557868
9.557868
9.557868
9.557868
9.557868
9.557868
9.557868
9.557868
9.557868
9.557868
9.557868
9.557868
9.557868
9.557868
9.557868
9.557868
9.557868
9.557868
9.557868
9.557868
9.557868
9.557868
9.557868
9.557868
9.557868
9.557868
9.557868
9.557868
9.557868
9.557868
9.557868
9.557868
9.557868
9.557868
9.557868
9.557868
9.557868
9.557868
9.557868
9.557868
9.557868
9.557868
9.557868
9.557868
9.557868
9.557868
9.557868
9.557868
9.557868
9.557868
9.557868
9.557868
9.557868
9.557868
9.557868
9.557868
9.557868
9.557868
9.557868
9.557868
9.557868
9.557868
9.557868
9.557868
9.557868
9.557868
9.557868
9.557868
9.557868
9.557868
9.557868
9.557868
9.557868
9.557868
9.557868
9.557868
9.557868
9.557868
9.557868
9.557868
9.557868
9.557868
9.557868
9.557868
9.557868
9.557868
9.557868
9.557868
9.557868
9.557868
9.557868
9.557868
9.557868
9.557868
9.557868
9.557868
9.557868
9.557868
9.557868
9.557868
9.557868
9.557868
9.557868
9.557868
9.557868
9.557868
9.557868
9.557868
9.557868
9.557868
9.557868
9.557868
9.557868
9.557868
9.557868
9.557868
9.557868
9.557868
9.557868
9.557868
9.557868
9.557868
9.557868
9.557868
9.557868
9.557868
9.557868
9.557868
9.557868
9.557868
9.557868
9.557868
9.557868
9.557868
9.557868
9.557868
9.557868
9.557868
9.557868
9.557868
9.557868
9.557868
9.557868
9.557868
9.557868
9.557868
9.557868
9.557868
9.557868
9.557868
9.557868
9.557868
9.557868
9.557868
9.557868
9.557868
9.557868
9.557868
9.557868
9.557868
9.557868
9.557868
9.557868
9.557868
9.557868
9.557868
9.557868
9.557868
9.557868
9.557868
9.557868
9.557868
9.557868
9.557868
9.557868
9.557868
9.557868
9.557868
9.557868
9.557868
9.557868
9.557868
9.557868
9.557868
9.557868
9.557868
9.557868
9.557868
9.557868
9.557868
9.557868
9.557868
9.557868
9.557868
9.557868
9.557868
9.557868
9.557868
9.557868
9.557868
9.557868
9.557868
9.557868
9.557868
9.557868
9.557868
9.557868
9.557868
9.557868
9.557868
9.557868
9.557868
9.557868
9.557868
9.557868
9.557868
9.557868
9.557868
9.557868
9.557868
9.557868
9.557868
9.557868
9.557868
9.557868
9.557868
9.557868
9.557868
9.557868
9.557868
9.557868
9.557868
9.557868
9.557868
9.557868
9.557868
9.557868
9.557868
9.557868
9.557868
9.557868
9.557868
9.557868
9.557868
9.557868
9.557868
9.557868
9.557868
9.557868
9.557868
9.557868
9.557868
9.557868
9.557868
9.557868
9.557868
9.557868
9.557868
9.557868
9.557868
9.557868
9.557868
9.557868
9.557868
9.557868
9.557868
9.557868
9.557868
9.557868
9.557868
9.557868
9.557868
9.557868
9.557868
9.557868
9.557868
9.557868
9.557868
9.557868
9.557868
9.557868
9.557868
9.557868
9.557868
9.557868
9.557868
9.557868
9.557868
9.557868
9.557868
9.557868
9.557868
9.557868
9.557868
9.557868
9.557868
9.557868
9.557868
9.557868
9.557868
9.557868
9.557868
9.557868
9.557868
9.557868
9.557868
9.557868
9.557868
9.557868
9.557868
9.557868
9.557868
9.557868
9.557868
9.557868
9.557868
9.557868
9.557868
9.557868
9.557868
9.557868
9.557868
9.557868
9.557868
9.557868
9.557868
9.557868
9.557868
9.557868
9.557868
9.557868
9.557868
9.557868
9.557868
9.557868
9.557868
9.557868
9.557868
9.557868
9.557868
9.557868
9.557868
9.557868
9.557868
9.557868
9.557868
9.557868
9.557868
9.557868
9.557868
9.557868
9.557868
9.557868
9.557868
9.557868
9.557868
9.557868
9.557868
9.557868
9.557868
9.557868
9.557868
9.557868
9.557868
9.557868
9.557868
9.557868
9.557868
9.557868
9.557868
9.557868
9.557868
9.557868
9.557868
9.557868
9.557868
9.557868
9.557868
9.557868
9.557868
9.557868
9.557868
9.557868
9.557868
9.557868
9.557868
9.557868
9.557868
9.557868
9.557868
9.557868
9.557868
9.557868
9.557868
9.557868
9.557868
9.557868
9.557868
9.557868
9.557868
9.557868
9.557868
9.557868
9.557868
9.557868
9.557868
9.557868
9.557868
9.557868
9.557868
9.557868
9.557868
9.557868
9.557868
9.557868
9.557868
9.557868
9.557868
9.557868
9.557868
9.557868
9.557868
9.557868
9.557868
9.557868
9.557868
9.557868
9.557868
9.557868
9.557868
9.557868
9.557868
9.557868
9.557868
9.557868
9.557868
9.557868
9.557868
9.557868
9.557868
9.557868
9.557868
9.557868
9.557868
9.557868
9.557868
9.557868
9.557868
9.557868
9.557868
9.557868
9.557868
9.557868
9.557868
9.557868
9.557868
9.557868
9.557868
9.557868
9.557868
9.557868
9.557868
9.557868
9.557868
9.557868
9.557868
9.557868
9.557868
9.557868
9.557868
9.557868
9.557868
9.557868
9.557868
9.557868
9.557868
9.557868
9.557868
9.557868
9.557868
9.557868
9.557868
9.557868
9.557868
9.557868
9.557868
9.557868
9.557868
9.557868
9.557868
9.557868
9.557868
9.557868
9.557868
9.557868
9.557868
9.557868
9.557868
9.557868
9.557868
9.557868
9.557868
9.557868
9.557868
9.557868
9.557868
9.557868
9.557868
9.557868
9.557868
9.557868
9.557868
9.557868
9.557868
9.557868
9.557868
9.557868
9.557868
9.557868
9.557868
9.557868
9.557868
9.557868
9.557868
9.557868
9.557868
9.557868
9.557868
9.557868
9.557868
9.557868
9.557868
9.557868
9.557868
9.557868
9.557868
9.557868
9.557868
9.557868
9.557868
9.557868
9.557868
9.557868
9.557868
9.557868
9.557868
9.557868
9.557868
9.557868
9.557868
9.557868
9.557868
9.557868
9.557868
9.557868
9.557868
9.557868
9.557868
9.557868
9.557868
9.557868
9.557868
9.557868
9.557868
9.557868
9.557868
9.557868
9.557868
9.557868
9.557868
9.557868
9.557868
9.557868
9.557868
9.557868
9.557868
9.557868
9.557868
9.557868
9.557868
9.557868
9.557868
9.557868
9.557868
9.557868
9.557868
9.557868
9.557868
9.557868
9.557868
9.557868
9.557868
9.557868
9.557868
9.557868
9.557868
9.557868
9.557868
9.557868
9.557868
9.557868
9.557868
9.557868
9.557868
9.557868
9.557868
9.557868
9.557868
9.557868
9.557868
9.557868
9.557868
9.557868
9.557868
9.557868
9.557868
9.557868
9.557868
9.557868
9.557868
9.557868
9.557868
9.557868
9.557868
9.557868
9.557868
9.557868
9.557868
9.557868
9.557868
9.557868
9.557868
9.557868
9.557868
9.557868
9.557868
9.557868
9.557868
9.557868
9.557868
9.557868
9.557868
9.557868
9.557868
9.557868
9.557868
9.557868
9.557868
9.557868
9.557868
9.557868
9.557868
9.557868
9.557868
9.557868
9.557868
9.557868
9.557868
9.557868
9.557868
9.557868
9.557868
9.557868
9.557868
9.557868
9.557868
9.557868
9.557868
9.557868
9.557868
9.557868
9.557868
9.557868
9.557868
9.557868
9.557868
9.557868
9.557868
9.557868
9.557868
9.557868
9.557868
9.557868
9.557868
9.557868
9.557868
9.557868
9.557868
9.557868
9.557868
9.557868
9.557868
9.557868
9.557868
9.557868
9.557868
9.557868
9.557868
9.557868
9.557868
9.557868
9.557868
9.557868
9.557868
9.557868
9.557868
9.557868
9.557868
9.557868
9.557868
9.557868
9.557868
9.557868
9.557868
9.557868
9.557868
9.557868
9.557868
9.557868
9.557868
9.557868
9.557868
9.557868
9.557868
9.557868
9.557868
9.557868
9.557868
9.557868
9.557868
9.557868
9.557868
9.557868
9.557868
9.557868
9.557868
9.557868
9.557868
9.557868
9.557868
9.557868
9.557868
9.557868
9.557868
9.557868
9.557868
9.557868
9.557868
9.557868
9.557868
9.557868
9.557868
9.557868
9.557868
9.557868
9.557868
9.557868
9.557868
9.557868
9.557868
9.557868
9.557868
9.557868
9.557868
9.557868
9.557868
9.557868
9.557868
9.557868
9.557868
9.557868
9.557868
9.557868
9.557868
9.557868
9.557868
9.557868
9.557868
9.557868
9.557868
9.557868
9.557868
9.557868
9.557868
9.557868
9.557868
9.557868
9.557868
9.557868
9.557868
9.557868
9.557868
9.557868
9.557868
9.557868
9.557868
9.557868
9.557868
9.557868
9.557868
9.557868
9.557868
9.557868
9.557868
9.557868
9.557868
9.557868
9.557868
9.557868
9.557868
9.557868
9.557868
9.557868
9.557868
9.557868
9.557868
9.557868
9.557868
9.557868
9.557868
9.557868
9.557868
9.557868
9.557868
9.557868
9.557868
9.557868
9.557868
9.557868
9.557868
9.557868
9.557868
9.557868
9.557868
9.557868
9.557868
9.557868
9.557868
9.557868
9.557868
9.557868
9.557868
9.557868
9.557868
9.557868
9.557868
9.557868
9.557868
9.557868
9.557868
9.557868
9.557868
9.557868
9.557868
9.557868
9.557868
9.557868
9.557868
9.557868
9.557868
9.557868
9.557868
9.557868
9.557868
9.557868
9.557868
9.557868
9.557868
9.557868
9.557868
9.557868
9.557868
9.557868
9.557868
9.557868
9.557868
9.557868
9.557868
9.557868
9.557868
9.557868
9.557868
9.557868
9.557868
9.557868
9.557868
9.557868
9.557868
9.557868
9.557868
9.557868
9.557868
9.557868
9.557868
9.557868
9.557868
9.557868
9.557868
9.557868
9.557868
9.557868
9.557868
9.557868
9.557868
9.557868
9.557868
9.557868
9.557868
9.557868
9.557868
9.557868
9.557868
9.557868
9.557868
9.557868
9.557868
9.557868
9.557868
9.557868
9.557868
9.557868
9.557868
9.557868
9.557868
9.557868
9.557868
9.557868
9.557868
9.557868
9.557868
9.557868
9.557868
9.557868
9.557868
9.557868
9.557868
9.557868
9.557868
9.557868
9.557868
9.557868
9.557868
9.557868
9.557868
9.557868
9.557868
9.557868
9.557868
9.557868
9.557868
9.557868
9.557868
9.557868
9.557868
9.557868
9.557868
9.557868
9.557868
9.557868
9.557868
9.557868
9.557868
9.557868
9.557868
9.557868
9.557868
9.557868
9.557868
9.557868
9.557868
9.557868
9.557868
9.557868
9.557868
9.557868
9.557868
9.557868
9.557868
9.557868
9.557868
9.557868
9.557868
9.557868
9.557868
9.557868
9.557868
9.557868
9.557868
9.557868
9.557868
9.557868
9.557868
9.557868
9.557868
9.557868
9.557868
9.557868
9.557868
9.557868
9.557868
9.557868
9.557868
9.557868
9.557868
9.557868
9.557868
9.557868
9.557868
9.557868
9.557868
9.557868
9.557868
9.557868
9.557868
9.557868
9.557868
9.557868
9.557868
9.557868
9.557868
9.557868
9.557868
9.557868
9.557868
9.557868
9.557868
9.557868
9.557868
9.557868
9.557868
9.557868
9.557868
9.557868
9.557868
9.557868
9.557868
9.557868
9.557868
9.557868
9.557868
9.557868
9.557868
9.557868
9.557868
9.557868
9.557868
9.557868
9.557868
9.557868
9.557868
9.557868
9.557868
9.557868
9.557868
9.557868
9.557868
9.557868
9.557868
9.557868
9.557868
9.557868
9.557868
9.557868
9.557868
9.557868
9.557868
9.557868
9.557868
9.557868
9.557868
9.557868
9.557868
9.557868
9.557868
9.557868
9.557868
9.557868
9.557868
9.557868
9.557868
9.557868
9.557868
9.557868
9.557868
9.557868
9.557868
9.557868
9.557868
9.557868
9.557868
9.557868
9.557868
9.557868
9.557868
9.557868
9.557868
9.557868
9.557868
9.557868
9.557868
9.557868
9.557868
9.557868
9.557868
9.557868
9.557868
9.557868
9.557868
9.557868
9.557868
9.557868
9.557868
9.557868
9.557868
9.557868
9.557868
9.557868
9.557868
9.557868
9.557868
9.557868
9.557868
9.557868
9.557868
9.557868
9.557868
9.557868
9.557868
9.557868
9.557868
9.557868
9.557868
9.557868
9.557868
9.557868
9.557868
9.557868
9.557868
9.557868
9.557868
9.557868
9.557868
9.557868
9.557868
9.557868
9.557868
9.557868
9.557868
9.557868
9.557868
9.557868
9.557868
9.557868
9.557868
9.557868
9.557868
9.557868
9.557868
9.557868
9.557868
9.557868
9.557868
9.557868
9.557868
9.557868
9.557868
9.557868
9.557868
9.557868
9.557868
9.557868
9.557868
9.557868
9.557868
9.557868
9.557868
9.557868
9.557868
9.557868
9.557868
9.557868
9.557868
9.557868
9.557868
9.557868
9.557868
9.557868
9.557868
9.557868
9.557868
9.557868
9.557868
9.557868
9.557868
9.557868
9.557868
9.557868
9.557868
9.557868
9.557868
9.557868
9.557868
9.557868
9.557868
9.557868
9.557868
9.557868
9.557868
9.557868
9.557868
9.557868
9.557868
9.557868
9.557868
9.557868
9.557868
9.557868
9.557868
9.557868
9.557868
9.557868
9.557868
9.557868
9.557868
9.557868
9.557868
9.557868
9.557868
9.557868
9.557868
9.557868
9.557868
9.557868
9.557868
9.557868
9.557868
9.557868
9.557868
9.557868
9.557868
9.557868
9.557868
9.557868
9.557868
9.557868
9.557868
9.557868
9.557868
9.557868
9.557868
9.557868
9.557868
9.557868
9.557868
9.557868
9.557868
9.557868
9.557868
9.557868
9.557868
9.557868
9.557868
9.557868
9.557868
9.557868
9.557868
9.557868
9.557868
9.557868
9.557868
9.557868
9.557868
9.557868
9.557868
9.557868
9.557868
9.557868
9.557868
9.557868
9.557868
9.557868
9.557868
9.557868
9.557868
9.557868
9.557868
9.557868
9.557868
9.557868
9.557868
9.557868
9.557868
9.557868
9.557868
9.557868
9.557868
9.557868
9.557868
9.557868
9.557868
9.557868
9.557868
9.557868
9.557868
9.557868
9.557868
9.557868
9.557868
9.557868
9.557868
9.557868
9.557868
9.557868
9.557868
9.557868
9.557868
9.557868
9.557868
9.557868
9.557868
9.557868
9.557868
9.557868
9.557868
9.557868
9.557868
9.557868
9.557868
9.557868
9.557868
9.557868
9.557868
9.557868
9.557868
9.557868
9.557868
9.557868
9.557868
9.557868
9.557868
9.557868
9.557868
9.557868
9.557868
9.557868
9.557868
9.557868
9.557868
9.557868
9.557868
9.557868
9.557868
9.557868
9.557868
9.557868
9.557868
9.557868
9.557868
9.557868
9.557868
9.557868
9.557868
9.557868
9.557868
9.557868
9.557868
9.557868
9.557868
9.557868
9.557868
9.557868
9.557868
9.557868
9.557868
9.557868
9.557868
9.557868
9.557868
9.557868
9.557868
9.557868
9.557868
9.557868
9.557868
9.557868
9.557868
9.557868
9.557868
9.557868
9.557868
9.557868
9.557868
9.557868
9.557868
9.557868
9.557868
9.557868
9.557868
9.557868
9.557868
9.557868
9.557868
9.557868
9.557868
9.557868
9.557868
9.557868
9.557868
9.557868
9.557868
9.557868
9.557868
9.557868
9.557868
9.557868
9.557868
9.557868
9.557868
9.557868
9.557868
9.557868
9.557868
9.557868
9.557868
9.557868
9.557868
9.557868
9.557868
9.557868
9.557868
9.557868
9.557868
9.557868
9.557868
9.557868
9.557868
9.557868
9.557868
9.557868
9.557868
9.557868
9.557868
9.557868
9.557868
9.557868
9.557868
9.557868
9.557868
9.557868
9.557868
9.557868
9.557868
9.557868
9.557868
9.557868
9.557868
9.557868
9.557868
9.557868
9.557868
9.557868
9.557868
9.557868
9.557868
9.557868
9.557868
9.557868
9.557868
9.557868
9.557868
9.557868
9.557868
9.557868
9.557868
9.557868
9.557868
9.557868
9.557868
9.557868
9.557868
9.557868
9.557868
9.557868
9.557868
9.557868
9.557868
9.557868
9.557868
9.557868
9.557868
9.557868
9.557868
9.557868
9.557868
9.557868
9.557868
9.557868
9.557868
9.557868
9.557868
9.557868
9.557868
9.557868
9.557868
9.557868
9.557868
9.557868
9.557868
9.557868
9.557868
9.557868
9.557868
9.557868
9.557868
9.557868
9.557868
9.557868
9.557868
9.557868
9.557868
9.557868
9.557868
9.557868
9.557868
9.557868
9.557868
9.557868
9.557868
9.557868
9.557868
9.557868
9.557868
9.557868
9.557868
9.557868
9.557868
9.557868
9.557868
9.557868
9.557868
9.557868
9.557868
9.557868
9.557868
9.557868
9.557868
9.557868
9.557868
9.557868
9.557868
9.557868
9.557868
9.557868
9.557868
9.557868
9.557868
9.557868
9.557868
9.557868
9.557868
9.557868
9.557868
9.557868
9.557868
9.557868
9.557868
9.557868
9.557868
9.557868
9.557868
9.557868
9.557868
9.557868
9.557868
9.557868
9.557868
9.557868
9.557868
9.557868
9.557868
9.557868
9.557868
9.557868
9.557868
9.557868
9.557868
9.557868
9.557868
9.557868
9.557868
9.557868
9.557868
9.557868
9.557868
9.557868
9.557868
9.557868
9.557868
9.557868
9.557868
9.557868
9.557868
9.557868
9.557868
9.557868
9.557868
9.557868
9.557868
9.557868
9.557868
9.557868
9.557868
9.557868
9.557868
9.557868
9.557868
9.557868
9.557868
9.557868
9.557868
9.557868
9.557868
9.557868
9.557868
9.557868
9.557868
9.557868
9.557868
9.557868
9.557868
9.557868
9.557868
9.557868
9.557868
9.557868
9.557868
9.557868
9.557868
9.557868
9.557868
9.557868
9.557868
9.557868
9.557868
9.557868
9.557868
9.557868
9.557868
9.557868
9.557868
9.557868
9.557868
9.557868
9.557868
9.557868
9.557868
9.557868
9.557868
9.557868
9.557868
9.557868
9.557868
9.557868
9.557868
9.557868
9.557868
9.557868
9.557868
9.557868
9.557868
9.557868
9.557868
9.557868
9.557868
9.557868
9.557868
9.557868
9.557868
9.557868
9.557868
9.557868
9.557868
9.557868
9.557868
9.557868
9.557868
9.557868
9.557868
9.557868
9.557868
9.557868
9.557868
9.557868
9.557868
9.557868
9.557868
9.557868
9.557868
9.557868
9.557868
9.557868
9.557868
9.557868
9.557868
9.557868
9.557868
9.557868
9.557868
9.557868
9.557868
9.557868
9.557868
9.557868
9.557868
9.557868
9.557868
9.557868
9.557868
9.557868
9.557868
9.557868
9.557868
9.557868
9.557868
9.557868
9.557868
9.557868
9.557868
9.557868
9.557868
9.557868
9.557868
9.557868
9.557868
9.557868
9.557868
9.557868
9.557868
9.557868
9.557868
9.557868
9.557868
9.557868
9.557868
9.557868
9.557868
9.557868
9.557868
9.557868
9.557868
9.557868
9.557868
9.557868
9.557868
9.557868
9.557868
9.557868
9.557868
9.557868
9.557868
9.557868
9.557868
9.557868
9.557868
9.557868
9.557868
9.557868
9.557868
9.557868
9.557868
9.557868
9.557868
9.557868
9.557868
9.557868
9.557868
9.557868
9.557868
9.557868
9.557868
9.557868
9.557868
9.557868
9.557868
9.557868
9.557868
9.557868
9.557868
9.557868
9.557868
9.557868
9.557868
9.557868
9.557868
9.557868
9.557868
9.557868
9.557868
9.557868
9.557868
9.557868
9.557868
9.557868
9.557868
9.557868
9.557868
9.557868
9.557868
9.557868
9.557868
9.557868
9.557868
9.557868
9.557868
9.557868
9.557868
9.557868
9.557868
9.557868
9.557868
9.557868
9.557868
9.557868
9.557868
9.557868
9.557868
9.557868
9.557868
9.557868
9.557868
9.557868
9.557868
9.557868
9.557868
9.557868
9.557868
9.557868
9.557868
9.557868
9.557868
9.557868
9.557868
9.557868
9.557868
9.557868
9.557868
9.557868
9.557868
9.557868
9.557868
9.557868
9.557868
9.557868
9.557868
9.557868
9.557868
9.557868
9.557868
9.557868
9.557868
9.557868
9.557868
9.557868
9.557868
9.557868
9.557868
9.557868
9.557868
9.557868
9.557868
9.557868
9.557868
9.557868
9.557868
9.557868
9.557868
9.557868
9.557868
9.557868
9.557868
9.557868
9.557868
9.557868
9.557868
9.557868
9.557868
9.557868
9.557868
9.557868
9.557868
9.557868
9.557868
9.557868
9.557868
9.557868
9.557868
9.557868
9.557868
9.557868
9.557868
9.557868
9.557868
9.557868
9.557868
9.557868
9.557868
9.557868
9.557868
9.557868
9.557868
9.557868
9.557868
9.557868
9.557868
9.557868
9.557868
9.557868
9.557868
9.557868
9.557868
9.557868
9.557868
9.557868
9.557868
9.557868
9.557868
9.557868
9.557868
9.557868
9.557868
9.557868
9.557868
9.557868
9.557868
9.557868
9.557868
9.557868
9.557868
9.557868
9.557868
9.557868
9.557868
9.557868
9.557868
9.557868
9.557868
9.557868
9.557868
9.557868
9.557868
9.557868
9.557868
9.557868
9.557868
9.557868
9.557868
9.557868
9.557868
9.557868
9.557868
9.557868
9.557868
9.557868
9.557868
9.557868
9.557868
9.557868
9.557868
9.557868
9.557868
9.557868
9.557868
9.557868
9.557868
9.557868
9.557868
9.557868
9.557868
9.557868
9.557868
9.557868
9.557868
9.557868
9.557868
9.557868
9.557868
9.557868
9.557868
9.557868
9.557868
9.557868
9.557868
9.557868
9.557868
9.557868
9.557868
9.557868
9.557868
9.557868
9.557868
9.557868
9.557868
9.557868
9.557868
9.557868
9.557868
9.557868
9.557868
9.557868
9.557868
9.557868
9.557868
9.557868
9.557868
9.557868
9.557868
9.557868
9.557868
9.557868
9.557868
9.557868
9.557868
9.557868
9.557868
9.557868
9.557868
9.557868
9.557868
9.557868
9.557868
9.557868
9.557868
9.557868
9.557868
9.557868
9.557868
9.557868
9.557868
9.557868
9.557868
9.557868
9.557868
9.557868
9.557868
9.557868
9.557868
9.557868
9.557868
9.557868
9.557868
9.557868
9.557868
9.557868
9.557868
9.557868
9.557868
9.557868
9.557868
9.557868
9.557868
9.557868
9.557868
9.557868
9.557868
9.557868
9.557868
9.557868
9.557868
9.557868
9.557868
9.557868
9.557868
9.557868
9.557868
9.557868
9.557868
9.557868
9.557868
9.557868
9.557868
9.557868
9.557868
9.557868
9.557868
9.557868
9.557868
9.557868
9.557868
9.557868
9.557868
9.557868
9.557868
9.557868
9.557868
9.557868
9.557868
9.557868
9.557868
9.557868
9.557868
9.557868
9.557868
9.557868
9.557868
9.557868
9.557868
9.557868
9.557868
9.557868
9.557868
9.557868
9.557868
9.557868
9.557868
9.557868
9.557868
9.557868
9.557868
9.557868
9.557868
9.557868
9.557868
9.557868
9.557868
9.557868
9.557868
9.557868
9.557868
9.557868
9.557868
9.557868
9.557868
9.557868
9.557868
9.557868
9.557868
9.557868
9.557868
9.557868
9.557868
9.557868
9.557868
9.557868
9.557868
9.557868
9.557868
9.557868
9.557868
9.557868
9.557868
9.557868
9.557868
9.557868
9.557868
9.557868
9.557868
9.557868
9.557868
9.557868
9.557868
9.557868
9.557868
9.557868
9.557868
9.557868
9.557868
9.557868
9.557868
9.557868
9.557868
9.557868
9.557868
9.557868
9.557868
9.557868
9.557868
9.557868
9.557868
9.557868
9.557868
9.557868
9.557868
9.557868
9.557868
9.557868
9.557868
9.557868
9.557868
9.557868
9.557868
9.557868
9.557868
9.557868
9.557868
9.557868
9.557868
9.557868
9.557868
9.557868
9.557868
9.557868
9.557868
9.557868
9.557868
9.557868
9.557868
9.557868
9.557868
9.557868
9.557868
9.557868
9.557868
9.557868
9.557868
9.557868
9.557868
9.557868
9.557868
9.557868
9.557868
9.557868
9.557868
9.557868
9.557868
9.557868
9.557868
9.557868
9.557868
9.557868
9.557868
9.557868
9.557868
9.557868
9.557868
9.557868
9.557868
9.557868
9.557868
9.557868
9.557868
9.557868
9.557868
9.557868
9.557868
9.557868
9.557868
9.557868
9.557868
9.557868
9.557868
9.557868
9.557868
9.557868
9.557868
9.557868
9.557868
9.557868
9.557868
9.557868
9.557868
9.557868
9.557868
9.557868
9.557868
9.557868
9.557868
9.557868
9.557868
9.557868
9.557868
9.557868
9.557868
9.557868
9.557868
9.557868
9.557868
9.557868
9.557868
9.557868
9.557868
9.557868
9.557868
9.557868
9.557868
9.557868
9.557868
9.557868
9.557868
9.557868
9.557868
9.557868
9.557868
9.557868
9.557868
9.557868
9.557868
9.557868
9.557868
9.557868
9.557868
9.557868
9.557868
9.557868
9.557868
9.557868
9.557868
9.557868
9.557868
9.557868
9.557868
9.557868
9.557868
9.557868
9.557868
9.557868
9.557868
9.557868
9.557868
9.557868
9.557868
9.557868
9.557868
9.557868
9.557868
9.557868
9.557868
9.557868
9.557868
9.557868
9.557868
9.557868
9.557868
9.557868
9.557868
9.557868
9.557868
9.557868
9.557868
9.557868
9.557868
9.557868
9.557868
9.557868
9.557868
9.557868
9.557868
9.557868
9.557868
9.557868
9.557868
9.557868
9.557868
9.557868
9.557868
9.557868
9.557868
9.557868
9.557868
9.557868
9.557868
9.557868
9.557868
9.557868
9.557868
9.557868
9.557868
9.557868
9.557868
9.557868
9.557868
9.557868
9.557868
9.557868
9.557868
9.557868
9.557868
9.557868
9.557868
9.557868
9.557868
9.557868
9.557868
9.557868
9.557868
9.557868
9.557868
9.557868
9.557868
9.557868
9.557868
9.557868
9.557868
9.557868
9.557868
9.557868
9.557868
9.557868
9.557868
9.557868
9.557868
9.557868
9.557868
9.557868
9.557868
9.557868
9.557868
9.557868
9.557868
9.557868
9.557868
9.557868
9.557868
9.557868
9.557868
9.557868
9.557868
9.557868
9.557868
9.557868
9.557868
9.557868
9.557868
9.557868
9.557868
9.557868
9.557868
9.557868
9.557868
9.557868
9.557868
9.557868
9.557868
9.557868
9.557868
9.557868
9.557868
9.557868
9.557868
9.557868
9.557868
9.557868
9.557868
9.557868
9.557868
9.557868
9.557868
9.557868
9.557868
9.557868
9.557868
9.557868
9.557868
9.557868
9.557868
9.557868
9.557868
9.557868
9.557868
9.557868
9.557868
9.557868
9.557868
9.557868
9.557868
9.557868
9.557868
9.557868
9.557868
9.557868
9.557868
9.557868
9.557868
9.557868
9.557868
9.557868
9.557868
9.557868
9.557868
9.557868
9.557868
9.557868
9.557868
9.557868
9.557868
9.557868
9.557868
9.557868
9.557868
9.557868
9.557868
9.557868
9.557868
9.557868
9.557868
9.557868
9.557868
9.557868
9.557868
9.557868
9.557868
9.557868
9.557868
9.557868
9.557868
9.557868
9.557868
9.557868
9.557868
9.557868
9.557868
9.557868
9.557868
9.557868
9.557868
9.557868
9.557868
9.557868
9.557868
9.557868
9.557868
9.557868
9.557868
9.557868
9.557868
9.557868
9.557868
9.557868
9.557868
9.557868
9.557868
9.557868
9.557868
9.557868
9.557868
9.557868
9.557868
9.557868
9.557868
9.557868
9.557868
9.557868
9.557868
9.557868
9.557868
9.557868
9.557868
9.557868
9.557868
9.557868
9.557868
9.557868
9.557868
9.557868
9.557868
9.557868
9.557868
9.557868
9.557868
9.557868
9.557868
9.557868
9.557868
9.557868
9.557868
9.557868
9.557868
9.557868
9.557868
9.557868
9.557868
9.557868
9.557868
9.557868
9.557868
9.557868
9.557868
9.557868
9.557868
9.557868
9.557868
9.557868
9.557868
9.557868
9.557868
9.557868
9.557868
9.557868
9.557868
9.557868
9.557868
9.557868
9.557868
9.557868
9.557868
9.557868
9.557868
9.557868
9.557868
9.557868
9.557868
9.557868
9.557868
9.557868
9.557868
9.557868
9.557868
9.557868
9.557868
9.557868
9.557868
9.557868
9.557868
9.557868
9.557868
9.557868
9.557868
9.557868
9.557868
9.557868
9.557868
9.557868
9.557868
9.557868
9.557868
9.557868
9.557868
9.557868
9.557868
9.557868
9.557868
9.557868
9.557868
9.557868
9.557868
9.557868
9.557868
9.557868
9.557868
9.557868
9.557868
9.557868
9.557868
9.557868
9.557868
9.557868
9.557868
9.557868
9.557868
9.557868
9.557868
9.557868
9.557868
9.557868
9.557868
9.557868
9.557868
9.557868
9.557868
9.557868
9.557868
9.557868
9.557868
9.557868
9.557868
9.557868
9.557868
9.557868
9.557868
9.557868
9.557868
9.557868
9.557868
9.557868
9.557868
9.557868
9.557868
9.557868
9.557868
9.557868
9.557868
9.557868
9.557868
9.557868
9.557868
9.557868
9.557868
9.557868
9.557868
9.557868
9.557868
9.557868
9.557868
9.557868
9.557868
9.557868
9.557868
9.557868
9.557868
9.557868
9.557868
9.557868
9.557868
9.557868
9.557868
9.557868
9.557868
9.557868
9.557868
9.557868
9.557868
9.557868
9.557868
9.557868
9.557868
9.557868
9.557868
9.557868
9.557868
9.557868
9.557868
9.557868
9.557868
9.557868
9.557868
9.557868
9.557868
9.557868
9.557868
9.557868
9.557868
9.557868
9.557868
9.557868
9.557868
9.557868
9.557868
9.557868
9.557868
9.557868
9.557868
9.557868
9.557868
9.557868
9.557868
9.557868
9.557868
9.557868
9.557868
9.557868
9.557868
9.557868
9.557868
9.557868
9.557868
9.557868
9.557868
9.557868
9.557868
9.557868
9.557868
9.557868
9.557868
9.557868
9.557868
9.557868
9.557868
9.557868
9.557868
9.557868
9.557868
9.557868
9.557868
9.557868
9.557868
9.557868
9.557868
9.557868
9.557868
9.557868
9.557868
9.557868
9.557868
9.557868
9.557868
9.557868
9.557868
9.557868
9.557868
9.557868
9.557868
9.557868
9.557868
9.557868
9.557868
9.557868
9.557868
9.557868
9.557868
9.557868
9.557868
9.557868
9.557868
9.557868
9.557868
9.557868
9.557868
9.557868
9.557868
9.557868
9.557868
9.557868
9.557868
9.557868
9.557868
9.557868
9.557868
9.557868
9.557868
9.557868
9.557868
9.557868
9.557868
9.557868
9.557868
9.557869
9.557869
9.557870
9.557870
9.557872
9.557873
9.557875
9.557877
9.557879
9.557880
9.557882
9.557884
9.557886
9.557887
9.557889
9.557890
9.557891
9.557892
9.557892
9.557892
9.557891
9.557890
9.557888
9.557887
9.557884
9.557881
9.557878
9.557873
9.557868
9.557863
9.557857
9.557850
9.557842
9.557833
9.557824
9.557813
9.557802
9.557790
9.557778
9.557764
9.557750
9.557735
9.557719
9.557702
9.557684
9.557665
9.557645
9.557625
9.557603
9.557581
9.557558
9.557535
9.557511
9.557486
9.557460
9.557434
9.557407
9.557380
9.557352
9.557323
9.557294
9.557264
9.557234
9.557203
9.557172
9.557140
9.557108
9.557076
9.557043
9.557011
9.556978
9.556946
9.556913
9.556880
9.556848
9.556815
9.556783
9.556751
9.556719
9.556688
9.556656
9.556626
9.556595
9.556564
9.556534
9.556503
9.556473
9.556442
9.556412
9.556382
9.556351
9.556321
9.556291
9.556260
9.556230
9.556200
9.556170
9.556140
9.556110
9.556079
9.556049
9.556019
9.555989
9.555959
9.555930
9.555900
9.555870
9.555840
9.555810
9.555781
9.555751
9.555721
9.555691
9.555661
9.555631
9.555601
9.555571
9.555541
9.555511
9.555481
9.555451
9.555421
9.555391
9.555361
9.555331
9.555301
9.555271
9.555241
9.555211
9.555181
9.555151
9.555121
9.555091
9.555060
9.555030
9.555000
9.554970
9.554940
9.554910
9.554879
9.554849
9.554819
9.554789
9.554758
9.554728
9.554698
9.554667
9.554637
9.554607
9.554576
9.554546
9.554516
9.554486
9.554455
9.554425
9.554395
9.554365
9.554334
9.554304
9.554274
9.554243
9.554213
9.554182
9.554152
9.554122
9.554091
9.554061
9.554031
9.554000
9.553970
9.553939
9.553909
9.553878
9.553848
9.553817
9.553787
9.553756
9.553726
9.553695
9.553665
9.553635
9.553604
9.553573
9.553543
9.553513
9.553482
9.553452
9.553422
9.553391
9.553361
9.553331
9.553300
9.553270
9.553240
9.553210
9.553180
9.553150
9.553120
9.553090
9.553060
9.553030
9.553000
9.552970
9.552941
9.552911
9.552881
9.552851
9.552821
9.552791
9.552761
9.552731
9.552701
9.552671
9.552641
9.552611
9.552581
9.552551
9.552521
9.552491
9.552461
9.552431
9.552401
9.552371
9.552341
9.552311
9.552281
9.552251
9.552221
9.552191
9.552161
9.552131
9.552100
9.552070
9.552040
9.552010
9.551980
9.551950
9.551920
9.551890
9.551859
9.551829
9.551799
9.551768
9.551738
9.551708
9.551678
9.551647
9.551617
9.551587
9.551557
9.551527
9.551496
9.551466
9.551436
9.551406
9.551376
9.551346
9.551317
9.551288
9.551260
9.551232
9.551204
9.551177
9.551149
9.551122
9.551095
9.551067
9.551040
9.551012
9.550984
9.550956
9.550928
9.550899
9.550870
9.550840
9.550809
9.550777
9.550745
9.550712
9.550678
9.550644
9.550609
9.550573
9.550536
9.550498
9.550459
9.550419
9.550378
9.550336
9.550293
9.550249
9.550204
9.550157
9.550110
9.550061
9.550011
9.549961
9.549909
9.549856
9.549802
9.549746
9.549690
9.549632
9.549573
9.549513
9.549452
9.549389
9.549326
9.549262
9.549197
9.549130
9.549063
9.548995
9.548926
9.548856
9.548786
9.548714
9.548642
9.548570
9.548497
9.548424
9.548350
9.548276
9.548202
9.548127
9.548052
9.547977
9.547902
9.547826
9.547751
9.547676
9.547602
9.547528
9.547454
9.547380
9.547307
9.547234
9.547161
9.547089
9.547017
9.546945
9.546872
9.546800
9.546728
9.546656
9.546584
9.546512
9.546440
9.546368
9.546296
9.546224
9.546152
9.546080
9.546008
9.545936
9.545864
9.545792
9.545720
9.545648
9.545576
9.545504
9.545432
9.545360
9.545289
9.545218
9.545147
9.545076
9.545006
9.544936
9.544866
9.544797
9.544727
9.544658
9.544588
9.544519
9.544449
9.544379
9.544308
9.544238
9.544166
9.544095
9.544023
9.543951
9.543878
9.543805
9.543731
9.543657
9.543582
9.543506
9.543430
9.543352
9.543274
9.543195
9.543116
9.543035
9.542954
9.542872
9.542789
9.542705
9.542621
9.542535
9.542449
9.542361
9.542273
9.542184
9.542094
9.542003
9.541911
9.541819
9.541725
9.541631
9.541536
9.541440
9.541343
9.541245
9.541147
9.541048
9.540948
9.540848
9.540747
9.540645
9.540542
9.540439
9.540335
9.540231
9.540127
9.540022
9.539917
9.539811
9.539705
9.539598
9.539491
9.539385
9.539278
9.539171
9.539064
9.538958
9.538852
9.538746
9.538641
9.538536
9.538432
9.538328
9.538225
9.538122
9.538019
9.537917
9.537815
9.537712
9.537610
9.537507
9.537404
9.537300
9.537197
9.537093
9.536989
9.536884
9.536779
9.536674
9.536568
9.536461
9.536354
9.536246
9.536137
9.536028
9.535918
9.535808
9.535697
9.535584
9.535471
9.535358
9.535243
9.535128
9.535012
9.534895
9.534777
9.534659
9.534540
9.534420
9.534300
9.534178
9.534056
9.533933
9.533809
9.533684
9.533559
9.533433
9.533306
9.533178
9.533050
9.532921
9.532792
9.532662
9.532531
9.532401
9.532269
9.532138
9.532007
9.531876
9.531744
9.531613
9.531481
9.531349
9.531217
9.531085
9.530953
9.530820
9.530687
9.530554
9.530420
9.530286
9.530152
9.530017
9.529882
9.529746
9.529610
9.529474
9.529337
9.529200
9.529062
9.528923
9.528783
9.528642
9.528500
9.528358
9.528214
9.528069
9.527922
9.527775
9.527626
9.527477
9.527326
9.527174
9.527021
9.526866
9.526711
9.526554
9.526396
9.526237
9.526077
9.525916
9.525754
9.525592
9.525428
9.525263
9.525097
9.524930
9.524762
9.524593
9.524423
9.524252
9.524081
9.523908
9.523734
9.523559
9.523383
9.523206
9.523029
9.522850
9.522671
9.522491
9.522310
9.522128
9.521946
9.521764
9.521581
9.521397
9.521213
9.521028
9.520844
9.520659
9.520474
9.520289
9.520104
9.519918
9.519733
9.519547
9.519362
9.519177
9.518991
9.518806
9.518621
9.518435
9.518249
9.518063
9.517876
9.517689
9.517501
9.517312
9.517123
9.516933
9.516743
9.516551
9.516359
9.516166
9.515972
9.515776
9.515580
9.515382
9.515184
9.514984
9.514782
9.514580
9.514376
9.514171
9.513965
9.513758
9.513550
9.513341
9.513131
9.512920
9.512708
9.512496
9.512282
9.512068
9.511853
9.511636
9.511419
9.511200
9.510980
9.510759
9.510536
9.510311
9.510085
9.509857
9.509627
9.509396
9.509162
9.508927
9.508690
9.508451
9.508211
9.507968
9.507724
9.507478
9.507230
9.506980
9.506728
9.506475
9.506221
9.505965
9.505707
9.505448
9.505187
9.504924
9.504661
9.504396
9.504129
9.503861
9.503592
9.503321
9.503049
9.502775
9.502501
9.502225
9.501949
9.501671
9.501393
9.501114
9.500833
9.500552
9.500270
9.499986
9.499701
9.499415
9.499128
9.498840
9.498551
9.498260
9.497969
9.497676
9.497383
9.497088
9.496793
9.496496
9.496199
9.495900
9.495600
9.495299
9.494998
9.494695
9.494392
9.494088
9.493783
9.493477
9.493171
9.492865
9.492559
9.492253
9.491946
9.491639
9.491331
9.491022
9.490713
9.490402
9.490090
9.489777
9.489463
9.489148
9.488831
9.488513
9.488193
9.487872
9.487549
9.487226
9.486901
9.486575
9.486249
9.485921
9.485592
9.485262
9.484930
9.484598
9.484264
9.483928
9.483592
9.483253
9.482914
9.482572
9.482229
9.481884
9.481538
9.481190
9.480840
9.480489
9.480136
9.479781
9.479424
9.479066
9.478706
9.478344
9.477981
9.477616
9.477250
9.476881
9.476511
9.476140
9.475767
9.475392
9.475016
9.474637
9.474257
9.473876
9.473493
9.473108
9.472721
9.472333
9.471943
9.471551
9.471158
9.470763
9.470366
9.469968
9.469568
9.469167
9.468764
9.468359
9.467952
9.467544
9.467135
9.466725
9.466314
9.465902
9.465489
9.465074
9.464658
9.464241
9.463823
9.463403
9.462981
9.462558
9.462134
9.461707
9.461279
9.460850
9.460420
9.459989
9.459557
9.459125
9.458691
9.458257
9.457822
9.457385
9.456948
9.456509
9.456069
9.455628
9.455185
9.454740
9.454293
9.453845
9.453395
9.452942
9.452488
9.452031
9.451572
9.451111
9.450648
9.450182
9.449714
9.449243
9.448770
9.448295
9.447817
9.447336
9.446853
9.446368
9.445879
9.445388
9.444893
9.444396
9.443896
9.443393
9.442886
9.442377
9.441866
9.441351
9.440834
9.440314
9.439791
9.439266
9.438738
9.438207
9.437674
9.437139
9.436600
9.436059
9.435516
9.434971
9.434424
9.433874
9.433324
9.432771
9.432217
9.431661
9.431104
9.430545
9.429985
9.429423
9.428860
9.428296
9.427730
9.427163
9.426594
9.426024
9.425453
9.424880
9.424306
9.423731
9.423155
9.422578
9.421999
9.421420
9.420840
9.420259
9.419677
9.419094
9.418510
9.417924
9.417337
9.416748
9.416158
9.415565
9.414971
9.414374
9.413775
9.413174
9.412570
9.411964
9.411356
9.410745
9.410132
9.409516
9.408897
9.408275
9.407650
9.407023
9.406393
9.405761
9.405126
9.404488
9.403848
9.403205
9.402560
9.401911
9.401260
9.400606
9.399948
9.399288
9.398625
9.397959
9.397290
9.396618
9.395943
9.395266
9.394586
9.393904
9.393220
9.392533
9.391844
9.391153
9.390460
9.389765
9.389068
9.388368
9.387666
9.386962
9.386256
9.385548
9.384838
9.384125
9.383410
9.382692
9.381972
9.381249
9.380524
9.379797
9.379067
9.378336
9.377602
9.376865
9.376127
9.375385
9.374641
9.373895
9.373146
9.372395
9.371641
9.370885
9.370126
9.369364
9.368599
9.367833
9.367064
9.366292
9.365518
9.364742
9.363963
9.363182
9.362398
9.361612
9.360822
9.360030
9.359236
9.358438
9.357638
9.356835
9.356030
9.355222
9.354411
9.353598
9.352782
9.351964
9.351143
9.350320
9.349494
9.348666
9.347835
9.347002
9.346167
9.345329
9.344489
9.343646
9.342800
9.341952
9.341101
9.340247
9.339390
9.338531
9.337668
9.336803
9.335935
9.335063
9.334190
9.333313
9.332434
9.331553
9.330668
9.329780
9.328889
9.327994
9.327097
9.326195
9.325291
9.324382
9.323470
9.322553
9.321633
9.320708
9.319779
9.318845
9.317908
9.316966
9.316020
9.315070
9.314115
9.313156
9.312192
9.311223
9.310250
9.309271
9.308287
9.307299
9.306305
9.305306
9.304303
9.303293
9.302279
9.301260
9.300237
9.299208
9.298175
9.297137
9.296095
9.295049
9.293998
9.292943
9.291883
9.290820
9.289752
9.288679
9.287603
9.286523
9.285438
9.284349
9.283257
9.282159
9.281058
9.279952
9.278842
9.277727
9.276609
9.275486
9.274359
9.273229
9.272094
9.270956
9.269813
9.268667
9.267517
9.266363
9.265205
9.264043
9.262877
9.261706
9.260532
9.259353
9.258169
9.256981
9.255789
9.254592
9.253391
9.252186
9.250976
9.249762
9.248544
9.247321
9.246094
9.244863
9.243627
9.242388
9.241145
9.239897
9.238645
9.237388
9.236126
9.234860
9.233589
9.232314
9.231034
9.229749
9.228460
9.227166
9.225867
9.224564
9.223257
9.221945
9.220629
9.219309
9.217985
9.216658
9.215326
9.213991
9.212652
9.211309
9.209963
9.208612
9.207258
9.205900
9.204538
9.203172
9.201803
9.200429
9.199052
9.197672
9.196288
9.194900
9.193509
9.192115
9.190718
9.189317
9.187913
9.186505
9.185095
9.183680
9.182262
9.180840
9.179414
9.177983
9.176548
9.175109
9.173666
9.172218
9.170765
9.169307
9.167845
9.166378
9.164906
9.163429
9.161948
9.160462
9.158971
9.157475
9.155974
9.154468
9.152956
9.151439
9.149917
9.148389
9.146856
9.145318
9.143774
9.142225
9.140671
9.139112
9.137548
9.135978
9.134404
9.132824
9.131239
9.129650
9.128056
9.126457
9.124853
9.123245
9.121632
9.120014
9.118392
9.116764
9.115131
9.113493
9.111850
9.110203
9.108550
9.106892
9.105228
9.103560
9.101887
9.100208
9.098525
9.096837
9.095144
9.093446
9.091743
9.090035
9.088322
9.086604
9.084881
9.083152
9.081418
9.079679
9.077934
9.076183
9.074427
9.072666
9.070900
9.069129
9.067352
9.065571
9.063784
9.061992
9.060195
9.058392
9.056584
9.054770
9.052951
9.051126
9.049295
9.047459
9.045616
9.043768
9.041913
9.040052
9.038185
9.036312
9.034432
9.032545
9.030652
9.028753
9.026847
9.024934
9.023016
9.021091
9.019160
9.017223
9.015279
9.013329
9.011373
9.009409
9.007439
9.005463
9.003479
9.001489
8.999492
8.997489
8.995479
8.993463
8.991440
8.989411
8.987376
8.985334
8.983286
8.981232
8.979171
8.977103
8.975029
8.972949
8.970862
8.968768
8.966668
8.964561
8.962447
8.960327
8.958201
8.956067
8.953927
8.951781
8.949628
8.947469
8.945303
8.943132
8.940955
8.938773
8.936584
8.934390
8.932190
8.929984
8.927772
8.925555
8.923333
8.921104
8.918869
8.916628
8.914381
8.912128
8.909868
8.907603
8.905332
8.903055
8.900772
8.898482
8.896186
8.893884
8.891575
8.889261
8.886940
8.884614
8.882280
8.879940
8.877594
8.875240
8.872880
8.870513
8.868138
8.865757
8.863368
8.860972
8.858569
8.856159
8.853743
8.851319
8.848888
8.846450
8.844006
8.841555
8.839096
8.836631
8.834159
8.831680
8.829193
8.826700
8.824200
8.821692
8.819176
8.816653
8.814123
8.811585
8.809040
8.806487
8.803927
8.801359
8.798784
8.796202
8.793613
8.791016
8.788413
8.785802
8.783184
8.780559
8.777926
8.775286
8.772638
8.769983
8.767320
8.764650
8.761972
8.759286
8.756594
8.753894
8.751187
8.748472
8.745750
8.743021
8.740285
8.737541
8.734790
8.732031
8.729265
8.726492
8.723711
8.720924
8.718128
8.715326
8.712515
8.709697
8.706871
8.704038
8.701198
8.698351
8.695496
8.692635
8.689767
8.686892
8.684011
8.681123
8.678229
8.675329
8.672423
8.669511
8.666592
8.663668
8.660738
8.657802
8.654860
8.651911
8.648957
8.645995
8.643027
8.640053
8.637073
8.634086
8.631093
8.628094
8.625089
8.622077
8.619059
8.616034
8.613002
8.609964
8.606918
8.603866
8.600807
8.597742
8.594669
8.591589
8.588501
8.585407
8.582305
8.579196
8.576079
8.572955
8.569825
8.566687
8.563541
8.560389
8.557229
8.554062
8.550887
8.547705
8.544516
8.541320
8.538117
8.534908
8.531691
8.528468
8.525237
8.521999
8.518755
8.515502
8.512243
8.508977
8.505703
8.502423
8.499136
8.495841
8.492540
8.489231
8.485916
8.482593
8.479264
8.475929
8.472586
8.469237
8.465881
8.462518
8.459148
8.455771
8.452386
8.448994
8.445593
8.442185
8.438768
8.435342
8.431908
8.428465
8.425014
8.421553
8.418083
8.414603
8.411114
8.407615
8.404107
8.400589
8.397060
8.393522
8.389973
8.386413
8.382842
8.379259
8.375665
8.372060
8.368443
8.364815
8.361175
8.357524
8.353861
8.350187
8.346501
8.342804
8.339097
8.335378
8.331649
8.327910
8.324160
8.320399
8.316628
8.312847
8.309055
8.305253
8.301441
8.297619
8.293787
8.289945
8.286094
8.282233
8.278364
8.274486
8.270600
8.266705
8.262803
8.258893
8.254975
8.251050
8.247118
8.243179
8.239233
8.235279
8.231319
8.227352
8.223378
8.219397
8.215409
8.211414
8.207412
8.203405
8.199390
8.195370
8.191343
8.187311
8.183272
8.179227
8.175176
8.171118
8.167055
8.162985
8.158909
8.154827
8.150738
8.146643
8.142541
8.138431
8.134315
8.130192
8.126061
8.121924
8.117780
8.113630
8.109473
8.105309
8.101138
8.096960
8.092775
8.088582
8.084381
8.080173
8.075958
8.071735
8.067505
8.063266
8.059020
8.054765
8.050503
8.046232
8.041952
8.037665
8.033370
8.029068
8.024757
8.020439
8.016114
8.011780
8.007438
8.003087
7.998729
7.994362
7.989988
7.985605
7.981215
7.976816
7.972409
7.967994
7.963571
7.959139
7.954698
7.950249
7.945792
7.941327
7.936853
7.932371
7.927881
7.923383
7.918876
7.914361
7.909837
7.905305
7.900765
7.896217
7.891661
7.887097
7.882525
7.877944
7.873355
7.868758
7.864153
7.859540
7.854919
7.850290
7.845653
7.841009
7.836357
7.831697
7.827030
7.822356
7.817673
7.812983
7.808286
7.803581
7.798869
7.794149
7.789422
7.784688
7.779946
7.775197
7.770439
7.765675
7.760902
7.756123
7.751336
7.746541
7.741740
7.736931
7.732115
7.727292
7.722461
7.717623
7.712777
7.707923
7.703063
7.698196
7.693322
7.688441
7.683554
7.678659
7.673759
7.668851
7.663936
7.659014
7.654086
7.649151
7.644209
7.639262
7.634308
7.629348
7.624381
7.619408
7.614428
7.609442
7.604450
7.599452
7.594449
7.589440
7.584425
7.579404
7.574378
7.569345
7.564306
7.559261
7.554210
7.549153
7.544090
7.539021
7.533946
7.528865
7.523778
7.518684
7.513583
7.508475
7.503359
7.498236
7.493106
7.487968
7.482823
7.477670
7.472510
7.467342
7.462167
7.456985
7.451795
7.446597
7.441392
7.436180
7.430959
7.425731
7.420496
7.415252
7.410000
7.404739
7.399469
7.394191
7.388905
7.383611
7.378308
7.372999
7.367681
7.362355
7.357022
7.351681
7.346332
7.340976
7.335612
7.330241
7.324863
7.319479
7.314087
7.308689
7.303284
7.297873
7.292455
7.287031
7.281600
7.276164
7.270721
7.265274
7.259821
7.254364
7.248902
7.243436
7.237966
7.232492
7.227013
7.221532
7.216046
7.210557
7.205065
7.199570
7.194071
7.188570
7.183065
7.177557
7.172044
7.166527
7.161006
7.155480
7.149951
7.144417
7.138881
7.133340
7.127796
7.122249
7.116698
7.111144
7.105585
7.100024
7.094459
7.088891
7.083320
7.077746
7.072169
7.066588
7.061004
7.055416
7.049824
7.044228
7.038629
7.033026
7.027421
7.021812
7.016201
7.010588
7.004972
6.999354
6.993734
6.988112
6.982488
6.976862
6.971234
6.965604
6.959972
6.954339
6.948703
6.943064
6.937423
6.931778
6.926129
6.920477
6.914822
6.909165
6.903504
6.897841
6.892176
6.886509
6.880840
6.875168
6.869495
6.863819
6.858141
6.852460
6.846777
6.841092
6.835405
6.829714
6.824019
6.818321
6.812618
6.806910
6.801196
6.795477
6.789753
6.784023
6.778287
6.772546
6.766799
6.761047
6.755290
6.749526
6.743756
6.737981
6.732199
6.726410
6.720615
6.714813
6.709004
6.703188
6.697364
6.691533
6.685693
6.679845
6.673989
6.668125
6.662253
6.656373
6.650485
6.644590
6.638687
6.632778
6.626862
6.620939
6.615010
6.609074
6.603132
6.597185
6.591231
6.585272
6.579307
6.573336
6.567359
6.561376
6.555386
6.549391
6.543389
6.537381
6.531367
6.525348
6.519323
6.513294
6.507260
6.501222
6.495180
6.489133
6.483083
6.477028
6.470970
6.464908
6.458842
6.452773
6.446700
6.440624
6.434543
6.428459
6.422371
6.416279
6.410183
6.404083
6.397979
6.391872
6.385762
6.379648
6.373532
6.367413
6.361291
6.355167
6.349040
6.342911
6.336779
6.330645
6.324509
6.318370
6.312229
6.306085
6.299939
6.293790
6.287638
6.281482
6.275323
6.269160
6.262994
6.256825
6.250653
6.244477
6.238299
6.232118
6.225934
6.219747
6.213557
6.207364
6.201168
6.194969
6.188767
6.182561
6.176353
6.170141
6.163925
6.157705
6.151481
6.145253
6.139021
6.132784
6.126543
6.120298
6.114049
6.107796
6.101539
6.095278
6.089014
6.082746
6.076474
6.070199
6.063920
6.057637
6.051351
6.045061
6.038767
6.032470
6.026167
6.019861
6.013550
6.007234
6.000913
5.994588
5.988258
5.981923
5.975584
5.969241
5.962893
5.956542
5.950186
5.943827
5.937464
5.931097
5.924727
5.918352
5.911974
5.905592
5.899207
5.892817
5.886424
5.880027
5.873626
5.867220
5.860811
5.854397
5.847979
5.841557
5.835132
5.828702
5.822268
5.815831
5.809390
5.802945
5.796497
5.790045
5.783589
5.777130
5.770668
5.764202
5.757733
5.751260
5.744783
5.738302
5.731817
5.725328
5.718835
5.712338
5.705836
5.699331
5.692822
5.686309
5.679793
5.673273
5.666749
5.660221
5.653691
5.647157
5.640620
5.634079
5.627536
5.620990
5.614441
5.607889
5.601334
5.594776
5.588217
5.581654
5.575089
5.568522
5.561952
5.555380
5.548806
5.542230
5.535653
5.529074
5.522495
5.515915
5.509334
5.502753
5.496171
5.489589
5.483007
5.476425
5.469842
5.463259
5.456676
5.450093
5.443510
5.436926
5.430342
5.423757
5.417172
5.410585
5.403998
5.397410
5.390822
5.384233
5.377643
5.371052
5.364461
5.357868
5.351275
5.344681
5.338086
5.331491
5.324894
5.318297
5.311698
5.305098
5.298497
5.291894
5.285289
5.278683
5.272075
5.265465
5.258853
5.252239
5.245623
5.239005
5.232385
5.225763
5.219138
5.212512
5.205884
5.199254
5.192623
5.185989
5.179354
5.172717
5.166077
5.159436
5.152792
5.146146
5.139498
5.132848
5.126196
5.119542
5.112885
5.106227
5.099567
5.092905
5.086241
5.079576
5.072910
5.066243
5.059575
5.052906
5.046237
5.039566
5.032895
5.026224
5.019552
5.012879
5.006206
4.999533
4.992858
4.986182
4.979505
4.972827
4.966147
4.959466
4.952783
4.946100
4.939415
4.932730
4.926043
4.919355
4.912666
4.905976
4.899285
4.892593
4.885900
4.879206
4.872511
4.865815
4.859118
4.852420
4.845722
4.839022
4.832322
4.825622
4.818921
4.812220
4.805519
4.798818
4.792119
4.785420
4.778723
4.772027
4.765334
4.758643
4.751954
4.745267
4.738583
4.731902
4.725223
4.718547
4.711874
4.705202
4.698533
4.691866
4.685200
4.678536
4.671874
4.665214
4.658554
4.651896
4.645240
4.638585
4.631931
4.625278
4.618626
4.611975
4.605325
4.598675
4.592025
4.585376
4.578726
4.572076
4.565425
4.558773
4.552119
4.545464
4.538808
4.532150
4.525490
4.518828
4.512164
4.505498
4.498831
4.492161
4.485489
4.478815
4.472139
4.465460
4.458779
4.452096
4.445409
4.438719
4.432027
4.425330
4.418631
4.411928
4.405221
4.398511
4.391798
4.385081
4.378362
4.371641
4.364917
4.358191
4.351464
4.344735
4.338005
4.331274
4.324543
4.317811
4.311079
4.304347
4.297614
4.290880
4.284147
4.277413
4.270680
4.263947
4.257214
4.250482
4.243752
4.237022
4.230293
4.223565
4.216837
4.210111
4.203386
4.196661
4.189937
4.183215
4.176493
4.169772
4.163053
4.156334
4.149617
4.142902
4.136188
4.129477
4.122769
4.116066
4.109366
4.102672
4.095983
4.089299
4.082622
4.075952
4.069288
4.062632
4.055984
4.049344
4.042713
4.036090
4.029476
4.022872
4.016276
4.009690
4.003114
3.996546
3.989988
3.983441
3.976903
3.970375
3.963857
3.957348
3.950849
3.944358
3.937876
3.931402
3.924935
3.918474
3.912020
3.905571
3.899128
3.892688
3.886253
3.879820
3.873390
3.866963
3.860539
3.854116
3.847696
3.841277
3.834860
3.828444
3.822028
3.815613
3.809199
3.802783
3.796367
3.789951
3.783533
3.777114
3.770694
3.764272
3.757849
3.751425
3.744999
3.738573
3.732147
3.725720
3.719293
3.712867
3.706442
3.700018
3.693596
3.687177
3.680761
3.674347
3.667938
3.661532
3.655131
3.648734
3.642343
3.635957
3.629578
3.623206
3.616842
3.610487
3.604141
3.597805
3.591479
3.585164
3.578861
3.572570
3.566292
3.560027
3.553775
3.547537
3.541312
3.535100
3.528901
3.522715
3.516542
3.510381
3.504233
3.498097
3.491973
3.485861
3.479762
3.473673
3.467596
3.461529
3.455474
3.449428
3.443392
3.437365
3.431347
3.425338
3.419336
3.413343
3.407356
3.401377
3.395404
3.389439
3.383481
3.377530
3.371587
3.365651
3.359724
3.353804
3.347894
3.341993
3.336100
3.330217
3.324344
3.318481
3.312628
3.306785
3.300952
3.295130
3.289318
3.283516
3.277724
3.271942
3.266170
3.260408
3.254655
3.248910
3.243175
3.237448
3.231728
3.226017
3.220312
3.214614
3.208923
3.203237
3.197557
3.191881
3.186210
3.180543
3.174880
3.169220
3.163563
3.157908
3.152255
3.146604
3.140955
3.135307
3.129660
3.124016
3.118373
3.112731
3.107092
3.101454
3.095817
3.090182
3.084549
3.078916
3.073285
3.067654
3.062024
3.056395
3.050767
3.045138
3.039510
3.033882
3.028253
3.022625
3.016998
3.011371
3.005745
3.000122
2.994500
2.988880
2.983264
2.977651
2.972043
2.966439
2.960839
2.955245
2.949657
2.944075
2.938498
2.932929
2.927366
2.921810
2.916261
2.910721
2.905188
2.899665
2.894151
2.888646
2.883151
2.877667
2.872192
2.866729
2.861275
2.855831
2.850397
2.844973
2.839558
2.834152
2.828754
2.823364
2.817980
2.812604
2.807234
2.801872
2.796516
2.791166
2.785824
2.780489
2.775162
2.769844
2.764533
2.759232
2.753941
2.748659
2.743388
2.738127
2.732877
2.727637
2.722409
2.717193
2.711988
2.706796
2.701616
2.696449
2.691295
2.686154
2.681027
2.675913
2.670814
2.665729
2.660658
2.655602
2.650560
2.645532
2.640518
2.635518
2.630531
2.625557
2.620595
2.615644
2.610705
2.605777
2.600859
2.595951
2.591053
2.586164
2.581286
2.576416
2.571557
2.566707
2.561867
2.557036
2.552214
2.547402
2.542598
2.537803
2.533015
2.528236
2.523464
2.518699
2.513941
2.509189
2.504443
2.499703
2.494968
2.490238
2.485515
2.480797
2.476085
2.471378
2.466677
2.461981
2.457290
2.452603
2.447922
2.443245
2.438571
2.433902
2.429237
2.424576
2.419918
2.415264
2.410613
2.405966
2.401323
2.396685
2.392053
2.387426
2.382806
2.378193
2.373587
2.368988
2.364397
2.359814
2.355238
2.350669
2.346107
2.341551
2.337001
2.332455
2.327912
2.323371
2.318828
2.314278
2.309716
2.305135
2.300533
2.295909
2.291271
2.286626
2.281983
2.277349
2.272726
2.268116
2.263521
2.258940
2.254373
2.249821
2.245283
2.240758
2.236248
2.231751
2.227267
2.222798
2.218343
2.213904
2.209480
2.205074
2.200685
2.196314
2.191961
2.187627
2.183312
2.179015
2.174738
2.170480
2.166241
2.162021
2.157819
2.153636
2.149471
2.145324
2.141195
2.137083
2.132989
2.128913
2.124856
2.120818
2.116797
2.112795
2.108811
2.104845
2.100896
2.096964
2.093048
2.089148
2.085263
2.081392
2.077535
2.073690
2.069856
2.066033
2.062221
2.058418
2.054625
2.050841
2.047065
2.043296
2.039534
2.035778
2.032027
2.028279
2.024533
2.020788
2.017042
2.013293
2.009540
2.005782
2.002015
1.998240
1.994454
1.990657
1.986848
1.983030
1.979207
1.975388
1.971582
1.967797
1.964040
1.960310
1.956606
1.952921
1.949252
1.945597
1.941953
1.938321
1.934699
1.931089
1.927489
1.923899
1.920319
1.916750
1.913192
1.909645
1.906109
1.902584
1.899071
1.895570
1.892081
1.888603
1.885138
1.881685
1.878243
1.874813
1.871394
1.867986
1.864589
1.861202
1.857825
1.854458
1.851099
1.847750
1.844410
1.841079
1.837757
1.834445
1.831141
1.827847
1.824562
1.821286
1.818018
1.814760
1.811511
1.808271
1.805039
1.801816
1.798601
1.795394
1.792196
1.789007
1.785825
1.782652
1.779487
1.776330
1.773182
1.770043
1.766913
1.763792
1.760680
1.757577
1.754484
1.751401
1.748326
1.745262
1.742206
1.739161
1.736124
1.733096
1.730077
1.727067
1.724065
1.721072
1.718088
1.715112
1.712146
1.709187
1.706238
1.703297
1.700365
1.697442
1.694527
1.691621
1.688723
1.685834
1.682953
1.680081
1.677216
1.674359
1.671510
1.668669
1.665835
1.663008
1.660189
1.657376
1.654571
1.651773
1.648982
1.646198
1.643421
1.640651
1.637889
1.635133
1.632384
1.629641
1.626906
1.624178
1.621456
1.618740
1.616031
1.613328
1.610632
1.607941
1.605257
1.602580
1.599909
1.597244
1.594587
1.591936
1.589292
1.586655
1.584025
1.581402
1.578787
1.576178
1.573577
1.570983
1.568397
1.565817
1.563245
1.560679
1.558120
1.555568
1.553023
1.550485
1.547953
1.545429
1.542912
1.540401
1.537898
1.535402
1.532913
1.530431
1.527956
1.525488
1.523028
1.520574
1.518127
1.515688
1.513255
1.510828
1.508408
1.505995
1.503588
1.501188
1.498795
1.496408
1.494027
1.491653
1.489286
1.486926
1.484572
1.482226
1.479886
1.477554
1.475229
1.472912
1.470601
1.468297
1.466001
1.463712
1.461429
1.459153
1.456885
1.454623
1.452368
1.450121
1.447880
1.445647
1.443421
1.441202
1.438990
1.436786
1.434588
1.432399
1.430216
1.428041
1.425873
1.423713
1.421559
1.419413
1.417274
1.415142
1.413017
1.410899
1.408788
1.406684
1.404587
1.402497
1.400415
1.398340
1.396271
1.394210
1.392156
1.390108
1.388068
1.386035
1.384009
1.381990
1.379978
1.377973
1.375974
1.373983
1.371998
1.370019
1.368047
1.366083
1.364124
1.362173
1.360229
1.358292
1.356362
1.354438
1.352522
1.350611
1.348708
1.346811
1.344921
1.343037
1.341161
1.339290
1.337426
1.335569
1.333718
1.331873
1.330035
1.328203
1.326379
1.324561
1.322750
1.320947
1.319150
1.317360
1.315577
1.313801
1.312032
1.310269
1.308513
1.306763
1.305020
1.303283
1.301552
1.299828
1.298110
1.296398
1.294692
1.292992
1.291298
1.289611
1.287929
1.286255
1.284586
1.282924
1.281269
1.279619
1.277976
1.276338
1.274706
1.273080
1.271460
1.269846
1.268237
1.266633
1.265035
1.263442
1.261855
1.260273
1.258696
1.257125
1.255560
1.254001
1.252448
1.250901
1.249361
1.247826
1.246299
1.244777
1.243261
1.241752
1.240250
1.238756
1.237272
1.235801
1.234345
1.232903
1.231473
1.230054
1.228641
1.227231
1.225822
1.224412
1.222999
1.221582
1.220162
1.218738
1.217311
1.215881
1.214448
1.213014
1.211578
1.210140
1.208702
1.207262
1.205821
1.204379
1.202936
1.201492
1.200047
1.198601
1.197154
1.195705
1.194256
1.192805
1.191354
1.189902
1.188450
1.186997
1.185543
1.184089
1.182635
1.181180
1.179725
1.178271
1.176817
1.175364
1.173912
1.172462
1.171013
1.169566
1.168120
1.166677
1.165236
1.163798
1.162363
1.160931
1.159502
1.158077
1.156656
1.155240
1.153828
1.152421
1.151020
1.149626
1.148237
1.146856
1.145482
1.144115
1.142757
1.141407
1.140067
1.138735
1.137413
1.136101
1.134799
1.133507
1.132226
1.130955
1.129696
1.128448
1.127212
1.125986
1.124770
1.123561
1.122355
1.121148
1.119937
1.118722
1.117502
1.116278
1.115051
1.113824
1.112597
1.111372
1.110151
1.108933
1.107720
1.106511
1.105307
1.104107
1.102913
1.101722
1.100537
1.099356
1.098180
1.097009
1.095843
1.094683
1.093529
1.092381
1.091239
1.090103
1.088974
1.087852
1.086736
1.085627
1.084525
1.083430
1.082343
1.081264
1.080192
1.079129
1.078073
1.077026
1.075987
1.074955
1.073931
1.072915
1.071906
1.070904
1.069908
1.068919
1.067936
1.066958
1.065985
1.065018
1.064056
1.063097
1.062142
1.061189
1.060236
1.059284
1.058331
1.057377
1.056422
1.055466
1.054511
1.053556
1.052602
1.051650
1.050700
1.049753
1.048808
1.047866
1.046929
1.045998
1.045074
1.044158
1.043250
1.042352
1.041463
1.040583
1.039712
1.038848
1.037992
1.037144
1.036302
1.035466
1.034636
1.033812
1.032994
1.032182
1.031375
1.030574
1.029778
1.028988
1.028204
1.027425
1.026652
1.025884
1.025123
1.024366
1.023616
1.022871
1.022132
1.021397
1.020668
1.019943
1.019223
1.018507
1.017795
1.017087
1.016382
1.015680
1.014981
1.014285
1.013591
1.012900
1.012210
1.011521
1.010834
1.010147
1.009460
1.008774
1.008086
1.007398
1.006707
1.006014
1.005318
1.004618
1.003914
1.003206
1.002492
1.001772
1.001047
1.000315
0.999576
0.998831
0.998078
0.997320
0.996555
0.995787
0.995016
0.994245
0.993474
0.992704
0.991936
0.991172
0.990411
0.989654
0.988901
0.988154
0.987412
0.986676
0.985947
0.985224
0.984507
0.983795
0.983087
0.982382
0.981681
0.980982
0.980286
0.979592
0.978900
0.978211
0.977525
0.976841
0.976159
0.975481
0.974805
0.974133
0.973463
0.972797
0.972133
0.971472
0.970814
0.970158
0.969505
0.968855
0.968207
0.967561
0.966918
0.966277
0.965638
0.965002
0.964368
0.963737
0.963108
0.962482
0.961858
0.961236
0.960617
0.959999
0.959384
0.958772
0.958161
0.957553
0.956946
0.956342
0.955740
0.955140
0.954542
0.953946
0.953351
0.952758
0.952167
0.951577
0.950989
0.950403
0.949819
0.949237
0.948658
0.948080
0.947505
0.946932
0.946361
0.945792
0.945225
0.944660
0.944098
0.943537
0.942979
0.942422
0.941868
0.941315
0.940765
0.940216
0.939669
0.939124
0.938581
0.938040
0.937501
0.936966
0.936435
0.935910
0.935394
0.934890
0.934398
0.933917
0.933445
0.932976
0.932507
0.932035
0.931557
0.931072
0.930579
0.930078
0.929569
0.929052
0.928527
0.927996
0.927458
0.926913
0.926363
0.925807
0.925246
0.924680
0.924110
0.923537
0.922960
0.922379
0.921796
0.921211
0.920623
0.920034
0.919443
0.918851
0.918258
0.917664
0.917070
0.916476
0.915883
0.915291
0.914699
0.914110
0.913522
0.912936
0.912353
0.911772
0.911194
0.910619
0.910047
0.909478
0.908913
0.908352
0.907795
0.907243
0.906696
0.906153
0.905617
0.905085
0.904560
0.904042
0.903529
0.903024
0.902525
0.902034
0.901550
0.901074
0.900606
0.900146
0.899694
0.899251
0.898818
0.898393
0.897979
0.897573
0.897178
0.896793
0.896419
0.896055
0.895702
0.895359
0.895027
0.894703
0.894386
0.894071
0.893752
0.893427
0.893092
0.892749
0.892397
0.892038
0.891676
0.891311
0.890945
0.890577
0.890210
0.889842
0.889475
0.889108
0.888742
0.888377
0.888012
0.887648
0.887285
0.886922
0.886561
0.886200
0.885841
0.885482
0.885125
0.884769
0.884413
0.884059
0.883706
0.883354
0.883003
0.882652
0.882301
0.881950
0.881599
0.881247
0.880894
0.880541
0.880189
0.879837
0.879485
0.879134
0.878784
0.878436
0.878089
0.877744
0.877401
0.877061
0.876723
0.876389
0.876057
0.875729
0.875404
0.875083
0.874765
0.874451
0.874142
0.873836
0.873535
0.873238
0.872945
0.872657
0.872373
0.872093
0.871819
0.871549
0.871283
0.871022
0.870766
0.870515
0.870268
0.870026
0.869788
0.869555
0.869327
0.869103
0.868883
0.868668
0.868457
0.868250
0.868048
0.867851
0.867657
0.867468
0.867283
0.867101
0.866923
0.866748
0.866575
0.866406
0.866239
0.866074
0.865912
0.865751
0.865592
0.865434
0.865278
0.865122
0.864967
0.864812
0.864656
0.864501
0.864344
0.864187
0.864028
0.863867
0.863704
0.863539
0.863372
0.863201
0.863026
0.862849
0.862668
0.862483
0.862296
0.862107
0.861915
0.861721
0.861524
0.861326
0.861126
0.860923
0.860719
0.860514
0.860306
0.860097
0.859886
0.859673
0.859459
0.859244
0.859028
0.858810
0.858591
0.858371
0.858150
0.857928
0.857705
0.857482
0.857258
0.857033
0.856808
0.856583
0.856358
0.856132
0.855907
0.855681
0.855456
0.855231
0.855006
0.854782
0.854559
0.854336
0.854113
0.853892
0.853672
0.853452
0.853234
0.853017
0.852801
0.852587
0.852374
0.852163
0.851952
0.851743
0.851534
0.851326
0.851120
0.850914
0.850709
0.850506
0.850303
0.850101
0.849901
0.849701
0.849503
0.849305
0.849109
0.848913
0.848718
0.848525
0.848332
0.848140
0.847949
0.847759
0.847569
0.847380
0.847193
0.847005
0.846818
0.846632
0.846447
0.846261
0.846077
0.845893
0.845708
0.845525
0.845341
0.845158
0.844974
0.844790
0.844606
0.844422
0.844237
0.844054
0.843870
0.843687
0.843505
0.843324
0.843144
0.842965
0.842787
0.842610
0.842435
0.842262
0.842090
0.841920
0.841751
0.841584
0.841420
0.841257
0.841097
0.840938
0.840781
0.840627
0.840475
0.840324
0.840176
0.840031
0.839887
0.839745
0.839606
0.839469
0.839335
0.839202
0.839073
0.838946
0.838821
0.838699
0.838580
0.838463
0.838349
0.838237
0.838128
0.838022
0.837917
0.837816
0.837717
0.837620
0.837525
0.837433
0.837342
0.837254
0.837168
0.837084
0.837001
0.836920
0.836841
0.836764
0.836688
0.836613
0.836539
0.836466
0.836395
0.836323
0.836253
0.836183
0.836114
0.836044
0.835975
0.835905
0.835835
0.835765
0.835694
0.835622
0.835549
0.835476
0.835401
0.835326
0.835250
0.835174
0.835097
0.835021
0.834944
0.834867
0.834791
0.834714
0.834638
0.834561
0.834485
0.834408
0.834331
0.834255
0.834178
0.834102
0.834026
0.833949
0.833874
0.833798
0.833723
0.833648
0.833573
0.833499
0.833426
0.833352
0.833279
0.833206
0.833133
0.833060
0.832986
0.832913
0.832839
0.832765
0.832690
0.832615
0.832539
0.832463
0.832386
0.832308
0.832230
0.832150
0.832070
0.831989
0.831907
0.831824
0.831739
0.831654
0.831568
0.831480
0.831392
0.831302
0.831211
0.831118
0.831025
0.830930
0.830834
0.830736
0.830638
0.830538
0.830437
0.830334
0.830230
0.830125
0.830019
0.829912
0.829803
0.829693
0.829582
0.829470
0.829356
0.829242
0.829126
0.829009
0.828892
0.828773
0.828654
0.828533
0.828412
0.828289
0.828166
0.828042
0.827917
0.827791
0.827664
0.827536
0.827407
0.827278
0.827148
0.827018
0.826888
0.826758
0.826628
0.826499
0.826370
0.826242
0.826114
0.825988
0.825862
0.825737
0.825614
0.825491
0.825369
0.825248
0.825128
0.825009
0.824891
0.824774
0.824658
0.824544
0.824430
0.824317
0.824206
0.824096
0.823987
0.823879
0.823773
0.823668
0.823564
0.823461
0.823360
0.823260
0.823162
0.823064
0.822968
0.822874
0.822781
0.822689
0.822598
0.822508
0.822420
0.822333
0.822247
0.822162
0.822079
0.821996
0.821915
0.821834
0.821755
0.821676
0.821599
0.821522
0.821446
0.821371
0.821296
0.821222
0.821149
0.821076
0.821003
0.820931
0.820859
0.820787
0.820716
0.820644
0.820572
0.820500
0.820428
0.820356
0.820283
0.820210
0.820136
0.820062
0.819988
0.819913
0.819839
0.819764
0.819688
0.819613
0.819538
0.819463
0.819388
0.819313
0.819237
0.819162
0.819087
0.819012
0.818937
0.818862
0.818786
0.818711
0.818636
0.818561
0.818486
0.818411
0.818336
0.818261
0.818187
0.818112
0.818038
0.817964
0.817890
0.817816
0.817742
0.817667
0.817593
0.817519
0.817445
0.817371
0.817297
0.817222
0.817148
0.817073
0.816998
0.816923
0.816847
0.816771
0.816695
0.816619
0.816542
0.816465
0.816388
0.816310
0.816232
0.816153
0.816074
0.815995
0.815915
0.815835
0.815754
0.815673
0.815592
0.815510
0.815428
0.815345
0.815262
0.815178
0.815094
0.815009
0.814924
0.814839
0.814753
0.814667
0.814580
0.814493
0.814405
0.814317
0.814229
0.814140
0.814051
0.813962
0.813872
0.813782
0.813691
0.813601
0.813510
0.813419
0.813327
0.813235
0.813144
0.813051
0.812959
0.812867
0.812774
0.812682
0.812589
0.812497
0.812404
0.812312
0.812219
0.812127
0.812034
0.811942
0.811850
0.811758
0.811667
0.811575
0.811483
0.811391
0.811298
0.811205
0.811111
0.811017
0.810922
0.810826
0.810730
0.810634
0.810537
0.810440
0.810344
0.810247
0.810151
0.810055
0.809960
0.809865
0.809771
0.809678
0.809585
0.809494
0.809404
0.809315
0.809227
0.809140
0.809055
0.808971
0.808889
0.808809
0.808730
0.808653
0.808577
0.808503
0.808431
0.808361
0.808293
0.808227
0.808162
0.808100
0.808039
0.807981
0.807924
0.807870
0.807817
0.807766
0.807718
0.807671
0.807626
0.807583
0.807542
0.807503
0.807465
0.807430
0.807396
0.807363
0.807333
0.807304
0.807276
0.807250
0.807225
0.807202
0.807180
0.807159
0.807139
0.807120
0.807102
0.807085
0.807068
0.807052
0.807037
0.807022
0.807007
0.806993
0.806978
0.806963
0.806948
0.806933
0.806917
0.806901
0.806884
0.806866
0.806848
0.806829
0.806810
0.806790
0.806771
0.806751
0.806731
0.806711
0.806691
0.806671
0.806651
0.806631
0.806612
0.806592
0.806572
0.806552
0.806532
0.806512
0.806492
0.806472
0.806452
0.806432
0.806412
0.806392
0.806373
0.806353
0.806333
0.806313
0.806293
0.806273
0.806253
0.806233
0.806213
0.806193
0.806173
0.806153
0.806133
0.806114
0.806094
0.806074
0.806054
0.806034
0.806014
0.805994
0.805974
0.805954
0.805934
0.805914
0.805894
0.805875
0.805855
0.805835
0.805815
0.805795
0.805775
0.805755
0.805735
0.805715
0.805695
0.805675
0.805655
0.805635
0.805616
0.805596
0.805576
0.805556
0.805536
0.805516
0.805496
0.805476
0.805456
0.805436
0.805416
0.805396
0.805377
0.805357
0.805337
0.805317
0.805297
0.805277
0.805257
0.805237
0.805217
0.805197
0.805177
0.805157
0.805137
0.805118
0.805098
0.805078
0.805058
0.805038
0.805018
0.804998
0.804978
0.804958
0.804938
0.804918
0.804898
0.804879
0.804859
0.804839
0.804819
0.804799
0.804779
0.804759
0.804739
0.804719
0.804699
0.804679
0.804659
0.804639
0.804620
0.804600
0.804580
0.804560
0.804540
0.804520
0.804500
0.804480
0.804460
0.804440
0.804420
0.804400
0.804381
0.804361
0.804341
0.804321
0.804301
0.804281
0.804261
0.804241
0.804221
0.804201
0.804181
0.804161
0.804141
0.804122
0.804102
0.804082
0.804062
0.804042
0.804022
0.804002
0.803982
0.803962
0.803942
0.803922
0.803902
0.803883
0.803863
0.803843
0.803823
0.803803
0.803783
0.803763
0.803743
0.803723
0.803703
0.803683
0.803663
0.803643
0.803624
0.803604
0.803584
0.803564
0.803544
0.803524
0.803504
0.803484
0.803464
0.803444
0.803424
0.803404
0.803385
0.803365
0.803345
0.803325
0.803305
0.803285
0.803265
0.803245
0.803225
0.803205
0.803185
0.803165
0.803145
0.803126
0.803106
0.803086
0.803066
0.803046
0.803026
0.803006
0.802986
0.802966
0.802946
0.802926
0.802906
0.802887
0.802867
0.802847
0.802827
0.802807
0.802787
0.802767
0.802747
0.802727
0.802707
0.802687
0.802667
0.802648
0.802628
0.802608
0.802588
0.802568
0.802548
0.802528
0.802508
0.802488
0.802468
0.802448
0.802428
0.802408
0.802389
0.802369
0.802349
0.802329
0.802309
0.802289
0.802269
0.802249
0.802229
0.802209
0.802189
0.802169
0.802150
0.802130
0.802110
0.802090
0.802070
0.802050
0.802030
0.802010
0.801990
0.801970
0.801950
0.801930
0.801910
0.801891
0.801871
0.801851
0.801831
0.801811
0.801791
0.801771
0.801751
0.801731
0.801711
0.801691
0.801671
0.801652
0.801632
0.801612
0.801592
0.801572
0.801552
0.801532
0.801512
0.801492
0.801472
0.801452
0.801432
0.801412
0.801393
0.801373
0.801353
0.801333
0.801313
0.801293
0.801273
0.801253
0.801233
0.801213
0.801193
0.801173
0.801154
0.801134
0.801114
0.801094
0.801074
0.801054
0.801034
0.801014
0.800994
0.800974
0.800954
0.800934
0.800915
0.800895
0.800875
0.800855
0.800835
0.800815
0.800795
0.800775
0.800755
0.800735
0.800715
0.800695
0.800675
0.800656
0.800636
0.800616
0.800596
0.800576
0.800556
0.800536
0.800516
0.800496
0.800476
0.800456
0.800436
0.800417
0.800397
0.800377
0.800357
0.800337
0.800317
0.800297
0.800277
0.800257
0.800237
0.800217
0.800197
0.800177
0.800158
0.800138
0.800118
0.800098
0.800078
0.800059
0.800042
0.800026
0.800015
0.800007
0.800003
0.800000
