0.800000
0.800006
0.800014
0.800026
0.800041
0.800059
0.800078
0.800099
0.800119
0.800140
0.800160
0.800181
0.800202
0.800222
0.800243
0.800263
0.800284
0.800304
0.800325
0.800346
0.800366
0.800387
0.800407
0.800428
0.800449
0.800469
0.800490
0.800510
0.800531
0.800551
0.800572
0.800593
0.800613
0.800634
0.800654
0.800675
0.800696
0.800716
0.800737
0.800757
0.800778
0.800798
0.800819
0.800840
0.800860
0.800881
0.800901
0.800922
0.800943
0.800963
0.800984
0.801004
0.801025
0.801045
0.801066
0.801087
0.801107
0.801128
0.801148
0.801169
0.801189
0.801210
0.801231
0.801251
0.801272
0.801292
0.801313
0.801334
0.801354
0.801375
0.801395
0.801416
0.801436
0.801457
0.801478
0.801498
0.801519
0.801539
0.801560
0.801581
0.801601
0.801622
0.801642
0.801663
0.801683
0.801704
0.801725
0.801745
0.801766
0.801786
0.801807
0.801828
0.801848
0.801869
0.801889
0.801910
0.801930
0.801951
0.801972
0.801992
0.802013
0.802033
0.802054
0.802075
0.802095
0.802116
0.802136
0.802157
0.802177
0.802198
0.802219
0.802239
0.802260
0.802280
0.802301
0.802322
0.802342
0.802363
0.802383
0.802404
0.802424
0.802445
0.802466
0.802486
0.802507
0.802527
0.802548
0.802569
0.802589
0.802610
0.802630
0.802651
0.802671
0.802692
0.802713
0.802733
0.802754
0.802774
0.802795
0.802816
0.802836
0.802857
0.802877
0.802898
0.802918
0.802939
0.802960
0.802980
0.803001
0.803021
0.803042
0.803063
0.803083
0.803104
0.803124
0.803145
0.803165
0.803186
0.803207
0.803227
0.803248
0.803268
0.803289
0.803310
0.803330
0.803351
0.803371
0.803392
0.803412
0.803433
0.803454
0.803474
0.803495
0.803515
0.803536
0.803557
0.803577
0.803598
0.803618
0.803639
0.803659
0.803680
0.803701
0.803721
0.803742
0.803762
0.803783
0.803804
0.803824
0.803845
0.803865
0.803886
0.803906
0.803927
0.803948
0.803968
0.803989
0.804009
0.804028
0.804039
0.804025
0.803954
0.803780
0.803468
0.803017
0.802467
0.801886
0.801341
0.800878
0.800522
0.800277
0.800129
0.800060
0.800053
0.800104
0.800223
0.800428
0.800730
0.801133
0.801630
0.802215
0.802881
0.803624
0.804442
0.805333
0.806295
0.807325
0.808422
0.809583
0.810807
0.812091
0.813434
0.814832
0.816284
0.817787
0.819338
0.820937
0.822579
0.824262
0.825985
0.827744
0.829536
0.831360
0.833213
0.835091
0.836993
0.838916
0.840857
0.842812
0.844780
0.846758
0.848742
0.850729
0.852717
0.854703
0.856683
0.858655
0.860616
0.862562
0.864490
0.866397
0.868279
0.870133
0.871957
0.873746
0.875497
0.877205
0.878869
0.880483
0.882045
0.883550
0.884994
0.886374
0.887686
0.888924
0.890087
0.891168
0.892166
0.893075
0.893893
0.894623
0.895283
0.895914
0.896577
0.897342
0.898251
0.899308
0.900478
0.901721
0.903004
0.904311
0.905638
0.906982
0.908343
0.909723
0.911122
0.912539
0.913976
0.915432
0.916907
0.918403
0.919919
0.921455
0.923011
0.924588
0.926184
0.927801
0.929438
0.931096
0.932775
0.934474
0.936194
0.937936
0.939699
0.941483
0.943289
0.945118
0.946968
0.948842
0.950738
0.952658
0.954601
0.956568
0.958559
0.960575
0.962615
0.964681
0.966772
0.968889
0.971031
0.973200
0.975395
0.977617
0.979866
0.982142
0.984445
0.986775
0.989132
0.991518
0.993932
0.996374
0.998846
1.001347
1.003878
1.006440
1.009032
1.011655
1.014309
1.016995
1.019714
1.022465
1.025250
1.028069
1.030923
1.033812
1.036737
1.039698
1.042697
1.045733
1.048807
1.051918
1.055068
1.058257
1.061485
1.064751
1.068056
1.071400
1.074785
1.078210
1.081676
1.085183
1.088732
1.092323
1.095956
1.099632
1.103351
1.107113
1.110919
1.114769
1.118662
1.122599
1.126581
1.130607
1.134677
1.138792
1.142953
1.147160
1.151414
1.155714
1.160060
1.164453
1.168893
1.173380
1.177914
1.182495
1.187124
1.191801
1.196525
1.201298
1.206120
1.210992
1.215912
1.220883
1.225903
1.230975
1.236098
1.241272
1.246499
1.251777
1.257107
1.262490
1.267926
1.273416
1.278960
1.284559
1.290213
1.295924
1.301691
1.307516
1.313398
1.319337
1.325334
1.331388
1.337500
1.343670
1.349900
1.356188
1.362536
1.368945
1.375415
1.381947
1.388541
1.395197
1.401916
1.408699
1.415545
1.422456
1.429432
1.436472
1.443577
1.450747
1.457983
1.465287
1.472657
1.480096
1.487603
1.495180
1.502826
1.510543
1.518329
1.526186
1.534112
1.542108
1.550175
1.558313
1.566522
1.574802
1.583154
1.591578
1.600074
1.608644
1.617287
1.626004
1.634796
1.643662
1.652603
1.661620
1.670714
1.679884
1.689130
1.698455
1.707858
1.717341
1.726904
1.736548
1.746272
1.756078
1.765966
1.775935
1.785987
1.796120
1.806335
1.816631
1.827010
1.837472
1.848016
1.858643
1.869353
1.880145
1.891020
1.901979
1.913022
1.924150
1.935363
1.946661
1.958044
1.969513
1.981069
1.992710
2.004437
2.016250
2.028151
2.040139
2.052217
2.064383
2.076637
2.088978
2.101407
2.113922
2.126523
2.139211
2.151985
2.164843
2.177788
2.190818
2.203935
2.217138
2.230426
2.243798
2.257256
2.270798
2.284426
2.298140
2.311938
2.325820
2.339786
2.353837
2.367972
2.382191
2.396493
2.410878
2.425346
2.439898
2.454535
2.469254
2.484056
2.498939
2.513903
2.528946
2.544070
2.559272
2.574552
2.589909
2.605344
2.620855
2.636444
2.652110
2.667852
2.683669
2.699560
2.715525
2.731564
2.747677
2.763861
2.780116
2.796441
2.812836
2.829302
2.845836
2.862441
2.879114
2.895856
2.912666
2.929543
2.946488
2.963498
2.980572
2.997708
3.014906
3.032165
3.049485
3.066864
3.084301
3.101795
3.119345
3.136950
3.154610
3.172323
3.190089
3.207907
3.225775
3.243693
3.261659
3.279673
3.297733
3.315838
3.333987
3.352180
3.370418
3.388701
3.407027
3.425396
3.443807
3.462259
3.480750
3.499277
3.517840
3.536435
3.555062
3.573719
3.592405
3.611121
3.629863
3.648632
3.667427
3.686247
3.705091
3.723958
3.742846
3.761755
3.780684
3.799631
3.818595
3.837575
3.856569
3.875578
3.894601
3.913637
3.932687
3.951751
3.970826
3.989913
4.009010
4.028114
4.047226
4.066344
4.085466
4.104591
4.123719
4.142849
4.161981
4.181113
4.200245
4.219376
4.238504
4.257630
4.276752
4.295868
4.314976
4.334077
4.353167
4.372245
4.391311
4.410361
4.429395
4.448411
4.467408
4.486386
4.505344
4.524282
4.543199
4.562093
4.580963
4.599810
4.618633
4.637430
4.656202
4.674948
4.693667
4.712360
4.731027
4.749666
4.768279
4.786862
4.805418
4.823943
4.842439
4.860905
4.879338
4.897737
4.916102
4.934432
4.952726
4.970983
4.989203
5.007385
5.025530
5.043637
5.061708
5.079742
5.097740
5.115703
5.133630
5.151523
5.169381
5.187204
5.204993
5.222748
5.240467
5.258152
5.275803
5.293418
5.310999
5.328544
5.346052
5.363524
5.380957
5.398351
5.415705
5.433015
5.450282
5.467505
5.484683
5.501816
5.518904
5.535946
5.552944
5.569897
5.586803
5.603664
5.620477
5.637241
5.653955
5.670618
5.687230
5.703790
5.720297
5.736750
5.753149
5.769492
5.785781
5.802013
5.818188
5.834305
5.850362
5.866361
5.882301
5.898181
5.914001
5.929760
5.945458
5.961095
5.976671
5.992186
6.007641
6.023034
6.038365
6.053634
6.068840
6.083983
6.099062
6.114074
6.129020
6.143898
6.158709
6.173451
6.188124
6.202727
6.217260
6.231721
6.246112
6.260431
6.274677
6.288850
6.302948
6.316972
6.330922
6.344797
6.358598
6.372324
6.385974
6.399548
6.413045
6.426466
6.439808
6.453070
6.466251
6.479350
6.492367
6.505302
6.518153
6.530919
6.543600
6.556195
6.568705
6.581128
6.593466
6.605717
6.617882
6.629959
6.641949
6.653852
6.665668
6.677395
6.689033
6.700582
6.712044
6.723422
6.734719
6.745935
6.757068
6.768117
6.779080
6.789956
6.800745
6.811447
6.822063
6.832594
6.843040
6.853403
6.863683
6.873880
6.883994
6.894027
6.903980
6.913852
6.923645
6.933358
6.942990
6.952543
6.962017
6.971411
6.980726
6.989961
6.999116
7.008191
7.017189
7.026108
7.034949
7.043712
7.052397
7.061004
7.069534
7.077989
7.086367
7.094668
7.102894
7.111044
7.119119
7.127120
7.135047
7.142900
7.150680
7.158385
7.166019
7.173580
7.181069
7.188485
7.195828
7.203098
7.210295
7.217420
7.224471
7.231451
7.238358
7.245194
7.251962
7.258661
7.265294
7.271859
7.278359
7.284792
7.291159
7.297463
7.303701
7.309875
7.315985
7.322031
7.328014
7.333936
7.339796
7.345596
7.351336
7.357018
7.362644
7.368216
7.373735
7.379200
7.384608
7.389957
7.395246
7.400475
7.405648
7.410764
7.415827
7.420836
7.425793
7.430698
7.435551
7.440353
7.445102
7.449800
7.454447
7.459045
7.463593
7.468091
7.472540
7.476941
7.481293
7.485600
7.489860
7.494074
7.498243
7.502367
7.506447
7.510483
7.514476
7.518426
7.522334
7.526199
7.530023
7.533807
7.537549
7.541252
7.544913
7.548535
7.552117
7.555659
7.559162
7.562625
7.566049
7.569433
7.572779
7.576085
7.579353
7.582583
7.585774
7.588929
7.592048
7.595133
7.598183
7.601200
7.604184
7.607137
7.610059
7.612949
7.615809
7.618637
7.621434
7.624200
7.626934
7.629638
7.632310
7.634951
7.637561
7.640140
7.642688
7.645207
7.647696
7.650155
7.652584
7.654984
7.657356
7.659699
7.662015
7.664303
7.666565
7.668800
7.671009
7.673192
7.675349
7.677480
7.679584
7.681661
7.683711
7.685733
7.687729
7.689698
7.691642
7.693561
7.695455
7.697324
7.699170
7.700992
7.702790
7.704565
7.706317
7.708046
7.709752
7.711435
7.713096
7.714735
7.716352
7.717948
7.719523
7.721078
7.722614
7.724131
7.725630
7.727110
7.728571
7.730013
7.731436
7.732840
7.734224
7.735590
7.736936
7.738263
7.739571
7.740861
7.742133
7.743387
7.744625
7.745846
7.747051
7.748241
7.749416
7.750576
7.751721
7.752852
7.753967
7.755068
7.756155
7.757226
7.758283
7.759326
7.760354
7.761367
7.762365
7.763348
7.764316
7.765270
7.766210
7.767136
7.768049
7.768949
7.769835
7.770709
7.771570
7.772418
7.773253
7.774077
7.774888
7.775686
7.776473
7.777248
7.778012
7.778763
7.779502
7.780229
7.780944
7.781648
7.782339
7.783020
7.783690
7.784351
7.785002
7.785645
7.786279
7.786904
7.787521
7.788130
7.788730
7.789322
7.789905
7.790479
7.791046
7.791604
7.792155
7.792699
7.793236
7.793766
7.794290
7.794809
7.795321
7.795828
7.796329
7.796823
7.797311
7.797792
7.798267
7.798734
7.799195
7.799650
7.800098
7.800541
7.800978
7.801411
7.801839
7.802262
7.802681
7.803094
7.803503
7.803906
7.804304
7.804697
7.805085
7.805467
7.805845
7.806217
7.806584
7.806946
7.807303
7.807655
7.808002
7.808344
7.808682
7.809015
7.809344
7.809669
7.809991
7.810310
7.810626
7.810939
7.811248
7.811554
7.811855
7.812152
7.812444
7.812732
7.813015
7.813293
7.813567
7.813836
7.814101
7.814361
7.814617
7.814869
7.815117
7.815360
7.815599
7.815834
7.816064
7.816291
7.816514
7.816733
7.816948
7.817159
7.817366
7.817568
7.817766
7.817960
7.818150
7.818336
7.818519
7.818699
7.818874
7.819047
7.819216
7.819382
7.819544
7.819703
7.819858
7.820011
7.820160
7.820306
7.820449
7.820589
7.820727
7.820863
7.820996
7.821127
7.821257
7.821385
7.821511
7.821637
7.821761
7.821884
7.822005
7.822126
7.822245
7.822362
7.822479
7.822594
7.822708
7.822822
7.822935
7.823048
7.823160
7.823273
7.823385
7.823497
7.823610
7.823724
7.823838
7.823953
7.824069
7.824187
7.824306
7.824427
7.824550
7.824674
7.824800
7.824928
7.825057
7.825188
7.825320
7.825453
7.825586
7.825721
7.825856
7.825991
7.826125
7.826260
7.826394
7.826527
7.826659
7.826790
7.826919
7.827047
7.827174
7.827298
7.827420
7.827541
7.827659
7.827775
7.827888
7.827999
7.828106
7.828211
7.828313
7.828412
7.828508
7.828600
7.828689
7.828775
7.828857
7.828935
7.829011
7.829082
7.829150
7.829214
7.829275
7.829332
7.829386
7.829436
7.829482
7.829525
7.829565
7.829601
7.829634
7.829664
7.829691
7.829715
7.829736
7.829754
7.829769
7.829781
7.829791
7.829798
7.829803
7.829806
7.829807
7.829806
7.829803
7.829799
7.829793
7.829787
7.829779
7.829771
7.829761
7.829752
7.829742
7.829732
7.829723
7.829714
7.829705
7.829698
7.829692
7.829687
7.829683
7.829681
7.829680
7.829679
7.829679
7.829679
7.829679
7.829679
7.829679
7.829679
7.829679
7.829679
7.829679
7.829679
7.829679
7.829679
7.829679
7.829679
7.829679
7.829679
7.829679
7.829679
7.829679
7.829679
7.829679
7.829679
7.829679
7.829679
7.829679
7.829679
7.829679
7.829679
7.829679
7.829679
7.829679
7.829679
7.829679
7.829679
7.829679
7.829679
7.829679
7.829679
7.829679
7.829679
7.829679
7.829679
7.829679
7.829679
7.829679
7.829679
7.829679
7.829679
7.829679
7.829679
7.829679
7.829679
7.829679
7.829679
7.829679
7.829679
7.829679
7.829679
7.829679
7.829679
7.829679
7.829679
7.829679
7.829679
7.829679
7.829679
7.829679
7.829679
7.829679
7.829679
7.829679
7.829679
7.829679
7.829679
7.829679
7.829679
7.829679
7.829679
7.829679
7.829679
7.829679
7.829679
7.829679
7.829679
7.829679
7.829679
7.829679
7.829679
7.829679
7.829679
7.829679
7.829679
7.829679
7.829679
7.829679
7.829679
7.829679
7.829679
7.829679
7.829679
7.829679
7.829679
7.829679
7.829679
7.829679
7.829679
7.829679
7.829679
7.829679
7.829679
7.829679
7.829679
7.829679
7.829679
7.829679
7.829679
7.829679
7.829679
7.829679
7.829679
7.829679
7.829679
7.829679
7.829679
7.829679
7.829679
7.829679
7.829679
7.829679
7.829679
7.829679
7.829679
7.829679
7.829679
7.829679
7.829679
7.829679
7.829679
7.829679
7.829679
7.829679
7.829679
7.829679
7.829679
7.829679
7.829679
7.829679
7.829679
7.829679
7.829679
7.829679
7.829679
7.829679
7.829679
7.829679
7.829679
7.829679
7.829679
7.829679
7.829679
7.829679
7.829679
7.829679
7.829679
7.829679
7.829679
7.829679
7.829679
7.829679
7.829679
7.829679
7.829679
7.829679
7.829679
7.829679
7.829679
7.829679
7.829679
7.829679
7.829679
7.829679
7.829679
7.829679
7.829679
7.829679
7.829679
7.829679
7.829679
7.829679
7.829679
7.829679
7.829679
7.829679
7.829679
7.829679
7.829679
7.829679
7.829679
7.829679
7.829679
7.829679
7.829679
7.829679
7.829679
7.829679
7.829679
7.829679
7.829679
7.829679
7.829679
7.829679
7.829679
7.829679
7.829679
7.829679
7.829679
7.829679
7.829679
7.829679
7.829679
7.829679
7.829679
7.829679
7.829679
7.829679
7.829679
7.829679
7.829679
7.829679
7.829679
7.829679
7.829679
7.829679
7.829679
7.829679
7.829679
7.829679
7.829679
7.829679
7.829679
7.829679
7.829679
7.829679
7.829679
7.829679
7.829679
7.829679
7.829679
7.829679
7.829679
7.829679
7.829679
7.829679
7.829679
7.829679
7.829679
7.829679
7.829679
7.829679
7.829679
7.829679
7.829679
7.829679
7.829679
7.829679
7.829679
7.829679
7.829679
7.829679
7.829679
7.829679
7.829679
7.829679
7.829679
7.829679
7.829679
7.829679
7.829679
7.829679
7.829679
7.829679
7.829679
7.829679
7.829679
7.829679
7.829679
7.829679
7.829679
7.829679
7.829679
7.829679
7.829679
7.829679
7.829679
7.829679
7.829679
7.829679
7.829679
7.829679
7.829679
7.829679
7.829679
7.829679
7.829679
7.829679
7.829679
7.829679
7.829679
7.829679
7.829679
7.829679
7.829679
7.829679
7.829679
7.829679
7.829679
7.829679
7.829679
7.829679
7.829679
7.829679
7.829679
7.829679
7.829679
7.829679
7.829679
7.829679
7.829679
7.829679
7.829679
7.829679
7.829679
7.829679
7.829679
7.829679
7.829679
7.829679
7.829679
7.829679
7.829679
7.829679
7.829679
7.829679
7.829679
7.829679
7.829679
7.829679
7.829679
7.829679
7.829679
7.829679
7.829679
7.829679
7.829679
7.829679
7.829679
7.829679
7.829679
7.829679
7.829679
7.829679
7.829679
7.829679
7.829679
7.829679
7.829679
7.829679
7.829679
7.829679
7.829679
7.829679
7.829679
7.829679
7.829679
7.829679
7.829679
7.829679
7.829679
7.829679
7.829679
7.829679
7.829679
7.829679
7.829679
7.829679
7.829679
7.829679
7.829679
7.829679
7.829679
7.829679
7.829679
7.829679
7.829679
7.829679
7.829679
7.829679
7.829679
7.829679
7.829679
7.829679
7.829679
7.829679
7.829679
7.829679
7.829679
7.829679
7.829679
7.829679
7.829679
7.829679
7.829679
7.829679
7.829679
7.829679
7.829679
7.829679
7.829679
7.829679
7.829679
7.829679
7.829679
7.829679
7.829679
7.829679
7.829679
7.829679
7.829679
7.829679
7.829679
7.829679
7.829679
7.829679
7.829679
7.829679
7.829679
7.829679
7.829679
7.829679
7.829679
7.829679
7.829679
7.829679
7.829679
7.829679
7.829679
7.829679
7.829679
7.829679
7.829679
7.829679
7.829679
7.829679
7.829679
7.829679
7.829679
7.829679
7.829679
7.829679
7.829679
7.829679
7.829679
7.829679
7.829679
7.829679
7.829679
7.829679
7.829679
7.829679
7.829679
7.829679
7.829679
7.829679
7.829679
7.829679
7.829679
7.829679
7.829679
7.829679
7.829679
7.829679
7.829679
7.829679
7.829679
7.829679
7.829679
7.829679
7.829679
7.829679
7.829679
7.829679
7.829679
7.829679
7.829679
7.829679
7.829679
7.829679
7.829679
7.829679
7.829679
7.829679
7.829679
7.829679
7.829679
7.829679
7.829679
7.829679
7.829679
7.829679
7.829679
7.829679
7.829679
7.829679
7.829679
7.829679
7.829679
7.829679
7.829679
7.829679
7.829679
7.829679
7.829679
7.829679
7.829679
7.829679
7.829679
7.829679
7.829679
7.829679
7.829679
7.829679
7.829679
7.829679
7.829679
7.829679
7.829679
7.829679
7.829679
7.829679
7.829679
7.829679
7.829679
7.829679
7.829679
7.829679
7.829679
7.829679
7.829679
7.829679
7.829679
7.829679
7.829679
7.829679
7.829679
7.829679
7.829679
7.829679
7.829679
7.829679
7.829679
7.829679
7.829679
7.829679
7.829679
7.829679
7.829679
7.829679
7.829679
7.829679
7.829679
7.829679
7.829679
7.829679
7.829679
7.829679
7.829679
7.829679
7.829679
7.829679
7.829679
7.829679
7.829679
7.829679
7.829679
7.829679
7.829679
7.829679
7.829679
7.829679
7.829679
7.829679
7.829679
7.829679
7.829679
7.829679
7.829679
7.829679
7.829679
7.829679
7.829679
7.829679
7.829679
7.829679
7.829679
7.829679
7.829679
7.829679
7.829679
7.829679
7.829679
7.829679
7.829679
7.829679
7.829679
7.829679
7.829679
7.829679
7.829679
7.829679
7.829679
7.829679
7.829679
7.829679
7.829679
7.829679
7.829679
7.829679
7.829679
7.829679
7.829679
7.829679
7.829679
7.829679
7.829679
7.829679
7.829679
7.829679
7.829679
7.829679
7.829679
7.829679
7.829679
7.829679
7.829679
7.829679
7.829679
7.829679
7.829679
7.829679
7.829679
7.829679
7.829679
7.829679
7.829679
7.829679
7.829679
7.829679
7.829679
7.829679
7.829679
7.829679
7.829679
7.829679
7.829679
7.829679
7.829679
7.829679
7.829679
7.829679
7.829679
7.829679
7.829679
7.829679
7.829679
7.829679
7.829679
7.829679
7.829679
7.829679
7.829679
7.829679
7.829679
7.829679
7.829679
7.829679
7.829679
7.829679
7.829679
7.829679
7.829679
7.829679
7.829679
7.829679
7.829679
7.829679
7.829679
7.829679
7.829679
7.829679
7.829679
7.829679
7.829679
7.829679
7.829679
7.829679
7.829679
7.829679
7.829679
7.829679
7.829679
7.829679
7.829679
7.829679
7.829679
7.829679
7.829679
7.829679
7.829679
7.829679
7.829679
7.829679
7.829679
7.829679
7.829679
7.829679
7.829679
7.829679
7.829679
7.829679
7.829679
7.829679
7.829679
7.829679
7.829679
7.829679
7.829679
7.829679
7.829679
7.829679
7.829679
7.829679
7.829679
7.829679
7.829679
7.829679
7.829679
7.829679
7.829679
7.829679
7.829679
7.829679
7.829679
7.829679
7.829679
7.829679
7.829679
7.829679
7.829679
7.829679
7.829679
7.829679
7.829679
7.829679
7.829679
7.829679
7.829679
7.829679
7.829679
7.829679
7.829679
7.829679
7.829679
7.829679
7.829679
7.829679
7.829679
7.829679
7.829679
7.829679
7.829679
7.829679
7.829679
7.829679
7.829679
7.829679
7.829679
7.829679
7.829679
7.829679
7.829679
7.829679
7.829679
7.829679
7.829679
7.829679
7.829679
7.829679
7.829679
7.829679
7.829679
7.829679
7.829679
7.829679
7.829679
7.829679
7.829679
7.829679
7.829679
7.829679
7.829679
7.829679
7.829679
7.829679
7.829679
7.829679
7.829679
7.829679
7.829679
7.829679
7.829679
7.829679
7.829679
7.829679
7.829679
7.829679
7.829679
7.829679
7.829679
7.829679
7.829679
7.829679
7.829679
7.829679
7.829679
7.829679
7.829679
7.829679
7.829679
7.829679
7.829679
7.829679
7.829679
7.829679
7.829679
7.829679
7.829679
7.829679
7.829679
7.829679
7.829679
7.829679
7.829679
7.829679
7.829679
7.829679
7.829679
7.829679
7.829679
7.829679
7.829679
7.829679
7.829679
7.829679
7.829679
7.829679
7.829679
7.829679
7.829679
7.829679
7.829679
7.829679
7.829679
7.829679
7.829679
7.829679
7.829679
7.829679
7.829679
7.829679
7.829679
7.829679
7.829679
7.829679
7.829679
7.829679
7.829679
7.829679
7.829679
7.829679
7.829679
7.829679
7.829679
7.829679
7.829679
7.829679
7.829679
7.829679
7.829679
7.829679
7.829679
7.829679
7.829679
7.829679
7.829679
7.829679
7.829679
7.829679
7.829679
7.829679
7.829679
7.829679
7.829679
7.829679
7.829679
7.829679
7.829679
7.829679
7.829679
7.829679
7.829679
7.829679
7.829679
7.829679
7.829679
7.829679
7.829679
7.829679
7.829679
7.829679
7.829679
7.829679
7.829679
7.829679
7.829679
7.829679
7.829679
7.829679
7.829679
7.829679
7.829679
7.829679
7.829679
7.829679
7.829679
7.829679
7.829679
7.829679
7.829679
7.829679
7.829679
7.829679
7.829679
7.829679
7.829679
7.829679
7.829679
7.829679
7.829679
7.829679
7.829679
7.829679
7.829679
7.829679
7.829679
7.829679
7.829679
7.829679
7.829679
7.829679
7.829679
7.829679
7.829679
7.829679
7.829679
7.829679
7.829679
7.829679
7.829679
7.829679
7.829679
7.829679
7.829679
7.829679
7.829679
7.829679
7.829679
7.829679
7.829679
7.829679
7.829679
7.829679
7.829679
7.829679
7.829679
7.829679
7.829679
7.829679
7.829679
7.829679
7.829679
7.829679
7.829679
7.829679
7.829679
7.829679
7.829679
7.829679
7.829679
7.829679
7.829679
7.829679
7.829679
7.829679
7.829679
7.829679
7.829679
7.829679
7.829679
7.829679
7.829679
7.829679
7.829679
7.829679
7.829679
7.829679
7.829679
7.829679
7.829679
7.829679
7.829679
7.829679
7.829679
7.829679
7.829679
7.829679
7.829679
7.829679
7.829679
7.829679
7.829679
7.829679
7.829679
7.829679
7.829679
7.829679
7.829679
7.829679
7.829679
7.829679
7.829679
7.829679
7.829679
7.829679
7.829679
7.829679
7.829679
7.829679
7.829679
7.829679
7.829679
7.829679
7.829679
7.829679
7.829679
7.829679
7.829679
7.829679
7.829679
7.829679
7.829679
7.829679
7.829679
7.829679
7.829679
7.829679
7.829679
7.829679
7.829679
7.829679
7.829679
7.829679
7.829679
7.829679
7.829679
7.829679
7.829679
7.829679
7.829679
7.829679
7.829679
7.829679
7.829679
7.829679
7.829679
7.829679
7.829679
7.829679
7.829679
7.829679
7.829679
7.829679
7.829679
7.829679
7.829679
7.829679
7.829679
7.829679
7.829679
7.829679
7.829679
7.829679
7.829679
7.829679
7.829679
7.829679
7.829679
7.829679
7.829679
7.829679
7.829679
7.829679
7.829679
7.829679
7.829679
7.829679
7.829679
7.829679
7.829679
7.829679
7.829679
7.829679
7.829679
7.829679
7.829679
7.829679
7.829679
7.829679
7.829679
7.829679
7.829679
7.829679
7.829679
7.829679
7.829679
7.829679
7.829679
7.829679
7.829679
7.829679
7.829679
7.829679
7.829679
7.829679
7.829679
7.829679
7.829679
7.829679
7.829679
7.829679
7.829679
7.829679
7.829679
7.829679
7.829679
7.829679
7.829679
7.829679
7.829679
7.829679
7.829679
7.829679
7.829679
7.829679
7.829679
7.829679
7.829679
7.829679
7.829679
7.829679
7.829679
7.829679
7.829679
7.829679
7.829679
7.829679
7.829679
7.829679
7.829679
7.829679
7.829679
7.829679
7.829679
7.829679
7.829679
7.829679
7.829679
7.829679
7.829679
7.829679
7.829679
7.829679
7.829679
7.829679
7.829679
7.829679
7.829679
7.829679
7.829679
7.829679
7.829679
7.829679
7.829679
7.829679
7.829679
7.829679
7.829679
7.829679
7.829679
7.829679
7.829679
7.829679
7.829679
7.829679
7.829679
7.829679
7.829679
7.829679
7.829679
7.829679
7.829679
7.829679
7.829679
7.829679
7.829679
7.829679
7.829679
7.829679
7.829679
7.829679
7.829679
7.829679
7.829679
7.829679
7.829679
7.829679
7.829679
7.829679
7.829679
7.829679
7.829679
7.829679
7.829679
7.829679
7.829679
7.829679
7.829679
7.829679
7.829679
7.829679
7.829679
7.829679
7.829679
7.829679
7.829679
7.829679
7.829679
7.829679
7.829679
7.829679
7.829679
7.829679
7.829679
7.829679
7.829679
7.829679
7.829679
7.829679
7.829679
7.829679
7.829679
7.829679
7.829679
7.829679
7.829679
7.829679
7.829679
7.829679
7.829679
7.829679
7.829679
7.829679
7.829679
7.829679
7.829679
7.829679
7.829679
7.829679
7.829679
7.829679
7.829679
7.829679
7.829679
7.829679
7.829679
7.829679
7.829679
7.829679
7.829679
7.829679
7.829679
7.829679
7.829679
7.829679
7.829679
7.829679
7.829679
7.829679
7.829679
7.829679
7.829679
7.829679
7.829679
7.829679
7.829679
7.829679
7.829679
7.829679
7.829679
7.829679
7.829679
7.829679
7.829679
7.829679
7.829679
7.829679
7.829679
7.829679
7.829679
7.829679
7.829679
7.829679
7.829679
7.829679
7.829679
7.829679
7.829679
7.829679
7.829679
7.829679
7.829679
7.829679
7.829679
7.829679
7.829679
7.829679
7.829679
7.829679
7.829679
7.829679
7.829679
7.829679
7.829679
7.829679
7.829679
7.829679
7.829679
7.829679
7.829679
7.829679
7.829679
7.829679
7.829679
7.829679
7.829679
7.829679
7.829679
7.829679
7.829679
7.829679
7.829679
7.829679
7.829679
7.829679
7.829679
7.829679
7.829679
7.829679
7.829679
7.829679
7.829679
7.829679
7.829679
7.829679
7.829679
7.829679
7.829679
7.829679
7.829679
7.829679
7.829679
7.829679
7.829679
7.829679
7.829679
7.829679
7.829679
7.829679
7.829679
7.829679
7.829679
7.829679
7.829679
7.829679
7.829679
7.829679
7.829679
7.829679
7.829679
7.829679
7.829679
7.829679
7.829679
7.829679
7.829679
7.829679
7.829679
7.829679
7.829679
7.829679
7.829679
7.829679
7.829679
7.829679
7.829679
7.829679
7.829679
7.829679
7.829679
7.829679
7.829679
7.829679
7.829679
7.829679
7.829679
7.829679
7.829679
7.829679
7.829679
7.829679
7.829679
7.829679
7.829679
7.829679
7.829679
7.829679
7.829679
7.829679
7.829679
7.829679
7.829679
7.829679
7.829679
7.829679
7.829679
7.829679
7.829679
7.829679
7.829679
7.829679
7.829679
7.829679
7.829679
7.829679
7.829679
7.829679
7.829679
7.829679
7.829679
7.829679
7.829679
7.829679
7.829679
7.829679
7.829679
7.829679
7.829679
7.829679
7.829679
7.829679
7.829679
7.829679
7.829679
7.829679
7.829679
7.829679
7.829679
7.829679
7.829679
7.829679
7.829679
7.829679
7.829679
7.829679
7.829679
7.829679
7.829679
7.829679
7.829679
7.829679
7.829679
7.829679
7.829679
7.829679
7.829679
7.829679
7.829679
7.829679
7.829679
7.829679
7.829679
7.829679
7.829679
7.829679
7.829679
7.829679
7.829679
7.829679
7.829679
7.829679
7.829679
7.829679
7.829679
7.829679
7.829679
7.829679
7.829679
7.829679
7.829679
7.829679
7.829679
7.829679
7.829679
7.829679
7.829679
7.829679
7.829679
7.829679
7.829679
7.829679
7.829679
7.829679
7.829679
7.829679
7.829679
7.829679
7.829679
7.829679
7.829679
7.829679
7.829679
7.829679
7.829679
7.829679
7.829679
7.829679
7.829679
7.829679
7.829679
7.829679
7.829679
7.829679
7.829679
7.829679
7.829679
7.829679
7.829679
7.829679
7.829679
7.829679
7.829679
7.829679
7.829679
7.829679
7.829679
7.829679
7.829679
7.829679
7.829679
7.829679
7.829679
7.829679
7.829679
7.829679
7.829679
7.829679
7.829679
7.829679
7.829679
7.829679
7.829679
7.829679
7.829679
7.829679
7.829679
7.829679
7.829679
7.829679
7.829679
7.829679
7.829679
7.829679
7.829679
7.829679
7.829679
7.829679
7.829679
7.829679
7.829679
7.829679
7.829679
7.829679
7.829679
7.829679
7.829679
7.829679
7.829679
7.829679
7.829679
7.829679
7.829679
7.829679
7.829679
7.829679
7.829679
7.829679
7.829679
7.829679
7.829679
7.829679
7.829679
7.829679
7.829679
7.829679
7.829679
7.829679
7.829679
7.829679
7.829679
7.829679
7.829679
7.829679
7.829679
7.829679
7.829679
7.829679
7.829679
7.829679
7.829679
7.829679
7.829679
7.829679
7.829679
7.829679
7.829679
7.829679
7.829679
7.829679
7.829679
7.829679
7.829679
7.829679
7.829679
7.829679
7.829679
7.829679
7.829679
7.829679
7.829679
7.829679
7.829679
7.829679
7.829679
7.829679
7.829679
7.829679
7.829679
7.829679
7.829679
7.829679
7.829679
7.829679
7.829679
7.829679
7.829679
7.829679
7.829679
7.829679
7.829679
7.829679
7.829679
7.829679
7.829679
7.829679
7.829679
7.829679
7.829679
7.829679
7.829679
7.829679
7.829679
7.829679
7.829679
7.829679
7.829679
7.829679
7.829679
7.829679
7.829679
7.829679
7.829679
7.829679
7.829679
7.829679
7.829679
7.829679
7.829679
7.829679
7.829679
7.829679
7.829679
7.829679
7.829679
7.829679
7.829679
7.829679
7.829679
7.829679
7.829679
7.829679
7.829679
7.829679
7.829679
7.829679
7.829679
7.829679
7.829679
7.829679
7.829679
7.829679
7.829679
7.829679
7.829679
7.829679
7.829679
7.829679
7.829679
7.829679
7.829679
7.829679
7.829679
7.829679
7.829679
7.829679
7.829679
7.829679
7.829679
7.829679
7.829679
7.829679
7.829679
7.829679
7.829679
7.829679
7.829679
7.829679
7.829679
7.829679
7.829679
7.829679
7.829679
7.829679
7.829679
7.829679
7.829679
7.829679
7.829679
7.829679
7.829679
7.829679
7.829679
7.829679
7.829679
7.829679
7.829679
7.829679
7.829679
7.829679
7.829679
7.829679
7.829679
7.829679
7.829679
7.829679
7.829679
7.829679
7.829679
7.829679
7.829679
7.829679
7.829679
7.829679
7.829679
7.829679
7.829679
7.829679
7.829679
7.829679
7.829679
7.829679
7.829679
7.829679
7.829679
7.829679
7.829679
7.829679
7.829679
7.829679
7.829679
7.829679
7.829679
7.829679
7.829679
7.829679
7.829679
7.829679
7.829679
7.829679
7.829679
7.829679
7.829679
7.829679
7.829679
7.829679
7.829679
7.829679
7.829679
7.829679
7.829679
7.829679
7.829679
7.829679
7.829679
7.829679
7.829679
7.829679
7.829679
7.829679
7.829679
7.829679
7.829679
7.829679
7.829679
7.829679
7.829679
7.829679
7.829679
7.829679
7.829679
7.829679
7.829679
7.829679
7.829679
7.829679
7.829679
7.829679
7.829679
7.829679
7.829679
7.829679
7.829679
7.829679
7.829679
7.829679
7.829679
7.829679
7.829679
7.829679
7.829679
7.829679
7.829679
7.829679
7.829679
7.829679
7.829679
7.829679
7.829679
7.829679
7.829679
7.829679
7.829679
7.829679
7.829679
7.829679
7.829679
7.829679
7.829679
7.829679
7.829679
7.829679
7.829679
7.829679
7.829679
7.829679
7.829679
7.829679
7.829679
7.829679
7.829679
7.829679
7.829679
7.829679
7.829679
7.829679
7.829679
7.829679
7.829679
7.829679
7.829679
7.829679
7.829679
7.829679
7.829679
7.829679
7.829679
7.829679
7.829679
7.829679
7.829679
7.829679
7.829679
7.829679
7.829679
7.829679
7.829679
7.829679
7.829679
7.829679
7.829679
7.829679
7.829679
7.829679
7.829679
7.829679
7.829679
7.829679
7.829679
7.829679
7.829679
7.829679
7.829679
7.829679
7.829679
7.829679
7.829679
7.829679
7.829679
7.829679
7.829679
7.829679
7.829679
7.829679
7.829679
7.829679
7.829679
7.829679
7.829679
7.829679
7.829679
7.829679
7.829679
7.829679
7.829679
7.829679
7.829679
7.829679
7.829679
7.829679
7.829679
7.829679
7.829679
7.829679
7.829679
7.829679
7.829679
7.829679
7.829679
7.829679
7.829679
7.829679
7.829679
7.829679
7.829679
7.829679
7.829679
7.829679
7.829679
7.829679
7.829679
7.829679
7.829679
7.829679
7.829679
7.829679
7.829679
7.829679
7.829679
7.829679
7.829679
7.829679
7.829679
7.829679
7.829679
7.829679
7.829679
7.829679
7.829679
7.829679
7.829679
7.829679
7.829679
7.829679
7.829679
7.829679
7.829679
7.829679
7.829679
7.829679
7.829679
7.829679
7.829679
7.829679
7.829679
7.829679
7.829679
7.829679
7.829679
7.829679
7.829679
7.829679
7.829679
7.829679
7.829679
7.829679
7.829679
7.829679
7.829679
7.829679
7.829679
7.829679
7.829679
7.829679
7.829679
7.829679
7.829679
7.829679
7.829679
7.829679
7.829679
7.829679
7.829679
7.829679
7.829679
7.829679
7.829679
7.829679
7.829679
7.829679
7.829679
7.829679
7.829679
7.829679
7.829679
7.829679
7.829679
7.829679
7.829679
7.829679
7.829679
7.829679
7.829679
7.829679
7.829679
7.829679
7.829679
7.829679
7.829679
7.829679
7.829679
7.829679
7.829679
7.829679
7.829679
7.829679
7.829679
7.829679
7.829679
7.829679
7.829679
7.829679
7.829679
7.829679
7.829679
7.829679
7.829679
7.829679
7.829679
7.829679
7.829679
7.829679
7.829679
7.829679
7.829679
7.829679
7.829679
7.829679
7.829679
7.829679
7.829679
7.829679
7.829679
7.829679
7.829679
7.829679
7.829679
7.829679
7.829679
7.829679
7.829679
7.829679
7.829679
7.829679
7.829679
7.829679
7.829679
7.829679
7.829679
7.829679
7.829679
7.829679
7.829679
7.829679
7.829679
7.829679
7.829679
7.829679
7.829679
7.829679
7.829679
7.829679
7.829679
7.829679
7.829679
7.829679
7.829679
7.829679
7.829679
7.829679
7.829679
7.829679
7.829679
7.829679
7.829679
7.829679
7.829679
7.829679
7.829679
7.829679
7.829679
7.829679
7.829679
7.829679
7.829679
7.829679
7.829679
7.829679
7.829679
7.829679
7.829679
7.829679
7.829679
7.829679
7.829679
7.829679
7.829679
7.829679
7.829679
7.829679
7.829679
7.829679
7.829679
7.829679
7.829679
7.829679
7.829679
7.829679
7.829679
7.829679
7.829679
7.829679
7.829679
7.829679
7.829679
7.829679
7.829679
7.829679
7.829679
7.829679
7.829679
7.829679
7.829679
7.829679
7.829679
7.829679
7.829679
7.829679
7.829679
7.829679
7.829679
7.829679
7.829679
7.829679
7.829679
7.829679
7.829679
7.829679
7.829679
7.829679
7.829679
7.829679
7.829679
7.829679
7.829679
7.829679
7.829679
7.829679
7.829679
7.829679
7.829679
7.829679
7.829679
7.829679
7.829679
7.829679
7.829679
7.829679
7.829679
7.829679
7.829679
7.829679
7.829679
7.829679
7.829679
7.829679
7.829679
7.829679
7.829679
7.829679
7.829679
7.829679
7.829679
7.829679
7.829679
7.829679
7.829679
7.829679
7.829679
7.829679
7.829679
7.829679
7.829679
7.829679
7.829679
7.829679
7.829679
7.829679
7.829679
7.829679
7.829679
7.829679
7.829679
7.829679
7.829679
7.829679
7.829679
7.829679
7.829679
7.829679
7.829679
7.829679
7.829679
7.829679
7.829679
7.829679
7.829679
7.829679
7.829679
7.829679
7.829679
7.829679
7.829679
7.829679
7.829679
7.829679
7.829679
7.829679
7.829679
7.829679
7.829679
7.829679
7.829679
7.829679
7.829679
7.829679
7.829679
7.829679
7.829679
7.829679
7.829679
7.829679
7.829679
7.829679
7.829679
7.829679
7.829679
7.829679
7.829679
7.829679
7.829679
7.829679
7.829679
7.829679
7.829679
7.829679
7.829679
7.829679
7.829679
7.829679
7.829679
7.829679
7.829679
7.829679
7.829679
7.829679
7.829679
7.829679
7.829679
7.829679
7.829679
7.829679
7.829679
7.829679
7.829679
7.829679
7.829679
7.829679
7.829679
7.829679
7.829679
7.829679
7.829679
7.829679
7.829679
7.829679
7.829679
7.829679
7.829679
7.829679
7.829679
7.829679
7.829679
7.829679
7.829679
7.829679
7.829679
7.829679
7.829679
7.829679
7.829679
7.829679
7.829679
7.829679
7.829679
7.829679
7.829679
7.829679
7.829679
7.829679
7.829679
7.829679
7.829679
7.829679
7.829679
7.829679
7.829679
7.829679
7.829679
7.829679
7.829679
7.829679
7.829679
7.829679
7.829679
7.829679
7.829679
7.829679
7.829679
7.829679
7.829679
7.829679
7.829679
7.829679
7.829679
7.829679
7.829679
7.829679
7.829679
7.829679
7.829679
7.829679
7.829679
7.829679
7.829679
7.829679
7.829679
7.829679
7.829679
7.829679
7.829679
7.829679
7.829679
7.829679
7.829679
7.829679
7.829679
7.829679
7.829679
7.829679
7.829679
7.829679
7.829679
7.829679
7.829679
7.829679
7.829679
7.829679
7.829679
7.829679
7.829679
7.829679
7.829679
7.829679
7.829679
7.829679
7.829679
7.829679
7.829679
7.829679
7.829679
7.829679
7.829679
7.829679
7.829679
7.829679
7.829679
7.829679
7.829679
7.829679
7.829679
7.829679
7.829679
7.829679
7.829679
7.829679
7.829679
7.829679
7.829679
7.829679
7.829679
7.829679
7.829679
7.829679
7.829679
7.829679
7.829679
7.829679
7.829679
7.829679
7.829679
7.829679
7.829679
7.829679
7.829679
7.829679
7.829679
7.829679
7.829679
7.829679
7.829679
7.829679
7.829679
7.829679
7.829679
7.829679
7.829679
7.829679
7.829679
7.829679
7.829679
7.829679
7.829679
7.829679
7.829679
7.829679
7.829679
7.829679
7.829679
7.829679
7.829679
7.829679
7.829679
7.829679
7.829679
7.829679
7.829679
7.829679
7.829679
7.829679
7.829679
7.829679
7.829679
7.829679
7.829679
7.829679
7.829679
7.829679
7.829679
7.829679
7.829679
7.829679
7.829679
7.829679
7.829679
7.829679
7.829679
7.829679
7.829679
7.829679
7.829679
7.829679
7.829679
7.829679
7.829679
7.829679
7.829679
7.829679
7.829679
7.829679
7.829679
7.829679
7.829679
7.829679
7.829679
7.829679
7.829679
7.829679
7.829679
7.829679
7.829679
7.829679
7.829679
7.829679
7.829679
7.829679
7.829679
7.829679
7.829679
7.829679
7.829679
7.829679
7.829679
7.829679
7.829679
7.829679
7.829679
7.829679
7.829679
7.829679
7.829679
7.829679
7.829679
7.829679
7.829679
7.829679
7.829679
7.829679
7.829679
7.829679
7.829679
7.829679
7.829679
7.829679
7.829679
7.829679
7.829679
7.829679
7.829679
7.829679
7.829679
7.829679
7.829679
7.829679
7.829679
7.829679
7.829679
7.829679
7.829679
7.829679
7.829679
7.829679
7.829679
7.829679
7.829679
7.829679
7.829679
7.829679
7.829679
7.829679
7.829679
7.829679
7.829679
7.829679
7.829679
7.829679
7.829679
7.829679
7.829679
7.829679
7.829679
7.829679
7.829679
7.829679
7.829679
7.829679
7.829679
7.829679
7.829679
7.829679
7.829679
7.829679
7.829679
7.829679
7.829679
7.829679
7.829679
7.829679
7.829679
7.829679
7.829679
7.829679
7.829679
7.829679
7.829679
7.829679
7.829679
7.829679
7.829679
7.829679
7.829679
7.829679
7.829679
7.829679
7.829679
7.829679
7.829679
7.829679
7.829679
7.829679
7.829679
7.829679
7.829679
7.829679
7.829679
7.829679
7.829679
7.829679
7.829679
7.829679
7.829679
7.829679
7.829679
7.829679
7.829679
7.829679
7.829679
7.829679
7.829679
7.829679
7.829679
7.829679
7.829679
7.829679
7.829679
7.829679
7.829679
7.829679
7.829679
7.829679
7.829679
7.829679
7.829679
7.829679
7.829679
7.829679
7.829679
7.829679
7.829679
7.829679
7.829679
7.829679
7.829679
7.829679
7.829679
7.829679
7.829679
7.829679
7.829679
7.829679
7.829679
7.829679
7.829679
7.829679
7.829679
7.829679
7.829679
7.829679
7.829679
7.829679
7.829679
7.829679
7.829679
7.829679
7.829679
7.829679
7.829679
7.829679
7.829679
7.829679
7.829679
7.829679
7.829679
7.829679
7.829679
7.829679
7.829679
7.829679
7.829679
7.829679
7.829679
7.829679
7.829679
7.829679
7.829679
7.829679
7.829679
7.829679
7.829679
7.829679
7.829679
7.829679
7.829679
7.829679
7.829679
7.829679
7.829679
7.829679
7.829679
7.829679
7.829679
7.829679
7.829679
7.829679
7.829679
7.829679
7.829679
7.829679
7.829679
7.829679
7.829679
7.829679
7.829679
7.829679
7.829679
7.829679
7.829679
7.829679
7.829679
7.829679
7.829679
7.829679
7.829679
7.829679
7.829679
7.829679
7.829679
7.829679
7.829679
7.829679
7.829679
7.829679
7.829679
7.829679
7.829679
7.829679
7.829679
7.829679
7.829679
7.829679
7.829679
7.829679
7.829679
7.829679
7.829679
7.829679
7.829679
7.829679
7.829679
7.829679
7.829679
7.829679
7.829679
7.829679
7.829679
7.829679
7.829679
7.829679
7.829679
7.829679
7.829679
7.829679
7.829679
7.829679
7.829679
7.829679
7.829679
7.829679
7.829679
7.829679
7.829679
7.829679
7.829679
7.829679
7.829679
7.829679
7.829679
7.829679
7.829679
7.829679
7.829679
7.829679
7.829679
7.829679
7.829679
7.829679
7.829679
7.829679
7.829679
7.829679
7.829679
7.829679
7.829679
7.829679
7.829679
7.829679
7.829679
7.829679
7.829679
7.829679
7.829679
7.829679
7.829679
7.829679
7.829679
7.829679
7.829679
7.829679
7.829679
7.829679
7.829679
7.829679
7.829679
7.829679
7.829679
7.829679
7.829679
7.829679
7.829679
7.829679
7.829679
7.829679
7.829679
7.829679
7.829679
7.829679
7.829679
7.829679
7.829679
7.829679
7.829679
7.829679
7.829679
7.829679
7.829679
7.829679
7.829679
7.829679
7.829679
7.829679
7.829679
7.829679
7.829679
7.829679
7.829679
7.829679
7.829679
7.829679
7.829679
7.829679
7.829679
7.829679
7.829679
7.829679
7.829679
7.829679
7.829679
7.829679
7.829679
7.829679
7.829679
7.829679
7.829679
7.829679
7.829679
7.829679
7.829679
7.829679
7.829679
7.829679
7.829679
7.829679
7.829679
7.829679
7.829679
7.829679
7.829679
7.829679
7.829679
7.829679
7.829679
7.829679
7.829679
7.829679
7.829679
7.829679
7.829679
7.829679
7.829679
7.829679
7.829679
7.829679
7.829679
7.829679
7.829679
7.829679
7.829679
7.829679
7.829679
7.829679
7.829679
7.829679
7.829679
7.829679
7.829679
7.829679
7.829679
7.829679
7.829679
7.829679
7.829679
7.829679
7.829679
7.829679
7.829679
7.829679
7.829679
7.829679
7.829679
7.829679
7.829679
7.829679
7.829679
7.829679
7.829679
7.829679
7.829679
7.829679
7.829679
7.829679
7.829679
7.829679
7.829679
7.829679
7.829679
7.829679
7.829679
7.829679
7.829679
7.829679
7.829679
7.829679
7.829679
7.829679
7.829679
7.829679
7.829679
7.829679
7.829679
7.829679
7.829679
7.829679
7.829679
7.829679
7.829679
7.829679
7.829679
7.829679
7.829679
7.829679
7.829679
7.829679
7.829679
7.829679
7.829679
7.829679
7.829679
7.829679
7.829679
7.829679
7.829679
7.829679
7.829679
7.829679
7.829679
7.829679
7.829679
7.829679
7.829679
7.829679
7.829679
7.829679
7.829679
7.829679
7.829679
7.829679
7.829679
7.829679
7.829679
7.829679
7.829679
7.829679
7.829679
7.829679
7.829679
7.829679
7.829679
7.829679
7.829679
7.829679
7.829679
7.829679
7.829679
7.829679
7.829679
7.829679
7.829679
7.829679
7.829679
7.829679
7.829679
7.829679
7.829679
7.829679
7.829679
7.829679
7.829679
7.829679
7.829679
7.829679
7.829679
7.829679
7.829679
7.829679
7.829679
7.829679
7.829679
7.829679
7.829679
7.829679
7.829679
7.829679
7.829679
7.829679
7.829679
7.829679
7.829679
7.829679
7.829679
7.829679
7.829679
7.829679
7.829679
7.829679
7.829679
7.829679
7.829679
7.829679
7.829679
7.829679
7.829679
7.829679
7.829679
7.829679
7.829679
7.829679
7.829679
7.829679
7.829679
7.829679
7.829679
7.829679
7.829679
7.829679
7.829679
7.829679
7.829679
7.829679
7.829679
7.829679
7.829679
7.829679
7.829679
7.829679
7.829679
7.829679
7.829679
7.829679
7.829679
7.829679
7.829679
7.829679
7.829679
7.829679
7.829679
7.829679
7.829679
7.829679
7.829679
7.829679
7.829679
7.829679
7.829679
7.829679
7.829679
7.829679
7.829679
7.829679
7.829679
7.829679
7.829679
7.829679
7.829679
7.829679
7.829679
7.829679
7.829679
7.829679
7.829679
7.829679
7.829679
7.829679
7.829679
7.829679
7.829679
7.829679
7.829679
7.829679
7.829679
7.829679
7.829679
7.829679
7.829679
7.829679
7.829679
7.829679
7.829679
7.829679
7.829679
7.829679
7.829679
7.829679
7.829679
7.829679
7.829679
7.829679
7.829679
7.829679
7.829679
7.829679
7.829679
7.829679
7.829679
7.829679
7.829679
7.829679
7.829679
7.829679
7.829679
7.829679
7.829679
7.829679
7.829679
7.829679
7.829679
7.829679
7.829679
7.829679
7.829679
7.829679
7.829679
7.829679
7.829679
7.829679
7.829679
7.829679
7.829679
7.829679
7.829679
7.829679
7.829679
7.829679
7.829679
7.829679
7.829679
7.829679
7.829679
7.829679
7.829679
7.829679
7.829679
7.829679
7.829679
7.829679
7.829679
7.829679
7.829679
7.829679
7.829679
7.829679
7.829679
7.829679
7.829679
7.829679
7.829679
7.829679
7.829679
7.829679
7.829679
7.829679
7.829679
7.829679
7.829679
7.829679
7.829679
7.829679
7.829679
7.829679
7.829679
7.829679
7.829679
7.829679
7.829679
7.829679
7.829679
7.829679
7.829679
7.829679
7.829679
7.829679
7.829679
7.829679
7.829679
7.829679
7.829679
7.829679
7.829679
7.829679
7.829679
7.829679
7.829679
7.829679
7.829679
7.829679
7.829679
7.829679
7.829679
7.829679
7.829679
7.829679
7.829679
7.829679
7.829679
7.829679
7.829679
7.829679
7.829679
7.829679
7.829679
7.829679
7.829679
7.829679
7.829679
7.829679
7.829679
7.829679
7.829679
7.829679
7.829679
7.829679
7.829679
7.829679
7.829679
7.829679
7.829679
7.829679
7.829679
7.829679
7.829679
7.829679
7.829679
7.829679
7.829679
7.829679
7.829679
7.829679
7.829680
7.829680
7.829681
7.829682
7.829684
7.829685
7.829687
7.829690
7.829692
7.829695
7.829697
7.829700
7.829702
7.829705
7.829707
7.829709
7.829710
7.829711
7.829712
7.829712
7.829712
7.829711
7.829709
7.829707
7.829705
7.829702
7.829698
7.829694
7.829689
7.829683
7.829677
7.829670
7.829662
7.829653
7.829644
7.829634
7.829622
7.829610
7.829597
7.829583
7.829568
7.829552
7.829535
7.829517
7.829498
7.829479
7.829458
7.829437
7.829415
7.829392
7.829369
7.829345
7.829320
7.829294
7.829268
7.829241
7.829214
7.829186
7.829157
7.829127
7.829097
7.829066
7.829034
7.829002
7.828969
7.828936
7.828902
7.828868
7.828834
7.828800
7.828766
7.828731
7.828697
7.828663
7.828629
7.828595
7.828562
7.828529
7.828496
7.828463
7.828430
7.828398
7.828366
7.828333
7.828301
7.828269
7.828237
7.828205
7.828173
7.828141
7.828109
7.828076
7.828044
7.828012
7.827979
7.827948
7.827916
7.827884
7.827853
7.827821
7.827790
7.827758
7.827727
7.827695
7.827663
7.827632
7.827600
7.827568
7.827535
7.827503
7.827471
7.827439
7.827407
7.827375
7.827343
7.827310
7.827278
7.827246
7.827214
7.827182
7.827151
7.827119
7.827088
7.827056
7.827025
7.826994
7.826962
7.826930
7.826898
7.826866
7.826834
7.826802
7.826770
7.826737
7.826705
7.826673
7.826640
7.826608
7.826576
7.826544
7.826512
7.826481
7.826449
7.826418
7.826386
7.826355
7.826323
7.826292
7.826260
7.826228
7.826196
7.826164
7.826131
7.826099
7.826067
7.826035
7.826003
7.825971
7.825939
7.825906
7.825874
7.825842
7.825810
7.825778
7.825746
7.825714
7.825682
7.825651
7.825619
7.825587
7.825555
7.825523
7.825492
7.825460
7.825428
7.825396
7.825365
7.825333
7.825301
7.825269
7.825237
7.825205
7.825173
7.825141
7.825109
7.825077
7.825046
7.825014
7.824983
7.824952
7.824920
7.824889
7.824858
7.824827
7.824796
7.824765
7.824734
7.824703
7.824672
7.824642
7.824612
7.824581
7.824551
7.824521
7.824491
7.824461
7.824430
7.824400
7.824370
7.824340
7.824310
7.824280
7.824250
7.824220
7.824190
7.824160
7.824130
7.824101
7.824071
7.824041
7.824011
7.823982
7.823952
7.823923
7.823893
7.823864
7.823835
7.823805
7.823776
7.823747
7.823718
7.823689
7.823659
7.823630
7.823601
7.823572
7.823543
7.823513
7.823484
7.823454
7.823425
7.823395
7.823365
7.823336
7.823306
7.823276
7.823246
7.823217
7.823187
7.823157
7.823128
7.823098
7.823069
7.823039
7.823010
7.822980
7.822951
7.822921
7.822892
7.822862
7.822833
7.822803
7.822774
7.822744
7.822715
7.822686
7.822656
7.822627
7.822598
7.822568
7.822539
7.822509
7.822480
7.822450
7.822420
7.822391
7.822361
7.822331
7.822302
7.822272
7.822242
7.822213
7.822183
7.822153
7.822124
7.822094
7.822065
7.822036
7.822006
7.821977
7.821947
7.821918
7.821888
7.821859
7.821829
7.821800
7.821771
7.821742
7.821712
7.821683
7.821654
7.821624
7.821594
7.821565
7.821535
7.821505
7.821476
7.821446
7.821416
7.821386
7.821357
7.821327
7.821297
7.821268
7.821238
7.821209
7.821179
7.821150
7.821120
7.821091
7.821061
7.821032
7.821002
7.820973
7.820944
7.820914
7.820885
7.820856
7.820827
7.820798
7.820769
7.820741
7.820712
7.820684
7.820656
7.820628
7.820600
7.820573
7.820545
7.820517
7.820490
7.820462
7.820434
7.820405
7.820377
7.820348
7.820319
7.820290
7.820260
7.820230
7.820199
7.820168
7.820136
7.820104
7.820071
7.820038
7.820004
7.819970
7.819935
7.819900
7.819863
7.819826
7.819788
7.819750
7.819711
7.819672
7.819632
7.819591
7.819550
7.819507
7.819465
7.819421
7.819377
7.819332
7.819286
7.819240
7.819193
7.819146
7.819097
7.819049
7.818999
7.818949
7.818898
7.818847
7.818796
7.818743
7.818691
7.818638
7.818584
7.818531
7.818476
7.818422
7.818367
7.818312
7.818256
7.818201
7.818145
7.818089
7.818033
7.817976
7.817920
7.817864
7.817808
7.817752
7.817696
7.817641
7.817585
7.817530
7.817475
7.817420
7.817365
7.817311
7.817257
7.817202
7.817148
7.817093
7.817039
7.816984
7.816930
7.816875
7.816821
7.816767
7.816713
7.816660
7.816606
7.816553
7.816500
7.816446
7.816393
7.816341
7.816288
7.816235
7.816182
7.816129
7.816076
7.816022
7.815969
7.815915
7.815861
7.815807
7.815752
7.815697
7.815642
7.815587
7.815531
7.815475
7.815418
7.815361
7.815304
7.815246
7.815188
7.815129
7.815070
7.815010
7.814950
7.814890
7.814828
7.814767
7.814704
7.814641
7.814578
7.814514
7.814450
7.814385
7.814320
7.814254
7.814187
7.814120
7.814053
7.813985
7.813916
7.813847
7.813778
7.813708
7.813638
7.813567
7.813496
7.813425
7.813353
7.813280
7.813208
7.813135
7.813062
7.812988
7.812915
7.812841
7.812767
7.812692
7.812618
7.812544
7.812469
7.812395
7.812321
7.812247
7.812174
7.812100
7.812027
7.811953
7.811880
7.811807
7.811735
7.811662
7.811589
7.811517
7.811444
7.811372
7.811299
7.811226
7.811153
7.811079
7.811005
7.810931
7.810857
7.810782
7.810707
7.810632
7.810557
7.810481
7.810405
7.810328
7.810250
7.810173
7.810095
7.810016
7.809938
7.809858
7.809779
7.809699
7.809619
7.809538
7.809457
7.809375
7.809292
7.809209
7.809126
7.809043
7.808959
7.808875
7.808790
7.808706
7.808620
7.808535
7.808448
7.808362
7.808275
7.808188
7.808101
7.808014
7.807926
7.807839
7.807752
7.807664
7.807577
7.807489
7.807401
7.807313
7.807225
7.807137
7.807048
7.806959
7.806871
7.806782
7.806693
7.806603
7.806513
7.806424
7.806333
7.806243
7.806153
7.806062
7.805970
7.805879
7.805787
7.805695
7.805602
7.805508
7.805414
7.805320
7.805225
7.805129
7.805033
7.804936
7.804839
7.804741
7.804642
7.804543
7.804443
7.804343
7.804242
7.804141
7.804039
7.803936
7.803834
7.803730
7.803626
7.803522
7.803416
7.803311
7.803205
7.803098
7.802991
7.802883
7.802775
7.802667
7.802558
7.802449
7.802339
7.802229
7.802119
7.802008
7.801897
7.801785
7.801673
7.801561
7.801449
7.801337
7.801224
7.801112
7.800999
7.800886
7.800773
7.800660
7.800546
7.800433
7.800320
7.800208
7.800095
7.799982
7.799869
7.799756
7.799643
7.799530
7.799416
7.799303
7.799189
7.799076
7.798963
7.798850
7.798737
7.798624
7.798512
7.798399
7.798287
7.798174
7.798061
7.797948
7.797834
7.797721
7.797607
7.797492
7.797378
7.797262
7.797147
7.797031
7.796914
7.796797
7.796680
7.796562
7.796444
7.796325
7.796205
7.796085
7.795964
7.795843
7.795721
7.795598
7.795476
7.795352
7.795228
7.795103
7.794977
7.794851
7.794724
7.794597
7.794470
7.794342
7.794213
7.794084
7.793953
7.793823
7.793691
7.793559
7.793426
7.793292
7.793157
7.793022
7.792887
7.792750
7.792613
7.792475
7.792336
7.792196
7.792055
7.791914
7.791772
7.791629
7.791486
7.791342
7.791197
7.791053
7.790907
7.790761
7.790614
7.790467
7.790320
7.790173
7.790025
7.789877
7.789729
7.789580
7.789432
7.789283
7.789135
7.788986
7.788837
7.788688
7.788538
7.788388
7.788238
7.788087
7.787935
7.787784
7.787631
7.787478
7.787324
7.787170
7.787015
7.786859
7.786703
7.786547
7.786390
7.786232
7.786075
7.785916
7.785758
7.785599
7.785439
7.785280
7.785119
7.784959
7.784798
7.784636
7.784474
7.784312
7.784149
7.783986
7.783822
7.783657
7.783492
7.783327
7.783160
7.782993
7.782826
7.782657
7.782488
7.782318
7.782147
7.781976
7.781803
7.781630
7.781455
7.781280
7.781104
7.780928
7.780750
7.780572
7.780392
7.780212
7.780031
7.779850
7.779667
7.779484
7.779300
7.779115
7.778930
7.778744
7.778557
7.778369
7.778181
7.777992
7.777803
7.777613
7.777423
7.777233
7.777042
7.776851
7.776660
7.776469
7.776278
7.776086
7.775894
7.775701
7.775508
7.775314
7.775119
7.774924
7.774728
7.774531
7.774334
7.774135
7.773937
7.773737
7.773536
7.773335
7.773132
7.772929
7.772725
7.772521
7.772316
7.772110
7.771903
7.771695
7.771486
7.771276
7.771065
7.770853
7.770640
7.770426
7.770210
7.769993
7.769775
7.769556
7.769335
7.769113
7.768890
7.768665
7.768439
7.768212
7.767984
7.767755
7.767524
7.767292
7.767060
7.766826
7.766590
7.766354
7.766116
7.765877
7.765637
7.765396
7.765153
7.764910
7.764665
7.764420
7.764174
7.763927
7.763679
7.763431
7.763181
7.762931
7.762680
7.762428
7.762176
7.761923
7.761669
7.761414
7.761159
7.760903
7.760646
7.760390
7.760133
7.759876
7.759619
7.759361
7.759103
7.758844
7.758584
7.758323
7.758061
7.757799
7.757536
7.757271
7.757006
7.756739
7.756471
7.756201
7.755931
7.755659
7.755385
7.755110
7.754834
7.754557
7.754279
7.753999
7.753718
7.753436
7.753152
7.752867
7.752581
7.752293
7.752004
7.751714
7.751423
7.751131
7.750839
7.750545
7.750250
7.749955
7.749658
7.749361
7.749064
7.748765
7.748465
7.748165
7.747864
7.747562
7.747259
7.746955
7.746651
7.746346
7.746041
7.745735
7.745428
7.745120
7.744812
7.744503
7.744194
7.743884
7.743573
7.743262
7.742950
7.742637
7.742323
7.742009
7.741695
7.741379
7.741063
7.740746
7.740428
7.740109
7.739789
7.739468
7.739146
7.738822
7.738497
7.738172
7.737845
7.737516
7.737187
7.736857
7.736526
7.736193
7.735859
7.735524
7.735187
7.734848
7.734508
7.734167
7.733824
7.733480
7.733135
7.732788
7.732439
7.732089
7.731737
7.731384
7.731030
7.730674
7.730317
7.729958
7.729598
7.729237
7.728874
7.728510
7.728144
7.727778
7.727410
7.727041
7.726671
7.726300
7.725929
7.725556
7.725183
7.724809
7.724434
7.724058
7.723681
7.723303
7.722925
7.722545
7.722165
7.721784
7.721402
7.721019
7.720635
7.720251
7.719866
7.719481
7.719095
7.718707
7.718319
7.717929
7.717538
7.717145
7.716752
7.716358
7.715963
7.715567
7.715170
7.714773
7.714374
7.713975
7.713574
7.713173
7.712770
7.712365
7.711959
7.711552
7.711143
7.710733
7.710321
7.709907
7.709491
7.709074
7.708655
7.708235
7.707813
7.707390
7.706965
7.706538
7.706110
7.705680
7.705249
7.704816
7.704381
7.703945
7.703507
7.703067
7.702625
7.702182
7.701736
7.701288
7.700838
7.700386
7.699931
7.699474
7.699015
7.698553
7.698089
7.697622
7.697154
7.696683
7.696210
7.695735
7.695257
7.694777
7.694295
7.693811
7.693324
7.692836
7.692345
7.691852
7.691358
7.690861
7.690363
7.689862
7.689360
7.688855
7.688348
7.687839
7.687328
7.686815
7.686300
7.685784
7.685267
7.684748
7.684228
7.683707
7.683184
7.682661
7.682136
7.681610
7.681084
7.680556
7.680028
7.679498
7.678967
7.678435
7.677902
7.677368
7.676833
7.676296
7.675758
7.675218
7.674678
7.674136
7.673593
7.673050
7.672506
7.671960
7.671415
7.670868
7.670321
7.669773
7.669225
7.668676
7.668126
7.667575
7.667024
7.666471
7.665917
7.665361
7.664805
7.664246
7.663686
7.663124
7.662561
7.661995
7.661428
7.660858
7.660287
7.659713
7.659138
7.658561
7.657982
7.657401
7.656818
7.656233
7.655646
7.655057
7.654465
7.653871
7.653274
7.652676
7.652075
7.651471
7.650865
7.650256
7.649644
7.649030
7.648414
7.647795
7.647173
7.646549
7.645923
7.645294
7.644663
7.644031
7.643396
7.642760
7.642122
7.641482
7.640840
7.640196
7.639551
7.638903
7.638254
7.637602
7.636947
7.636291
7.635632
7.634971
7.634307
7.633641
7.632974
7.632304
7.631633
7.630959
7.630285
7.629608
7.628930
7.628251
7.627571
7.626889
7.626206
7.625521
7.624836
7.624149
7.623460
7.622770
7.622079
7.621386
7.620691
7.619994
7.619295
7.618594
7.617891
7.617185
7.616478
7.615768
7.615056
7.614342
7.613626
7.612908
7.612189
7.611467
7.610744
7.610019
7.609292
7.608563
7.607832
7.607100
7.606366
7.605629
7.604891
7.604150
7.603407
7.602661
7.601913
7.601162
7.600409
7.599654
7.598896
7.598136
7.597375
7.596611
7.595845
7.595079
7.594311
7.593541
7.592771
7.591999
7.591226
7.590451
7.589675
7.588897
7.588118
7.587337
7.586553
7.585767
7.584979
7.584188
7.583395
7.582599
7.581800
7.580999
7.580196
7.579390
7.578581
7.577771
7.576958
7.576142
7.575325
7.574506
7.573684
7.572861
7.572036
7.571209
7.570379
7.569547
7.568712
7.567875
7.567035
7.566193
7.565347
7.564497
7.563645
7.562789
7.561930
7.561067
7.560201
7.559332
7.558460
7.557585
7.556706
7.555825
7.554941
7.554055
7.553166
7.552275
7.551381
7.550485
7.549586
7.548683
7.547778
7.546870
7.545959
7.545044
7.544127
7.543206
7.542282
7.541354
7.540424
7.539490
7.538554
7.537615
7.536674
7.535730
7.534783
7.533835
7.532885
7.531933
7.530979
7.530024
7.529067
7.528109
7.527149
7.526187
7.525224
7.524258
7.523289
7.522318
7.521345
7.520368
7.519389
7.518406
7.517421
7.516433
7.515443
7.514450
7.513454
7.512456
7.511457
7.510455
7.509452
7.508448
7.507441
7.506434
7.505425
7.504414
7.503402
7.502388
7.501371
7.500352
7.499331
7.498306
7.497279
7.496248
7.495214
7.494177
7.493136
7.492092
7.491044
7.489993
7.488939
7.487881
7.486820
7.485756
7.484689
7.483618
7.482545
7.481469
7.480390
7.479308
7.478222
7.477134
7.476041
7.474945
7.473845
7.472740
7.471631
7.470518
7.469401
7.468279
7.467153
7.466024
7.464890
7.463751
7.462609
7.461464
7.460314
7.459162
7.458006
7.456847
7.455685
7.454520
7.453352
7.452182
7.451008
7.449832
7.448653
7.447470
7.446284
7.445094
7.443901
7.442704
7.441504
7.440300
7.439092
7.437881
7.436667
7.435450
7.434229
7.433006
7.431780
7.430552
7.429321
7.428089
7.426855
7.425619
7.424382
7.423143
7.421902
7.420660
7.419415
7.418168
7.416917
7.415664
7.414408
7.413149
7.411886
7.410619
7.409349
7.408076
7.406799
7.405519
7.404235
7.402949
7.401659
7.400366
7.399070
7.397772
7.396472
7.395169
7.393863
7.392555
7.391244
7.389931
7.388614
7.387293
7.385970
7.384642
7.383311
7.381976
7.380636
7.379292
7.377944
7.376592
7.375235
7.373875
7.372510
7.371141
7.369769
7.368394
7.367015
7.365633
7.364248
7.362860
7.361470
7.360076
7.358680
7.357280
7.355876
7.354469
7.353058
7.351642
7.350222
7.348797
7.347368
7.345934
7.344496
7.343052
7.341604
7.340151
7.338693
7.337231
7.335764
7.334293
7.332818
7.331340
7.329857
7.328372
7.326882
7.325389
7.323892
7.322391
7.320886
7.319376
7.317862
7.316343
7.314818
7.313289
7.311754
7.310214
7.308669
7.307119
7.305563
7.304003
7.302437
7.300867
7.299292
7.297714
7.296131
7.294545
7.292956
7.291363
7.289767
7.288168
7.286565
7.284959
7.283350
7.281736
7.280119
7.278497
7.276871
7.275239
7.273604
7.271963
7.270318
7.268668
7.267013
7.265354
7.263690
7.262022
7.260351
7.258675
7.256997
7.255316
7.253632
7.251945
7.250256
7.248564
7.246869
7.245171
7.243470
7.241765
7.240057
7.238345
7.236628
7.234906
7.233180
7.231449
7.229712
7.227971
7.226224
7.224473
7.222716
7.220955
7.219188
7.217418
7.215643
7.213864
7.212081
7.210294
7.208504
7.206709
7.204911
7.203108
7.201300
7.199486
7.197663
7.195830
7.193983
7.192124
7.190254
7.188380
7.186506
7.184638
7.182775
7.180918
7.179062
7.177206
7.175347
7.173486
7.171621
7.169754
7.167884
7.166012
7.164137
7.162260
7.160380
7.158496
7.156610
7.154719
7.152824
7.150923
7.149018
7.147107
7.145191
7.143269
7.141341
7.139406
7.137466
7.135520
7.133567
7.131608
7.129644
7.127675
7.125700
7.123720
7.121736
7.119746
7.117752
7.115753
7.113749
7.111740
7.109726
7.107705
7.105679
7.103646
7.101606
7.099560
7.097506
7.095445
7.093376
7.091300
7.089216
7.087125
7.085027
7.082922
7.080810
7.078691
7.076567
7.074436
7.072300
7.070158
7.068011
7.065858
7.063699
7.061534
7.059363
7.057185
7.055000
7.052808
7.050608
7.048400
7.046185
7.043962
7.041732
7.039494
7.037251
7.035006
7.032761
7.030521
7.028288
7.026064
7.023843
7.021622
7.019396
7.017162
7.014919
7.012669
7.010413
7.008153
7.005890
7.003622
7.001350
6.999073
6.996791
6.994503
6.992210
6.989911
6.987606
6.985295
6.982978
6.980655
6.978326
6.975992
6.973653
6.971308
6.968959
6.966606
6.964250
6.961889
6.959525
6.957157
6.954786
6.952411
6.950031
6.947648
6.945260
6.942867
6.940469
6.938066
6.935658
6.933245
6.930826
6.928402
6.925973
6.923539
6.921100
6.918657
6.916209
6.913756
6.911300
6.908841
6.906378
6.903913
6.901444
6.898971
6.896496
6.894016
6.891533
6.889045
6.886552
6.884053
6.881549
6.879039
6.876522
6.873999
6.871470
6.868935
6.866394
6.863846
6.861292
6.858732
6.856166
6.853595
6.851019
6.848438
6.845853
6.843264
6.840670
6.838071
6.835468
6.832860
6.830247
6.827627
6.825002
6.822370
6.819731
6.817086
6.814434
6.811774
6.809107
6.806434
6.803753
6.801066
6.798372
6.795671
6.792964
6.790252
6.787534
6.784811
6.782083
6.779351
6.776614
6.773873
6.771128
6.768378
6.765623
6.762863
6.760097
6.757326
6.754550
6.751767
6.748979
6.746184
6.743384
6.740577
6.737765
6.734947
6.732124
6.729294
6.726460
6.723622
6.720779
6.717932
6.715082
6.712229
6.709372
6.706512
6.703648
6.700780
6.697908
6.695031
6.692150
6.689263
6.686370
6.683471
6.680567
6.677656
6.674740
6.671817
6.668889
6.665956
6.663016
6.660072
6.657122
6.654168
6.651209
6.648246
6.645280
6.642310
6.639336
6.636359
6.633378
6.630394
6.627404
6.624411
6.621412
6.618407
6.615397
6.612380
6.609357
6.606328
6.603292
6.600250
6.597202
6.594147
6.591085
6.588018
6.584944
6.581865
6.578781
6.575692
6.572598
6.569500
6.566396
6.563288
6.560174
6.557055
6.553930
6.550799
6.547662
6.544518
6.541366
6.538208
6.535042
6.531869
6.528688
6.525499
6.522304
6.519100
6.515890
6.512672
6.509447
6.506217
6.502980
6.499738
6.496491
6.493239
6.489982
6.486720
6.483453
6.480181
6.476903
6.473619
6.470329
6.467032
6.463728
6.460417
6.457099
6.453774
6.450443
6.447105
6.443760
6.440409
6.437052
6.433688
6.430320
6.426946
6.423568
6.420186
6.416801
6.413411
6.410018
6.406622
6.403222
6.399818
6.396410
6.392998
6.389580
6.386158
6.382730
6.379297
6.375859
6.372415
6.368966
6.365511
6.362051
6.358586
6.355116
6.351641
6.348163
6.344680
6.341193
6.337704
6.334212
6.330717
6.327220
6.323720
6.320218
6.316712
6.313204
6.309691
6.306175
6.302654
6.299129
6.295600
6.292066
6.288527
6.284984
6.281437
6.277885
6.274329
6.270769
6.267204
6.263636
6.260064
6.256489
6.252912
6.249331
6.245748
6.242162
6.238574
6.234983
6.231389
6.227791
6.224190
6.220584
6.216973
6.213358
6.209738
6.206112
6.202482
6.198846
6.195204
6.191558
6.187906
6.184250
6.180588
6.176922
6.173251
6.169577
6.165899
6.162218
6.158534
6.154846
6.151155
6.147460
6.143762
6.140060
6.136354
6.132643
6.128927
6.125205
6.121478
6.117746
6.114008
6.110265
6.106517
6.102763
6.099004
6.095241
6.091472
6.087700
6.083923
6.080143
6.076360
6.072575
6.068787
6.064996
6.061204
6.057409
6.053612
6.049811
6.046007
6.042200
6.038389
6.034573
6.030753
6.026929
6.023100
6.019268
6.015431
6.011590
6.007744
6.003895
6.000042
5.996185
5.992325
5.988461
5.984595
5.980726
5.976855
5.972981
5.969104
5.965225
5.961343
5.957458
5.953569
5.949677
5.945780
5.941878
5.937972
5.934061
5.930146
5.926225
5.922299
5.918369
5.914433
5.910492
5.906547
5.902597
5.898642
5.894683
5.890720
5.886754
5.882784
5.878810
5.874833
5.870853
5.866869
5.862881
5.858889
5.854893
5.850892
5.846887
5.842877
5.838862
5.834842
5.830817
5.826787
5.822752
5.818713
5.814668
5.810620
5.806566
5.802509
5.798448
5.794383
5.790315
5.786244
5.782171
5.778095
5.774017
5.769936
5.765853
5.761767
5.757677
5.753583
5.749485
5.745383
5.741277
5.737167
5.733052
5.728933
5.724810
5.720683
5.716552
5.712417
5.708278
5.704136
5.699989
5.695840
5.691687
5.687531
5.683373
5.679212
5.675050
5.670885
5.666718
5.662548
5.658375
5.654200
5.650020
5.645837
5.641651
5.637460
5.633266
5.629067
5.624865
5.620659
5.616448
5.612234
5.608016
5.603794
5.599569
5.595341
5.591110
5.586876
5.582640
5.578402
5.574162
5.569920
5.565677
5.561431
5.557184
5.552933
5.548680
5.544424
5.540165
5.535902
5.531637
5.527368
5.523095
5.518820
5.514541
5.510258
5.505972
5.501683
5.497391
5.493095
5.488797
5.484496
5.480193
5.475888
5.471580
5.467271
5.462960
5.458646
5.454331
5.450013
5.445692
5.441369
5.437042
5.432713
5.428380
5.424045
5.419706
5.415364
5.411019
5.406672
5.402322
5.397969
5.393614
5.389257
5.384897
5.380535
5.376171
5.371806
5.367440
5.363072
5.358703
5.354333
5.349962
5.345591
5.341217
5.336842
5.332466
5.328087
5.323706
5.319323
5.314938
5.310551
5.306162
5.301770
5.297376
5.292981
5.288583
5.284183
5.279781
5.275378
5.270974
5.266568
5.262161
5.257754
5.253346
5.248938
5.244529
5.240120
5.235710
5.231300
5.226887
5.222473
5.218057
5.213639
5.209218
5.204794
5.200368
5.195939
5.191508
5.187074
5.182638
5.178198
5.173756
5.169311
5.164863
5.160413
5.155960
5.151505
5.147047
5.142588
5.138126
5.133662
5.129196
5.124728
5.120257
5.115783
5.111307
5.106828
5.102346
5.097861
5.093374
5.088883
5.084390
5.079894
5.075395
5.070893
5.066389
5.061882
5.057373
5.052861
5.048346
5.043830
5.039311
5.034790
5.030268
5.025743
5.021216
5.016688
5.012157
5.007624
5.003088
4.998550
4.994010
4.989466
4.984920
4.980371
4.975818
4.971263
4.966705
4.962144
4.957580
4.953012
4.948443
4.943870
4.939295
4.934717
4.930137
4.925555
4.920971
4.916384
4.911797
4.907207
4.902616
4.898023
4.893428
4.888831
4.884233
4.879632
4.875029
4.870424
4.865817
4.861209
4.856599
4.851987
4.847374
4.842759
4.838143
4.833525
4.828906
4.824286
4.819664
4.815042
4.810419
4.805795
4.801171
4.796546
4.791920
4.787294
4.782667
4.778039
4.773410
4.768780
4.764148
4.759514
4.754879
4.750242
4.745602
4.740961
4.736318
4.731672
4.727024
4.722374
4.717722
4.713067
4.708410
4.703750
4.699088
4.694424
4.689757
4.685089
4.680418
4.675745
4.671069
4.666391
4.661710
4.657026
4.652339
4.647649
4.642956
4.638260
4.633561
4.628858
4.624152
4.619443
4.614730
4.610014
4.605295
4.600573
4.595847
4.591118
4.586387
4.581652
4.576914
4.572174
4.567432
4.562686
4.557939
4.553189
4.548437
4.543682
4.538926
4.534167
4.529407
4.524644
4.519880
4.515114
4.510346
4.505577
4.500806
4.496035
4.491261
4.486487
4.481712
4.476935
4.472157
4.467378
4.462599
4.457818
4.453036
4.448253
4.443469
4.438685
4.433899
4.429113
4.424326
4.419539
4.414751
4.409962
4.405172
4.400382
4.395592
4.390802
4.386011
4.381220
4.376430
4.371640
4.366850
4.362061
4.357272
4.352484
4.347698
4.342912
4.338127
4.333344
4.328561
4.323781
4.319002
4.314224
4.309449
4.304675
4.299902
4.295132
4.290363
4.285596
4.280831
4.276067
4.271306
4.266546
4.261788
4.257031
4.252276
4.247523
4.242771
4.238021
4.233272
4.228524
4.223777
4.219031
4.214286
4.209542
4.204799
4.200056
4.195313
4.190570
4.185828
4.181085
4.176342
4.171599
4.166856
4.162112
4.157367
4.152622
4.147876
4.143129
4.138381
4.133632
4.128882
4.124131
4.119378
4.114623
4.109867
4.105109
4.100349
4.095586
4.090822
4.086056
4.081288
4.076518
4.071746
4.066973
4.062198
4.057421
4.052643
4.047863
4.043082
4.038301
4.033517
4.028733
4.023948
4.019162
4.014375
4.009588
4.004800
4.000011
3.995221
3.990431
3.985640
3.980848
3.976056
3.971263
3.966469
3.961676
3.956882
3.952089
3.947296
3.942503
3.937711
3.932920
3.928129
3.923339
3.918551
3.913763
3.908976
3.904190
3.899405
3.894621
3.889838
3.885057
3.880276
3.875496
3.870717
3.865939
3.861162
3.856386
3.851610
3.846836
3.842063
3.837291
3.832521
3.827752
3.822986
3.818221
3.813459
3.808699
3.803941
3.799186
3.794433
3.789684
3.784937
3.780193
3.775452
3.770714
3.765978
3.761246
3.756516
3.751789
3.747064
3.742342
3.737623
3.732906
3.728192
3.723481
3.718773
3.714068
3.709366
3.704667
3.699971
3.695279
3.690589
3.685902
3.681218
3.676537
3.671859
3.667184
3.662511
3.657840
3.653172
3.648505
3.643840
3.639176
3.634514
3.629852
3.625190
3.620530
3.615870
3.611210
3.606552
3.601895
3.597239
3.592584
3.587931
3.583279
3.578628
3.573979
3.569330
3.564683
3.560036
3.555391
3.550746
3.546102
3.541459
3.536816
3.532173
3.527530
3.522887
3.518243
3.513599
3.508955
3.504311
3.499668
3.495024
3.490381
3.485739
3.481099
3.476459
3.471822
3.467186
3.462552
3.457920
3.453290
3.448662
3.444037
3.439414
3.434793
3.430175
3.425558
3.420944
3.416331
3.411720
3.407111
3.402504
3.397898
3.393295
3.388693
3.384094
3.379498
3.374905
3.370315
3.365728
3.361144
3.356563
3.351986
3.347412
3.342842
3.338275
3.333712
3.329152
3.324595
3.320042
3.315492
3.310945
3.306400
3.301858
3.297318
3.292781
3.288246
3.283714
3.279184
3.274658
3.270135
3.265615
3.261100
3.256588
3.252081
3.247579
3.243081
3.238588
3.234100
3.229617
3.225139
3.220666
3.216197
3.211734
3.207274
3.202820
3.198369
3.193921
3.189478
3.185038
3.180601
3.176168
3.171739
3.167313
3.162892
3.158475
3.154062
3.149655
3.145252
3.140854
3.136461
3.132073
3.127690
3.123311
3.118938
3.114569
3.110205
3.105845
3.101489
3.097136
3.092787
3.088442
3.084099
3.079759
3.075422
3.071087
3.066755
3.062426
3.058100
3.053777
3.049457
3.045141
3.040828
3.036518
3.032212
3.027910
3.023611
3.019315
3.015023
3.010734
3.006448
3.002166
2.997885
2.993607
2.989331
2.985056
2.980784
2.976512
2.972242
2.967973
2.963707
2.959442
2.955179
2.950919
2.946662
2.942409
2.938159
2.933913
2.929671
2.925433
2.921199
2.916970
2.912745
2.908524
2.904308
2.900096
2.895888
2.891684
2.887484
2.883287
2.879094
2.874903
2.870716
2.866532
2.862351
2.858174
2.854000
2.849831
2.845666
2.841505
2.837350
2.833199
2.829053
2.824912
2.820776
2.816645
2.812519
2.808399
2.804283
2.800172
2.796066
2.791964
2.787866
2.783772
2.779682
2.775596
2.771513
2.767434
2.763359
2.759289
2.755223
2.751162
2.747107
2.743057
2.739013
2.734976
2.730944
2.726919
2.722901
2.718889
2.714884
2.710886
2.706894
2.702908
2.698929
2.694955
2.690987
2.687024
2.683066
2.679113
2.675164
2.671219
2.667279
2.663344
2.659413
2.655488
2.651568
2.647654
2.643746
2.639844
2.635948
2.632059
2.628176
2.624300
2.620429
2.616565
2.612707
2.608854
2.605007
2.601165
2.597327
2.593495
2.589666
2.585842
2.582021
2.578204
2.574391
2.570582
2.566776
2.562975
2.559178
2.555385
2.551598
2.547815
2.544037
2.540264
2.536495
2.532732
2.528973
2.525219
2.521469
2.517723
2.513981
2.510243
2.506508
2.502776
2.499046
2.495319
2.491594
2.487872
2.484152
2.480434
2.476720
2.473009
2.469303
2.465600
2.461903
2.458210
2.454522
2.450841
2.447164
2.443494
2.439829
2.436170
2.432517
2.428869
2.425227
2.421590
2.417958
2.414331
2.410708
2.407089
2.403474
2.399862
2.396255
2.392652
2.389053
2.385459
2.381870
2.378286
2.374708
2.371136
2.367570
2.364011
2.360457
2.356911
2.353371
2.349838
2.346311
2.342790
2.339276
2.335768
2.332266
2.328770
2.325279
2.321793
2.318312
2.314837
2.311366
2.307900
2.304441
2.300987
2.297539
2.294098
2.290664
2.287237
2.283817
2.280404
2.276999
2.273601
2.270210
2.266827
2.263450
2.260081
2.256719
2.253363
2.250013
2.246668
2.243330
2.239996
2.236666
2.233341
2.230020
2.226704
2.223392
2.220085
2.216784
2.213488
2.210197
2.206913
2.203635
2.200363
2.197097
2.193838
2.190585
2.187338
2.184097
2.180862
2.177633
2.174409
2.171191
2.167977
2.164767
2.161561
2.158358
2.155158
2.151962
2.148769
2.145579
2.142393
2.139211
2.136033
2.132860
2.129691
2.126528
2.123371
2.120218
2.117071
2.113930
2.110794
2.107664
2.104539
2.101419
2.098305
2.095196
2.092091
2.088990
2.085894
2.082800
2.079710
2.076624
2.073541
2.070462
2.067387
2.064316
2.061251
2.058191
2.055136
2.052087
2.049045
2.046008
2.042978
2.039955
2.036938
2.033927
2.030922
2.027924
2.024932
2.021946
2.018965
2.015989
2.013018
2.010051
2.007088
2.004130
2.001176
1.998225
1.995280
1.992338
1.989402
1.986472
1.983547
1.980628
1.977716
1.974810
1.971911
1.969019
1.966133
1.963254
1.960382
1.957516
1.954657
1.951805
1.948958
1.946118
1.943283
1.940453
1.937629
1.934809
1.931994
1.929183
1.926378
1.923577
1.920783
1.917994
1.915212
1.912437
1.909668
1.906907
1.904153
1.901406
1.898666
1.895933
1.893206
1.890487
1.887775
1.885069
1.882369
1.879675
1.876986
1.874302
1.871623
1.868948
1.866277
1.863610
1.860946
1.858288
1.855633
1.852984
1.850340
1.847702
1.845069
1.842443
1.839822
1.837207
1.834599
1.831996
1.829400
1.826809
1.824224
1.821644
1.819069
1.816500
1.813934
1.811374
1.808817
1.806263
1.803713
1.801165
1.798621
1.796080
1.793543
1.791010
1.788481
1.785956
1.783437
1.780923
1.778414
1.775910
1.773412
1.770919
1.768432
1.765951
1.763475
1.761004
1.758539
1.756079
1.753624
1.751174
1.748728
1.746286
1.743847
1.741412
1.738981
1.736553
1.734129
1.731709
1.729294
1.726884
1.724479
1.722079
1.719684
1.717295
1.714912
1.712534
1.710162
1.707795
1.705434
1.703078
1.700727
1.698381
1.696040
1.693704
1.691371
1.689042
1.686717
1.684395
1.682076
1.679760
1.677448
1.675139
1.672835
1.670535
1.668239
1.665949
1.663664
1.661385
1.659111
1.656843
1.654582
1.652326
1.650076
1.647832
1.645594
1.643362
1.641136
1.638915
1.636700
1.634489
1.632283
1.630082
1.627884
1.625691
1.623502
1.621317
1.619136
1.616961
1.614790
1.612625
1.610466
1.608312
1.606165
1.604023
1.601888
1.599758
1.597634
1.595517
1.593405
1.591298
1.589197
1.587102
1.585012
1.582926
1.580845
1.578767
1.576693
1.574623
1.572556
1.570492
1.568432
1.566376
1.564324
1.562276
1.560233
1.558195
1.556161
1.554133
1.552110
1.550091
1.548078
1.546069
1.544065
1.542066
1.540071
1.538081
1.536095
1.534113
1.532135
1.530160
1.528187
1.526218
1.524251
1.522286
1.520325
1.518366
1.516411
1.514459
1.512511
1.510567
1.508628
1.506694
1.504764
1.502839
1.500918
1.499003
1.497092
1.495187
1.493286
1.491389
1.489498
1.487610
1.485727
1.483847
1.481970
1.480097
1.478228
1.476361
1.474497
1.472636
1.470778
1.468924
1.467073
1.465227
1.463385
1.461548
1.459715
1.457888
1.456064
1.454246
1.452433
1.450624
1.448820
1.447020
1.445225
1.443434
1.441647
1.439864
1.438085
1.436309
1.434537
1.432767
1.431001
1.429237
1.427477
1.425720
1.423967
1.422219
1.420475
1.418735
1.417000
1.415271
1.413546
1.411827
1.410113
1.408404
1.406701
1.405002
1.403309
1.401621
1.399937
1.398258
1.396584
1.394913
1.393247
1.391583
1.389923
1.388266
1.386613
1.384963
1.383316
1.381674
1.380036
1.378402
1.376773
1.375148
1.373528
1.371914
1.370303
1.368698
1.367098
1.365502
1.363910
1.362324
1.360741
1.359163
1.357588
1.356018
1.354450
1.352886
1.351324
1.349765
1.348209
1.346656
1.345106
1.343559
1.342015
1.340475
1.338939
1.337407
1.335878
1.334354
1.332834
1.331318
1.329806
1.328299
1.326795
1.325295
1.323799
1.322307
1.320818
1.319333
1.317850
1.316370
1.314893
1.313418
1.311945
1.310475
1.309007
1.307542
1.306079
1.304620
1.303165
1.301712
1.300264
1.298820
1.297379
1.295943
1.294510
1.293082
1.291657
1.290237
1.288820
1.287407
1.285998
1.284592
1.283189
1.281789
1.280391
1.278996
1.277603
1.276213
1.274824
1.273438
1.272055
1.270674
1.269296
1.267922
1.266551
1.265183
1.263819
1.262459
1.261103
1.259750
1.258401
1.257056
1.255715
1.254377
1.253043
1.251712
1.250385
1.249061
1.247740
1.246422
1.245106
1.243793
1.242483
1.241175
1.239870
1.238568
1.237270
1.235975
1.234684
1.233396
1.232113
1.230834
1.229560
1.228289
1.227023
1.225761
1.224503
1.223250
1.222000
1.220754
1.219512
1.218273
1.217037
1.215804
1.214575
1.213347
1.212123
1.210901
1.209681
1.208464
1.207251
1.206040
1.204833
1.203630
1.202430
1.201233
1.200041
1.198852
1.197667
1.196486
1.195308
1.194134
1.192963
1.191796
1.190631
1.189470
1.188311
1.187154
1.186000
1.184848
1.183698
1.182550
1.181404
1.180260
1.179119
1.177979
1.176842
1.175708
1.174576
1.173447
1.172322
1.171199
1.170079
1.168963
1.167850
1.166739
1.165632
1.164528
1.163426
1.162327
1.161230
1.160136
1.159043
1.157954
1.156866
1.155780
1.154696
1.153614
1.152535
1.151457
1.150383
1.149311
1.148242
1.147177
1.146114
1.145055
1.143999
1.142946
1.141897
1.140851
1.139809
1.138769
1.137732
1.136698
1.135667
1.134639
1.133612
1.132588
1.131565
1.130545
1.129526
1.128510
1.127496
1.126484
1.125475
1.124468
1.123465
1.122464
1.121466
1.120472
1.119481
1.118493
1.117509
1.116528
1.115550
1.114576
1.113605
1.112637
1.111672
1.110710
1.109750
1.108793
1.107839
1.106888
1.105938
1.104992
1.104048
1.103106
1.102168
1.101232
1.100300
1.099371
1.098445
1.097523
1.096604
1.095688
1.094776
1.093868
1.092963
1.092061
1.091163
1.090267
1.089375
1.088486
1.087599
1.086715
1.085834
1.084955
1.084078
1.083204
1.082332
1.081462
1.080595
1.079731
1.078869
1.078010
1.077154
1.076301
1.075451
1.074604
1.073760
1.072919
1.072081
1.071246
1.070413
1.069584
1.068757
1.067932
1.067109
1.066288
1.065470
1.064653
1.063837
1.063023
1.062211
1.061401
1.060593
1.059786
1.058982
1.058180
1.057380
1.056583
1.055789
1.054997
1.054208
1.053421
1.052637
1.051855
1.051076
1.050299
1.049524
1.048752
1.047982
1.047214
1.046448
1.045684
1.044922
1.044162
1.043404
1.042647
1.041893
1.041140
1.040390
1.039641
1.038895
1.038152
1.037410
1.036671
1.035935
1.035201
1.034470
1.033741
1.033015
1.032291
1.031569
1.030849
1.030132
1.029417
1.028704
1.027992
1.027283
1.026575
1.025869
1.025164
1.024461
1.023760
1.023061
1.022364
1.021669
1.020976
1.020286
1.019598
1.018912
1.018229
1.017548
1.016870
1.016195
1.015522
1.014852
1.014184
1.013518
1.012855
1.012194
1.011536
1.010879
1.010224
1.009572
1.008921
1.008272
1.007625
1.006980
1.006337
1.005697
1.005059
1.004423
1.003789
1.003158
1.002529
1.001903
1.001279
1.000658
1.000039
0.999422
0.998808
0.998195
0.997585
0.996976
0.996370
0.995765
0.995162
0.994560
0.993960
0.993362
0.992765
0.992170
0.991576
0.990984
0.990393
0.989804
0.989217
0.988631
0.988047
0.987464
0.986884
0.986305
0.985728
0.985152
0.984578
0.984006
0.983435
0.982866
0.982298
0.981731
0.981165
0.980601
0.980037
0.979474
0.978912
0.978352
0.977792
0.977233
0.976676
0.976120
0.975565
0.975012
0.974460
0.973910
0.973362
0.972815
0.972270
0.971727
0.971185
0.970645
0.970106
0.969569
0.969033
0.968499
0.967966
0.967435
0.966905
0.966377
0.965850
0.965325
0.964800
0.964277
0.963755
0.963235
0.962716
0.962199
0.961683
0.961168
0.960655
0.960144
0.959635
0.959127
0.958621
0.958117
0.957614
0.957112
0.956612
0.956114
0.955617
0.955121
0.954627
0.954134
0.953642
0.953151
0.952662
0.952173
0.951685
0.951199
0.950714
0.950230
0.949748
0.949267
0.948787
0.948309
0.947833
0.947358
0.946886
0.946414
0.945945
0.945477
0.945011
0.944546
0.944083
0.943622
0.943162
0.942704
0.942247
0.941791
0.941336
0.940883
0.940431
0.939981
0.939532
0.939085
0.938640
0.938196
0.937755
0.937314
0.936876
0.936440
0.936005
0.935572
0.935141
0.934712
0.934284
0.933859
0.933435
0.933013
0.932593
0.932174
0.931757
0.931342
0.930929
0.930516
0.930106
0.929696
0.929288
0.928881
0.928476
0.928072
0.927669
0.927268
0.926868
0.926469
0.926073
0.925677
0.925283
0.924891
0.924500
0.924110
0.923721
0.923334
0.922948
0.922563
0.922180
0.921798
0.921416
0.921036
0.920657
0.920279
0.919902
0.919526
0.919150
0.918776
0.918403
0.918030
0.917659
0.917289
0.916921
0.916553
0.916187
0.915821
0.915457
0.915094
0.914732
0.914371
0.914012
0.913653
0.913295
0.912937
0.912581
0.912226
0.911871
0.911517
0.911164
0.910811
0.910460
0.910109
0.909760
0.909412
0.909065
0.908719
0.908374
0.908031
0.907688
0.907347
0.907007
0.906668
0.906330
0.905993
0.905657
0.905323
0.904989
0.904657
0.904326
0.903996
0.903667
0.903339
0.903012
0.902686
0.902360
0.902036
0.901712
0.901389
0.901067
0.900746
0.900426
0.900107
0.899789
0.899472
0.899156
0.898842
0.898528
0.898216
0.897905
0.897595
0.897286
0.896979
0.896672
0.896366
0.896061
0.895758
0.895455
0.895153
0.894852
0.894552
0.894253
0.893956
0.893659
0.893363
0.893068
0.892774
0.892481
0.892189
0.891898
0.891609
0.891320
0.891033
0.890746
0.890461
0.890176
0.889893
0.889610
0.889328
0.889047
0.888767
0.888488
0.888210
0.887933
0.887657
0.887382
0.887108
0.886835
0.886563
0.886293
0.886023
0.885755
0.885487
0.885220
0.884955
0.884690
0.884426
0.884163
0.883900
0.883639
0.883378
0.883118
0.882859
0.882601
0.882344
0.882088
0.881833
0.881578
0.881324
0.881071
0.880819
0.880567
0.880316
0.880066
0.879816
0.879566
0.879318
0.879069
0.878822
0.878575
0.878328
0.878082
0.877837
0.877592
0.877348
0.877105
0.876862
0.876619
0.876378
0.876137
0.875896
0.875656
0.875416
0.875177
0.874939
0.874701
0.874464
0.874227
0.873991
0.873755
0.873520
0.873286
0.873051
0.872818
0.872585
0.872352
0.872121
0.871889
0.871659
0.871429
0.871199
0.870970
0.870742
0.870514
0.870288
0.870062
0.869836
0.869612
0.869388
0.869165
0.868943
0.868722
0.868501
0.868281
0.868061
0.867842
0.867624
0.867406
0.867189
0.866975
0.866770
0.866589
0.866455
0.866400
0.866452
0.866619
0.866883
0.867200
0.867517
0.867787
0.867977
0.868072
0.868069
0.867968
0.867772
0.867485
0.867109
0.866647
0.866104
0.865482
0.864785
0.864016
0.863177
0.862273
0.861305
0.860279
0.859197
0.858061
0.856876
0.855644
0.854368
0.853052
0.851699
0.850312
0.848893
0.847447
0.845976
0.844483
0.842970
0.841443
0.839902
0.838352
0.836794
0.835233
0.833671
0.832111
0.830556
0.829010
0.827474
0.825952
0.824447
0.822963
0.821501
0.820064
0.818657
0.817281
0.815940
0.814636
0.813372
0.812151
0.810976
0.809849
0.808774
0.807753
0.806789
0.805885
0.805044
0.804268
0.803559
0.802922
0.802358
0.801870
0.801461
0.801134
0.800892
0.800737
0.800672
0.800700
0.800824
0.801045
0.801364
0.801776
0.802266
0.802801
0.803335
0.803813
0.804194
0.804458
0.804614
0.804691
0.804720
0.804726
0.804724
0.804719
0.804714
0.804709
0.804704
0.804699
0.804694
0.804689
0.804683
0.804678
0.804673
0.804668
0.804663
0.804658
0.804652
0.804647
0.804642
0.804637
0.804632
0.804627
0.804622
0.804616
0.804611
0.804606
0.804601
0.804596
0.804591
0.804586
0.804581
0.804575
0.804570
0.804565
0.804560
0.804555
0.804550
0.804544
0.804539
0.804534
0.804529
0.804524
0.804519
0.804514
0.804508
0.804503
0.804498
0.804493
0.804488
0.804483
0.804478
0.804472
0.804467
0.804462
0.804457
0.804452
0.804447
0.804442
0.804436
0.804431
0.804426
0.804421
0.804416
0.804411
0.804405
0.804400
0.804395
0.804390
0.804385
0.804380
0.804375
0.804369
0.804364
0.804359
0.804354
0.804349
0.804344
0.804339
0.804334
0.804328
0.804323
0.804318
0.804313
0.804308
0.804303
0.804297
0.804292
0.804287
0.804282
0.804277
0.804272
0.804267
0.804261
0.804256
0.804251
0.804246
0.804241
0.804236
0.804231
0.804225
0.804220
0.804215
0.804210
0.804205
0.804200
0.804195
0.804189
0.804184
0.804179
0.804174
0.804169
0.804164
0.804158
0.804153
0.804148
0.804143
0.804138
0.804133
0.804128
0.804122
0.804117
0.804112
0.804107
0.804102
0.804097
0.804092
0.804087
0.804081
0.804076
0.804071
0.804066
0.804061
0.804056
0.804051
0.804045
0.804040
0.804035
0.804030
0.804025
0.804020
0.804014
0.804009
0.804004
0.803999
0.803994
0.803989
0.803984
0.803978
0.803973
0.803968
0.803963
0.803958
0.803953
0.803948
0.803942
0.803937
0.803932
0.803927
0.803922
0.803917
0.803912
0.803906
0.803901
0.803896
0.803891
0.803886
0.803881
0.803875
0.803870
0.803865
0.803860
0.803855
0.803850
0.803845
0.803840
0.803834
0.803829
0.803824
0.803819
0.803814
0.803809
0.803804
0.803798
0.803793
0.803788
0.803783
0.803778
0.803773
0.803767
0.803762
0.803757
0.803752
0.803747
0.803742
0.803737
0.803731
0.803726
0.803721
0.803716
0.803711
0.803706
0.803701
0.803695
0.803690
0.803685
0.803680
0.803675
0.803670
0.803665
0.803659
0.803654
0.803649
0.803644
0.803639
0.803634
0.803628
0.803623
0.803618
0.803613
0.803608
0.803603
0.803598
0.803593
0.803587
0.803582
0.803577
0.803572
0.803567
0.803562
0.803557
0.803551
0.803546
0.803541
0.803536
0.803531
0.803526
0.803520
0.803515
0.803510
0.803505
0.803500
0.803495
0.803490
0.803484
0.803479
0.803474
0.803469
0.803464
0.803459
0.803454
0.803448
0.803443
0.803438
0.803433
0.803428
0.803423
0.803418
0.803412
0.803407
0.803402
0.803397
0.803392
0.803387
0.803381
0.803376
0.803371
0.803366
0.803361
0.803356
0.803351
0.803346
0.803340
0.803335
0.803330
0.803325
0.803320
0.803315
0.803310
0.803304
0.803299
0.803294
0.803289
0.803284
0.803279
0.803273
0.803268
0.803263
0.803258
0.803253
0.803248
0.803243
0.803238
0.803232
0.803227
0.803222
0.803217
0.803212
0.803207
0.803202
0.803196
0.803191
0.803186
0.803181
0.803176
0.803171
0.803165
0.803160
0.803155
0.803150
0.803145
0.803140
0.803134
0.803129
0.803124
0.803119
0.803114
0.803109
0.803104
0.803099
0.803093
0.803088
0.803083
0.803078
0.803073
0.803068
0.803063
0.803057
0.803052
0.803047
0.803042
0.803037
0.803032
0.803026
0.803021
0.803016
0.803011
0.803006
0.803001
0.802996
0.802991
0.802985
0.802980
0.802975
0.802970
0.802965
0.802960
0.802954
0.802949
0.802944
0.802939
0.802934
0.802929
0.802924
0.802918
0.802913
0.802908
0.802903
0.802898
0.802893
0.802888
0.802882
0.802877
0.802872
0.802867
0.802862
0.802857
0.802852
0.802846
0.802841
0.802836
0.802831
0.802826
0.802821
0.802816
0.802810
0.802805
0.802800
0.802795
0.802790
0.802785
0.802779
0.802774
0.802769
0.802764
0.802759
0.802754
0.802749
0.802744
0.802738
0.802733
0.802728
0.802723
0.802718
0.802713
0.802708
0.802702
0.802697
0.802692
0.802687
0.802682
0.802677
0.802671
0.802666
0.802661
0.802656
0.802651
0.802646
0.802641
0.802635
0.802630
0.802625
0.802620
0.802615
0.802610
0.802605
0.802599
0.802594
0.802589
0.802584
0.802579
0.802574
0.802569
0.802563
0.802558
0.802553
0.802548
0.802543
0.802538
0.802532
0.802527
0.802522
0.802517
0.802512
0.802507
0.802502
0.802496
0.802491
0.802486
0.802481
0.802476
0.802471
0.802466
0.802461
0.802455
0.802450
0.802445
0.802440
0.802435
0.802430
0.802424
0.802419
0.802414
0.802409
0.802404
0.802399
0.802394
0.802388
0.802383
0.802378
0.802373
0.802368
0.802363
0.802358
0.802352
0.802347
0.802342
0.802337
0.802332
0.802327
0.802322
0.802316
0.802311
0.802306
0.802301
0.802296
0.802291
0.802285
0.802280
0.802275
0.802270
0.802265
0.802260
0.802255
0.802249
0.802244
0.802239
0.802234
0.802229
0.802224
0.802219
0.802214
0.802208
0.802203
0.802198
0.802193
0.802188
0.802183
0.802177
0.802172
0.802167
0.802162
0.802157
0.802152
0.802147
0.802141
0.802136
0.802131
0.802126
0.802121
0.802116
0.802110
0.802105
0.802100
0.802095
0.802090
0.802085
0.802080
0.802075
0.802069
0.802064
0.802059
0.802054
0.802049
0.802044
0.802038
0.802033
0.802028
0.802023
0.802018
0.802013
0.802008
0.802002
0.801997
0.801992
0.801987
0.801982
0.801977
0.801972
0.801966
0.801961
0.801956
0.801951
0.801946
0.801941
0.801936
0.801930
0.801925
0.801920
0.801915
0.801910
0.801905
0.801900
0.801894
0.801889
0.801884
0.801879
0.801874
0.801869
0.801864
0.801858
0.801853
0.801848
0.801843
0.801838
0.801833
0.801828
0.801822
0.801817
0.801812
0.801807
0.801802
0.801797
0.801791
0.801786
0.801781
0.801776
0.801771
0.801766
0.801761
0.801755
0.801750
0.801745
0.801740
0.801735
0.801730
0.801725
0.801720
0.801714
0.801709
0.801704
0.801699
0.801694
0.801689
0.801683
0.801678
0.801673
0.801668
0.801663
0.801658
0.801653
0.801647
0.801642
0.801637
0.801632
0.801627
0.801622
0.801617
0.801611
0.801606
0.801601
0.801596
0.801591
0.801586
0.801581
0.801575
0.801570
0.801565
0.801560
0.801555
0.801550
0.801544
0.801539
0.801534
0.801529
0.801524
0.801519
0.801514
0.801508
0.801503
0.801498
0.801493
0.801488
0.801483
0.801478
0.801473
0.801467
0.801462
0.801457
0.801452
0.801447
0.801442
0.801436
0.801431
0.801426
0.801421
0.801416
0.801411
0.801406
0.801400
0.801395
0.801390
0.801385
0.801380
0.801375
0.801369
0.801364
0.801359
0.801354
0.801349
0.801344
0.801339
0.801334
0.801328
0.801323
0.801318
0.801313
0.801308
0.801303
0.801297
0.801292
0.801287
0.801282
0.801277
0.801272
0.801267
0.801261
0.801256
0.801251
0.801246
0.801241
0.801236
0.801231
0.801226
0.801220
0.801215
0.801210
0.801205
0.801200
0.801195
0.801189
0.801184
0.801179
0.801174
0.801169
0.801164
0.801159
0.801153
0.801148
0.801143
0.801138
0.801133
0.801128
0.801123
0.801117
0.801112
0.801107
0.801102
0.801097
0.801092
0.801087
0.801081
0.801076
0.801071
0.801066
0.801061
0.801056
0.801050
0.801045
0.801040
0.801035
0.801030
0.801025
0.801020
0.801014
0.801009
0.801004
0.800999
0.800994
0.800989
0.800984
0.800979
0.800973
0.800968
0.800963
0.800958
0.800953
0.800948
0.800943
0.800937
0.800932
0.800927
0.800922
0.800917
0.800912
0.800906
0.800901
0.800896
0.800891
0.800886
0.800881
0.800876
0.800870
0.800865
0.800860
0.800855
0.800850
0.800845
0.800840
0.800834
0.800829
0.800824
0.800819
0.800814
0.800809
0.800804
0.800798
0.800793
0.800788
0.800783
0.800778
0.800773
0.800767
0.800762
0.800757
0.800752
0.800747
0.800742
0.800737
0.800732
0.800726
0.800721
0.800716
0.800711
0.800706
0.800701
0.800696
0.800690
0.800685
0.800680
0.800675
0.800670
0.800665
0.800659
0.800654
0.800649
0.800644
0.800639
0.800634
0.800629
0.800623
0.800618
0.800613
0.800608
0.800603
0.800598
0.800593
0.800587
0.800582
0.800577
0.800572
0.800567
0.800562
0.800557
0.800551
0.800546
0.800541
0.800536
0.800531
0.800526
0.800520
0.800515
0.800510
0.800505
0.800500
0.800495
0.800490
0.800485
0.800479
0.800474
0.800469
0.800464
0.800459
0.800454
0.800449
0.800443
0.800438
0.800433
0.800428
0.800423
0.800418
0.800412
0.800407
0.800402
0.800397
0.800392
0.800387
0.800382
0.800377
0.800371
0.800366
0.800361
0.800356
0.800351
0.800346
0.800340
0.800335
0.800330
0.800325
0.800320
0.800315
0.800310
0.800304
0.800299
0.800294
0.800289
0.800284
0.800279
0.800273
0.800268
0.800263
0.800258
0.800253
0.800248
0.800243
0.800238
0.800232
0.800227
0.800222
0.800217
0.800212
0.800207
0.800202
0.800196
0.800191
0.800186
0.800181
0.800176
0.800171
0.800165
0.800160
0.800155
0.800150
0.800145
0.800140
0.800135
0.800130
0.800124
0.800119
0.800114
0.800109
0.800104
0.800099
0.800093
0.800088
0.800083
0.800078
0.800073
0.800068
0.800063
0.800057
0.800052
0.800047
0.800042
0.800037
0.800032
0.800026
0.800021
0.800017
0.800012
0.800008
0.800005
0.800002
0.800001
0.800000
0.800000
0.800000
0.800000
0.800000
0.800000
0.800000
