0.800000
0.800067
0.800134
0.800201
0.800269
0.800336
0.800403
0.800470
0.800537
0.800604
0.800671
0.800738
0.800805
0.800872
0.800940
0.801007
0.801074
0.801141
0.801208
0.801275
0.801342
0.801409
0.801476
0.801543
0.801611
0.801678
0.801745
0.801812
0.801879
0.801946
0.802013
0.802080
0.802147
0.802214
0.802281
0.802349
0.802416
0.802483
0.802550
0.802617
0.802684
0.802751
0.802818
0.802885
0.802952
0.803019
0.803087
0.803154
0.803221
0.803288
0.803355
0.803422
0.803489
0.803556
0.803623
0.803690
0.803758
0.803825
0.803892
0.803959
0.804026
0.804093
0.804160
0.804227
0.804294
0.804361
0.804429
0.804496
0.804563
0.804630
0.804697
0.804764
0.804831
0.804898
0.804966
0.805036
0.805107
0.805183
0.805264
0.805351
0.805441
0.805534
0.805628
0.805723
0.805818
0.805913
0.806007
0.806102
0.806197
0.806292
0.806387
0.806482
0.806577
0.806671
0.806766
0.806861
0.806956
0.807051
0.807146
0.807241
0.807336
0.807431
0.807525
0.807620
0.807715
0.807810
0.807905
0.808000
0.808095
0.808190
0.808284
0.808379
0.808474
0.808569
0.808664
0.808759
0.808854
0.808949
0.809044
0.809138
0.809233
0.809328
0.809423
0.809518
0.809613
0.809708
0.809802
0.809898
0.809994
0.810093
0.810200
0.810322
0.810467
0.810639
0.810837
0.811053
0.811281
0.811515
0.811750
0.811986
0.812222
0.812458
0.812694
0.812931
0.813167
0.813403
0.813639
0.813875
0.814111
0.814347
0.814584
0.814821
0.815062
0.815308
0.815562
0.815827
0.816101
0.816382
0.816667
0.816955
0.817243
0.817532
0.817820
0.818109
0.818398
0.818686
0.818975
0.819263
0.819552
0.819841
0.820130
0.820419
0.820710
0.821001
0.821294
0.821587
0.821881
0.822175
0.822469
0.822763
0.823057
0.823351
0.823645
0.823939
0.824233
0.824528
0.824823
0.825123
0.825431
0.825757
0.826106
0.826482
0.826882
0.827298
0.827724
0.828153
0.828583
0.829013
0.829443
0.829872
0.830299
0.830721
0.831138
0.831547
0.831949
0.832347
0.832743
0.833137
0.833531
0.833925
0.834319
0.834714
0.835112
0.835517
0.835937
0.836376
0.836841
0.837329
0.837834
0.838349
0.838870
0.839392
0.839916
0.840442
0.840971
0.841506
0.842047
0.842594
0.843145
0.843700
0.844256
0.844815
0.845384
0.845969
0.846582
0.847229
0.847911
0.848622
0.849350
0.850086
0.850823
0.851556
0.852283
0.853003
0.853719
0.854431
0.855141
0.855848
0.856553
0.857254
0.857951
0.858645
0.859337
0.860029
0.860725
0.861427
0.862142
0.862870
0.863613
0.864367
0.865131
0.865906
0.866696
0.867507
0.868343
0.869201
0.870078
0.870969
0.871870
0.872781
0.873704
0.874635
0.875573
0.876514
0.877456
0.878398
0.879342
0.880297
0.881277
0.882305
0.883401
0.884572
0.885801
0.887054
0.888300
0.889518
0.890713
0.891901
0.893106
0.894343
0.895616
0.896918
0.898238
0.899564
0.900888
0.902202
0.903503
0.904788
0.906060
0.907324
0.908588
0.909856
0.911133
0.912420
0.913721
0.915035
0.916368
0.917723
0.919109
0.920537
0.922023
0.923584
0.925223
0.926921
0.928635
0.930320
0.931955
0.933553
0.935145
0.936756
0.938397
0.940059
0.941728
0.943395
0.945058
0.946720
0.948388
0.950073
0.951788
0.953546
0.955361
0.957240
0.959178
0.961163
0.963176
0.965199
0.967220
0.969234
0.971241
0.973243
0.975243
0.977246
0.979262
0.981310
0.983411
0.985581
0.987827
0.990146
0.992521
0.994935
0.997374
0.999833
1.002312
1.004819
1.007364
1.009965
1.012639
1.015393
1.018219
1.021093
1.023988
1.026883
1.029772
1.032659
1.035545
1.038421
1.041279
1.044119
1.046959
1.049835
1.052789
1.055856
1.059055
1.062370
1.065762
1.069177
1.072567
1.075904
1.079181
1.082412
1.085618
1.088825
1.092053
1.095314
1.098613
1.101949
1.105325
1.108749
1.112233
1.115783
1.119398
1.123067
1.126778
1.130526
1.134315
1.138158
1.142071
1.146066
1.150154
1.154359
1.158713
1.163238
1.167924
1.172715
1.177529
1.182300
1.186996
1.191623
1.196198
1.200728
1.205213
1.209654
1.214072
1.218503
1.222984
1.227538
1.232173
1.236886
1.241688
1.246603
1.251661
1.256876
1.262229
1.267663
1.273115
1.278542
1.283944
1.289368
1.294880
1.300556
1.306453
1.312587
1.318912
1.325316
1.331667
1.337862
1.343872
1.349743
1.355559
1.361406
1.367343
1.373394
1.379560
1.385825
1.392163
1.398547
1.404948
1.411343
1.417725
1.424102
1.430497
1.436939
1.443446
1.450019
1.456648
1.463331
1.470100
1.477034
1.484251
1.491864
1.499915
1.508317
1.516867
1.525324
1.533513
1.541384
1.548996
1.556454
1.563865
1.571312
1.578854
1.586522
1.594314
1.602208
1.610170
1.618179
1.626226
1.634313
1.642441
1.650606
1.658804
1.667038
1.675325
1.683698
1.692188
1.700827
1.709648
1.718710
1.728104
1.737922
1.748188
1.758788
1.769475
1.779974
1.790106
1.799848
1.809306
1.818618
1.827897
1.837209
1.846594
1.856089
1.865731
1.875548
1.885545
1.895693
1.905949
1.916273
1.926652
1.937105
1.947665
1.958367
1.969222
1.980219
1.991333
2.002541
2.013848
2.025304
2.036999
2.049030
2.061437
2.074154
2.087008
2.099797
2.112373
2.124698
2.136823
2.148837
2.160819
2.172816
2.184855
2.196959
2.209161
2.221497
2.233982
2.246594
2.259277
2.271962
2.284603
2.297195
2.309775
2.322394
2.335102
2.347923
2.360869
2.373954
2.387224
2.400765
2.414698
2.429133
2.444096
2.459475
2.475028
2.490461
2.505541
2.520167
2.534375
2.548286
2.562050
2.575803
2.589640
2.603602
2.617689
2.631878
2.646143
2.660473
2.674873
2.689350
2.703905
2.718529
2.733205
2.747923
2.762690
2.777542
2.792566
2.807900
2.823717
2.840141
2.857155
2.874540
2.891945
2.909044
2.925677
2.941880
2.957807
2.973612
2.989383
3.005138
3.020864
3.036553
3.052220
3.067893
3.083593
3.099328
3.115093
3.130888
3.146723
3.162619
3.178597
3.194663
3.210803
3.226994
3.243221
3.259505
3.275923
3.292606
3.309719
3.327393
3.345636
3.364284
3.383035
3.401577
3.419710
3.437398
3.454717
3.471773
3.488648
3.505388
3.522024
3.538593
3.555141
3.571714
3.588345
3.605045
3.621812
3.638641
3.655534
3.672500
3.689540
3.706641
3.723772
3.740905
3.758048
3.775269
3.792704
3.810535
3.828918
3.847890
3.867302
3.886844
3.906167
3.925020
3.943330
3.961166
3.978666
3.995968
4.013176
4.030359
4.047552
4.064760
4.081967
4.099147
4.116281
4.133366
4.150404
4.167403
4.184366
4.201288
4.218166
4.235004
4.251819
4.268637
4.285498
4.302454
4.319584
4.337008
4.354878
4.373321
4.392339
4.411744
4.431178
4.450254
4.468712
4.486499
4.503733
4.520603
4.537280
4.553878
4.570450
4.587016
4.603581
4.620158
4.636765
4.653420
4.670126
4.686864
4.703598
4.720292
4.736927
4.753510
4.770064
4.786608
4.803153
4.819697
4.836250
4.852857
4.869621
4.886701
4.904261
4.922382
4.940962
4.959711
4.978249
4.996273
5.013667
5.030497
5.046919
5.063088
5.079106
5.095026
5.110871
5.126650
5.142372
5.158045
5.173673
5.189254
5.204784
5.220258
5.235680
5.251064
5.266433
5.281813
5.297236
5.312752
5.328446
5.344435
5.360824
5.377616
5.394644
5.411597
5.428141
5.444070
5.459363
5.474154
5.488627
5.502944
5.517204
5.531449
5.545682
5.559894
5.574072
5.588209
5.602302
5.616352
5.630365
5.644348
5.658309
5.672250
5.686172
5.700098
5.714098
5.728304
5.742874
5.757906
5.773333
5.788903
5.804270
5.819162
5.833488
5.847331
5.860845
5.874170
5.887387
5.900532
5.913625
5.926683
5.939723
5.952750
5.965756
5.978723
5.991629
6.004459
6.017199
6.029834
6.042348
6.054734
6.067021
6.079289
6.091678
6.104356
6.117446
6.130937
6.144635
6.158219
6.171379
6.183945
6.195920
6.207425
6.218622
6.229661
6.240653
6.251661
6.262689
6.273700
6.284642
6.295476
6.306194
6.316812
6.327359
6.337857
6.348327
6.358793
6.369279
6.379801
6.390358
6.400934
6.411522
6.422156
6.432908
6.443856
6.455013
6.466279
6.477464
6.488374
6.498898
6.509036
6.518855
6.528434
6.537818
6.547023
6.556049
6.564901
6.573597
6.582169
6.590663
6.599132
6.607629
6.616192
6.624828
6.633499
6.642142
6.650688
6.659095
6.667363
6.675533
6.683669
6.691851
6.700155
6.708634
6.717291
6.726053
6.734784
6.743333
6.751595
6.759541
6.767208
6.774667
6.781986
6.789212
6.796372
6.803477
6.810533
6.817538
6.824492
6.831392
6.838236
6.845027
6.851774
6.858491
6.865186
6.871846
6.878435
6.884910
6.891250
6.897475
6.903650
6.909861
6.916169
6.922574
6.929000
6.935331
6.941463
6.947355
6.953035
6.958574
6.964055
6.969547
6.975085
6.980668
6.986253
6.991767
6.997137
7.002316
7.007300
7.012128
7.016855
7.021531
7.026195
7.030867
7.035555
7.040259
7.044969
7.049669
7.054338
7.058962
7.063545
7.068108
7.072682
7.077287
7.081917
7.086539
7.091116
7.095618
7.100038
7.104390
7.108688
7.112947
7.117171
7.121356
7.125491
7.129563
7.133554
7.137450
7.141244
7.144948
7.148594
7.152229
7.155893
7.159610
7.163374
7.167166
7.170966
7.174765
7.178562
7.182349
7.186103
7.189787
7.193369
7.196834
7.200186
7.203443
7.206624
7.209746
7.212830
7.215898
7.218967
7.222049
7.225142
7.228239
7.231331
7.234405
7.237449
7.240447
7.243381
7.246239
7.249018
7.251729
7.254389
7.257019
7.259636
7.262256
7.264891
7.267543
7.270199
7.272832
7.275413
7.277919
7.280344
7.282696
7.284990
7.287244
7.289470
7.291674
7.293862
7.296034
7.298196
7.300348
7.302494
7.304632
7.306767
7.308898
7.311020
7.313122
7.315186
7.317202
7.319168
7.321096
7.323002
7.324899
7.326781
7.328629
7.330427
7.332173
7.333881
7.335576
7.337276
7.338995
7.340731
7.342474
7.344203
7.345898
7.347545
7.349136
7.350676
7.352176
7.353651
7.355119
7.356592
7.358072
7.359557
7.361047
7.362549
7.364078
7.365647
7.367254
7.368879
7.370487
7.372045
7.373535
7.374950
7.376292
7.377573
7.378806
7.380008
7.381192
7.382366
7.383531
7.384683
7.385816
7.386926
7.388012
7.389080
7.390133
7.391177
7.392213
7.393243
7.394268
7.395290
7.396309
7.397324
7.398335
7.399338
7.400327
7.401295
7.402234
7.403143
7.404026
7.404891
7.405740
7.406575
7.407395
7.408199
7.408989
7.409772
7.410551
7.411330
7.412111
7.412897
7.413686
7.414479
7.415274
7.416070
7.416867
7.417665
7.418464
7.419263
7.420058
7.420842
7.421604
7.422330
7.423011
7.423647
7.424248
7.424826
7.425392
7.425953
7.426510
7.427063
7.427607
7.428140
7.428662
7.429174
7.429679
7.430181
7.430681
7.431180
7.431676
7.432164
7.432638
7.433091
7.433520
7.433926
7.434316
7.434696
7.435071
7.435445
7.435819
7.436193
7.436567
7.436941
7.437319
7.437703
7.438100
7.438515
7.438951
7.439407
7.439875
7.440352
7.440832
7.441312
7.441791
7.442264
7.442723
7.443157
7.443559
7.443923
7.444256
7.444566
7.444865
7.445159
7.445451
7.445743
7.446035
7.446326
7.446618
7.446910
7.447202
7.447493
7.447784
7.448072
7.448356
7.448630
7.448894
7.449146
7.449387
7.449622
7.449854
7.450084
7.450314
7.450544
7.450774
7.451004
7.451234
7.451464
7.451694
7.451923
7.452153
7.452383
7.452613
7.452843
7.453072
7.453302
7.453531
7.453759
7.453984
7.454208
7.454429
7.454648
7.454867
7.455085
7.455303
7.455521
7.455739
7.455956
7.456174
7.456392
7.456610
7.456828
7.457046
7.457263
7.457481
7.457699
7.457917
7.458135
7.458352
7.458568
7.458782
7.458991
7.459193
7.459387
7.459573
7.459753
7.459930
7.460105
7.460280
7.460454
7.460629
7.460803
7.460978
7.461152
7.461327
7.461502
7.461676
7.461851
7.462025
7.462200
7.462375
7.462549
7.462723
7.462898
7.463072
7.463247
7.463421
7.463596
7.463769
7.463938
7.464097
7.464238
7.464354
7.464442
7.464505
7.464550
7.464587
7.464619
7.464650
7.464681
7.464712
7.464742
7.464773
7.464804
7.464835
7.464866
7.464896
7.464927
7.464958
7.464989
7.465020
7.465050
7.465081
7.465112
7.465143
7.465173
7.465204
7.465235
7.465266
7.465296
7.465327
7.465358
7.465389
7.465420
7.465450
7.465481
7.465512
7.465543
7.465574
7.465604
7.465635
7.465666
7.465697
7.465727
7.465758
7.465789
7.465820
7.465851
7.465882
7.465913
7.465943
7.465974
7.466005
7.466036
7.466066
7.466097
7.466128
7.466159
7.466190
7.466220
7.466251
7.466282
7.466313
7.466344
7.466375
7.466405
7.466436
7.466467
7.466498
7.466528
7.466559
7.466590
7.466621
7.466652
7.466682
7.466713
7.466744
7.466775
7.466806
7.466836
7.466867
7.466898
7.466929
7.466960
7.466990
7.467021
7.467052
7.467083
7.467114
7.467144
7.467175
7.467206
7.467237
7.467268
7.467298
7.467329
7.467360
7.467391
7.467422
7.467452
7.467483
7.467514
7.467545
7.467576
7.467607
7.467637
7.467668
7.467699
7.467730
7.467761
7.467791
7.467822
7.467853
7.467884
7.467914
7.467945
7.467976
7.468007
7.468038
7.468069
7.468099
7.468130
7.468161
7.468192
7.468223
7.468254
7.468284
7.468315
7.468346
7.468377
7.468408
7.468438
7.468469
7.468500
7.468531
7.468562
7.468592
7.468623
7.468654
7.468685
7.468716
7.468746
7.468777
7.468808
7.468839
7.468870
7.468901
7.468931
7.468962
7.468993
7.469024
7.469054
7.469085
7.469116
7.469146
7.469177
7.469208
7.469239
7.469270
7.469300
7.469331
7.469362
7.469393
7.469424
7.469454
7.469485
7.469516
7.469546
7.469575
7.469602
7.469624
7.469641
7.469653
7.469659
7.469662
7.469663
7.469663
7.469663
7.469663
7.469663
7.469663
7.469663
7.469663
7.469663
7.469663
7.469663
7.469663
7.469663
7.469663
7.469663
7.469663
7.469663
7.469663
7.469663
7.469663
7.469663
7.469663
7.469663
7.469663
7.469663
7.469663
7.469663
7.469663
7.469663
7.469663
7.469663
7.469663
7.469663
7.469663
7.469663
7.469663
7.469663
7.469663
7.469663
7.469663
7.469663
7.469663
7.469663
7.469663
7.469663
7.469663
7.469663
7.469663
7.469663
7.469663
7.469663
7.469663
7.469663
7.469663
7.469663
7.469663
7.469663
7.469663
7.469663
7.469663
7.469663
7.469663
7.469663
7.469663
7.469663
7.469663
7.469663
7.469663
7.469663
7.469663
7.469663
7.469663
7.469663
7.469663
7.469663
7.469663
7.469663
7.469663
7.469663
7.469663
7.469663
7.469663
7.469663
7.469663
7.469663
7.469663
7.469663
7.469663
7.469663
7.469663
7.469663
7.469663
7.469663
7.469663
7.469663
7.469663
7.469663
7.469663
7.469663
7.469663
7.469663
7.469663
7.469663
7.469663
7.469663
7.469663
7.469663
7.469663
7.469663
7.469663
7.469663
7.469663
7.469663
7.469663
7.469663
7.469663
7.469663
7.469663
7.469663
7.469663
7.469663
7.469663
7.469663
7.469663
7.469663
7.469663
7.469663
7.469663
7.469663
7.469663
7.469663
7.469663
7.469663
7.469663
7.469663
7.469663
7.469663
7.469663
7.469663
7.469663
7.469663
7.469663
7.469663
7.469663
7.469663
7.469663
7.469663
7.469663
7.469663
7.469663
7.469663
7.469663
7.469663
7.469663
7.469663
7.469663
7.469663
7.469663
7.469663
7.469663
7.469663
7.469663
7.469663
7.469663
7.469663
7.469663
7.469663
7.469663
7.469663
7.469663
7.469663
7.469663
7.469663
7.469663
7.469663
7.469663
7.469663
7.469663
7.469663
7.469663
7.469663
7.469663
7.469663
7.469663
7.469663
7.469663
7.469663
7.469663
7.469663
7.469663
7.469663
7.469663
7.469663
7.469663
7.469663
7.469663
7.469663
7.469663
7.469663
7.469663
7.469663
7.469663
7.469663
7.469663
7.469663
7.469663
7.469663
7.469663
7.469663
7.469663
7.469663
7.469663
7.469663
7.469663
7.469663
7.469663
7.469663
7.469663
7.469663
7.469663
7.469663
7.469663
7.469663
7.469663
7.469663
7.469663
7.469663
7.469663
7.469663
7.469663
7.469663
7.469663
7.469663
7.469663
7.469663
7.469663
7.469663
7.469663
7.469663
7.469663
7.469663
7.469663
7.469663
7.469663
7.469663
7.469663
7.469663
7.469663
7.469663
7.469663
7.469663
7.469663
7.469663
7.469663
7.469663
7.469663
7.469663
7.469663
7.469663
7.469663
7.469663
7.469663
7.469663
7.469663
7.469663
7.469663
7.469663
7.469663
7.469663
7.469663
7.469663
7.469663
7.469663
7.469663
7.469663
7.469663
7.469663
7.469663
7.469663
7.469663
7.469663
7.469663
7.469663
7.469663
7.469663
7.469663
7.469663
7.469663
7.469663
7.469663
7.469663
7.469663
7.469663
7.469663
7.469663
7.469663
7.469663
7.469663
7.469663
7.469663
7.469663
7.469663
7.469663
7.469663
7.469663
7.469663
7.469663
7.469663
7.469663
7.469663
7.469663
7.469663
7.469663
7.469663
7.469663
7.469663
7.469663
7.469663
7.469663
7.469663
7.469663
7.469663
7.469663
7.469663
7.469663
7.469663
7.469663
7.469663
7.469663
7.469663
7.469663
7.469663
7.469663
7.469663
7.469663
7.469663
7.469663
7.469663
7.469663
7.469663
7.469663
7.469663
7.469663
7.469663
7.469663
7.469663
7.469663
7.469663
7.469663
7.469663
7.469663
7.469663
7.469663
7.469663
7.469663
7.469663
7.469663
7.469663
7.469663
7.469663
7.469663
7.469663
7.469663
7.469663
7.469663
7.469663
7.469663
7.469663
7.469663
7.469663
7.469663
7.469663
7.469663
7.469663
7.469663
7.469663
7.469663
7.469663
7.469663
7.469663
7.469663
7.469663
7.469663
7.469663
7.469663
7.469663
7.469663
7.469663
7.469663
7.469663
7.469663
7.469663
7.469663
7.469663
7.469663
7.469663
7.469663
7.469663
7.469663
7.469663
7.469663
7.469663
7.469663
7.469663
7.469663
7.469663
7.469663
7.469663
7.469663
7.469663
7.469663
7.469663
7.469663
7.469663
7.469663
7.469663
7.469663
7.469663
7.469663
7.469663
7.469663
7.469663
7.469663
7.469663
7.469663
7.469663
7.469663
7.469663
7.469663
7.469663
7.469663
7.469663
7.469663
7.469663
7.469663
7.469663
7.469663
7.469663
7.469663
7.469663
7.469663
7.469663
7.469663
7.469663
7.469663
7.469663
7.469663
7.469663
7.469663
7.469663
7.469663
7.469663
7.469663
7.469663
7.469663
7.469663
7.469663
7.469663
7.469663
7.469663
7.469663
7.469663
7.469663
7.469663
7.469663
7.469663
7.469663
7.469663
7.469663
7.469663
7.469663
7.469663
7.469663
7.469663
7.469663
7.469663
7.469663
7.469663
7.469663
7.469663
7.469663
7.469663
7.469663
7.469663
7.469663
7.469663
7.469663
7.469663
7.469663
7.469663
7.469663
7.469663
7.469663
7.469663
7.469663
7.469663
7.469663
7.469663
7.469663
7.469663
7.469663
7.469663
7.469663
7.469663
7.469663
7.469663
7.469663
7.469663
7.469663
7.469663
7.469663
7.469663
7.469663
7.469663
7.469663
7.469663
7.469663
7.469663
7.469663
7.469663
7.469663
7.469663
7.469663
7.469663
7.469663
7.469663
7.469663
7.469663
7.469663
7.469663
7.469663
7.469663
7.469663
7.469663
7.469663
7.469663
7.469663
7.469663
7.469663
7.469663
7.469663
7.469663
7.469663
7.469663
7.469663
7.469663
7.469663
7.469663
7.469663
7.469663
7.469663
7.469663
7.469663
7.469663
7.469663
7.469663
7.469663
7.469663
7.469663
7.469663
7.469663
7.469663
7.469663
7.469663
7.469663
7.469663
7.469663
7.469663
7.469663
7.469663
7.469663
7.469663
7.469663
7.469663
7.469663
7.469663
7.469663
7.469663
7.469663
7.469663
7.469663
7.469663
7.469663
7.469663
7.469663
7.469663
7.469663
7.469663
7.469663
7.469663
7.469663
7.469663
7.469663
7.469663
7.469663
7.469663
7.469663
7.469663
7.469663
7.469663
7.469663
7.469663
7.469663
7.469663
7.469663
7.469663
7.469663
7.469663
7.469663
7.469663
7.469663
7.469663
7.469663
7.469663
7.469663
7.469663
7.469663
7.469663
7.469663
7.469663
7.469663
7.469663
7.469663
7.469663
7.469663
7.469663
7.469663
7.469663
7.469663
7.469663
7.469663
7.469663
7.469663
7.469663
7.469663
7.469663
7.469663
7.469663
7.469663
7.469663
7.469663
7.469663
7.469663
7.469663
7.469663
7.469663
7.469663
7.469663
7.469663
7.469663
7.469663
7.469663
7.469663
7.469663
7.469663
7.469663
7.469663
7.469663
7.469663
7.469663
7.469663
7.469663
7.469663
7.469663
7.469663
7.469663
7.469663
7.469663
7.469663
7.469663
7.469663
7.469663
7.469663
7.469663
7.469663
7.469663
7.469663
7.469663
7.469663
7.469663
7.469663
7.469663
7.469663
7.469663
7.469663
7.469663
7.469663
7.469663
7.469663
7.469663
7.469663
7.469663
7.469663
7.469663
7.469663
7.469663
7.469663
7.469663
7.469663
7.469663
7.469663
7.469663
7.469663
7.469663
7.469663
7.469663
7.469663
7.469663
7.469663
7.469663
7.469663
7.469663
7.469663
7.469663
7.469663
7.469663
7.469663
7.469663
7.469663
7.469663
7.469663
7.469663
7.469663
7.469663
7.469663
7.469663
7.469663
7.469663
7.469663
7.469663
7.469663
7.469663
7.469663
7.469663
7.469663
7.469663
7.469663
7.469663
7.469663
7.469663
7.469663
7.469663
7.469663
7.469663
7.469663
7.469663
7.469663
7.469663
7.469663
7.469663
7.469663
7.469663
7.469663
7.469663
7.469663
7.469663
7.469663
7.469663
7.469663
7.469663
7.469663
7.469663
7.469663
7.469663
7.469663
7.469663
7.469663
7.469663
7.469663
7.469663
7.469663
7.469663
7.469663
7.469663
7.469663
7.469663
7.469663
7.469663
7.469663
7.469663
7.469663
7.469663
7.469663
7.469663
7.469663
7.469663
7.469663
7.469663
7.469663
7.469663
7.469663
7.469663
7.469663
7.469663
7.469663
7.469663
7.469663
7.469663
7.469663
7.469663
7.469663
7.469663
7.469663
7.469663
7.469663
7.469663
7.469663
7.469663
7.469663
7.469663
7.469663
7.469663
7.469663
7.469663
7.469663
7.469663
7.469663
7.469663
7.469663
7.469663
7.469663
7.469663
7.469663
7.469663
7.469663
7.469663
7.469663
7.469663
7.469663
7.469663
7.469663
7.469663
7.469663
7.469663
7.469663
7.469663
7.469663
7.469663
7.469663
7.469663
7.469663
7.469663
7.469663
7.469663
7.469663
7.469663
7.469663
7.469663
7.469663
7.469663
7.469663
7.469663
7.469663
7.469663
7.469663
7.469663
7.469663
7.469663
7.469663
7.469663
7.469663
7.469663
7.469663
7.469663
7.469663
7.469663
7.469663
7.469663
7.469663
7.469663
7.469663
7.469663
7.469663
7.469663
7.469663
7.469663
7.469663
7.469663
7.469663
7.469663
7.469663
7.469663
7.469663
7.469663
7.469663
7.469663
7.469663
7.469663
7.469663
7.469663
7.469663
7.469663
7.469663
7.469663
7.469663
7.469663
7.469663
7.469663
7.469663
7.469663
7.469663
7.469663
7.469663
7.469663
7.469663
7.469663
7.469663
7.469663
7.469663
7.469663
7.469663
7.469663
7.469663
7.469663
7.469663
7.469663
7.469663
7.469663
7.469663
7.469663
7.469663
7.469663
7.469663
7.469663
7.469663
7.469663
7.469663
7.469663
7.469663
7.469663
7.469663
7.469663
7.469663
7.469663
7.469663
7.469663
7.469663
7.469663
7.469663
7.469663
7.469663
7.469663
7.469663
7.469663
7.469663
7.469663
7.469663
7.469663
7.469663
7.469663
7.469663
7.469663
7.469663
7.469663
7.469663
7.469663
7.469663
7.469663
7.469663
7.469663
7.469663
7.469663
7.469663
7.469663
7.469663
7.469663
7.469663
7.469663
7.469663
7.469663
7.469663
7.469663
7.469663
7.469663
7.469663
7.469663
7.469663
7.469663
7.469663
7.469663
7.469663
7.469663
7.469663
7.469663
7.469663
7.469663
7.469663
7.469663
7.469663
7.469663
7.469663
7.469663
7.469663
7.469663
7.469663
7.469663
7.469663
7.469663
7.469663
7.469663
7.469663
7.469663
7.469663
7.469663
7.469663
7.469663
7.469663
7.469663
7.469663
7.469663
7.469663
7.469663
7.469663
7.469663
7.469663
7.469663
7.469663
7.469663
7.469663
7.469663
7.469663
7.469663
7.469663
7.469663
7.469663
7.469663
7.469663
7.469663
7.469663
7.469663
7.469663
7.469663
7.469663
7.469663
7.469663
7.469663
7.469663
7.469663
7.469663
7.469663
7.469663
7.469663
7.469663
7.469663
7.469663
7.469663
7.469663
7.469663
7.469663
7.469663
7.469663
7.469663
7.469663
7.469663
7.469663
7.469663
7.469663
7.469663
7.469663
7.469663
7.469663
7.469663
7.469663
7.469663
7.469663
7.469663
7.469663
7.469663
7.469663
7.469663
7.469663
7.469663
7.469663
7.469663
7.469663
7.469663
7.469663
7.469663
7.469663
7.469663
7.469663
7.469663
7.469663
7.469663
7.469663
7.469663
7.469663
7.469663
7.469663
7.469663
7.469663
7.469663
7.469663
7.469663
7.469663
7.469663
7.469663
7.469663
7.469663
7.469663
7.469663
7.469663
7.469663
7.469663
7.469663
7.469663
7.469663
7.469663
7.469663
7.469663
7.469663
7.469663
7.469663
7.469663
7.469663
7.469663
7.469663
7.469663
7.469663
7.469663
7.469663
7.469663
7.469663
7.469663
7.469663
7.469663
7.469663
7.469663
7.469663
7.469663
7.469663
7.469663
7.469663
7.469663
7.469663
7.469663
7.469663
7.469663
7.469663
7.469663
7.469663
7.469663
7.469663
7.469663
7.469663
7.469663
7.469663
7.469663
7.469663
7.469663
7.469663
7.469663
7.469663
7.469663
7.469663
7.469663
7.469663
7.469663
7.469663
7.469663
7.469663
7.469663
7.469663
7.469663
7.469663
7.469663
7.469663
7.469663
7.469663
7.469663
7.469663
7.469663
7.469663
7.469663
7.469663
7.469663
7.469663
7.469663
7.469663
7.469663
7.469663
7.469663
7.469663
7.469663
7.469663
7.469663
7.469663
7.469663
7.469663
7.469663
7.469663
7.469663
7.469663
7.469663
7.469663
7.469663
7.469663
7.469663
7.469663
7.469663
7.469663
7.469663
7.469663
7.469663
7.469663
7.469663
7.469663
7.469663
7.469663
7.469663
7.469663
7.469663
7.469663
7.469663
7.469663
7.469663
7.469663
7.469663
7.469663
7.469663
7.469663
7.469663
7.469663
7.469663
7.469663
7.469663
7.469663
7.469663
7.469663
7.469663
7.469663
7.469663
7.469663
7.469663
7.469663
7.469663
7.469663
7.469663
7.469663
7.469663
7.469663
7.469663
7.469663
7.469663
7.469663
7.469663
7.469663
7.469663
7.469663
7.469663
7.469663
7.469663
7.469663
7.469663
7.469663
7.469663
7.469663
7.469663
7.469663
7.469663
7.469663
7.469663
7.469663
7.469663
7.469663
7.469663
7.469663
7.469663
7.469663
7.469663
7.469663
7.469663
7.469663
7.469663
7.469663
7.469663
7.469663
7.469663
7.469663
7.469663
7.469663
7.469663
7.469663
7.469663
7.469663
7.469663
7.469663
7.469663
7.469663
7.469663
7.469663
7.469663
7.469663
7.469663
7.469663
7.469663
7.469663
7.469663
7.469663
7.469663
7.469663
7.469663
7.469663
7.469663
7.469663
7.469663
7.469663
7.469663
7.469663
7.469663
7.469663
7.469663
7.469663
7.469663
7.469663
7.469663
7.469663
7.469663
7.469663
7.469663
7.469663
7.469663
7.469663
7.469663
7.469663
7.469663
7.469663
7.469663
7.469663
7.469663
7.469663
7.469663
7.469663
7.469663
7.469663
7.469663
7.469663
7.469663
7.469663
7.469663
7.469663
7.469663
7.469663
7.469663
7.469663
7.469663
7.469663
7.469663
7.469663
7.469663
7.469663
7.469663
7.469663
7.469663
7.469663
7.469663
7.469663
7.469663
7.469663
7.469663
7.469663
7.469663
7.469663
7.469663
7.469663
7.469663
7.469663
7.469663
7.469663
7.469663
7.469663
7.469663
7.469663
7.469663
7.469663
7.469663
7.469663
7.469663
7.469663
7.469663
7.469663
7.469663
7.469663
7.469663
7.469663
7.469663
7.469663
7.469663
7.469663
7.469663
7.469663
7.469663
7.469663
7.469663
7.469663
7.469663
7.469663
7.469663
7.469663
7.469663
7.469663
7.469663
7.469663
7.469663
7.469663
7.469663
7.469663
7.469663
7.469663
7.469663
7.469663
7.469663
7.469663
7.469663
7.469663
7.469663
7.469663
7.469663
7.469663
7.469663
7.469663
7.469663
7.469663
7.469663
7.469663
7.469663
7.469663
7.469663
7.469663
7.469663
7.469663
7.469663
7.469663
7.469663
7.469663
7.469663
7.469663
7.469663
7.469663
7.469663
7.469663
7.469663
7.469663
7.469663
7.469663
7.469663
7.469663
7.469663
7.469663
7.469663
7.469663
7.469663
7.469663
7.469663
7.469663
7.469663
7.469663
7.469663
7.469663
7.469663
7.469663
7.469663
7.469663
7.469663
7.469663
7.469663
7.469663
7.469663
7.469663
7.469663
7.469663
7.469663
7.469663
7.469663
7.469663
7.469663
7.469663
7.469663
7.469663
7.469663
7.469663
7.469663
7.469663
7.469663
7.469663
7.469663
7.469663
7.469663
7.469663
7.469663
7.469663
7.469663
7.469663
7.469663
7.469663
7.469663
7.469663
7.469663
7.469663
7.469663
7.469663
7.469663
7.469663
7.469663
7.469663
7.469663
7.469663
7.469663
7.469663
7.469663
7.469663
7.469663
7.469663
7.469663
7.469663
7.469663
7.469663
7.469663
7.469663
7.469663
7.469663
7.469663
7.469663
7.469663
7.469663
7.469663
7.469663
7.469663
7.469663
7.469663
7.469663
7.469663
7.469663
7.469663
7.469663
7.469663
7.469663
7.469663
7.469663
7.469663
7.469663
7.469663
7.469663
7.469663
7.469663
7.469663
7.469663
7.469663
7.469663
7.469663
7.469663
7.469663
7.469663
7.469663
7.469663
7.469663
7.469663
7.469663
7.469663
7.469663
7.469663
7.469663
7.469663
7.469663
7.469663
7.469663
7.469663
7.469663
7.469663
7.469663
7.469663
7.469663
7.469663
7.469663
7.469663
7.469663
7.469663
7.469663
7.469663
7.469663
7.469663
7.469663
7.469663
7.469663
7.469663
7.469663
7.469663
7.469663
7.469663
7.469663
7.469663
7.469663
7.469663
7.469663
7.469663
7.469663
7.469663
7.469663
7.469663
7.469663
7.469663
7.469663
7.469663
7.469663
7.469663
7.469663
7.469663
7.469663
7.469663
7.469663
7.469663
7.469663
7.469663
7.469663
7.469663
7.469663
7.469663
7.469663
7.469663
7.469663
7.469663
7.469663
7.469663
7.469663
7.469663
7.469663
7.469663
7.469663
7.469663
7.469663
7.469663
7.469663
7.469663
7.469663
7.469663
7.469663
7.469663
7.469663
7.469663
7.469663
7.469663
7.469663
7.469663
7.469663
7.469663
7.469663
7.469663
7.469663
7.469663
7.469663
7.469663
7.469663
7.469663
7.469663
7.469663
7.469663
7.469663
7.469663
7.469663
7.469663
7.469663
7.469663
7.469663
7.469663
7.469663
7.469663
7.469663
7.469663
7.469663
7.469663
7.469663
7.469663
7.469663
7.469663
7.469663
7.469663
7.469663
7.469663
7.469663
7.469663
7.469663
7.469663
7.469663
7.469663
7.469663
7.469663
7.469663
7.469663
7.469663
7.469663
7.469663
7.469663
7.469663
7.469663
7.469663
7.469663
7.469663
7.469663
7.469663
7.469663
7.469663
7.469663
7.469663
7.469663
7.469663
7.469663
7.469663
7.469663
7.469663
7.469663
7.469663
7.469663
7.469663
7.469663
7.469663
7.469663
7.469663
7.469663
7.469663
7.469663
7.469663
7.469663
7.469663
7.469663
7.469663
7.469663
7.469663
7.469663
7.469663
7.469663
7.469663
7.469663
7.469663
7.469663
7.469663
7.469663
7.469663
7.469663
7.469663
7.469663
7.469663
7.469663
7.469663
7.469663
7.469663
7.469663
7.469663
7.469663
7.469663
7.469663
7.469663
7.469663
7.469663
7.469663
7.469663
7.469663
7.469663
7.469663
7.469663
7.469663
7.469663
7.469663
7.469663
7.469663
7.469663
7.469663
7.469663
7.469663
7.469663
7.469663
7.469663
7.469663
7.469663
7.469663
7.469663
7.469663
7.469663
7.469663
7.469663
7.469663
7.469663
7.469663
7.469663
7.469663
7.469663
7.469663
7.469663
7.469663
7.469663
7.469663
7.469663
7.469663
7.469663
7.469663
7.469663
7.469663
7.469663
7.469663
7.469663
7.469663
7.469663
7.469663
7.469663
7.469663
7.469663
7.469663
7.469663
7.469663
7.469663
7.469663
7.469663
7.469663
7.469663
7.469663
7.469663
7.469663
7.469663
7.469663
7.469663
7.469663
7.469663
7.469663
7.469663
7.469663
7.469663
7.469663
7.469663
7.469663
7.469663
7.469663
7.469663
7.469663
7.469663
7.469663
7.469663
7.469663
7.469663
7.469663
7.469663
7.469663
7.469663
7.469663
7.469663
7.469663
7.469663
7.469663
7.469663
7.469663
7.469663
7.469663
7.469663
7.469663
7.469663
7.469663
7.469663
7.469663
7.469663
7.469663
7.469663
7.469663
7.469663
7.469663
7.469663
7.469663
7.469663
7.469663
7.469663
7.469663
7.469663
7.469663
7.469663
7.469663
7.469663
7.469663
7.469663
7.469663
7.469663
7.469663
7.469663
7.469663
7.469663
7.469663
7.469663
7.469663
7.469663
7.469663
7.469663
7.469663
7.469663
7.469663
7.469663
7.469663
7.469663
7.469663
7.469663
7.469663
7.469663
7.469663
7.469663
7.469663
7.469663
7.469663
7.469663
7.469663
7.469663
7.469663
7.469663
7.469663
7.469663
7.469663
7.469663
7.469663
7.469663
7.469663
7.469663
7.469663
7.469663
7.469663
7.469663
7.469663
7.469663
7.469663
7.469663
7.469663
7.469663
7.469663
7.469663
7.469663
7.469663
7.469663
7.469663
7.469663
7.469663
7.469663
7.469663
7.469663
7.469663
7.469663
7.469663
7.469663
7.469663
7.469663
7.469663
7.469663
7.469663
7.469663
7.469663
7.469663
7.469663
7.469663
7.469663
7.469663
7.469663
7.469663
7.469663
7.469663
7.469663
7.469663
7.469663
7.469663
7.469663
7.469663
7.469663
7.469663
7.469663
7.469663
7.469663
7.469663
7.469663
7.469663
7.469663
7.469663
7.469663
7.469663
7.469663
7.469663
7.469663
7.469663
7.469663
7.469663
7.469663
7.469663
7.469663
7.469663
7.469663
7.469663
7.469663
7.469663
7.469663
7.469663
7.469663
7.469663
7.469663
7.469663
7.469663
7.469663
7.469663
7.469663
7.469663
7.469663
7.469663
7.469663
7.469663
7.469663
7.469663
7.469663
7.469663
7.469663
7.469663
7.469663
7.469663
7.469663
7.469663
7.469663
7.469663
7.469663
7.469663
7.469663
7.469663
7.469663
7.469663
7.469663
7.469663
7.469663
7.469663
7.469663
7.469663
7.469663
7.469663
7.469663
7.469663
7.469663
7.469663
7.469663
7.469663
7.469663
7.469663
7.469663
7.469663
7.469663
7.469663
7.469663
7.469663
7.469663
7.469663
7.469663
7.469663
7.469663
7.469663
7.469663
7.469663
7.469663
7.469663
7.469663
7.469663
7.469663
7.469663
7.469663
7.469663
7.469663
7.469663
7.469663
7.469663
7.469663
7.469663
7.469663
7.469663
7.469663
7.469663
7.469663
7.469663
7.469663
7.469663
7.469663
7.469663
7.469663
7.469663
7.469663
7.469663
7.469663
7.469663
7.469663
7.469663
7.469663
7.469663
7.469663
7.469663
7.469663
7.469663
7.469663
7.469663
7.469663
7.469663
7.469663
7.469663
7.469663
7.469663
7.469663
7.469663
7.469663
7.469663
7.469663
7.469663
7.469663
7.469663
7.469663
7.469663
7.469663
7.469663
7.469663
7.469663
7.469663
7.469663
7.469663
7.469663
7.469663
7.469663
7.469663
7.469663
7.469663
7.469663
7.469663
7.469663
7.469663
7.469663
7.469663
7.469663
7.469663
7.469663
7.469663
7.469663
7.469663
7.469663
7.469663
7.469663
7.469663
7.469663
7.469663
7.469663
7.469663
7.469663
7.469663
7.469663
7.469663
7.469663
7.469663
7.469663
7.469663
7.469663
7.469663
7.469663
7.469663
7.469663
7.469663
7.469663
7.469663
7.469663
7.469663
7.469663
7.469663
7.469663
7.469663
7.469663
7.469663
7.469663
7.469663
7.469663
7.469663
7.469663
7.469663
7.469663
7.469663
7.469663
7.469663
7.469663
7.469663
7.469663
7.469663
7.469663
7.469663
7.469663
7.469663
7.469663
7.469663
7.469663
7.469663
7.469663
7.469663
7.469663
7.469663
7.469663
7.469663
7.469663
7.469663
7.469663
7.469663
7.469663
7.469663
7.469663
7.469663
7.469663
7.469663
7.469663
7.469663
7.469663
7.469663
7.469663
7.469663
7.469663
7.469663
7.469663
7.469663
7.469663
7.469663
7.469663
7.469663
7.469663
7.469663
7.469663
7.469663
7.469663
7.469663
7.469663
7.469663
7.469663
7.469663
7.469663
7.469663
7.469663
7.469663
7.469663
7.469663
7.469663
7.469663
7.469663
7.469663
7.469663
7.469663
7.469663
7.469663
7.469663
7.469663
7.469663
7.469663
7.469663
7.469663
7.469663
7.469663
7.469663
7.469663
7.469663
7.469663
7.469663
7.469663
7.469663
7.469663
7.469663
7.469663
7.469663
7.469663
7.469663
7.469663
7.469663
7.469663
7.469663
7.469663
7.469663
7.469663
7.469663
7.469663
7.469663
7.469663
7.469663
7.469663
7.469663
7.469663
7.469663
7.469663
7.469663
7.469663
7.469663
7.469663
7.469663
7.469663
7.469663
7.469663
7.469663
7.469663
7.469663
7.469663
7.469663
7.469663
7.469663
7.469663
7.469663
7.469663
7.469663
7.469663
7.469663
7.469663
7.469663
7.469663
7.469663
7.469663
7.469663
7.469663
7.469663
7.469663
7.469663
7.469663
7.469663
7.469663
7.469663
7.469663
7.469663
7.469663
7.469663
7.469663
7.469663
7.469663
7.469663
7.469663
7.469663
7.469663
7.469663
7.469663
7.469663
7.469663
7.469663
7.469663
7.469663
7.469663
7.469663
7.469663
7.469663
7.469663
7.469663
7.469663
7.469663
7.469663
7.469663
7.469663
7.469663
7.469663
7.469663
7.469663
7.469663
7.469663
7.469663
7.469663
7.469663
7.469663
7.469663
7.469663
7.469663
7.469663
7.469663
7.469663
7.469663
7.469663
7.469663
7.469663
7.469663
7.469663
7.469663
7.469663
7.469663
7.469663
7.469663
7.469663
7.469663
7.469663
7.469663
7.469663
7.469663
7.469663
7.469663
7.469663
7.469663
7.469663
7.469663
7.469663
7.469663
7.469663
7.469663
7.469663
7.469663
7.469663
7.469663
7.469663
7.469663
7.469663
7.469663
7.469663
7.469663
7.469663
7.469663
7.469663
7.469663
7.469663
7.469663
7.469663
7.469663
7.469663
7.469663
7.469663
7.469663
7.469663
7.469663
7.469663
7.469663
7.469663
7.469663
7.469663
7.469663
7.469663
7.469663
7.469663
7.469663
7.469663
7.469663
7.469663
7.469663
7.469663
7.469663
7.469663
7.469663
7.469663
7.469663
7.469663
7.469663
7.469663
7.469663
7.469663
7.469663
7.469663
7.469663
7.469663
7.469663
7.469663
7.469663
7.469663
7.469663
7.469663
7.469663
7.469663
7.469663
7.469663
7.469663
7.469663
7.469663
7.469663
7.469663
7.469663
7.469663
7.469663
7.469663
7.469663
7.469663
7.469663
7.469663
7.469663
7.469663
7.469663
7.469663
7.469663
7.469663
7.469663
7.469663
7.469663
7.469663
7.469663
7.469663
7.469663
7.469663
7.469663
7.469663
7.469663
7.469663
7.469663
7.469663
7.469663
7.469663
7.469663
7.469663
7.469663
7.469663
7.469663
7.469663
7.469663
7.469663
7.469663
7.469663
7.469663
7.469663
7.469663
7.469663
7.469663
7.469663
7.469663
7.469663
7.469663
7.469663
7.469663
7.469663
7.469663
7.469663
7.469663
7.469663
7.469663
7.469663
7.469663
7.469663
7.469663
7.469663
7.469663
7.469663
7.469663
7.469663
7.469663
7.469663
7.469663
7.469663
7.469663
7.469663
7.469663
7.469663
7.469663
7.469663
7.469663
7.469663
7.469663
7.469663
7.469663
7.469663
7.469663
7.469663
7.469663
7.469663
7.469663
7.469663
7.469663
7.469663
7.469663
7.469663
7.469663
7.469663
7.469663
7.469663
7.469663
7.469663
7.469663
7.469663
7.469663
7.469663
7.469663
7.469663
7.469663
7.469663
7.469663
7.469663
7.469663
7.469663
7.469663
7.469663
7.469663
7.469663
7.469663
7.469663
7.469663
7.469663
7.469663
7.469663
7.469663
7.469663
7.469663
7.469663
7.469663
7.469663
7.469663
7.469663
7.469663
7.469663
7.469663
7.469663
7.469663
7.469663
7.469663
7.469663
7.469663
7.469663
7.469663
7.469663
7.469663
7.469663
7.469663
7.469663
7.469663
7.469663
7.469663
7.469663
7.469663
7.469663
7.469663
7.469663
7.469663
7.469663
7.469663
7.469663
7.469663
7.469663
7.469663
7.469663
7.469663
7.469663
7.469663
7.469663
7.469663
7.469663
7.469663
7.469663
7.469663
7.469663
7.469663
7.469662
7.469661
7.469658
7.469655
7.469650
7.469644
7.469638
7.469631
7.469623
7.469616
7.469608
7.469600
7.469593
7.469585
7.469578
7.469570
7.469562
7.469555
7.469547
7.469539
7.469531
7.469524
7.469516
7.469508
7.469500
7.469493
7.469485
7.469477
7.469470
7.469462
7.469454
7.469447
7.469439
7.469432
7.469424
7.469416
7.469409
7.469401
7.469393
7.469385
7.469377
7.469370
7.469362
7.469354
7.469346
7.469339
7.469331
7.469323
7.469315
7.469308
7.469300
7.469293
7.469285
7.469278
7.469270
7.469262
7.469255
7.469247
7.469239
7.469231
7.469224
7.469216
7.469208
7.469200
7.469192
7.469184
7.469177
7.469169
7.469161
7.469153
7.469146
7.469138
7.469131
7.469123
7.469115
7.469108
7.469100
7.469093
7.469085
7.469077
7.469069
7.469062
7.469054
7.469046
7.469039
7.469031
7.469023
7.469015
7.469008
7.469000
7.468992
7.468985
7.468977
7.468969
7.468962
7.468954
7.468946
7.468939
7.468931
7.468923
7.468916
7.468908
7.468900
7.468892
7.468885
7.468877
7.468869
7.468861
7.468854
7.468846
7.468838
7.468831
7.468823
7.468815
7.468808
7.468800
7.468792
7.468785
7.468777
7.468769
7.468761
7.468754
7.468746
7.468738
7.468730
7.468723
7.468715
7.468707
7.468699
7.468692
7.468684
7.468676
7.468669
7.468661
7.468654
7.468646
7.468638
7.468631
7.468623
7.468615
7.468607
7.468600
7.468592
7.468584
7.468576
7.468569
7.468561
7.468553
7.468546
7.468538
7.468530
7.468523
7.468515
7.468507
7.468500
7.468492
7.468484
7.468477
7.468469
7.468461
7.468454
7.468446
7.468438
7.468430
7.468423
7.468415
7.468407
7.468399
7.468391
7.468384
7.468376
7.468368
7.468361
7.468353
7.468346
7.468338
7.468330
7.468323
7.468315
7.468307
7.468300
7.468292
7.468284
7.468276
7.468268
7.468261
7.468253
7.468245
7.468237
7.468230
7.468222
7.468214
7.468207
7.468199
7.468192
7.468184
7.468176
7.468169
7.468161
7.468153
7.468145
7.468138
7.468130
7.468122
7.468115
7.468107
7.468099
7.468091
7.468084
7.468076
7.468068
7.468061
7.468053
7.468046
7.468038
7.468030
7.468023
7.468015
7.468007
7.467999
7.467992
7.467984
7.467976
7.467968
7.467961
7.467953
7.467945
7.467937
7.467930
7.467922
7.467914
7.467907
7.467899
7.467891
7.467884
7.467876
7.467868
7.467861
7.467853
7.467845
7.467837
7.467830
7.467822
7.467814
7.467806
7.467799
7.467791
7.467783
7.467775
7.467768
7.467760
7.467753
7.467745
7.467737
7.467730
7.467722
7.467715
7.467707
7.467699
7.467691
7.467684
7.467676
7.467668
7.467660
7.467653
7.467645
7.467637
7.467629
7.467622
7.467614
7.467606
7.467599
7.467591
7.467584
7.467576
7.467568
7.467561
7.467553
7.467545
7.467537
7.467529
7.467522
7.467514
7.467506
7.467498
7.467491
7.467483
7.467475
7.467467
7.467460
7.467452
7.467444
7.467437
7.467429
7.467422
7.467414
7.467406
7.467399
7.467391
7.467383
7.467375
7.467368
7.467360
7.467352
7.467344
7.467337
7.467329
7.467321
7.467313
7.467306
7.467298
7.467290
7.467283
7.467275
7.467268
7.467260
7.467252
7.467245
7.467237
7.467229
7.467221
7.467214
7.467206
7.467198
7.467191
7.467183
7.467175
7.467167
7.467159
7.467152
7.467144
7.467137
7.467129
7.467121
7.467114
7.467106
7.467098
7.467091
7.467083
7.467075
7.467067
7.467060
7.467052
7.467044
7.467036
7.467029
7.467021
7.467013
7.467005
7.466998
7.466990
7.466982
7.466975
7.466967
7.466960
7.466952
7.466945
7.466937
7.466929
7.466921
7.466914
7.466906
7.466898
7.466890
7.466883
7.466875
7.466867
7.466859
7.466852
7.466844
7.466836
7.466829
7.466821
7.466814
7.466806
7.466798
7.466790
7.466783
7.466775
7.466767
7.466760
7.466752
7.466744
7.466736
7.466728
7.466721
7.466713
7.466705
7.466697
7.466690
7.466682
7.466674
7.466667
7.466659
7.466651
7.466644
7.466636
7.466628
7.466621
7.466613
7.466605
7.466597
7.466590
7.466582
7.466574
7.466567
7.466559
7.466551
7.466544
7.466536
7.466528
7.466521
7.466513
7.466505
7.466498
7.466490
7.466482
7.466475
7.466467
7.466459
7.466451
7.466444
7.466436
7.466428
7.466421
7.466413
7.466405
7.466397
7.466390
7.466382
7.466374
7.466367
7.466359
7.466352
7.466344
7.466336
7.466329
7.466321
7.466313
7.466305
7.466298
7.466290
7.466282
7.466274
7.466266
7.466258
7.466251
7.466243
7.466235
7.466227
7.466220
7.466212
7.466205
7.466197
7.466190
7.466182
7.466174
7.466166
7.466159
7.466151
7.466143
7.466136
7.466128
7.466120
7.466112
7.466105
7.466097
7.466089
7.466081
7.466074
7.466066
7.466058
7.466051
7.466043
7.466036
7.466028
7.466020
7.466013
7.466005
7.465997
7.465990
7.465982
7.465974
7.465966
7.465959
7.465951
7.465943
7.465935
7.465928
7.465920
7.465912
7.465905
7.465897
7.465889
7.465882
7.465874
7.465867
7.465859
7.465851
7.465843
7.465836
7.465828
7.465820
7.465812
7.465804
7.465797
7.465789
7.465781
7.465773
7.465766
7.465758
7.465751
7.465743
7.465735
7.465728
7.465720
7.465712
7.465705
7.465697
7.465689
7.465681
7.465674
7.465666
7.465658
7.465650
7.465643
7.465635
7.465627
7.465620
7.465612
7.465604
7.465597
7.465589
7.465581
7.465574
7.465566
7.465558
7.465551
7.465543
7.465535
7.465528
7.465520
7.465512
7.465504
7.465497
7.465489
7.465481
7.465473
7.465466
7.465458
7.465450
7.465443
7.465435
7.465427
7.465420
7.465412
7.465404
7.465397
7.465389
7.465381
7.465373
7.465366
7.465358
7.465350
7.465342
7.465335
7.465327
7.465319
7.465311
7.465304
7.465296
7.465289
7.465281
7.465274
7.465266
7.465258
7.465251
7.465243
7.465235
7.465227
7.465219
7.465212
7.465204
7.465196
7.465188
7.465181
7.465173
7.465165
7.465158
7.465150
7.465142
7.465135
7.465127
7.465120
7.465112
7.465104
7.465097
7.465089
7.465081
7.465073
7.465066
7.465058
7.465050
7.465042
7.465035
7.465027
7.465019
7.465011
7.465004
7.464996
7.464988
7.464980
7.464973
7.464965
7.464957
7.464950
7.464942
7.464935
7.464927
7.464919
7.464911
7.464904
7.464896
7.464888
7.464881
7.464873
7.464865
7.464857
7.464850
7.464842
7.464834
7.464827
7.464819
7.464811
7.464804
7.464796
7.464788
7.464781
7.464773
7.464765
7.464758
7.464750
7.464742
7.464734
7.464727
7.464719
7.464711
7.464703
7.464696
7.464688
7.464680
7.464673
7.464665
7.464657
7.464650
7.464642
7.464634
7.464627
7.464619
7.464611
7.464603
7.464596
7.464588
7.464580
7.464572
7.464565
7.464557
7.464549
7.464541
7.464534
7.464526
7.464519
7.464511
7.464503
7.464495
7.464486
7.464475
7.464459
7.464438
7.464409
7.464374
7.464335
7.464293
7.464251
7.464207
7.464164
7.464120
7.464076
7.464032
7.463989
7.463945
7.463901
7.463858
7.463814
7.463771
7.463727
7.463683
7.463640
7.463596
7.463552
7.463509
7.463465
7.463422
7.463378
7.463334
7.463291
7.463247
7.463204
7.463160
7.463116
7.463073
7.463029
7.462985
7.462942
7.462898
7.462854
7.462810
7.462767
7.462723
7.462679
7.462636
7.462592
7.462549
7.462505
7.462461
7.462418
7.462374
7.462331
7.462287
7.462243
7.462200
7.462156
7.462112
7.462069
7.462025
7.461981
7.461938
7.461894
7.461851
7.461807
7.461764
7.461720
7.461676
7.461632
7.461589
7.461545
7.461501
7.461457
7.461414
7.461370
7.461327
7.461283
7.461239
7.461196
7.461152
7.461109
7.461065
7.461021
7.460978
7.460934
7.460891
7.460847
7.460803
7.460759
7.460716
7.460672
7.460629
7.460585
7.460541
7.460498
7.460454
7.460410
7.460366
7.460323
7.460279
7.460236
7.460192
7.460148
7.460105
7.460061
7.460017
7.459974
7.459930
7.459887
7.459843
7.459799
7.459756
7.459712
7.459668
7.459625
7.459581
7.459537
7.459493
7.459449
7.459405
7.459360
7.459314
7.459266
7.459217
7.459166
7.459114
7.459060
7.459006
7.458951
7.458897
7.458842
7.458788
7.458733
7.458679
7.458624
7.458570
7.458515
7.458461
7.458407
7.458352
7.458298
7.458244
7.458189
7.458135
7.458080
7.458026
7.457971
7.457917
7.457863
7.457808
7.457754
7.457699
7.457645
7.457590
7.457535
7.457481
7.457426
7.457372
7.457317
7.457263
7.457208
7.457154
7.457100
7.457045
7.456991
7.456936
7.456882
7.456828
7.456773
7.456719
7.456664
7.456610
7.456556
7.456501
7.456446
7.456392
7.456337
7.456283
7.456228
7.456174
7.456119
7.456065
7.456010
7.455956
7.455901
7.455847
7.455792
7.455738
7.455684
7.455629
7.455575
7.455521
7.455466
7.455412
7.455358
7.455303
7.455248
7.455194
7.455139
7.455085
7.455030
7.454976
7.454921
7.454867
7.454812
7.454758
7.454703
7.454649
7.454594
7.454540
7.454486
7.454431
7.454377
7.454322
7.454268
7.454213
7.454158
7.454102
7.454047
7.453990
7.453934
7.453877
7.453819
7.453762
7.453704
7.453647
7.453589
7.453532
7.453474
7.453417
7.453359
7.453302
7.453245
7.453187
7.453130
7.453072
7.453015
7.452957
7.452900
7.452843
7.452785
7.452728
7.452670
7.452613
7.452555
7.452498
7.452440
7.452383
7.452325
7.452268
7.452210
7.452153
7.452095
7.452038
7.451980
7.451923
7.451865
7.451808
7.451750
7.451693
7.451636
7.451578
7.451521
7.451464
7.451406
7.451349
7.451292
7.451234
7.451176
7.451119
7.451061
7.451004
7.450946
7.450889
7.450831
7.450774
7.450716
7.450659
7.450601
7.450544
7.450487
7.450429
7.450371
7.450314
7.450256
7.450199
7.450141
7.450084
7.450027
7.449969
7.449912
7.449855
7.449797
7.449740
7.449682
7.449625
7.449568
7.449510
7.449453
7.449395
7.449338
7.449280
7.449222
7.449165
7.449107
7.449048
7.448988
7.448926
7.448862
7.448796
7.448727
7.448657
7.448586
7.448514
7.448442
7.448369
7.448296
7.448223
7.448150
7.448077
7.448004
7.447931
7.447859
7.447786
7.447713
7.447640
7.447567
7.447494
7.447421
7.447348
7.447275
7.447202
7.447129
7.447056
7.446983
7.446910
7.446837
7.446764
7.446691
7.446618
7.446545
7.446472
7.446399
7.446326
7.446253
7.446180
7.446107
7.446034
7.445961
7.445888
7.445815
7.445742
7.445669
7.445597
7.445524
7.445451
7.445378
7.445305
7.445232
7.445159
7.445086
7.445013
7.444940
7.444867
7.444794
7.444721
7.444648
7.444575
7.444502
7.444429
7.444356
7.444283
7.444210
7.444137
7.444064
7.443991
7.443916
7.443839
7.443756
7.443666
7.443567
7.443461
7.443348
7.443233
7.443115
7.442996
7.442876
7.442756
7.442635
7.442515
7.442394
7.442274
7.442154
7.442034
7.441913
7.441793
7.441673
7.441552
7.441432
7.441312
7.441192
7.441071
7.440951
7.440830
7.440710
7.440589
7.440469
7.440349
7.440229
7.440108
7.439988
7.439868
7.439747
7.439627
7.439506
7.439386
7.439266
7.439146
7.439026
7.438907
7.438789
7.438674
7.438561
7.438453
7.438350
7.438251
7.438155
7.438061
7.437967
7.437874
7.437780
7.437687
7.437593
7.437500
7.437407
7.437313
7.437220
7.437127
7.437033
7.436940
7.436846
7.436753
7.436659
7.436566
7.436473
7.436379
7.436286
7.436193
7.436099
7.436006
7.435912
7.435819
7.435725
7.435632
7.435538
7.435445
7.435352
7.435258
7.435165
7.435072
7.434978
7.434885
7.434791
7.434698
7.434604
7.434511
7.434417
7.434324
7.434231
7.434137
7.434044
7.433951
7.433857
7.433763
7.433668
7.433572
7.433474
7.433374
7.433269
7.433160
7.433045
7.432926
7.432804
7.432680
7.432555
7.432430
7.432306
7.432181
7.432056
7.431931
7.431806
7.431681
7.431556
7.431431
7.431306
7.431181
7.431056
7.430931
7.430806
7.430681
7.430556
7.430432
7.430307
7.430182
7.430057
7.429932
7.429807
7.429682
7.429557
7.429432
7.429307
7.429182
7.429057
7.428932
7.428807
7.428682
7.428557
7.428431
7.428303
7.428173
7.428041
7.427907
7.427770
7.427633
7.427494
7.427354
7.427215
7.427075
7.426935
7.426795
7.426655
7.426515
7.426375
7.426235
7.426094
7.425954
7.425814
7.425674
7.425534
7.425394
7.425254
7.425114
7.424973
7.424833
7.424693
7.424553
7.424413
7.424273
7.424133
7.423993
7.423853
7.423712
7.423571
7.423428
7.423281
7.423128
7.422968
7.422802
7.422627
7.422446
7.422258
7.422064
7.421867
7.421668
7.421468
7.421267
7.421067
7.420867
7.420667
7.420466
7.420266
7.420066
7.419865
7.419665
7.419465
7.419264
7.419064
7.418864
7.418663
7.418463
7.418262
7.418062
7.417862
7.417662
7.417463
7.417263
7.417064
7.416865
7.416666
7.416467
7.416268
7.416069
7.415870
7.415671
7.415472
7.415273
7.415074
7.414875
7.414675
7.414476
7.414277
7.414078
7.413879
7.413680
7.413481
7.413282
7.413084
7.412886
7.412688
7.412492
7.412296
7.412100
7.411906
7.411711
7.411518
7.411324
7.411130
7.410937
7.410743
7.410549
7.410355
7.410162
7.409968
7.409774
7.409580
7.409387
7.409193
7.409000
7.408806
7.408612
7.408419
7.408225
7.408031
7.407835
7.407638
7.407438
7.407235
7.407029
7.406820
7.406609
7.406397
7.406184
7.405971
7.405757
7.405543
7.405329
7.405116
7.404902
7.404688
7.404474
7.404260
7.404046
7.403833
7.403619
7.403405
7.403191
7.402976
7.402759
7.402539
7.402314
7.402083
7.401847
7.401606
7.401362
7.401114
7.400864
7.400613
7.400361
7.400108
7.399856
7.399604
7.399351
7.399099
7.398846
7.398593
7.398341
7.398088
7.397836
7.397583
7.397329
7.397076
7.396822
7.396568
7.396313
7.396058
7.395803
7.395548
7.395293
7.395037
7.394782
7.394526
7.394271
7.394015
7.393760
7.393504
7.393249
7.392993
7.392738
7.392482
7.392225
7.391968
7.391709
7.391450
7.391190
7.390929
7.390668
7.390406
7.390144
7.389882
7.389619
7.389357
7.389095
7.388832
7.388570
7.388307
7.388045
7.387782
7.387518
7.387252
7.386983
7.386711
7.386435
7.386156
7.385873
7.385587
7.385298
7.385007
7.384715
7.384422
7.384129
7.383837
7.383544
7.383251
7.382959
7.382666
7.382374
7.382081
7.381788
7.381494
7.381201
7.380906
7.380612
7.380317
7.380022
7.379726
7.379431
7.379135
7.378840
7.378544
7.378249
7.377953
7.377657
7.377360
7.377060
7.376754
7.376440
7.376116
7.375782
7.375441
7.375092
7.374737
7.374378
7.374017
7.373653
7.373289
7.372924
7.372558
7.372189
7.371818
7.371440
7.371052
7.370651
7.370236
7.369809
7.369372
7.368931
7.368488
7.368046
7.367605
7.367168
7.366735
7.366308
7.365892
7.365487
7.365096
7.364716
7.364345
7.363978
7.363612
7.363248
7.362883
7.362519
7.362154
7.361788
7.361422
7.361054
7.360685
7.360314
7.359942
7.359568
7.359194
7.358818
7.358442
7.358066
7.357689
7.357313
7.356937
7.356562
7.356188
7.355816
7.355446
7.355080
7.354717
7.354357
7.353999
7.353643
7.353287
7.352931
7.352575
7.352219
7.351862
7.351503
7.351141
7.350775
7.350402
7.350024
7.349639
7.349249
7.348852
7.348452
7.348048
7.347642
7.347235
7.346827
7.346417
7.346003
7.345586
7.345163
7.344735
7.344299
7.343856
7.343407
7.342954
7.342498
7.342043
7.341588
7.341135
7.340685
7.340239
7.339797
7.339360
7.338927
7.338498
7.338073
7.337650
7.337229
7.336808
7.336388
7.335968
7.335549
7.335131
7.334713
7.334297
7.333883
7.333469
7.333057
7.332646
7.332234
7.331823
7.331410
7.330994
7.330575
7.330149
7.329714
7.329268
7.328808
7.328332
7.327844
7.327346
7.326843
7.326340
7.325838
7.325340
7.324848
7.324364
7.323887
7.323416
7.322951
7.322491
7.322034
7.321579
7.321126
7.320671
7.320214
7.319751
7.319281
7.318802
7.318314
7.317820
7.317321
7.316817
7.316311
7.315802
7.315291
7.314776
7.314258
7.313735
7.313207
7.312672
7.312133
7.311589
7.311044
7.310499
7.309954
7.309412
7.308874
7.308339
7.307808
7.307279
7.306752
7.306227
7.305702
7.305176
7.304649
7.304121
7.303590
7.303057
7.302521
7.301983
7.301443
7.300901
7.300358
7.299816
7.299273
7.298732
7.298192
7.297653
7.297116
7.296581
7.296046
7.295510
7.294975
7.294438
7.293898
7.293356
7.292812
7.292264
7.291714
7.291162
7.290608
7.290052
7.289496
7.288940
7.288384
7.287827
7.287271
7.286714
7.286158
7.285602
7.285045
7.284488
7.283928
7.283366
7.282799
7.282226
7.281649
7.281068
7.280484
7.279897
7.279306
7.278709
7.278104
7.277488
7.276863
7.276229
7.275588
7.274940
7.274285
7.273623
7.272955
7.272281
7.271601
7.270916
7.270227
7.269536
7.268845
7.268157
7.267475
7.266801
7.266135
7.265475
7.264819
7.264166
7.263515
7.262866
7.262217
7.261570
7.260923
7.260276
7.259630
7.258984
7.258337
7.257689
7.257040
7.256390
7.255738
7.255086
7.254432
7.253777
7.253121
7.252464
7.251804
7.251143
7.250479
7.249814
7.249147
7.248478
7.247804
7.247122
7.246429
7.245723
7.245006
7.244279
7.243546
7.242808
7.242065
7.241318
7.240565
7.239807
7.239045
7.238279
7.237512
7.236744
7.235976
7.235208
7.234439
7.233671
7.232902
7.232132
7.231361
7.230587
7.229812
7.229035
7.228257
7.227478
7.226697
7.225916
7.225134
7.224352
7.223569
7.222787
7.222007
7.221229
7.220453
7.219680
7.218911
7.218144
7.217381
7.216621
7.215864
7.215109
7.214356
7.213605
7.212855
7.212105
7.211354
7.210598
7.209837
7.209069
7.208294
7.207514
7.206730
7.205944
7.205154
7.204362
7.203567
7.202767
7.201964
7.201156
7.200343
7.199524
7.198700
7.197871
7.197036
7.196197
7.195351
7.194497
7.193634
7.192760
7.191873
7.190972
7.190054
7.189120
7.188171
7.187210
7.186241
7.185266
7.184288
7.183312
7.182338
7.181370
7.180408
7.179453
7.178503
7.177559
7.176620
7.175684
7.174749
7.173815
7.172880
7.171944
7.171006
7.170066
7.169121
7.168171
7.167214
7.166250
7.165280
7.164307
7.163333
7.162361
7.161392
7.160428
7.159470
7.158520
7.157579
7.156645
7.155720
7.154803
7.153894
7.152994
7.152103
7.151220
7.150343
7.149471
7.148600
7.147729
7.146856
7.145981
7.145101
7.144215
7.143320
7.142413
7.141491
7.140552
7.139598
7.138632
7.137657
7.136678
7.135694
7.134706
7.133714
7.132717
7.131716
7.130710
7.129699
7.128684
7.127664
7.126640
7.125611
7.124577
7.123538
7.122493
7.121441
7.120384
7.119324
7.118262
7.117203
7.116149
7.115097
7.114047
7.112996
7.111942
7.110883
7.109821
7.108753
7.107681
7.106605
7.105528
7.104450
7.103372
7.102295
7.101218
7.100141
7.099063
7.097982
7.096896
7.095805
7.094706
7.093597
7.092476
7.091341
7.090192
7.089028
7.087853
7.086668
7.085476
7.084280
7.083083
7.081887
7.080694
7.079507
7.078327
7.077154
7.075989
7.074833
7.073684
7.072544
7.071412
7.070286
7.069167
7.068053
7.066943
7.065834
7.064725
7.063614
7.062497
7.061374
7.060244
7.059104
7.057955
7.056796
7.055631
7.054459
7.053282
7.052101
7.050916
7.049728
7.048537
7.047346
7.046153
7.044961
7.043771
7.042582
7.041396
7.040212
7.039032
7.037856
7.036681
7.035509
7.034339
7.033170
7.032002
7.030833
7.029665
7.028496
7.027328
7.026161
7.024995
7.023830
7.022668
7.021508
7.020351
7.019197
7.018044
7.016892
7.015741
7.014589
7.013435
7.012278
7.011117
7.009950
7.008777
7.007596
7.006405
7.005204
7.003989
7.002758
7.001510
7.000240
6.998947
6.997627
6.996281
6.994909
6.993516
6.992105
6.990679
6.989242
6.987798
6.986350
6.984900
6.983452
6.982007
6.980568
6.979136
6.977712
6.976298
6.974894
6.973501
6.972119
6.970746
6.969383
6.968028
6.966679
6.965335
6.963993
6.962652
6.961312
6.959971
6.958630
6.957288
6.955945
6.954601
6.953253
6.951902
6.950545
6.949178
6.947799
6.946404
6.944990
6.943553
6.942090
6.940597
6.939072
6.937514
6.935921
6.934293
6.932634
6.930947
6.929239
6.927516
6.925787
6.924061
6.922349
6.920658
6.918991
6.917351
6.915738
6.914153
6.912592
6.911053
6.909531
6.908024
6.906528
6.905040
6.903556
6.902074
6.900591
6.899106
6.897617
6.896122
6.894619
6.893106
6.891580
6.890038
6.888478
6.886897
6.885292
6.883663
6.882013
6.880346
6.878670
6.876986
6.875298
6.873608
6.871917
6.870227
6.868538
6.866851
6.865166
6.863484
6.861806
6.860131
6.858460
6.856793
6.855129
6.853470
6.851813
6.850157
6.848498
6.846833
6.845157
6.843468
6.841767
6.840058
6.838346
6.836631
6.834916
6.833199
6.831481
6.829760
6.828037
6.826310
6.824579
6.822845
6.821107
6.819365
6.817620
6.815872
6.814122
6.812369
6.810614
6.808857
6.807097
6.805334
6.803567
6.801795
6.800018
6.798237
6.796452
6.794665
6.792875
6.791084
6.789292
6.787500
6.785706
6.783910
6.782111
6.780306
6.778497
6.776681
6.774860
6.773033
6.771200
6.769360
6.767516
6.765664
6.763805
6.761937
6.760056
6.758160
6.756244
6.754302
6.752329
6.750321
6.748277
6.746199
6.744086
6.741939
6.739759
6.737545
6.735295
6.733013
6.730704
6.728377
6.726042
6.723708
6.721386
6.719086
6.716820
6.714592
6.712402
6.710244
6.708112
6.706002
6.703909
6.701831
6.699767
6.697714
6.695672
6.693640
6.691617
6.689603
6.687596
6.685593
6.683593
6.681594
6.679595
6.677595
6.675593
6.673588
6.671581
6.669571
6.667556
6.665536
6.663510
6.661474
6.659426
6.657365
6.655287
6.653189
6.651069
6.648927
6.646763
6.644582
6.642387
6.640181
6.637968
6.635749
6.633527
6.631306
6.629086
6.626871
6.624663
6.622463
6.620275
6.618098
6.615935
6.613786
6.611652
6.609532
6.607425
6.605328
6.603239
6.601154
6.599070
6.596984
6.594895
6.592804
6.590712
6.588618
6.586522
6.584424
6.582322
6.580214
6.578099
6.575977
6.573845
6.571702
6.569547
6.567381
6.565202
6.563010
6.560806
6.558592
6.556368
6.554135
6.551892
6.549639
6.547373
6.545092
6.542796
6.540483
6.538150
6.535800
6.533434
6.531059
6.528678
6.526295
6.523912
6.521527
6.519140
6.516748
6.514351
6.511946
6.509529
6.507099
6.504652
6.502185
6.499696
6.497181
6.494634
6.492050
6.489422
6.486744
6.484010
6.481215
6.478354
6.475429
6.472450
6.469435
6.466402
6.463369
6.460348
6.457355
6.454402
6.451498
6.448645
6.445840
6.443080
6.440363
6.437684
6.435038
6.432418
6.429820
6.427236
6.424656
6.422071
6.419476
6.416867
6.414246
6.411614
6.408970
6.406317
6.403656
6.400990
6.398320
6.395648
6.392975
6.390303
6.387634
6.384969
6.382310
6.379657
6.377012
6.374375
6.371749
6.369132
6.366524
6.363925
6.361333
6.358743
6.356156
6.353567
6.350974
6.348375
6.345768
6.343154
6.340535
6.337913
6.335290
6.332667
6.330042
6.327416
6.324789
6.322161
6.319531
6.316899
6.314265
6.311629
6.308990
6.306347
6.303701
6.301051
6.298396
6.295735
6.293066
6.290385
6.287687
6.284967
6.282223
6.279457
6.276674
6.273878
6.271075
6.268268
6.265460
6.262654
6.259852
6.257057
6.254269
6.251491
6.248723
6.245965
6.243218
6.240481
6.237755
6.235038
6.232330
6.229630
6.226935
6.224243
6.221551
6.218853
6.216146
6.213427
6.210691
6.207934
6.205156
6.202355
6.199535
6.196696
6.193839
6.190962
6.188060
6.185128
6.182160
6.179149
6.176085
6.172959
6.169760
6.166480
6.163108
6.159634
6.156059
6.152396
6.148666
6.144896
6.141111
6.137335
6.133601
6.129934
6.126354
6.122862
6.119453
6.116121
6.112857
6.109651
6.106495
6.103377
6.100292
6.097232
6.094193
6.091171
6.088161
6.085161
6.082168
6.079178
6.076189
6.073199
6.070203
6.067198
6.064182
6.061152
6.058105
6.055038
6.051953
6.048850
6.045734
6.042609
6.039476
6.036338
6.033193
6.030041
6.026881
6.023714
6.020539
6.017358
6.014171
6.010978
6.007781
6.004582
6.001379
5.998175
5.994969
5.991762
5.988552
5.985337
5.982112
5.978875
5.975623
5.972360
5.969089
5.965814
5.962540
5.959268
5.955998
5.952731
5.949468
5.946208
5.942949
5.939692
5.936436
5.933181
5.929926
5.926673
5.923420
5.920169
5.916920
5.913673
5.910426
5.907178
5.903925
5.900663
5.897391
5.894108
5.890815
5.887514
5.884206
5.880893
5.877578
5.874260
5.870943
5.867626
5.864311
5.860996
5.857683
5.854368
5.851052
5.847731
5.844404
5.841068
5.837719
5.834353
5.830967
5.827552
5.824100
5.820601
5.817043
5.813415
5.809701
5.805888
5.801969
5.797947
5.793832
5.789639
5.785386
5.781101
5.776822
5.772585
5.768416
5.764330
5.760331
5.756425
5.752610
5.748881
5.745225
5.741632
5.738091
5.734592
5.731122
5.727671
5.724230
5.720795
5.717359
5.713921
5.710477
5.707028
5.703574
5.700115
5.696652
5.693186
5.689714
5.686238
5.682757
5.679271
5.675781
5.672287
5.668791
5.665293
5.661795
5.658298
5.654803
5.651312
5.647826
5.644344
5.640868
5.637392
5.633914
5.630430
5.626936
5.623434
5.619927
5.616417
5.612905
5.609394
5.605881
5.602368
5.598853
5.595335
5.591814
5.588289
5.584759
5.581225
5.577686
5.574143
5.570596
5.567046
5.563495
5.559942
5.556389
5.552836
5.549281
5.545725
5.542166
5.538603
5.535035
5.531462
5.527884
5.524303
5.520723
5.517147
5.513578
5.510015
5.506458
5.502907
5.499361
5.495818
5.492278
5.488740
5.485201
5.481660
5.478116
5.474565
5.471005
5.467434
5.463848
5.460242
5.456613
5.452953
5.449255
5.445510
5.441707
5.437841
5.433900
5.429877
5.425764
5.421559
5.417260
5.412869
5.408393
5.403847
5.399259
5.394653
5.390054
5.385484
5.380965
5.376517
5.372152
5.367874
5.363676
5.359554
5.355498
5.351497
5.347537
5.343604
5.339690
5.335789
5.331898
5.328017
5.324143
5.320276
5.316413
5.312554
5.308697
5.304841
5.300986
5.297132
5.293279
5.289427
5.285576
5.281729
5.277884
5.274043
5.270207
5.266374
5.262546
5.258721
5.254899
5.251077
5.247255
5.243432
5.239603
5.235769
5.231928
5.228079
5.224225
5.220366
5.216504
5.212637
5.208767
5.204892
5.201011
5.197125
5.193234
5.189339
5.185439
5.181536
5.177630
5.173722
5.169813
5.165904
5.161995
5.158087
5.154179
5.150271
5.146361
5.142447
5.138529
5.134605
5.130678
5.126746
5.122810
5.118871
5.114928
5.110982
5.107031
5.103076
5.099116
5.095150
5.091178
5.087199
5.083215
5.079226
5.075233
5.071235
5.067235
5.063233
5.059228
5.055222
5.051214
5.047204
5.043190
5.039169
5.035138
5.031092
5.027029
5.022945
5.018840
5.014712
5.010555
5.006364
5.002130
4.997841
4.993487
4.989057
4.984540
4.979924
4.975203
4.970379
4.965463
4.960466
4.955407
4.950313
4.945225
4.940180
4.935206
4.930315
4.925513
4.920803
4.916185
4.911653
4.907198
4.902811
4.898484
4.894207
4.889973
4.885771
4.881596
4.877442
4.873303
4.869175
4.865054
4.860938
4.856826
4.852714
4.848602
4.844489
4.840375
4.836259
4.832141
4.828018
4.823889
4.819752
4.815607
4.811454
4.807298
4.803142
4.798986
4.794834
4.790686
4.786542
4.782403
4.778268
4.774137
4.770011
4.765889
4.761770
4.757653
4.753535
4.749417
4.745297
4.741174
4.737046
4.732913
4.728773
4.724625
4.720467
4.716297
4.712117
4.707926
4.703724
4.699514
4.695296
4.691074
4.686851
4.682629
4.678410
4.674196
4.669989
4.665788
4.661596
4.657413
4.653239
4.649074
4.644919
4.640770
4.636628
4.632491
4.628358
4.624227
4.620099
4.615972
4.611846
4.607718
4.603587
4.599454
4.595317
4.591177
4.587034
4.582888
4.578740
4.574591
4.570441
4.566291
4.562141
4.557992
4.553844
4.549698
4.545555
4.541415
4.537279
4.533147
4.529018
4.524891
4.520766
4.516641
4.512514
4.508382
4.504242
4.500090
4.495922
4.491731
4.487512
4.483258
4.478965
4.474629
4.470243
4.465801
4.461295
4.456714
4.452046
4.447283
4.442422
4.437461
4.432401
4.427250
4.422029
4.416771
4.411508
4.406268
4.401074
4.395947
4.390907
4.385964
4.381118
4.376364
4.371694
4.367101
4.362575
4.358105
4.353679
4.349291
4.344934
4.340601
4.336289
4.331993
4.327711
4.323440
4.319180
4.314928
4.310683
4.306446
4.302214
4.297987
4.293767
4.289551
4.285341
4.281136
4.276936
4.272740
4.268549
4.264361
4.260175
4.255991
4.251807
4.247623
4.243437
4.239249
4.235059
4.230866
4.226669
4.222467
4.218261
4.214050
4.209832
4.205609
4.201379
4.197142
4.192901
4.188657
4.184411
4.180165
4.175920
4.171674
4.167429
4.163184
4.158938
4.154691
4.150442
4.146192
4.141940
4.137686
4.133430
4.129172
4.124912
4.120649
4.116382
4.112111
4.107835
4.103552
4.099263
4.094965
4.090660
4.086349
4.082033
4.077712
4.073388
4.069061
4.064734
4.060406
4.056080
4.051759
4.047443
4.043135
4.038835
4.034542
4.030256
4.025975
4.021699
4.017425
4.013154
4.008883
4.004613
4.000341
3.996068
3.991791
3.987511
3.983224
3.978931
3.974629
3.970318
3.965996
3.961663
3.957317
3.952956
3.948577
3.944176
3.939750
3.935294
3.930805
3.926276
3.921701
3.917072
3.912379
3.907610
3.902758
3.897823
3.892805
3.887709
3.882545
3.877331
3.872096
3.866867
3.861668
3.856518
3.851435
3.846434
3.841526
3.836709
3.831976
3.827322
3.822739
3.818219
3.813755
3.809340
3.804967
3.800629
3.796320
3.792033
3.787763
3.783506
3.779257
3.775015
3.770776
3.766539
3.762300
3.758058
3.753811
3.749557
3.745294
3.741021
3.736737
3.732442
3.728138
3.723827
3.719509
3.715189
3.710869
3.706551
3.702239
3.697933
3.693636
3.689347
3.685067
3.680798
3.676538
3.672289
3.668049
3.663818
3.659594
3.655378
3.651166
3.646959
3.642754
3.638551
3.634349
3.630146
3.625943
3.621737
3.617530
3.613322
3.609114
3.604909
3.600708
3.596513
3.592326
3.588148
3.583981
3.579824
3.575677
3.571537
3.567405
3.563280
3.559160
3.555044
3.550933
3.546824
3.542718
3.538613
3.534508
3.530402
3.526292
3.522176
3.518051
3.513917
3.509771
3.505613
3.501442
3.497259
3.493067
3.488867
3.484659
3.480445
3.476224
3.471996
3.467761
3.463520
3.459273
3.455022
3.450767
3.446508
3.442242
3.437968
3.433681
3.429379
3.425054
3.420701
3.416312
3.411879
3.407394
3.402846
3.398228
3.393537
3.388770
3.383929
3.379017
3.374050
3.369049
3.364037
3.359037
3.354067
3.349150
3.344307
3.339551
3.334884
3.330303
3.325806
3.321386
3.317036
3.312745
3.308503
3.304301
3.300133
3.295992
3.291872
3.287768
3.283679
3.279604
3.275542
3.271492
3.267452
3.263417
3.259385
3.255352
3.251316
3.247276
3.243230
3.239177
3.235118
3.231054
3.226986
3.222917
3.218847
3.214777
3.210710
3.206645
3.202585
3.198530
3.194480
3.190437
3.186402
3.182375
3.178358
3.174352
3.170357
3.166374
3.162403
3.158443
3.154492
3.150548
3.146608
3.142668
3.138730
3.134791
3.130851
3.126909
3.122967
3.119022
3.115076
3.111128
3.107178
3.103228
3.099277
3.095327
3.091378
3.087430
3.083483
3.079540
3.075601
3.071670
3.067749
3.063839
3.059940
3.056049
3.052163
3.048281
3.044399
3.040516
3.036628
3.032733
3.028832
3.024922
3.021003
3.017076
3.013141
3.009196
3.005244
3.001284
2.997318
2.993346
2.989370
2.985392
2.981415
2.977441
2.973476
2.969523
2.965582
2.961656
2.957746
2.953851
2.949968
2.946091
2.942216
2.938336
2.934445
2.930538
2.926608
2.922646
2.918645
2.914595
2.910483
2.906299
2.902035
2.897680
2.893228
2.888677
2.884040
2.879341
2.874602
2.869850
2.865113
2.860424
2.855814
2.851303
2.846897
2.842593
2.838385
2.834268
2.830231
2.826261
2.822347
2.818480
2.814653
2.810857
2.807087
2.803337
2.799603
2.795881
2.792167
2.788458
2.784752
2.781049
2.777348
2.773648
2.769952
2.766261
2.762577
2.758899
2.755226
2.751555
2.747882
2.744205
2.740525
2.736842
2.733157
2.729472
2.725787
2.722105
2.718426
2.714751
2.711081
2.707416
2.703756
2.700102
2.696452
2.692807
2.689165
2.685528
2.681898
2.678277
2.674668
2.671072
2.667489
2.663914
2.660344
2.656777
2.653211
2.649644
2.646075
2.642504
2.638931
2.635357
2.631783
2.628210
2.624639
2.621071
2.617508
2.613951
2.610399
2.606856
2.603321
2.599795
2.596281
2.592779
2.589291
2.585819
2.582363
2.578926
2.575507
2.572105
2.568719
2.565344
2.561974
2.558607
2.555240
2.551870
2.548495
2.545114
2.541723
2.538321
2.534904
2.531470
2.528016
2.524538
2.521033
2.517497
2.513926
2.510314
2.506655
2.502946
2.499186
2.495375
2.491512
2.487597
2.483630
2.479609
2.475534
2.471413
2.467260
2.463097
2.458948
2.454832
2.450763
2.446755
2.442819
2.438960
2.435176
2.431462
2.427809
2.424212
2.420663
2.417155
2.413682
2.410240
2.406827
2.403442
2.400084
2.396751
2.393439
2.390142
2.386854
2.383569
2.380287
2.377008
2.373731
2.370457
2.367187
2.363922
2.360662
2.357409
2.354162
2.350923
2.347691
2.344466
2.341249
2.338040
2.334837
2.331644
2.328461
2.325290
2.322136
2.318997
2.315873
2.312761
2.309655
2.306554
2.303455
2.300356
2.297253
2.294146
2.291033
2.287912
2.284782
2.281643
2.278493
2.275332
2.272159
2.268975
2.265778
2.262570
2.259351
2.256122
2.252887
2.249650
2.246416
2.243189
2.239974
2.236775
2.233599
2.230446
2.227315
2.224205
2.221112
2.218034
2.214969
2.211916
2.208875
2.205845
2.202825
2.199812
2.196805
2.193801
2.190800
2.187800
2.184798
2.181794
2.178786
2.175774
2.172758
2.169739
2.166721
2.163707
2.160703
2.157709
2.154727
2.151753
2.148785
2.145821
2.142859
2.139897
2.136935
2.133971
2.131003
2.128031
2.125053
2.122065
2.119067
2.116053
2.113019
2.109959
2.106868
2.103738
2.100562
2.097337
2.094063
2.090744
2.087386
2.083995
2.080583
2.077166
2.073758
2.070373
2.067022
2.063714
2.060459
2.057262
2.054124
2.051042
2.048014
2.045034
2.042097
2.039196
2.036321
2.033467
2.030629
2.027799
2.024973
2.022149
2.019326
2.016506
2.013690
2.010879
2.008072
2.005267
2.002460
1.999652
1.996840
1.994027
1.991213
1.988399
1.985588
1.982783
1.979985
1.977198
1.974423
1.971659
1.968909
1.966173
1.963448
1.960736
1.958034
1.955342
1.952661
1.949992
1.947337
1.944697
1.942071
1.939461
1.936864
1.934280
1.931706
1.929137
1.926569
1.923998
1.921423
1.918845
1.916262
1.913676
1.911086
1.908494
1.905900
1.903305
1.900709
1.898115
1.895522
1.892934
1.890350
1.887773
1.885205
1.882649
1.880109
1.877588
1.875092
1.872622
1.870176
1.867751
1.865343
1.862948
1.860564
1.858189
1.855823
1.853465
1.851113
1.848767
1.846425
1.844087
1.841753
1.839423
1.837095
1.834770
1.832447
1.830126
1.827806
1.825487
1.823169
1.820855
1.818544
1.816238
1.813940
1.811650
1.809371
1.807101
1.804838
1.802575
1.800305
1.798024
1.795726
1.793405
1.791054
1.788667
1.786236
1.783753
1.781207
1.778591
1.775900
1.773131
1.770282
1.767362
1.764388
1.761392
1.758404
1.755448
1.752543
1.749706
1.746951
1.744282
1.741696
1.739179
1.736721
1.734310
1.731939
1.729600
1.727287
1.724997
1.722725
1.720469
1.718224
1.715990
1.713763
1.711544
1.709330
1.707121
1.704916
1.702717
1.700523
1.698337
1.696160
1.693998
1.691852
1.689726
1.687617
1.685522
1.683439
1.681364
1.679295
1.677232
1.675173
1.673117
1.671063
1.669011
1.666961
1.664913
1.662865
1.660818
1.658770
1.656721
1.654670
1.652618
1.650564
1.648508
1.646452
1.644396
1.642343
1.640293
1.638249
1.636211
1.634181
1.632159
1.630145
1.628136
1.626131
1.624128
1.622126
1.620125
1.618124
1.616124
1.614123
1.612122
1.610121
1.608120
1.606119
1.604117
1.602116
1.600116
1.598116
1.596116
1.594117
1.592121
1.590130
1.588151
1.586189
1.584247
1.582324
1.580420
1.578531
1.576657
1.574794
1.572940
1.571093
1.569252
1.567416
1.565583
1.563755
1.561931
1.560109
1.558290
1.556473
1.554657
1.552841
1.551023
1.549202
1.547375
1.545541
1.543696
1.541839
1.539966
1.538079
1.536176
1.534256
1.532315
1.530345
1.528335
1.526272
1.524148
1.521959
1.519705
1.517388
1.515018
1.512614
1.510204
1.507817
1.505473
1.503183
1.500952
1.498785
1.496681
1.494640
1.492656
1.490726
1.488845
1.487009
1.485209
1.483441
1.481698
1.479978
1.478274
1.476584
1.474904
1.473232
1.471566
1.469905
1.468247
1.466590
1.464934
1.463277
1.461618
1.459957
1.458293
1.456625
1.454954
1.453279
1.451603
1.449925
1.448248
1.446575
1.444908
1.443250
1.441603
1.439969
1.438348
1.436738
1.435139
1.433549
1.431966
1.430387
1.428809
1.427233
1.425657
1.424080
1.422503
1.420924
1.419344
1.417762
1.416177
1.414589
1.412998
1.411403
1.409804
1.408199
1.406590
1.404977
1.403359
1.401739
1.400120
1.398503
1.396889
1.395280
1.393673
1.392069
1.390466
1.388865
1.387268
1.385673
1.384084
1.382501
1.380924
1.379356
1.377795
1.376243
1.374699
1.373163
1.371634
1.370112
1.368596
1.367087
1.365585
1.364091
1.362608
1.361139
1.359685
1.358245
1.356819
1.355403
1.353998
1.352599
1.351203
1.349806
1.348407
1.347002
1.345591
1.344170
1.342740
1.341296
1.339838
1.338361
1.336862
1.335339
1.333787
1.332203
1.330585
1.328934
1.327251
1.325542
1.323812
1.322071
1.320333
1.318610
1.316912
1.315244
1.313607
1.312001
1.310426
1.308881
1.307363
1.305871
1.304402
1.302954
1.301525
1.300112
1.298713
1.297325
1.295948
1.294579
1.293218
1.291864
1.290518
1.289180
1.287851
1.286530
1.285217
1.283909
1.282607
1.281305
1.280000
1.278688
1.277364
1.276027
1.274675
1.273307
1.271924
1.270526
1.269118
1.267700
1.266278
1.264854
1.263433
1.262019
1.260615
1.259225
1.257850
1.256492
1.255153
1.253834
1.252535
1.251257
1.249999
1.248759
1.247532
1.246316
1.245109
1.243907
1.242711
1.241518
1.240330
1.239144
1.237960
1.236777
1.235597
1.234417
1.233239
1.232062
1.230886
1.229712
1.228541
1.227373
1.226209
1.225051
1.223902
1.222765
1.221641
1.220531
1.219433
1.218344
1.217263
1.216188
1.215117
1.214047
1.212976
1.211903
1.210827
1.209747
1.208661
1.207568
1.206468
1.205358
1.204240
1.203112
1.201975
1.200832
1.199682
1.198528
1.197371
1.196215
1.195061
1.193910
1.192764
1.191623
1.190487
1.189356
1.188227
1.187099
1.185970
1.184836
1.183695
1.182543
1.181378
1.180197
1.178998
1.177779
1.176540
1.175284
1.174012
1.172730
1.171441
1.170152
1.168869
1.167600
1.166351
1.165124
1.163925
1.162754
1.161613
1.160499
1.159406
1.158328
1.157263
1.156206
1.155157
1.154114
1.153077
1.152044
1.151016
1.149991
1.148970
1.147952
1.146938
1.145926
1.144917
1.143911
1.142908
1.141908
1.140912
1.139923
1.138943
1.137976
1.137022
1.136079
1.135144
1.134212
1.133282
1.132351
1.131419
1.130486
1.129551
1.128616
1.127680
1.126743
1.125805
1.124868
1.123932
1.122997
1.122065
1.121135
1.120208
1.119285
1.118366
1.117451
1.116540
1.115635
1.114734
1.113840
1.112953
1.112075
1.111204
1.110341
1.109484
1.108631
1.107781
1.106933
1.106087
1.105244
1.104402
1.103562
1.102725
1.101889
1.101055
1.100223
1.099392
1.098561
1.097730
1.096899
1.096069
1.095238
1.094408
1.093580
1.092757
1.091942
1.091134
1.090335
1.089542
1.088754
1.087969
1.087185
1.086402
1.085617
1.084830
1.084041
1.083249
1.082456
1.081662
1.080866
1.080068
1.079269
1.078468
1.077663
1.076853
1.076037
1.075214
1.074384
1.073547
1.072705
1.071858
1.071005
1.070147
1.069282
1.068411
1.067533
1.066649
1.065759
1.064864
1.063966
1.063071
1.062181
1.061301
1.060433
1.059578
1.058740
1.057918
1.057113
1.056324
1.055548
1.054785
1.054033
1.053290
1.052553
1.051823
1.051098
1.050381
1.049672
1.048971
1.048278
1.047591
1.046906
1.046221
1.045536
1.044849
1.044158
1.043463
1.042765
1.042062
1.041357
1.040648
1.039934
1.039215
1.038489
1.037757
1.037018
1.036277
1.035537
1.034799
1.034065
1.033335
1.032610
1.031888
1.031171
1.030456
1.029744
1.029034
1.028325
1.027618
1.026911
1.026204
1.025494
1.024779
1.024057
1.023325
1.022585
1.021839
1.021088
1.020336
1.019585
1.018837
1.018096
1.017362
1.016636
1.015918
1.015206
1.014501
1.013804
1.013116
1.012438
1.011772
1.011116
1.010467
1.009822
1.009181
1.008541
1.007905
1.007271
1.006640
1.006011
1.005385
1.004760
1.004136
1.003513
1.002890
1.002270
1.001650
1.001032
1.000415
0.999798
0.999182
0.998567
0.997953
0.997340
0.996729
0.996120
0.995512
0.994905
0.994297
0.993690
0.993082
0.992475
0.991866
0.991258
0.990649
0.990041
0.989434
0.988831
0.988235
0.987650
0.987076
0.986513
0.985959
0.985411
0.984868
0.984329
0.983794
0.983264
0.982738
0.982218
0.981704
0.981196
0.980695
0.980198
0.979705
0.979214
0.978723
0.978232
0.977740
0.977246
0.976750
0.976252
0.975752
0.975252
0.974750
0.974247
0.973745
0.973242
0.972739
0.972237
0.971736
0.971236
0.970736
0.970238
0.969740
0.969243
0.968745
0.968247
0.967747
0.967246
0.966743
0.966237
0.965730
0.965220
0.964708
0.964195
0.963681
0.963167
0.962652
0.962139
0.961626
0.961115
0.960606
0.960099
0.959593
0.959088
0.958585
0.958083
0.957585
0.957094
0.956609
0.956133
0.955665
0.955207
0.954757
0.954314
0.953876
0.953440
0.953006
0.952573
0.952141
0.951712
0.951284
0.950859
0.950437
0.950017
0.949601
0.949186
0.948773
0.948361
0.947949
0.947537
0.947125
0.946713
0.946301
0.945888
0.945475
0.945061
0.944647
0.944233
0.943819
0.943404
0.942989
0.942574
0.942158
0.941743
0.941326
0.940909
0.940489
0.940068
0.939645
0.939220
0.938793
0.938366
0.937939
0.937512
0.937087
0.936663
0.936242
0.935826
0.935418
0.935020
0.934634
0.934256
0.933886
0.933519
0.933154
0.932789
0.932424
0.932059
0.931691
0.931319
0.930937
0.930542
0.930131
0.929703
0.929259
0.928800
0.928328
0.927845
0.927355
0.926862
0.926371
0.925887
0.925419
0.924971
0.924548
0.924146
0.923760
0.923383
0.923011
0.922641
0.922273
0.921905
0.921537
0.921171
0.920806
0.920444
0.920084
0.919729
0.919378
0.919031
0.918688
0.918348
0.918011
0.917675
0.917340
0.917005
0.916670
0.916335
0.916000
0.915666
0.915333
0.915001
0.914670
0.914342
0.914015
0.913689
0.913366
0.913043
0.912721
0.912399
0.912078
0.911757
0.911436
0.911115
0.910794
0.910473
0.910153
0.909833
0.909515
0.909198
0.908883
0.908568
0.908254
0.907942
0.907630
0.907319
0.907007
0.906696
0.906384
0.906073
0.905761
0.905449
0.905136
0.904822
0.904506
0.904188
0.903868
0.903545
0.903218
0.902889
0.902559
0.902227
0.901895
0.901562
0.901230
0.900898
0.900566
0.900233
0.899901
0.899568
0.899235
0.898902
0.898568
0.898235
0.897901
0.897566
0.897232
0.896897
0.896562
0.896228
0.895893
0.895559
0.895225
0.894893
0.894564
0.894241
0.893923
0.893611
0.893306
0.893007
0.892714
0.892425
0.892139
0.891855
0.891572
0.891289
0.891005
0.890722
0.890439
0.890156
0.889873
0.889589
0.889304
0.889015
0.888721
0.888417
0.888103
0.887779
0.887449
0.887115
0.886778
0.886440
0.886102
0.885763
0.885425
0.885087
0.884751
0.884417
0.884087
0.883766
0.883457
0.883165
0.882892
0.882636
0.882392
0.882154
0.881918
0.881683
0.881448
0.881214
0.880979
0.880745
0.880510
0.880275
0.880041
0.879806
0.879572
0.879337
0.879103
0.878868
0.878633
0.878398
0.878163
0.877928
0.877692
0.877457
0.877221
0.876985
0.876749
0.876513
0.876277
0.876041
0.875805
0.875569
0.875333
0.875097
0.874861
0.874625
0.874389
0.874153
0.873917
0.873682
0.873447
0.873212
0.872980
0.872749
0.872521
0.872296
0.872071
0.871848
0.871625
0.871402
0.871179
0.870956
0.870734
0.870511
0.870288
0.870065
0.869842
0.869619
0.869396
0.869173
0.868951
0.868729
0.868507
0.868287
0.868070
0.867854
0.867643
0.867437
0.867235
0.867039
0.866845
0.866653
0.866461
0.866270
0.866078
0.865887
0.865696
0.865505
0.865313
0.865122
0.864931
0.864739
0.864548
0.864357
0.864166
0.863974
0.863783
0.863592
0.863401
0.863211
0.863021
0.862833
0.862647
0.862463
0.862281
0.862102
0.861925
0.861750
0.861577
0.861404
0.861232
0.861059
0.860887
0.860715
0.860542
0.860370
0.860198
0.860025
0.859853
0.859681
0.859509
0.859336
0.859164
0.858992
0.858819
0.858647
0.858475
0.858302
0.858130
0.857958
0.857785
0.857612
0.857439
0.857265
0.857090
0.856914
0.856737
0.856560
0.856383
0.856206
0.856028
0.855851
0.855673
0.855496
0.855319
0.855141
0.854964
0.854786
0.854609
0.854431
0.854254
0.854076
0.853899
0.853721
0.853544
0.853367
0.853189
0.853012
0.852834
0.852656
0.852477
0.852298
0.852118
0.851936
0.851754
0.851570
0.851386
0.851201
0.851016
0.850830
0.850644
0.850458
0.850273
0.850087
0.849901
0.849715
0.849529
0.849344
0.849158
0.848972
0.848786
0.848600
0.848414
0.848229
0.848043
0.847857
0.847673
0.847490
0.847310
0.847135
0.846965
0.846802
0.846644
0.846492
0.846345
0.846201
0.846060
0.845920
0.845781
0.845642
0.845503
0.845364
0.845226
0.845087
0.844948
0.844809
0.844670
0.844531
0.844392
0.844253
0.844114
0.843975
0.843837
0.843698
0.843559
0.843420
0.843281
0.843142
0.843003
0.842864
0.842726
0.842587
0.842448
0.842309
0.842171
0.842032
0.841895
0.841758
0.841622
0.841487
0.841354
0.841222
0.841090
0.840959
0.840829
0.840698
0.840567
0.840437
0.840306
0.840175
0.840044
0.839914
0.839783
0.839652
0.839522
0.839391
0.839260
0.839130
0.838999
0.838868
0.838738
0.838607
0.838476
0.838346
0.838215
0.838084
0.837954
0.837823
0.837692
0.837561
0.837431
0.837300
0.837170
0.837040
0.836911
0.836784
0.836660
0.836538
0.836420
0.836307
0.836199
0.836095
0.835994
0.835894
0.835796
0.835697
0.835599
0.835500
0.835402
0.835303
0.835205
0.835106
0.835008
0.834909
0.834811
0.834712
0.834614
0.834515
0.834417
0.834318
0.834220
0.834121
0.834023
0.833924
0.833826
0.833727
0.833629
0.833530
0.833432
0.833333
0.833235
0.833136
0.833038
0.832940
0.832841
0.832743
0.832644
0.832546
0.832447
0.832349
0.832250
0.832152
0.832053
0.831955
0.831856
0.831758
0.831659
0.831560
0.831461
0.831361
0.831260
0.831158
0.831054
0.830948
0.830841
0.830734
0.830627
0.830519
0.830411
0.830304
0.830196
0.830089
0.829981
0.829873
0.829766
0.829658
0.829550
0.829443
0.829335
0.829228
0.829120
0.829012
0.828905
0.828797
0.828690
0.828582
0.828474
0.828367
0.828259
0.828152
0.828044
0.827936
0.827829
0.827721
0.827614
0.827506
0.827398
0.827291
0.827183
0.827075
0.826968
0.826860
0.826753
0.826645
0.826538
0.826430
0.826324
0.826220
0.826120
0.826026
0.825938
0.825857
0.825779
0.825704
0.825630
0.825556
0.825483
0.825409
0.825336
0.825262
0.825189
0.825115
0.825041
0.824968
0.824894
0.824821
0.824747
0.824674
0.824600
0.824527
0.824453
0.824380
0.824306
0.824233
0.824159
0.824086
0.824012
0.823939
0.823865
0.823792
0.823718
0.823645
0.823571
0.823498
0.823424
0.823351
0.823277
0.823204
0.823130
0.823057
0.822983
0.822909
0.822836
0.822762
0.822689
0.822616
0.822542
0.822469
0.822395
0.822321
0.822248
0.822174
0.822101
0.822027
0.821954
0.821880
0.821807
0.821733
0.821660
0.821586
0.821513
0.821439
0.821366
0.821292
0.821219
0.821145
0.821072
0.820998
0.820925
0.820852
0.820779
0.820707
0.820634
0.820562
0.820489
0.820417
0.820345
0.820273
0.820201
0.820129
0.820056
0.819984
0.819912
0.819840
0.819768
0.819696
0.819624
0.819551
0.819479
0.819407
0.819335
0.819263
0.819191
0.819119
0.819047
0.818974
0.818902
0.818830
0.818758
0.818686
0.818614
0.818542
0.818469
0.818397
0.818325
0.818253
0.818181
0.818109
0.818037
0.817964
0.817892
0.817820
0.817748
0.817676
0.817604
0.817532
0.817459
0.817387
0.817315
0.817243
0.817171
0.817099
0.817026
0.816954
0.816882
0.816810
0.816738
0.816666
0.816594
0.816522
0.816449
0.816377
0.816305
0.816233
0.816161
0.816089
0.816017
0.815945
0.815874
0.815803
0.815734
0.815666
0.815599
0.815534
0.815471
0.815410
0.815350
0.815291
0.815232
0.815173
0.815114
0.815055
0.814996
0.814937
0.814878
0.814819
0.814760
0.814701
0.814642
0.814583
0.814524
0.814465
0.814406
0.814347
0.814288
0.814229
0.814169
0.814110
0.814052
0.813993
0.813933
0.813874
0.813816
0.813756
0.813697
0.813638
0.813579
0.813520
0.813461
0.813402
0.813343
0.813284
0.813225
0.813166
0.813107
0.813048
0.812989
0.812930
0.812871
0.812812
0.812753
0.812694
0.812635
0.812576
0.812517
0.812458
0.812399
0.812340
0.812281
0.812222
0.812163
0.812104
0.812045
0.811986
0.811927
0.811868
0.811809
0.811750
0.811691
0.811632
0.811573
0.811514
0.811455
0.811396
0.811337
0.811278
0.811219
0.811160
0.811101
0.811042
0.810983
0.810924
0.810865
0.810806
0.810747
0.810689
0.810632
0.810577
0.810525
0.810476
0.810431
0.810392
0.810358
0.810328
0.810302
0.810277
0.810253
0.810229
0.810206
0.810182
0.810158
0.810134
0.810111
0.810087
0.810063
0.810040
0.810016
0.809992
0.809968
0.809945
0.809921
0.809897
0.809874
0.809850
0.809826
0.809802
0.809779
0.809755
0.809731
0.809707
0.809684
0.809660
0.809636
0.809613
0.809589
0.809565
0.809541
0.809518
0.809494
0.809470
0.809446
0.809423
0.809399
0.809375
0.809352
0.809328
0.809304
0.809280
0.809257
0.809233
0.809209
0.809186
0.809162
0.809138
0.809114
0.809091
0.809067
0.809043
0.809020
0.808996
0.808972
0.808948
0.808925
0.808901
0.808877
0.808854
0.808830
0.808806
0.808782
0.808759
0.808735
0.808711
0.808688
0.808664
0.808640
0.808616
0.808593
0.808569
0.808545
0.808522
0.808498
0.808474
0.808450
0.808427
0.808403
0.808379
0.808355
0.808332
0.808308
0.808284
0.808261
0.808237
0.808213
0.808189
0.808166
0.808142
0.808118
0.808095
0.808071
0.808047
0.808023
0.808000
0.807976
0.807952
0.807929
0.807905
0.807881
0.807857
0.807834
0.807810
0.807786
0.807763
0.807739
0.807715
0.807691
0.807668
0.807644
0.807620
0.807597
0.807573
0.807549
0.807525
0.807501
0.807478
0.807454
0.807430
0.807407
0.807383
0.807359
0.807336
0.807312
0.807288
0.807264
0.807241
0.807217
0.807193
0.807169
0.807146
0.807122
0.807098
0.807075
0.807051
0.807027
0.807003
0.806980
0.806956
0.806932
0.806909
0.806885
0.806861
0.806837
0.806814
0.806790
0.806766
0.806743
0.806719
0.806695
0.806671
0.806648
0.806624
0.806600
0.806577
0.806553
0.806529
0.806505
0.806482
0.806458
0.806434
0.806411
0.806387
0.806363
0.806339
0.806316
0.806292
0.806268
0.806244
0.806221
0.806197
0.806173
0.806150
0.806126
0.806102
0.806078
0.806055
0.806031
0.806007
0.805983
0.805960
0.805936
0.805912
0.805889
0.805865
0.805841
0.805817
0.805794
0.805770
0.805746
0.805723
0.805699
0.805675
0.805651
0.805628
0.805604
0.805580
0.805557
0.805533
0.805509
0.805485
0.805462
0.805438
0.805414
0.805391
0.805367
0.805343
0.805320
0.805296
0.805273
0.805251
0.805229
0.805208
0.805189
0.805169
0.805151
0.805134
0.805117
0.805099
0.805083
0.805066
0.805049
0.805032
0.805016
0.804999
0.804982
0.804965
0.804949
0.804932
0.804915
0.804898
0.804881
0.804865
0.804848
0.804831
0.804814
0.804798
0.804781
0.804764
0.804747
0.804731
0.804714
0.804697
0.804680
0.804663
0.804647
0.804630
0.804613
0.804596
0.804580
0.804563
0.804546
0.804529
0.804512
0.804496
0.804479
0.804462
0.804445
0.804428
0.804412
0.804395
0.804378
0.804361
0.804345
0.804328
0.804311
0.804294
0.804277
0.804261
0.804244
0.804227
0.804210
0.804194
0.804177
0.804160
0.804143
0.804127
0.804110
0.804093
0.804076
0.804060
0.804043
0.804026
0.804009
0.803992
0.803976
0.803959
0.803942
0.803925
0.803909
0.803892
0.803875
0.803858
0.803841
0.803825
0.803808
0.803791
0.803774
0.803758
0.803741
0.803724
0.803707
0.803690
0.803674
0.803657
0.803640
0.803623
0.803607
0.803590
0.803573
0.803556
0.803539
0.803523
0.803506
0.803489
0.803472
0.803455
0.803439
0.803422
0.803405
0.803388
0.803372
0.803355
0.803338
0.803321
0.803305
0.803288
0.803271
0.803254
0.803238
0.803221
0.803204
0.803187
0.803170
0.803154
0.803137
0.803120
0.803103
0.803087
0.803070
0.803053
0.803036
0.803019
0.803003
0.802986
0.802969
0.802952
0.802936
0.802919
0.802902
0.802885
0.802868
0.802852
0.802835
0.802818
0.802801
0.802785
0.802768
0.802751
0.802734
0.802717
0.802701
0.802684
0.802667
0.802650
0.802634
0.802617
0.802600
0.802583
0.802567
0.802550
0.802533
0.802516
0.802500
0.802483
0.802466
0.802449
0.802432
0.802416
0.802399
0.802382
0.802365
0.802349
0.802332
0.802315
0.802298
0.802281
0.802265
0.802248
0.802231
0.802214
0.802198
0.802181
0.802164
0.802147
0.802130
0.802114
0.802097
0.802080
0.802063
0.802046
0.802030
0.802013
0.801996
0.801979
0.801963
0.801946
0.801929
0.801912
0.801896
0.801879
0.801862
0.801845
0.801829
0.801812
0.801795
0.801778
0.801761
0.801745
0.801728
0.801711
0.801694
0.801678
0.801661
0.801644
0.801627
0.801610
0.801594
0.801577
0.801560
0.801543
0.801527
0.801510
0.801493
0.801476
0.801459
0.801443
0.801426
0.801409
0.801392
0.801376
0.801359
0.801342
0.801325
0.801308
0.801292
0.801275
0.801258
0.801241
0.801225
0.801208
0.801191
0.801174
0.801157
0.801141
0.801124
0.801107
0.801090
0.801074
0.801057
0.801040
0.801023
0.801006
0.800990
0.800973
0.800956
0.800939
0.800923
0.800906
0.800889
0.800872
0.800856
0.800839
0.800822
0.800805
0.800788
0.800772
0.800755
0.800738
0.800721
0.800705
0.800688
0.800671
0.800654
0.800637
0.800621
0.800604
0.800587
0.800570
0.800554
0.800537
0.800520
0.800503
0.800486
0.800470
0.800453
0.800436
0.800419
0.800403
0.800386
0.800369
0.800352
0.800335
0.800319
0.800302
0.800285
0.800268
0.800252
0.800235
0.800218
0.800201
0.800184
0.800168
0.800151
0.800134
0.800117
0.800101
0.800084
0.800067
0.800050
0.800034
0.800017
