0.800000
0.800018
0.800038
0.800063
0.800090
0.800121
0.800152
0.800184
0.800215
0.800247
0.800279
0.800311
0.800343
0.800374
0.800406
0.800438
0.800470
0.800502
0.800534
0.800565
0.800597
0.800629
0.800661
0.800693
0.800725
0.800756
0.800788
0.800820
0.800852
0.800884
0.800916
0.800947
0.800979
0.801011
0.801043
0.801075
0.801107
0.801138
0.801170
0.801202
0.801234
0.801266
0.801297
0.801329
0.801361
0.801393
0.801425
0.801457
0.801489
0.801520
0.801552
0.801584
0.801616
0.801648
0.801679
0.801711
0.801743
0.801775
0.801807
0.801839
0.801870
0.801902
0.801934
0.801966
0.801998
0.802030
0.802061
0.802093
0.802125
0.802157
0.802189
0.802221
0.802252
0.802284
0.802316
0.802348
0.802380
0.802412
0.802443
0.802475
0.802507
0.802539
0.802571
0.802602
0.802634
0.802666
0.802698
0.802730
0.802762
0.802793
0.802825
0.802857
0.802889
0.802921
0.802952
0.802983
0.803014
0.803045
0.803075
0.803104
0.803133
0.803162
0.803190
0.803218
0.803246
0.803274
0.803302
0.803330
0.803358
0.803387
0.803416
0.803446
0.803476
0.803506
0.803538
0.803570
0.803603
0.803637
0.803671
0.803707
0.803744
0.803782
0.803821
0.803861
0.803902
0.803945
0.803988
0.804033
0.804080
0.804127
0.804176
0.804227
0.804279
0.804332
0.804387
0.804443
0.804500
0.804559
0.804619
0.804681
0.804744
0.804808
0.804874
0.804941
0.805010
0.805079
0.805150
0.805222
0.805295
0.805368
0.805442
0.805516
0.805590
0.805666
0.805742
0.805818
0.805896
0.805974
0.806053
0.806133
0.806214
0.806295
0.806378
0.806462
0.806546
0.806632
0.806718
0.806805
0.806894
0.806983
0.807072
0.807163
0.807255
0.807347
0.807440
0.807534
0.807628
0.807723
0.807819
0.807916
0.808014
0.808112
0.808211
0.808312
0.808413
0.808516
0.808620
0.808726
0.808833
0.808942
0.809053
0.809166
0.809281
0.809398
0.809517
0.809639
0.809763
0.809889
0.810017
0.810147
0.810280
0.810415
0.810551
0.810690
0.810831
0.810974
0.811119
0.811267
0.811418
0.811570
0.811725
0.811883
0.812044
0.812207
0.812372
0.812540
0.812710
0.812883
0.813058
0.813235
0.813414
0.813596
0.813779
0.813964
0.814151
0.814341
0.814532
0.814725
0.814921
0.815119
0.815319
0.815522
0.815727
0.815935
0.816145
0.816357
0.816572
0.816789
0.817009
0.817232
0.817457
0.817685
0.817916
0.818149
0.818385
0.818623
0.818863
0.819106
0.819350
0.819597
0.819846
0.820097
0.820350
0.820606
0.820864
0.821124
0.821387
0.821651
0.821917
0.822186
0.822458
0.822732
0.823010
0.823291
0.823576
0.823863
0.824155
0.824450
0.824748
0.825050
0.825355
0.825665
0.825978
0.826294
0.826615
0.826939
0.827267
0.827599
0.827934
0.828274
0.828617
0.828966
0.829318
0.829676
0.830039
0.830407
0.830781
0.831159
0.831543
0.831932
0.832326
0.832726
0.833130
0.833539
0.833954
0.834373
0.834797
0.835227
0.835661
0.836100
0.836544
0.836994
0.837449
0.837909
0.838374
0.838845
0.839320
0.839802
0.840288
0.840781
0.841279
0.841782
0.842292
0.842808
0.843330
0.843859
0.844394
0.844936
0.845484
0.846038
0.846599
0.847165
0.847738
0.848318
0.848904
0.849498
0.850099
0.850708
0.851324
0.851949
0.852582
0.853222
0.853871
0.854528
0.855193
0.855865
0.856545
0.857232
0.857927
0.858630
0.859341
0.860061
0.860788
0.861524
0.862269
0.863024
0.863787
0.864560
0.865343
0.866135
0.866937
0.867748
0.868569
0.869399
0.870238
0.871087
0.871947
0.872816
0.873696
0.874587
0.875490
0.876404
0.877330
0.878269
0.879219
0.880181
0.881153
0.882136
0.883128
0.884129
0.885138
0.886155
0.887180
0.888213
0.889253
0.890301
0.891357
0.892421
0.893494
0.894576
0.895666
0.896766
0.897875
0.898994
0.900123
0.901264
0.902415
0.903578
0.904752
0.905939
0.907138
0.908350
0.909574
0.910812
0.912063
0.913328
0.914607
0.915900
0.917208
0.918531
0.919870
0.921226
0.922598
0.923987
0.925394
0.926819
0.928261
0.929720
0.931198
0.932694
0.934209
0.935742
0.937293
0.938863
0.940451
0.942059
0.943687
0.945335
0.947005
0.948696
0.950410
0.952146
0.953905
0.955687
0.957492
0.959321
0.961172
0.963048
0.964947
0.966870
0.968817
0.970787
0.972781
0.974800
0.976843
0.978911
0.981005
0.983124
0.985270
0.987441
0.989638
0.991859
0.994103
0.996367
0.998651
1.000954
1.003276
1.005620
1.007988
1.010382
1.012804
1.015255
1.017737
1.020249
1.022793
1.025369
1.027978
1.030618
1.033291
1.035998
1.038737
1.041511
1.044319
1.047160
1.050035
1.052944
1.055887
1.058864
1.061875
1.064921
1.068002
1.071117
1.074267
1.077452
1.080673
1.083931
1.087224
1.090554
1.093921
1.097323
1.100762
1.104238
1.107750
1.111297
1.114879
1.118496
1.122149
1.125837
1.129561
1.133321
1.137116
1.140947
1.144814
1.148719
1.152662
1.156643
1.160664
1.164724
1.168823
1.172962
1.177142
1.181362
1.185621
1.189919
1.194255
1.198630
1.203043
1.207496
1.211987
1.216517
1.221086
1.225693
1.230341
1.235029
1.239757
1.244527
1.249337
1.254188
1.259080
1.264013
1.268987
1.274003
1.279062
1.284166
1.289315
1.294514
1.299764
1.305067
1.310422
1.315829
1.321288
1.326797
1.332358
1.337970
1.343633
1.349346
1.355109
1.360921
1.366781
1.372691
1.378649
1.384656
1.390712
1.396817
1.402972
1.409176
1.415432
1.421739
1.428098
1.434507
1.440968
1.447480
1.454045
1.460662
1.467332
1.474054
1.480827
1.487653
1.494531
1.501462
1.508446
1.515485
1.522578
1.529726
1.536929
1.544190
1.551508
1.558883
1.566316
1.573806
1.581354
1.588961
1.596628
1.604355
1.612142
1.619991
1.627900
1.635870
1.643901
1.651994
1.660149
1.668365
1.676642
1.684981
1.693382
1.701846
1.710375
1.718967
1.727624
1.736345
1.745131
1.753983
1.762900
1.771883
1.780932
1.790046
1.799226
1.808471
1.817782
1.827158
1.836601
1.846108
1.855680
1.865317
1.875021
1.884791
1.894629
1.904534
1.914506
1.924546
1.934653
1.944827
1.955067
1.965374
1.975746
1.986182
1.996682
2.007249
2.017881
2.028582
2.039349
2.050184
2.061084
2.072052
2.083085
2.094185
2.105350
2.116579
2.127871
2.139228
2.150648
2.162133
2.173683
2.185298
2.196977
2.208721
2.220530
2.232404
2.244344
2.256350
2.268420
2.280555
2.292753
2.305015
2.317341
2.329730
2.342182
2.354696
2.367273
2.379912
2.392613
2.405377
2.418202
2.431087
2.444031
2.457032
2.470091
2.483207
2.496379
2.509607
2.522889
2.536225
2.549615
2.563059
2.576557
2.590108
2.603713
2.617371
2.631081
2.644842
2.658656
2.672521
2.686438
2.700405
2.714421
2.728487
2.742604
2.756770
2.770986
2.785250
2.799562
2.813920
2.828324
2.842773
2.857266
2.871803
2.886382
2.901003
2.915666
2.930368
2.945111
2.959894
2.974716
2.989577
3.004477
3.019416
3.034394
3.049410
3.064464
3.079554
3.094679
3.109839
3.125033
3.140261
3.155523
3.170820
3.186152
3.201519
3.216921
3.232357
3.247828
3.263331
3.278866
3.294430
3.310022
3.325641
3.341286
3.356957
3.372652
3.388371
3.404112
3.419876
3.435662
3.451469
3.467296
3.483143
3.499008
3.514891
3.530790
3.546704
3.562634
3.578578
3.594536
3.610507
3.626493
3.642493
3.658507
3.674534
3.690573
3.706623
3.722683
3.738752
3.754829
3.770914
3.787005
3.803101
3.819202
3.835308
3.851417
3.867530
3.883645
3.899761
3.915879
3.931996
3.948113
3.964228
3.980340
3.996447
4.012549
4.028644
4.044732
4.060812
4.076886
4.092952
4.109011
4.125064
4.141109
4.157147
4.173176
4.189197
4.205207
4.221206
4.237193
4.253167
4.269128
4.285073
4.301003
4.316916
4.332811
4.348689
4.364548
4.380387
4.396207
4.412007
4.427785
4.443542
4.459275
4.474984
4.490665
4.506319
4.521944
4.537540
4.553106
4.568643
4.584151
4.599629
4.615076
4.630493
4.645879
4.661234
4.676556
4.691845
4.707100
4.722321
4.737508
4.752659
4.767775
4.782855
4.797898
4.812904
4.827872
4.842802
4.857692
4.872543
4.887352
4.902117
4.916839
4.931515
4.946146
4.960732
4.975271
4.989764
5.004210
5.018610
5.032965
5.047276
5.061542
5.075764
5.089941
5.104073
5.118160
5.132201
5.146198
5.160148
5.174053
5.187910
5.201721
5.215485
5.229202
5.242873
5.256496
5.270071
5.283598
5.297077
5.310507
5.323887
5.337218
5.350498
5.363726
5.376903
5.390030
5.403106
5.416132
5.429107
5.442032
5.454904
5.467725
5.480494
5.493211
5.505877
5.518489
5.531049
5.543556
5.556009
5.568409
5.580755
5.593046
5.605283
5.617463
5.629588
5.641658
5.653672
5.665630
5.677531
5.689375
5.701161
5.712890
5.724563
5.736179
5.747737
5.759238
5.770681
5.782064
5.793390
5.804657
5.815865
5.827014
5.838102
5.849129
5.860095
5.871001
5.881847
5.892632
5.903355
5.914017
5.924618
5.935158
5.945639
5.956059
5.966418
5.976715
5.986950
5.997124
6.007237
6.017287
6.027275
6.037199
6.047058
6.056852
6.066582
6.076246
6.085845
6.095377
6.104842
6.114240
6.123571
6.132835
6.142033
6.151163
6.160226
6.169222
6.178149
6.187008
6.195800
6.204524
6.213180
6.221767
6.230286
6.238736
6.247119
6.255433
6.263680
6.271857
6.279965
6.288004
6.295973
6.303875
6.311708
6.319473
6.327169
6.334799
6.342364
6.349864
6.357300
6.364671
6.371977
6.379217
6.386392
6.393502
6.400550
6.407536
6.414460
6.421323
6.428125
6.434867
6.441550
6.448175
6.454741
6.461248
6.467696
6.474086
6.480418
6.486694
6.492914
6.499079
6.505188
6.511243
6.517243
6.523191
6.529087
6.534930
6.540723
6.546464
6.552155
6.557797
6.563390
6.568934
6.574429
6.579874
6.585271
6.590618
6.595916
6.601167
6.606369
6.611522
6.616628
6.621688
6.626701
6.631670
6.636594
6.641473
6.646307
6.651097
6.655843
6.660545
6.665205
6.669821
6.674394
6.678924
6.683410
6.687854
6.692256
6.696616
6.700934
6.705211
6.709448
6.713645
6.717803
6.721923
6.726006
6.730051
6.734059
6.738030
6.741965
6.745866
6.749731
6.753562
6.757359
6.761122
6.764853
6.768550
6.772215
6.775845
6.779440
6.782999
6.786524
6.790015
6.793474
6.796899
6.800292
6.803653
6.806980
6.810276
6.813539
6.816772
6.819972
6.823140
6.826277
6.829382
6.832456
6.835499
6.838512
6.841493
6.844443
6.847361
6.850250
6.853108
6.855936
6.858734
6.861502
6.864241
6.866950
6.869631
6.872284
6.874908
6.877504
6.880072
6.882611
6.885124
6.887609
6.890067
6.892499
6.894905
6.897286
6.899642
6.901973
6.904280
6.906563
6.908822
6.911058
6.913269
6.915457
6.917621
6.919762
6.921879
6.923972
6.926042
6.928087
6.930110
6.932109
6.934085
6.936039
6.937970
6.939879
6.941767
6.943634
6.945480
6.947306
6.949111
6.950895
6.952660
6.954405
6.956130
6.957836
6.959524
6.961192
6.962842
6.964475
6.966089
6.967686
6.969266
6.970827
6.972371
6.973898
6.975407
6.976899
6.978373
6.979830
6.981270
6.982693
6.984099
6.985488
6.986861
6.988216
6.989555
6.990878
6.992184
6.993476
6.994752
6.996014
6.997261
6.998495
6.999714
7.000920
7.002113
7.003291
7.004456
7.005608
7.006747
7.007872
7.008985
7.010085
7.011173
7.012248
7.013310
7.014360
7.015398
7.016423
7.017436
7.018436
7.019423
7.020397
7.021359
7.022309
7.023247
7.024172
7.025086
7.025989
7.026881
7.027761
7.028630
7.029487
7.030331
7.031164
7.031985
7.032793
7.033590
7.034376
7.035149
7.035911
7.036661
7.037399
7.038126
7.038842
7.039546
7.040239
7.040921
7.041592
7.042253
7.042903
7.043543
7.044173
7.044793
7.045403
7.046004
7.046595
7.047177
7.047751
7.048316
7.048872
7.049421
7.049961
7.050493
7.051017
7.051534
7.052042
7.052543
7.053036
7.053522
7.054000
7.054472
7.054937
7.055395
7.055848
7.056295
7.056737
7.057174
7.057605
7.058032
7.058453
7.058869
7.059279
7.059683
7.060082
7.060475
7.060863
7.061245
7.061623
7.061997
7.062366
7.062732
7.063093
7.063451
7.063804
7.064153
7.064498
7.064839
7.065176
7.065509
7.065839
7.066164
7.066486
7.066805
7.067120
7.067433
7.067743
7.068049
7.068353
7.068653
7.068950
7.069244
7.069534
7.069822
7.070106
7.070388
7.070666
7.070942
7.071214
7.071483
7.071748
7.072010
7.072270
7.072526
7.072779
7.073030
7.073278
7.073523
7.073766
7.074007
7.074245
7.074481
7.074716
7.074948
7.075179
7.075409
7.075637
7.075864
7.076089
7.076313
7.076535
7.076756
7.076975
7.077191
7.077406
7.077619
7.077830
7.078039
7.078246
7.078452
7.078656
7.078858
7.079059
7.079259
7.079456
7.079652
7.079846
7.080039
7.080230
7.080420
7.080610
7.080799
7.080987
7.081174
7.081360
7.081546
7.081731
7.081914
7.082097
7.082278
7.082458
7.082636
7.082813
7.082987
7.083159
7.083329
7.083496
7.083662
7.083824
7.083985
7.084143
7.084298
7.084451
7.084602
7.084750
7.084896
7.085040
7.085181
7.085319
7.085456
7.085589
7.085721
7.085850
7.085976
7.086100
7.086222
7.086341
7.086458
7.086573
7.086685
7.086796
7.086904
7.087010
7.087115
7.087218
7.087319
7.087419
7.087517
7.087615
7.087711
7.087806
7.087901
7.087995
7.088089
7.088182
7.088274
7.088366
7.088457
7.088547
7.088636
7.088724
7.088811
7.088897
7.088982
7.089066
7.089148
7.089229
7.089309
7.089388
7.089465
7.089541
7.089616
7.089690
7.089763
7.089835
7.089905
7.089975
7.090044
7.090111
7.090178
7.090242
7.090306
7.090367
7.090426
7.090483
7.090538
7.090591
7.090641
7.090690
7.090736
7.090780
7.090821
7.090860
7.090897
7.090932
7.090965
7.090995
7.091023
7.091049
7.091073
7.091095
7.091114
7.091132
7.091147
7.091161
7.091173
7.091183
7.091191
7.091198
7.091203
7.091207
7.091209
7.091210
7.091209
7.091208
7.091205
7.091202
7.091198
7.091193
7.091188
7.091182
7.091176
7.091170
7.091163
7.091157
7.091151
7.091146
7.091141
7.091137
7.091133
7.091131
7.091129
7.091128
7.091128
7.091128
7.091127
7.091127
7.091127
7.091127
7.091127
7.091127
7.091127
7.091127
7.091127
7.091127
7.091127
7.091127
7.091127
7.091127
7.091127
7.091127
7.091127
7.091127
7.091127
7.091127
7.091127
7.091127
7.091127
7.091127
7.091127
7.091127
7.091127
7.091127
7.091127
7.091127
7.091127
7.091127
7.091127
7.091127
7.091127
7.091127
7.091127
7.091127
7.091127
7.091127
7.091127
7.091127
7.091127
7.091127
7.091127
7.091127
7.091127
7.091127
7.091127
7.091127
7.091127
7.091127
7.091127
7.091127
7.091127
7.091127
7.091127
7.091127
7.091127
7.091127
7.091127
7.091127
7.091127
7.091127
7.091127
7.091127
7.091127
7.091127
7.091127
7.091127
7.091127
7.091127
7.091127
7.091127
7.091127
7.091127
7.091127
7.091127
7.091127
7.091127
7.091127
7.091127
7.091127
7.091127
7.091127
7.091127
7.091127
7.091127
7.091127
7.091127
7.091127
7.091127
7.091127
7.091127
7.091127
7.091127
7.091127
7.091127
7.091127
7.091127
7.091127
7.091127
7.091127
7.091127
7.091127
7.091127
7.091127
7.091127
7.091127
7.091127
7.091127
7.091127
7.091127
7.091127
7.091127
7.091127
7.091127
7.091127
7.091127
7.091127
7.091127
7.091127
7.091127
7.091127
7.091127
7.091127
7.091127
7.091127
7.091127
7.091127
7.091127
7.091127
7.091127
7.091127
7.091127
7.091127
7.091127
7.091127
7.091127
7.091127
7.091127
7.091127
7.091127
7.091127
7.091127
7.091127
7.091127
7.091127
7.091127
7.091127
7.091127
7.091127
7.091127
7.091127
7.091127
7.091127
7.091127
7.091127
7.091127
7.091127
7.091127
7.091127
7.091127
7.091127
7.091127
7.091127
7.091127
7.091127
7.091127
7.091127
7.091127
7.091127
7.091127
7.091127
7.091127
7.091127
7.091127
7.091127
7.091127
7.091127
7.091127
7.091127
7.091127
7.091127
7.091127
7.091127
7.091127
7.091127
7.091127
7.091127
7.091127
7.091127
7.091127
7.091127
7.091127
7.091127
7.091127
7.091127
7.091127
7.091127
7.091127
7.091127
7.091127
7.091127
7.091127
7.091127
7.091127
7.091127
7.091127
7.091127
7.091127
7.091127
7.091127
7.091127
7.091127
7.091127
7.091127
7.091127
7.091127
7.091127
7.091127
7.091127
7.091127
7.091127
7.091127
7.091127
7.091127
7.091127
7.091127
7.091127
7.091127
7.091127
7.091127
7.091127
7.091127
7.091127
7.091127
7.091127
7.091127
7.091127
7.091127
7.091127
7.091127
7.091127
7.091127
7.091127
7.091127
7.091127
7.091127
7.091127
7.091127
7.091127
7.091127
7.091127
7.091127
7.091127
7.091127
7.091127
7.091127
7.091127
7.091127
7.091127
7.091127
7.091127
7.091127
7.091127
7.091127
7.091127
7.091127
7.091127
7.091127
7.091127
7.091127
7.091127
7.091127
7.091127
7.091127
7.091127
7.091127
7.091127
7.091127
7.091127
7.091127
7.091127
7.091127
7.091127
7.091127
7.091127
7.091127
7.091127
7.091127
7.091127
7.091127
7.091127
7.091127
7.091127
7.091127
7.091127
7.091127
7.091127
7.091127
7.091127
7.091127
7.091127
7.091127
7.091127
7.091127
7.091127
7.091127
7.091127
7.091127
7.091127
7.091127
7.091127
7.091127
7.091127
7.091127
7.091127
7.091127
7.091127
7.091127
7.091127
7.091127
7.091127
7.091127
7.091127
7.091127
7.091127
7.091127
7.091127
7.091127
7.091127
7.091127
7.091127
7.091127
7.091127
7.091127
7.091127
7.091127
7.091127
7.091127
7.091127
7.091127
7.091127
7.091127
7.091127
7.091127
7.091127
7.091127
7.091127
7.091127
7.091127
7.091127
7.091127
7.091127
7.091127
7.091127
7.091127
7.091127
7.091127
7.091127
7.091127
7.091127
7.091127
7.091127
7.091127
7.091127
7.091127
7.091127
7.091127
7.091127
7.091127
7.091127
7.091127
7.091127
7.091127
7.091127
7.091127
7.091127
7.091127
7.091127
7.091127
7.091127
7.091127
7.091127
7.091127
7.091127
7.091127
7.091127
7.091127
7.091127
7.091127
7.091127
7.091127
7.091127
7.091127
7.091127
7.091127
7.091127
7.091127
7.091127
7.091127
7.091127
7.091127
7.091127
7.091127
7.091127
7.091127
7.091127
7.091127
7.091127
7.091127
7.091127
7.091127
7.091127
7.091127
7.091127
7.091127
7.091127
7.091127
7.091127
7.091127
7.091127
7.091127
7.091127
7.091127
7.091127
7.091127
7.091127
7.091127
7.091127
7.091127
7.091127
7.091127
7.091127
7.091127
7.091127
7.091127
7.091127
7.091127
7.091127
7.091127
7.091127
7.091127
7.091127
7.091127
7.091127
7.091127
7.091127
7.091127
7.091127
7.091127
7.091127
7.091127
7.091127
7.091127
7.091127
7.091127
7.091127
7.091127
7.091127
7.091127
7.091127
7.091127
7.091127
7.091127
7.091127
7.091127
7.091127
7.091127
7.091127
7.091127
7.091127
7.091127
7.091127
7.091127
7.091127
7.091127
7.091127
7.091127
7.091127
7.091127
7.091127
7.091127
7.091127
7.091127
7.091127
7.091127
7.091127
7.091127
7.091127
7.091127
7.091127
7.091127
7.091127
7.091127
7.091127
7.091127
7.091127
7.091127
7.091127
7.091127
7.091127
7.091127
7.091127
7.091127
7.091127
7.091127
7.091127
7.091127
7.091127
7.091127
7.091127
7.091127
7.091127
7.091127
7.091127
7.091127
7.091127
7.091127
7.091127
7.091127
7.091127
7.091127
7.091127
7.091127
7.091127
7.091127
7.091127
7.091127
7.091127
7.091127
7.091127
7.091127
7.091127
7.091127
7.091127
7.091127
7.091127
7.091127
7.091127
7.091127
7.091127
7.091127
7.091127
7.091127
7.091127
7.091127
7.091127
7.091127
7.091127
7.091127
7.091127
7.091127
7.091127
7.091127
7.091127
7.091127
7.091127
7.091127
7.091127
7.091127
7.091127
7.091127
7.091127
7.091127
7.091127
7.091127
7.091127
7.091127
7.091127
7.091127
7.091127
7.091127
7.091127
7.091127
7.091127
7.091127
7.091127
7.091127
7.091127
7.091127
7.091127
7.091127
7.091127
7.091127
7.091127
7.091127
7.091127
7.091127
7.091127
7.091127
7.091127
7.091127
7.091127
7.091127
7.091127
7.091127
7.091127
7.091127
7.091127
7.091127
7.091127
7.091127
7.091127
7.091127
7.091127
7.091127
7.091127
7.091127
7.091127
7.091127
7.091127
7.091127
7.091127
7.091127
7.091127
7.091127
7.091127
7.091127
7.091127
7.091127
7.091127
7.091127
7.091127
7.091127
7.091127
7.091127
7.091127
7.091127
7.091127
7.091127
7.091127
7.091127
7.091127
7.091127
7.091127
7.091127
7.091127
7.091127
7.091127
7.091127
7.091127
7.091127
7.091127
7.091127
7.091127
7.091127
7.091127
7.091127
7.091127
7.091127
7.091127
7.091127
7.091127
7.091127
7.091127
7.091127
7.091127
7.091127
7.091127
7.091127
7.091127
7.091127
7.091127
7.091127
7.091127
7.091127
7.091127
7.091127
7.091127
7.091127
7.091127
7.091127
7.091127
7.091127
7.091127
7.091127
7.091127
7.091127
7.091127
7.091127
7.091127
7.091127
7.091127
7.091127
7.091127
7.091127
7.091127
7.091127
7.091127
7.091127
7.091127
7.091127
7.091127
7.091127
7.091127
7.091127
7.091127
7.091127
7.091127
7.091127
7.091127
7.091127
7.091127
7.091127
7.091127
7.091127
7.091127
7.091127
7.091127
7.091127
7.091127
7.091127
7.091127
7.091127
7.091127
7.091127
7.091127
7.091127
7.091127
7.091127
7.091127
7.091127
7.091127
7.091127
7.091127
7.091127
7.091127
7.091127
7.091127
7.091127
7.091127
7.091127
7.091127
7.091127
7.091127
7.091127
7.091127
7.091127
7.091127
7.091127
7.091127
7.091127
7.091127
7.091127
7.091127
7.091127
7.091127
7.091127
7.091127
7.091127
7.091127
7.091127
7.091127
7.091127
7.091127
7.091127
7.091127
7.091127
7.091127
7.091127
7.091127
7.091127
7.091127
7.091127
7.091127
7.091127
7.091127
7.091127
7.091127
7.091127
7.091127
7.091127
7.091127
7.091127
7.091127
7.091127
7.091127
7.091127
7.091127
7.091127
7.091127
7.091127
7.091127
7.091127
7.091127
7.091127
7.091127
7.091127
7.091127
7.091127
7.091127
7.091127
7.091127
7.091127
7.091127
7.091127
7.091127
7.091127
7.091127
7.091127
7.091127
7.091127
7.091127
7.091127
7.091127
7.091127
7.091127
7.091127
7.091127
7.091127
7.091127
7.091127
7.091127
7.091127
7.091127
7.091127
7.091127
7.091127
7.091127
7.091127
7.091127
7.091127
7.091127
7.091127
7.091127
7.091127
7.091127
7.091127
7.091127
7.091127
7.091127
7.091127
7.091127
7.091127
7.091127
7.091127
7.091127
7.091127
7.091127
7.091127
7.091127
7.091127
7.091127
7.091127
7.091127
7.091127
7.091127
7.091127
7.091127
7.091127
7.091127
7.091127
7.091127
7.091127
7.091127
7.091127
7.091127
7.091127
7.091127
7.091127
7.091127
7.091127
7.091127
7.091127
7.091127
7.091127
7.091127
7.091127
7.091127
7.091127
7.091127
7.091127
7.091127
7.091127
7.091127
7.091127
7.091127
7.091127
7.091127
7.091127
7.091127
7.091127
7.091127
7.091127
7.091127
7.091127
7.091127
7.091127
7.091127
7.091127
7.091127
7.091127
7.091127
7.091127
7.091127
7.091127
7.091127
7.091127
7.091127
7.091127
7.091127
7.091127
7.091127
7.091127
7.091127
7.091127
7.091127
7.091127
7.091127
7.091127
7.091127
7.091127
7.091127
7.091127
7.091127
7.091127
7.091127
7.091127
7.091127
7.091127
7.091127
7.091127
7.091127
7.091127
7.091127
7.091127
7.091127
7.091127
7.091127
7.091127
7.091127
7.091127
7.091127
7.091127
7.091127
7.091127
7.091127
7.091127
7.091127
7.091127
7.091127
7.091127
7.091127
7.091127
7.091127
7.091127
7.091127
7.091127
7.091127
7.091127
7.091127
7.091127
7.091127
7.091127
7.091127
7.091127
7.091127
7.091127
7.091127
7.091127
7.091127
7.091127
7.091127
7.091127
7.091127
7.091127
7.091127
7.091127
7.091127
7.091127
7.091127
7.091127
7.091127
7.091127
7.091127
7.091127
7.091127
7.091127
7.091127
7.091127
7.091127
7.091127
7.091127
7.091127
7.091127
7.091127
7.091127
7.091127
7.091127
7.091127
7.091127
7.091127
7.091127
7.091127
7.091127
7.091127
7.091127
7.091127
7.091127
7.091127
7.091127
7.091127
7.091127
7.091127
7.091127
7.091127
7.091127
7.091127
7.091127
7.091127
7.091127
7.091127
7.091127
7.091127
7.091127
7.091127
7.091127
7.091127
7.091127
7.091127
7.091127
7.091127
7.091127
7.091127
7.091127
7.091127
7.091127
7.091127
7.091127
7.091127
7.091127
7.091127
7.091127
7.091127
7.091127
7.091127
7.091127
7.091127
7.091127
7.091127
7.091127
7.091127
7.091127
7.091127
7.091127
7.091127
7.091127
7.091127
7.091127
7.091127
7.091127
7.091127
7.091127
7.091127
7.091127
7.091127
7.091127
7.091127
7.091127
7.091127
7.091127
7.091127
7.091127
7.091127
7.091127
7.091127
7.091127
7.091127
7.091127
7.091127
7.091127
7.091127
7.091127
7.091127
7.091127
7.091127
7.091127
7.091127
7.091127
7.091127
7.091127
7.091127
7.091127
7.091127
7.091127
7.091127
7.091127
7.091127
7.091127
7.091127
7.091127
7.091127
7.091127
7.091127
7.091127
7.091127
7.091127
7.091127
7.091127
7.091127
7.091127
7.091127
7.091127
7.091127
7.091127
7.091127
7.091127
7.091127
7.091127
7.091127
7.091127
7.091127
7.091127
7.091127
7.091127
7.091127
7.091127
7.091127
7.091127
7.091127
7.091127
7.091127
7.091127
7.091127
7.091127
7.091127
7.091127
7.091127
7.091127
7.091127
7.091127
7.091127
7.091127
7.091127
7.091127
7.091127
7.091127
7.091127
7.091127
7.091127
7.091127
7.091127
7.091127
7.091127
7.091127
7.091127
7.091127
7.091127
7.091127
7.091127
7.091127
7.091127
7.091127
7.091127
7.091127
7.091127
7.091127
7.091127
7.091127
7.091127
7.091127
7.091127
7.091127
7.091127
7.091127
7.091127
7.091127
7.091127
7.091127
7.091127
7.091127
7.091127
7.091127
7.091127
7.091127
7.091127
7.091127
7.091127
7.091127
7.091127
7.091127
7.091127
7.091127
7.091127
7.091127
7.091127
7.091127
7.091127
7.091127
7.091127
7.091127
7.091127
7.091127
7.091127
7.091127
7.091127
7.091127
7.091127
7.091127
7.091127
7.091127
7.091127
7.091127
7.091127
7.091127
7.091127
7.091127
7.091127
7.091127
7.091127
7.091127
7.091127
7.091127
7.091127
7.091127
7.091127
7.091127
7.091127
7.091127
7.091127
7.091127
7.091127
7.091127
7.091127
7.091127
7.091127
7.091127
7.091127
7.091127
7.091127
7.091127
7.091127
7.091127
7.091127
7.091127
7.091127
7.091127
7.091127
7.091127
7.091127
7.091127
7.091127
7.091127
7.091127
7.091127
7.091127
7.091127
7.091127
7.091127
7.091127
7.091127
7.091127
7.091127
7.091127
7.091127
7.091127
7.091127
7.091127
7.091127
7.091127
7.091127
7.091127
7.091127
7.091127
7.091127
7.091127
7.091127
7.091127
7.091127
7.091127
7.091127
7.091127
7.091127
7.091127
7.091127
7.091127
7.091127
7.091127
7.091127
7.091127
7.091127
7.091127
7.091127
7.091127
7.091127
7.091127
7.091127
7.091127
7.091127
7.091127
7.091127
7.091127
7.091127
7.091127
7.091127
7.091127
7.091127
7.091127
7.091127
7.091127
7.091127
7.091127
7.091127
7.091127
7.091127
7.091127
7.091127
7.091127
7.091127
7.091127
7.091127
7.091127
7.091127
7.091127
7.091127
7.091127
7.091127
7.091127
7.091127
7.091127
7.091127
7.091127
7.091127
7.091127
7.091127
7.091127
7.091127
7.091127
7.091127
7.091127
7.091127
7.091127
7.091127
7.091127
7.091127
7.091127
7.091127
7.091127
7.091127
7.091127
7.091127
7.091127
7.091127
7.091127
7.091127
7.091127
7.091127
7.091127
7.091127
7.091127
7.091127
7.091127
7.091127
7.091127
7.091127
7.091127
7.091127
7.091127
7.091127
7.091127
7.091127
7.091127
7.091127
7.091127
7.091127
7.091127
7.091127
7.091127
7.091127
7.091127
7.091127
7.091127
7.091127
7.091127
7.091127
7.091127
7.091127
7.091127
7.091127
7.091127
7.091127
7.091127
7.091127
7.091127
7.091127
7.091127
7.091127
7.091127
7.091127
7.091127
7.091127
7.091127
7.091127
7.091127
7.091127
7.091127
7.091127
7.091127
7.091127
7.091127
7.091127
7.091127
7.091127
7.091127
7.091127
7.091127
7.091127
7.091127
7.091127
7.091127
7.091127
7.091127
7.091127
7.091127
7.091127
7.091127
7.091127
7.091127
7.091127
7.091127
7.091127
7.091127
7.091127
7.091127
7.091127
7.091127
7.091127
7.091127
7.091127
7.091127
7.091127
7.091127
7.091127
7.091127
7.091127
7.091127
7.091127
7.091127
7.091127
7.091127
7.091127
7.091127
7.091127
7.091127
7.091127
7.091127
7.091127
7.091127
7.091127
7.091127
7.091127
7.091127
7.091127
7.091127
7.091127
7.091127
7.091127
7.091127
7.091127
7.091127
7.091127
7.091127
7.091127
7.091127
7.091127
7.091127
7.091127
7.091127
7.091127
7.091127
7.091127
7.091127
7.091127
7.091127
7.091127
7.091127
7.091127
7.091127
7.091127
7.091127
7.091127
7.091127
7.091127
7.091127
7.091127
7.091127
7.091127
7.091127
7.091127
7.091127
7.091127
7.091127
7.091127
7.091127
7.091127
7.091127
7.091127
7.091127
7.091127
7.091127
7.091127
7.091127
7.091127
7.091127
7.091127
7.091127
7.091127
7.091127
7.091127
7.091127
7.091127
7.091127
7.091127
7.091127
7.091127
7.091127
7.091127
7.091127
7.091127
7.091127
7.091127
7.091127
7.091127
7.091127
7.091127
7.091127
7.091127
7.091127
7.091127
7.091127
7.091127
7.091127
7.091127
7.091127
7.091127
7.091127
7.091127
7.091127
7.091127
7.091127
7.091127
7.091127
7.091127
7.091127
7.091127
7.091127
7.091127
7.091127
7.091127
7.091127
7.091127
7.091127
7.091127
7.091127
7.091127
7.091127
7.091127
7.091127
7.091127
7.091127
7.091127
7.091127
7.091127
7.091127
7.091127
7.091127
7.091127
7.091127
7.091127
7.091127
7.091127
7.091127
7.091127
7.091127
7.091127
7.091127
7.091127
7.091127
7.091127
7.091127
7.091127
7.091127
7.091127
7.091127
7.091127
7.091127
7.091127
7.091127
7.091127
7.091127
7.091127
7.091127
7.091127
7.091127
7.091127
7.091127
7.091127
7.091127
7.091127
7.091127
7.091127
7.091127
7.091127
7.091127
7.091127
7.091127
7.091127
7.091127
7.091127
7.091127
7.091127
7.091127
7.091127
7.091127
7.091127
7.091127
7.091127
7.091127
7.091127
7.091127
7.091127
7.091127
7.091127
7.091127
7.091127
7.091127
7.091127
7.091127
7.091127
7.091127
7.091127
7.091127
7.091127
7.091127
7.091127
7.091127
7.091127
7.091127
7.091127
7.091127
7.091127
7.091127
7.091127
7.091127
7.091127
7.091127
7.091127
7.091127
7.091127
7.091127
7.091127
7.091127
7.091127
7.091127
7.091127
7.091127
7.091127
7.091127
7.091127
7.091127
7.091127
7.091127
7.091127
7.091127
7.091127
7.091127
7.091127
7.091127
7.091127
7.091127
7.091127
7.091127
7.091127
7.091127
7.091127
7.091127
7.091127
7.091127
7.091127
7.091127
7.091127
7.091127
7.091127
7.091127
7.091127
7.091127
7.091127
7.091127
7.091127
7.091127
7.091127
7.091127
7.091127
7.091127
7.091127
7.091127
7.091127
7.091127
7.091127
7.091127
7.091127
7.091127
7.091127
7.091127
7.091127
7.091127
7.091127
7.091127
7.091127
7.091127
7.091127
7.091127
7.091127
7.091127
7.091127
7.091127
7.091127
7.091127
7.091127
7.091127
7.091127
7.091127
7.091127
7.091127
7.091127
7.091127
7.091127
7.091127
7.091127
7.091127
7.091127
7.091127
7.091127
7.091127
7.091127
7.091127
7.091127
7.091127
7.091127
7.091127
7.091127
7.091127
7.091127
7.091127
7.091127
7.091127
7.091127
7.091127
7.091127
7.091127
7.091127
7.091127
7.091127
7.091127
7.091127
7.091127
7.091127
7.091127
7.091127
7.091127
7.091127
7.091127
7.091127
7.091127
7.091127
7.091127
7.091127
7.091127
7.091127
7.091127
7.091127
7.091127
7.091127
7.091127
7.091127
7.091127
7.091127
7.091127
7.091127
7.091127
7.091127
7.091127
7.091127
7.091127
7.091127
7.091127
7.091127
7.091127
7.091127
7.091127
7.091127
7.091127
7.091127
7.091127
7.091127
7.091127
7.091127
7.091127
7.091127
7.091127
7.091127
7.091127
7.091127
7.091127
7.091127
7.091127
7.091127
7.091127
7.091127
7.091127
7.091127
7.091127
7.091127
7.091127
7.091127
7.091127
7.091127
7.091127
7.091127
7.091127
7.091127
7.091127
7.091127
7.091127
7.091127
7.091127
7.091127
7.091127
7.091127
7.091127
7.091127
7.091127
7.091127
7.091127
7.091127
7.091127
7.091127
7.091127
7.091127
7.091127
7.091127
7.091127
7.091127
7.091127
7.091127
7.091127
7.091127
7.091127
7.091127
7.091127
7.091127
7.091127
7.091127
7.091127
7.091127
7.091127
7.091127
7.091127
7.091127
7.091127
7.091127
7.091127
7.091127
7.091127
7.091127
7.091127
7.091127
7.091127
7.091127
7.091127
7.091127
7.091127
7.091127
7.091127
7.091127
7.091127
7.091127
7.091127
7.091127
7.091127
7.091127
7.091127
7.091127
7.091127
7.091127
7.091127
7.091127
7.091127
7.091127
7.091127
7.091127
7.091127
7.091127
7.091127
7.091127
7.091127
7.091127
7.091127
7.091127
7.091127
7.091127
7.091127
7.091127
7.091127
7.091127
7.091127
7.091127
7.091127
7.091127
7.091127
7.091127
7.091127
7.091127
7.091127
7.091127
7.091127
7.091127
7.091127
7.091127
7.091127
7.091127
7.091127
7.091127
7.091127
7.091127
7.091127
7.091127
7.091127
7.091127
7.091127
7.091127
7.091127
7.091127
7.091127
7.091127
7.091127
7.091127
7.091127
7.091127
7.091127
7.091127
7.091127
7.091127
7.091127
7.091127
7.091127
7.091127
7.091127
7.091127
7.091127
7.091127
7.091127
7.091127
7.091127
7.091127
7.091127
7.091127
7.091127
7.091127
7.091127
7.091127
7.091127
7.091127
7.091127
7.091127
7.091127
7.091127
7.091127
7.091127
7.091127
7.091127
7.091127
7.091127
7.091127
7.091127
7.091127
7.091127
7.091127
7.091127
7.091127
7.091127
7.091127
7.091127
7.091127
7.091127
7.091127
7.091127
7.091127
7.091127
7.091127
7.091127
7.091127
7.091127
7.091127
7.091127
7.091127
7.091127
7.091127
7.091127
7.091127
7.091127
7.091127
7.091127
7.091127
7.091127
7.091127
7.091127
7.091127
7.091127
7.091127
7.091127
7.091127
7.091127
7.091127
7.091127
7.091127
7.091127
7.091127
7.091127
7.091127
7.091127
7.091127
7.091127
7.091127
7.091127
7.091127
7.091127
7.091127
7.091127
7.091127
7.091127
7.091127
7.091127
7.091127
7.091127
7.091127
7.091127
7.091127
7.091127
7.091127
7.091127
7.091127
7.091127
7.091127
7.091127
7.091127
7.091127
7.091127
7.091127
7.091127
7.091127
7.091127
7.091127
7.091127
7.091127
7.091127
7.091127
7.091127
7.091127
7.091127
7.091127
7.091127
7.091127
7.091127
7.091127
7.091127
7.091127
7.091127
7.091127
7.091127
7.091127
7.091127
7.091127
7.091127
7.091127
7.091127
7.091127
7.091127
7.091127
7.091127
7.091127
7.091127
7.091127
7.091127
7.091127
7.091127
7.091127
7.091127
7.091127
7.091127
7.091127
7.091127
7.091127
7.091127
7.091127
7.091127
7.091127
7.091127
7.091127
7.091127
7.091127
7.091127
7.091127
7.091127
7.091127
7.091127
7.091127
7.091127
7.091127
7.091127
7.091127
7.091127
7.091127
7.091127
7.091127
7.091127
7.091127
7.091127
7.091127
7.091127
7.091127
7.091127
7.091127
7.091127
7.091127
7.091127
7.091127
7.091127
7.091127
7.091127
7.091127
7.091127
7.091127
7.091127
7.091127
7.091127
7.091127
7.091127
7.091127
7.091127
7.091127
7.091127
7.091127
7.091127
7.091127
7.091127
7.091127
7.091127
7.091127
7.091127
7.091127
7.091127
7.091127
7.091127
7.091127
7.091127
7.091127
7.091127
7.091127
7.091127
7.091127
7.091127
7.091127
7.091127
7.091127
7.091127
7.091127
7.091127
7.091127
7.091127
7.091127
7.091127
7.091127
7.091127
7.091127
7.091127
7.091127
7.091127
7.091127
7.091127
7.091127
7.091127
7.091127
7.091127
7.091127
7.091127
7.091127
7.091127
7.091127
7.091127
7.091127
7.091127
7.091127
7.091127
7.091127
7.091127
7.091127
7.091127
7.091127
7.091127
7.091127
7.091127
7.091127
7.091127
7.091127
7.091127
7.091127
7.091127
7.091127
7.091127
7.091127
7.091127
7.091127
7.091127
7.091127
7.091127
7.091127
7.091127
7.091127
7.091127
7.091127
7.091127
7.091127
7.091127
7.091127
7.091127
7.091127
7.091127
7.091127
7.091127
7.091127
7.091127
7.091127
7.091127
7.091127
7.091127
7.091127
7.091127
7.091127
7.091127
7.091127
7.091127
7.091127
7.091127
7.091127
7.091127
7.091127
7.091127
7.091127
7.091127
7.091127
7.091127
7.091127
7.091127
7.091127
7.091127
7.091127
7.091127
7.091127
7.091127
7.091127
7.091127
7.091127
7.091127
7.091127
7.091127
7.091127
7.091127
7.091127
7.091127
7.091127
7.091127
7.091127
7.091127
7.091127
7.091127
7.091127
7.091127
7.091127
7.091127
7.091127
7.091127
7.091127
7.091127
7.091127
7.091127
7.091127
7.091127
7.091127
7.091127
7.091127
7.091127
7.091127
7.091127
7.091127
7.091127
7.091127
7.091127
7.091127
7.091127
7.091127
7.091127
7.091127
7.091127
7.091127
7.091127
7.091127
7.091127
7.091127
7.091127
7.091127
7.091127
7.091127
7.091127
7.091127
7.091127
7.091127
7.091127
7.091127
7.091127
7.091127
7.091127
7.091127
7.091127
7.091127
7.091127
7.091127
7.091127
7.091127
7.091127
7.091127
7.091127
7.091127
7.091127
7.091127
7.091127
7.091127
7.091127
7.091127
7.091127
7.091127
7.091127
7.091127
7.091127
7.091127
7.091127
7.091127
7.091127
7.091127
7.091127
7.091127
7.091127
7.091127
7.091127
7.091127
7.091127
7.091127
7.091127
7.091127
7.091127
7.091127
7.091127
7.091127
7.091127
7.091127
7.091127
7.091127
7.091127
7.091127
7.091127
7.091127
7.091127
7.091127
7.091127
7.091127
7.091127
7.091127
7.091127
7.091127
7.091127
7.091127
7.091127
7.091127
7.091127
7.091127
7.091127
7.091127
7.091127
7.091127
7.091127
7.091127
7.091127
7.091127
7.091127
7.091127
7.091127
7.091127
7.091127
7.091127
7.091127
7.091127
7.091127
7.091127
7.091127
7.091127
7.091127
7.091127
7.091127
7.091127
7.091127
7.091127
7.091127
7.091127
7.091127
7.091127
7.091127
7.091127
7.091127
7.091127
7.091127
7.091127
7.091127
7.091127
7.091127
7.091127
7.091127
7.091127
7.091127
7.091127
7.091127
7.091127
7.091127
7.091127
7.091127
7.091127
7.091127
7.091127
7.091127
7.091127
7.091127
7.091127
7.091127
7.091127
7.091127
7.091127
7.091127
7.091127
7.091127
7.091127
7.091127
7.091127
7.091127
7.091127
7.091127
7.091127
7.091127
7.091127
7.091127
7.091127
7.091127
7.091127
7.091127
7.091127
7.091127
7.091127
7.091127
7.091127
7.091127
7.091127
7.091127
7.091127
7.091127
7.091127
7.091127
7.091127
7.091127
7.091127
7.091127
7.091127
7.091127
7.091127
7.091127
7.091127
7.091127
7.091127
7.091127
7.091127
7.091127
7.091127
7.091127
7.091127
7.091127
7.091127
7.091127
7.091127
7.091127
7.091127
7.091127
7.091127
7.091127
7.091127
7.091127
7.091127
7.091127
7.091127
7.091127
7.091127
7.091127
7.091127
7.091127
7.091127
7.091127
7.091127
7.091127
7.091127
7.091127
7.091127
7.091127
7.091127
7.091127
7.091127
7.091127
7.091127
7.091127
7.091127
7.091127
7.091127
7.091127
7.091127
7.091127
7.091127
7.091127
7.091127
7.091127
7.091127
7.091127
7.091127
7.091127
7.091127
7.091127
7.091127
7.091127
7.091127
7.091127
7.091127
7.091127
7.091127
7.091127
7.091127
7.091127
7.091127
7.091127
7.091127
7.091127
7.091127
7.091127
7.091127
7.091127
7.091127
7.091127
7.091127
7.091127
7.091127
7.091127
7.091127
7.091127
7.091127
7.091127
7.091127
7.091127
7.091127
7.091127
7.091127
7.091127
7.091127
7.091127
7.091127
7.091127
7.091127
7.091127
7.091127
7.091127
7.091127
7.091127
7.091127
7.091127
7.091127
7.091127
7.091127
7.091127
7.091127
7.091127
7.091127
7.091127
7.091127
7.091127
7.091127
7.091127
7.091127
7.091127
7.091127
7.091127
7.091127
7.091127
7.091127
7.091127
7.091127
7.091127
7.091127
7.091127
7.091127
7.091127
7.091127
7.091127
7.091127
7.091127
7.091127
7.091127
7.091127
7.091127
7.091127
7.091127
7.091127
7.091127
7.091127
7.091127
7.091127
7.091127
7.091127
7.091127
7.091127
7.091127
7.091127
7.091127
7.091127
7.091127
7.091127
7.091127
7.091127
7.091127
7.091127
7.091127
7.091127
7.091127
7.091127
7.091127
7.091127
7.091127
7.091127
7.091127
7.091127
7.091127
7.091127
7.091127
7.091127
7.091127
7.091127
7.091127
7.091127
7.091127
7.091127
7.091127
7.091127
7.091127
7.091127
7.091127
7.091127
7.091127
7.091127
7.091127
7.091127
7.091127
7.091127
7.091127
7.091127
7.091127
7.091127
7.091127
7.091127
7.091127
7.091127
7.091127
7.091127
7.091127
7.091127
7.091127
7.091127
7.091127
7.091127
7.091127
7.091127
7.091127
7.091127
7.091127
7.091127
7.091127
7.091127
7.091127
7.091127
7.091127
7.091127
7.091127
7.091127
7.091127
7.091127
7.091127
7.091127
7.091127
7.091127
7.091127
7.091127
7.091127
7.091127
7.091127
7.091127
7.091127
7.091127
7.091127
7.091127
7.091127
7.091127
7.091127
7.091127
7.091127
7.091127
7.091127
7.091127
7.091127
7.091127
7.091127
7.091127
7.091127
7.091127
7.091127
7.091127
7.091127
7.091127
7.091127
7.091127
7.091127
7.091127
7.091127
7.091127
7.091127
7.091127
7.091127
7.091127
7.091127
7.091127
7.091127
7.091127
7.091127
7.091127
7.091127
7.091127
7.091127
7.091127
7.091127
7.091127
7.091127
7.091127
7.091127
7.091127
7.091127
7.091127
7.091127
7.091127
7.091127
7.091127
7.091127
7.091127
7.091127
7.091127
7.091127
7.091127
7.091127
7.091127
7.091127
7.091127
7.091127
7.091127
7.091127
7.091127
7.091127
7.091127
7.091127
7.091127
7.091127
7.091127
7.091127
7.091127
7.091127
7.091127
7.091127
7.091127
7.091127
7.091127
7.091127
7.091127
7.091127
7.091127
7.091127
7.091127
7.091127
7.091127
7.091127
7.091127
7.091127
7.091127
7.091127
7.091127
7.091127
7.091127
7.091127
7.091127
7.091127
7.091127
7.091127
7.091127
7.091127
7.091127
7.091127
7.091127
7.091127
7.091127
7.091127
7.091127
7.091127
7.091127
7.091127
7.091127
7.091127
7.091127
7.091127
7.091127
7.091127
7.091127
7.091127
7.091127
7.091127
7.091127
7.091127
7.091127
7.091127
7.091127
7.091127
7.091127
7.091127
7.091127
7.091127
7.091127
7.091127
7.091127
7.091127
7.091127
7.091127
7.091127
7.091127
7.091127
7.091127
7.091127
7.091127
7.091127
7.091127
7.091127
7.091127
7.091127
7.091127
7.091127
7.091127
7.091127
7.091127
7.091127
7.091127
7.091127
7.091127
7.091127
7.091127
7.091127
7.091127
7.091127
7.091127
7.091127
7.091127
7.091127
7.091127
7.091127
7.091127
7.091127
7.091127
7.091127
7.091127
7.091127
7.091127
7.091127
7.091127
7.091127
7.091127
7.091127
7.091127
7.091127
7.091127
7.091127
7.091127
7.091127
7.091127
7.091127
7.091127
7.091127
7.091127
7.091127
7.091127
7.091127
7.091127
7.091127
7.091127
7.091127
7.091127
7.091127
7.091127
7.091127
7.091127
7.091127
7.091127
7.091127
7.091127
7.091128
7.091128
7.091128
7.091128
7.091129
7.091129
7.091130
7.091131
7.091132
7.091133
7.091134
7.091136
7.091137
7.091139
7.091140
7.091141
7.091143
7.091144
7.091145
7.091145
7.091146
7.091146
7.091146
7.091146
7.091146
7.091145
7.091143
7.091141
7.091139
7.091137
7.091134
7.091130
7.091127
7.091122
7.091117
7.091112
7.091106
7.091100
7.091093
7.091085
7.091077
7.091069
7.091060
7.091050
7.091039
7.091029
7.091017
7.091005
7.090992
7.090979
7.090966
7.090952
7.090937
7.090922
7.090906
7.090890
7.090873
7.090856
7.090838
7.090820
7.090802
7.090783
7.090764
7.090744
7.090724
7.090704
7.090683
7.090663
7.090642
7.090620
7.090599
7.090577
7.090555
7.090533
7.090511
7.090489
7.090468
7.090446
7.090424
7.090402
7.090381
7.090359
7.090338
7.090317
7.090296
7.090276
7.090255
7.090235
7.090214
7.090194
7.090174
7.090153
7.090133
7.090112
7.090092
7.090071
7.090051
7.090031
7.090010
7.089990
7.089969
7.089949
7.089928
7.089908
7.089888
7.089867
7.089847
7.089826
7.089806
7.089785
7.089765
7.089744
7.089724
7.089703
7.089683
7.089662
7.089642
7.089621
7.089601
7.089580
7.089560
7.089539
7.089519
7.089498
7.089478
7.089457
7.089436
7.089416
7.089395
7.089375
7.089354
7.089333
7.089313
7.089292
7.089272
7.089251
7.089230
7.089210
7.089189
7.089169
7.089149
7.089128
7.089108
7.089087
7.089067
7.089047
7.089026
7.089006
7.088986
7.088965
7.088945
7.088924
7.088904
7.088884
7.088863
7.088843
7.088823
7.088802
7.088782
7.088761
7.088741
7.088721
7.088700
7.088680
7.088660
7.088639
7.088619
7.088598
7.088578
7.088557
7.088537
7.088517
7.088496
7.088476
7.088456
7.088435
7.088415
7.088394
7.088374
7.088353
7.088333
7.088312
7.088292
7.088272
7.088251
7.088231
7.088211
7.088190
7.088170
7.088149
7.088129
7.088108
7.088088
7.088067
7.088047
7.088027
7.088006
7.087986
7.087965
7.087945
7.087924
7.087904
7.087883
7.087863
7.087842
7.087822
7.087801
7.087781
7.087760
7.087740
7.087719
7.087699
7.087679
7.087658
7.087638
7.087618
7.087598
7.087578
7.087558
7.087539
7.087519
7.087500
7.087481
7.087462
7.087443
7.087424
7.087404
7.087385
7.087366
7.087346
7.087326
7.087306
7.087286
7.087265
7.087245
7.087224
7.087203
7.087181
7.087159
7.087137
7.087115
7.087092
7.087068
7.087045
7.087020
7.086996
7.086971
7.086945
7.086919
7.086893
7.086866
7.086838
7.086810
7.086782
7.086753
7.086724
7.086694
7.086664
7.086633
7.086602
7.086571
7.086539
7.086506
7.086473
7.086440
7.086406
7.086371
7.086336
7.086301
7.086266
7.086230
7.086194
7.086157
7.086120
7.086083
7.086045
7.086007
7.085969
7.085931
7.085892
7.085853
7.085814
7.085775
7.085736
7.085697
7.085658
7.085619
7.085580
7.085540
7.085501
7.085462
7.085423
7.085384
7.085346
7.085307
7.085269
7.085231
7.085193
7.085155
7.085117
7.085079
7.085041
7.085003
7.084966
7.084928
7.084890
7.084852
7.084814
7.084777
7.084739
7.084701
7.084663
7.084625
7.084587
7.084549
7.084511
7.084473
7.084435
7.084397
7.084359
7.084321
7.084283
7.084245
7.084207
7.084170
7.084132
7.084094
7.084056
7.084018
7.083981
7.083943
7.083905
7.083868
7.083831
7.083794
7.083757
7.083720
7.083683
7.083646
7.083609
7.083572
7.083535
7.083497
7.083460
7.083423
7.083385
7.083347
7.083309
7.083271
7.083233
7.083194
7.083155
7.083116
7.083077
7.083038
7.082998
7.082958
7.082918
7.082877
7.082837
7.082795
7.082754
7.082712
7.082670
7.082628
7.082585
7.082542
7.082499
7.082455
7.082412
7.082368
7.082323
7.082279
7.082233
7.082188
7.082142
7.082096
7.082050
7.082003
7.081956
7.081909
7.081861
7.081813
7.081765
7.081717
7.081668
7.081619
7.081570
7.081521
7.081471
7.081422
7.081372
7.081322
7.081272
7.081222
7.081171
7.081121
7.081071
7.081020
7.080970
7.080919
7.080869
7.080818
7.080768
7.080718
7.080667
7.080617
7.080567
7.080517
7.080467
7.080418
7.080368
7.080318
7.080269
7.080219
7.080169
7.080120
7.080070
7.080021
7.079972
7.079922
7.079873
7.079824
7.079774
7.079725
7.079676
7.079626
7.079577
7.079528
7.079478
7.079429
7.079379
7.079330
7.079280
7.079231
7.079181
7.079131
7.079082
7.079032
7.078982
7.078932
7.078881
7.078831
7.078781
7.078730
7.078679
7.078629
7.078578
7.078527
7.078476
7.078424
7.078373
7.078322
7.078270
7.078218
7.078166
7.078115
7.078062
7.078010
7.077958
7.077905
7.077853
7.077800
7.077747
7.077694
7.077641
7.077588
7.077535
7.077481
7.077428
7.077374
7.077320
7.077267
7.077213
7.077159
7.077105
7.077050
7.076996
7.076942
7.076887
7.076833
7.076779
7.076724
7.076670
7.076615
7.076560
7.076506
7.076451
7.076396
7.076342
7.076288
7.076233
7.076179
7.076124
7.076070
7.076016
7.075962
7.075908
7.075854
7.075801
7.075747
7.075694
7.075641
7.075588
7.075534
7.075481
7.075428
7.075374
7.075321
7.075268
7.075214
7.075160
7.075106
7.075052
7.074998
7.074943
7.074889
7.074834
7.074779
7.074723
7.074667
7.074611
7.074555
7.074499
7.074442
7.074385
7.074327
7.074269
7.074211
7.074152
7.074093
7.074034
7.073974
7.073915
7.073854
7.073794
7.073733
7.073672
7.073610
7.073548
7.073485
7.073423
7.073360
7.073296
7.073232
7.073168
7.073104
7.073039
7.072975
7.072909
7.072844
7.072778
7.072712
7.072646
7.072579
7.072512
7.072446
7.072379
7.072311
7.072244
7.072177
7.072110
7.072043
7.071975
7.071908
7.071841
7.071773
7.071706
7.071639
7.071572
7.071505
7.071438
7.071371
7.071304
7.071237
7.071170
7.071104
7.071037
7.070970
7.070903
7.070835
7.070768
7.070700
7.070632
7.070564
7.070495
7.070426
7.070358
7.070288
7.070219
7.070149
7.070079
7.070009
7.069939
7.069868
7.069797
7.069725
7.069654
7.069582
7.069509
7.069437
7.069364
7.069291
7.069218
7.069144
7.069070
7.068996
7.068921
7.068846
7.068771
7.068696
7.068620
7.068545
7.068469
7.068393
7.068317
7.068241
7.068164
7.068088
7.068011
7.067935
7.067858
7.067781
7.067705
7.067628
7.067551
7.067474
7.067397
7.067320
7.067243
7.067165
7.067087
7.067009
7.066931
7.066853
7.066774
7.066695
7.066616
7.066537
7.066458
7.066378
7.066299
7.066218
7.066138
7.066057
7.065975
7.065894
7.065812
7.065730
7.065647
7.065564
7.065481
7.065397
7.065313
7.065228
7.065143
7.065057
7.064972
7.064885
7.064799
7.064712
7.064624
7.064536
7.064448
7.064360
7.064271
7.064182
7.064092
7.064002
7.063912
7.063822
7.063731
7.063640
7.063548
7.063456
7.063364
7.063272
7.063180
7.063087
7.062994
7.062901
7.062808
7.062714
7.062620
7.062525
7.062431
7.062336
7.062241
7.062147
7.062052
7.061957
7.061862
7.061767
7.061671
7.061576
7.061481
7.061385
7.061289
7.061193
7.061097
7.061001
7.060904
7.060808
7.060711
7.060615
7.060518
7.060421
7.060324
7.060227
7.060130
7.060033
7.059936
7.059839
7.059742
7.059644
7.059546
7.059448
7.059350
7.059252
7.059153
7.059054
7.058955
7.058855
7.058755
7.058655
7.058554
7.058453
7.058352
7.058250
7.058148
7.058046
7.057943
7.057840
7.057737
7.057633
7.057529
7.057424
7.057320
7.057215
7.057109
7.057004
7.056898
7.056792
7.056686
7.056579
7.056473
7.056367
7.056260
7.056153
7.056046
7.055938
7.055830
7.055721
7.055612
7.055503
7.055393
7.055282
7.055171
7.055060
7.054947
7.054835
7.054721
7.054607
7.054492
7.054376
7.054260
7.054143
7.054025
7.053907
7.053787
7.053667
7.053547
7.053425
7.053303
7.053181
7.053057
7.052933
7.052809
7.052684
7.052558
7.052432
7.052305
7.052177
7.052049
7.051921
7.051792
7.051662
7.051532
7.051401
7.051269
7.051137
7.051004
7.050870
7.050735
7.050600
7.050464
7.050327
7.050190
7.050052
7.049913
7.049773
7.049634
7.049493
7.049352
7.049211
7.049070
7.048928
7.048786
7.048644
7.048501
7.048359
7.048216
7.048072
7.047929
7.047785
7.047641
7.047496
7.047352
7.047207
7.047062
7.046916
7.046771
7.046625
7.046479
7.046332
7.046185
7.046037
7.045889
7.045741
7.045592
7.045442
7.045291
7.045140
7.044988
7.044836
7.044683
7.044529
7.044375
7.044220
7.044065
7.043908
7.043751
7.043594
7.043436
7.043277
7.043117
7.042957
7.042796
7.042634
7.042472
7.042310
7.042147
7.041983
7.041820
7.041656
7.041492
7.041328
7.041163
7.040998
7.040833
7.040668
7.040502
7.040335
7.040169
7.040001
7.039834
7.039665
7.039496
7.039326
7.039156
7.038984
7.038812
7.038639
7.038465
7.038291
7.038116
7.037940
7.037763
7.037586
7.037408
7.037229
7.037049
7.036868
7.036687
7.036504
7.036321
7.036136
7.035951
7.035764
7.035576
7.035387
7.035197
7.035005
7.034812
7.034619
7.034424
7.034228
7.034032
7.033834
7.033635
7.033435
7.033234
7.033032
7.032828
7.032624
7.032418
7.032211
7.032004
7.031795
7.031585
7.031374
7.031163
7.030950
7.030737
7.030523
7.030308
7.030093
7.029876
7.029659
7.029442
7.029224
7.029005
7.028786
7.028566
7.028345
7.028124
7.027903
7.027681
7.027460
7.027238
7.027016
7.026794
7.026571
7.026349
7.026127
7.025904
7.025680
7.025456
7.025232
7.025006
7.024780
7.024554
7.024327
7.024099
7.023870
7.023641
7.023411
7.023180
7.022948
7.022715
7.022482
7.022248
7.022013
7.021777
7.021541
7.021303
7.021065
7.020826
7.020585
7.020344
7.020102
7.019858
7.019613
7.019368
7.019121
7.018873
7.018625
7.018375
7.018125
7.017873
7.017621
7.017367
7.017113
7.016857
7.016601
7.016344
7.016085
7.015825
7.015565
7.015304
7.015041
7.014778
7.014514
7.014249
7.013983
7.013716
7.013448
7.013179
7.012909
7.012638
7.012367
7.012095
7.011822
7.011548
7.011273
7.010997
7.010721
7.010443
7.010165
7.009886
7.009606
7.009325
7.009044
7.008762
7.008479
7.008195
7.007910
7.007625
7.007340
7.007053
7.006766
7.006479
7.006191
7.005902
7.005612
7.005321
7.005030
7.004738
7.004445
7.004152
7.003858
7.003563
7.003268
7.002972
7.002676
7.002379
7.002082
7.001784
7.001485
7.001186
7.000886
7.000585
7.000283
6.999981
6.999678
6.999374
6.999070
6.998764
6.998458
6.998152
6.997844
6.997536
6.997228
6.996918
6.996609
6.996298
6.995988
6.995676
6.995364
6.995052
6.994739
6.994426
6.994112
6.993798
6.993483
6.993168
6.992852
6.992536
6.992219
6.991901
6.991583
6.991264
6.990944
6.990623
6.990302
6.989979
6.989656
6.989331
6.989006
6.988679
6.988352
6.988024
6.987695
6.987364
6.987033
6.986700
6.986366
6.986032
6.985695
6.985358
6.985019
6.984679
6.984338
6.983996
6.983652
6.983307
6.982961
6.982614
6.982265
6.981914
6.981563
6.981210
6.980855
6.980500
6.980143
6.979785
6.979425
6.979064
6.978702
6.978339
6.977974
6.977608
6.977241
6.976872
6.976502
6.976131
6.975759
6.975386
6.975012
6.974636
6.974260
6.973881
6.973502
6.973121
6.972738
6.972355
6.971970
6.971583
6.971196
6.970807
6.970417
6.970026
6.969634
6.969241
6.968848
6.968453
6.968058
6.967662
6.967265
6.966867
6.966468
6.966067
6.965666
6.965263
6.964859
6.964453
6.964047
6.963639
6.963229
6.962819
6.962406
6.961993
6.961578
6.961162
6.960744
6.960325
6.959904
6.959482
6.959058
6.958633
6.958207
6.957779
6.957350
6.956919
6.956487
6.956053
6.955618
6.955182
6.954744
6.954304
6.953863
6.953420
6.952975
6.952529
6.952081
6.951631
6.951180
6.950728
6.950274
6.949819
6.949362
6.948904
6.948445
6.947984
6.947523
6.947059
6.946595
6.946130
6.945664
6.945196
6.944728
6.944259
6.943789
6.943317
6.942845
6.942371
6.941895
6.941418
6.940940
6.940461
6.939980
6.939498
6.939014
6.938529
6.938043
6.937556
6.937068
6.936578
6.936088
6.935596
6.935104
6.934611
6.934117
6.933623
6.933127
6.932631
6.932134
6.931636
6.931137
6.930636
6.930135
6.929632
6.929128
6.928622
6.928116
6.927608
6.927099
6.926588
6.926076
6.925563
6.925048
6.924532
6.924015
6.923497
6.922978
6.922458
6.921936
6.921414
6.920890
6.920366
6.919840
6.919314
6.918786
6.918257
6.917727
6.917195
6.916662
6.916128
6.915592
6.915054
6.914515
6.913975
6.913433
6.912889
6.912345
6.911799
6.911251
6.910703
6.910153
6.909603
6.909051
6.908498
6.907944
6.907390
6.906834
6.906277
6.905718
6.905159
6.904598
6.904036
6.903473
6.902907
6.902341
6.901772
6.901202
6.900630
6.900056
6.899480
6.898902
6.898322
6.897741
6.897157
6.896572
6.895984
6.895395
6.894804
6.894212
6.893617
6.893022
6.892424
6.891825
6.891223
6.890620
6.890015
6.889408
6.888799
6.888187
6.887573
6.886957
6.886338
6.885717
6.885093
6.884467
6.883838
6.883208
6.882575
6.881940
6.881302
6.880663
6.880022
6.879379
6.878735
6.878089
6.877441
6.876792
6.876141
6.875488
6.874833
6.874177
6.873518
6.872857
6.872194
6.871528
6.870861
6.870191
6.869519
6.868844
6.868167
6.867488
6.866807
6.866124
6.865439
6.864751
6.864062
6.863371
6.862677
6.861983
6.861286
6.860588
6.859888
6.859187
6.858483
6.857778
6.857071
6.856363
6.855652
6.854940
6.854225
6.853508
6.852789
6.852068
6.851344
6.850619
6.849891
6.849161
6.848429
6.847696
6.846960
6.846223
6.845483
6.844743
6.844001
6.843257
6.842513
6.841767
6.841019
6.840271
6.839521
6.838769
6.838017
6.837262
6.836506
6.835749
6.834990
6.834230
6.833467
6.832704
6.831938
6.831171
6.830402
6.829631
6.828859
6.828085
6.827311
6.826534
6.825757
6.824979
6.824200
6.823420
6.822640
6.821858
6.821075
6.820291
6.819505
6.818718
6.817930
6.817139
6.816347
6.815553
6.814756
6.813958
6.813157
6.812353
6.811547
6.810738
6.809927
6.809113
6.808297
6.807478
6.806656
6.805832
6.805005
6.804176
6.803344
6.802509
6.801672
6.800833
6.799991
6.799147
6.798300
6.797450
6.796598
6.795742
6.794884
6.794023
6.793158
6.792291
6.791421
6.790548
6.789672
6.788793
6.787911
6.787027
6.786140
6.785250
6.784358
6.783464
6.782568
6.781670
6.780771
6.779869
6.778966
6.778062
6.777156
6.776248
6.775339
6.774428
6.773515
6.772600
6.771683
6.770765
6.769844
6.768921
6.767997
6.767070
6.766142
6.765211
6.764278
6.763344
6.762408
6.761470
6.760531
6.759590
6.758648
6.757705
6.756760
6.755815
6.754868
6.753920
6.752970
6.752020
6.751068
6.750114
6.749158
6.748200
6.747240
6.746278
6.745314
6.744347
6.743377
6.742405
6.741430
6.740453
6.739473
6.738491
6.737506
6.736518
6.735528
6.734536
6.733541
6.732543
6.731544
6.730542
6.729539
6.728533
6.727526
6.726516
6.725503
6.724488
6.723471
6.722451
6.721428
6.720403
6.719375
6.718344
6.717311
6.716275
6.715236
6.714194
6.713149
6.712102
6.711052
6.709999
6.708944
6.707886
6.706826
6.705764
6.704699
6.703633
6.702564
6.701494
6.700422
6.699347
6.698271
6.697191
6.696110
6.695025
6.693938
6.692847
6.691754
6.690657
6.689558
6.688455
6.687349
6.686240
6.685128
6.684013
6.682895
6.681774
6.680651
6.679524
6.678395
6.677263
6.676128
6.674992
6.673853
6.672713
6.671569
6.670424
6.669276
6.668125
6.666971
6.665815
6.664655
6.663492
6.662326
6.661157
6.659985
6.658809
6.657631
6.656449
6.655263
6.654075
6.652883
6.651688
6.650490
6.649289
6.648084
6.646876
6.645664
6.644447
6.643227
6.642003
6.640777
6.639549
6.638323
6.637097
6.635873
6.634651
6.633427
6.632203
6.630976
6.629746
6.628513
6.627278
6.626039
6.624797
6.623552
6.622305
6.621054
6.619801
6.618546
6.617288
6.616027
6.614764
6.613499
6.612232
6.610963
6.609692
6.608419
6.607143
6.605865
6.604584
6.603300
6.602013
6.600722
6.599428
6.598130
6.596828
6.595523
6.594213
6.592900
6.591582
6.590260
6.588935
6.587605
6.586271
6.584933
6.583592
6.582246
6.580897
6.579545
6.578189
6.576830
6.575468
6.574102
6.572734
6.571361
6.569985
6.568605
6.567220
6.565832
6.564439
6.563041
6.561639
6.560232
6.558821
6.557404
6.555983
6.554557
6.553127
6.551691
6.550251
6.548807
6.547358
6.545905
6.544448
6.542988
6.541526
6.540061
6.538596
6.537131
6.535666
6.534202
6.532738
6.531273
6.529805
6.528332
6.526854
6.525370
6.523881
6.522388
6.520890
6.519389
6.517884
6.516376
6.514865
6.513351
6.511833
6.510313
6.508790
6.507264
6.505734
6.504203
6.502669
6.501132
6.499594
6.498053
6.496510
6.494964
6.493416
6.491865
6.490311
6.488754
6.487193
6.485629
6.484062
6.482491
6.480917
6.479340
6.477759
6.476175
6.474587
6.472996
6.471402
6.469804
6.468203
6.466599
6.464992
6.463383
6.461770
6.460155
6.458538
6.456919
6.455298
6.453674
6.452048
6.450419
6.448786
6.447150
6.445511
6.443868
6.442222
6.440571
6.438917
6.437258
6.435596
6.433930
6.432260
6.430585
6.428907
6.427225
6.425538
6.423848
6.422154
6.420457
6.418756
6.417052
6.415345
6.413634
6.411920
6.410203
6.408482
6.406757
6.405029
6.403296
6.401560
6.399819
6.398073
6.396323
6.394568
6.392809
6.391045
6.389277
6.387503
6.385726
6.383944
6.382157
6.380366
6.378571
6.376772
6.374968
6.373162
6.371352
6.369539
6.367723
6.365904
6.364082
6.362256
6.360426
6.358593
6.356755
6.354913
6.353066
6.351214
6.349358
6.347497
6.345631
6.343761
6.341885
6.340004
6.338118
6.336227
6.334332
6.332431
6.330526
6.328617
6.326703
6.324786
6.322866
6.320941
6.319014
6.317082
6.315147
6.313208
6.311264
6.309316
6.307362
6.305404
6.303440
6.301472
6.299497
6.297518
6.295533
6.293543
6.291547
6.289546
6.287539
6.285528
6.283511
6.281489
6.279462
6.277430
6.275394
6.273355
6.271311
6.269264
6.267213
6.265158
6.263100
6.261037
6.258970
6.256899
6.254824
6.252743
6.250658
6.248567
6.246472
6.244371
6.242266
6.240155
6.238040
6.235920
6.233795
6.231665
6.229531
6.227393
6.225251
6.223106
6.220957
6.218806
6.216652
6.214496
6.212338
6.210177
6.208014
6.205848
6.203678
6.201505
6.199328
6.197146
6.194961
6.192772
6.190578
6.188379
6.186176
6.183969
6.181756
6.179539
6.177317
6.175091
6.172859
6.170624
6.168384
6.166139
6.163891
6.161639
6.159384
6.157124
6.154861
6.152594
6.150323
6.148047
6.145767
6.143481
6.141190
6.138894
6.136593
6.134285
6.131973
6.129654
6.127330
6.125001
6.122666
6.120325
6.117979
6.115628
6.113271
6.110910
6.108544
6.106173
6.103799
6.101421
6.099039
6.096653
6.094264
6.091871
6.089474
6.087072
6.084665
6.082254
6.079838
6.077417
6.074991
6.072560
6.070125
6.067685
6.065240
6.062791
6.060337
6.057880
6.055418
6.052953
6.050484
6.048012
6.045538
6.043061
6.040582
6.038102
6.035619
6.033136
6.030650
6.028162
6.025672
6.023179
6.020684
6.018185
6.015682
6.013176
6.010667
6.008154
6.005637
6.003116
6.000591
5.998063
5.995530
5.992994
5.990455
5.987911
5.985364
5.982814
5.980262
5.977706
5.975149
5.972589
5.970027
5.967464
5.964898
5.962329
5.959758
5.957184
5.954605
5.952024
5.949438
5.946849
5.944256
5.941658
5.939056
5.936450
5.933839
5.931224
5.928605
5.925981
5.923353
5.920721
5.918084
5.915443
5.912799
5.910151
5.907500
5.904846
5.902189
5.899528
5.896864
5.894196
5.891524
5.888847
5.886166
5.883481
5.880790
5.878094
5.875394
5.872688
5.869978
5.867262
5.864541
5.861815
5.859084
5.856348
5.853607
5.850861
5.848111
5.845357
5.842599
5.839837
5.837071
5.834302
5.831529
5.828753
5.825973
5.823188
5.820399
5.817606
5.814808
5.812005
5.809197
5.806384
5.803566
5.800743
5.797915
5.795082
5.792245
5.789403
5.786556
5.783705
5.780850
5.777991
5.775128
5.772262
5.769393
5.766522
5.763648
5.760772
5.757893
5.755011
5.752127
5.749240
5.746349
5.743456
5.740558
5.737657
5.734752
5.731843
5.728930
5.726013
5.723092
5.720168
5.717240
5.714309
5.711374
5.708436
5.705495
5.702550
5.699603
5.696653
5.693701
5.690747
5.687791
5.684834
5.681876
5.678916
5.675953
5.672989
5.670022
5.667051
5.664078
5.661102
5.658122
5.655138
5.652151
5.649160
5.646165
5.643166
5.640164
5.637157
5.634146
5.631132
5.628113
5.625091
5.622065
5.619036
5.616004
5.612968
5.609929
5.606888
5.603844
5.600796
5.597746
5.594691
5.591633
5.588571
5.585505
5.582434
5.579359
5.576280
5.573196
5.570107
5.567014
5.563916
5.560814
5.557707
5.554596
5.551481
5.548361
5.545238
5.542110
5.538979
5.535844
5.532706
5.529565
5.526421
5.523273
5.520123
5.516970
5.513813
5.510653
5.507489
5.504321
5.501150
5.497974
5.494795
5.491612
5.488426
5.485235
5.482041
5.478844
5.475643
5.472439
5.469231
5.466020
5.462807
5.459590
5.456371
5.453150
5.449927
5.446701
5.443474
5.440245
5.437015
5.433782
5.430546
5.427308
5.424067
5.420823
5.417576
5.414326
5.411072
5.407814
5.404554
5.401290
5.398022
5.394751
5.391476
5.388198
5.384917
5.381632
5.378345
5.375054
5.371761
5.368465
5.365166
5.361866
5.358563
5.355258
5.351951
5.348642
5.345330
5.342015
5.338697
5.335376
5.332051
5.328723
5.325392
5.322058
5.318720
5.315379
5.312034
5.308687
5.305336
5.301982
5.298624
5.295264
5.291902
5.288536
5.285168
5.281798
5.278425
5.275051
5.271674
5.268296
5.264917
5.261535
5.258151
5.254766
5.251378
5.247987
5.244594
5.241198
5.237798
5.234396
5.230990
5.227581
5.224169
5.220754
5.217335
5.213912
5.210487
5.207058
5.203625
5.200190
5.196751
5.193309
5.189865
5.186417
5.182967
5.179514
5.176059
5.172602
5.169141
5.165678
5.162211
5.158740
5.155266
5.151789
5.148307
5.144822
5.141332
5.137839
5.134342
5.130840
5.127335
5.123825
5.120311
5.116793
5.113271
5.109746
5.106216
5.102683
5.099146
5.095606
5.092063
5.088515
5.084965
5.081411
5.077854
5.074294
5.070730
5.067163
5.063592
5.060017
5.056439
5.052857
5.049271
5.045682
5.042090
5.038494
5.034895
5.031293
5.027687
5.024079
5.020468
5.016854
5.013237
5.009618
5.005997
5.002373
4.998748
4.995120
4.991491
4.987860
4.984228
4.980593
4.976956
4.973317
4.969675
4.966031
4.962384
4.958734
4.955082
4.951427
4.947769
4.944108
4.940444
4.936778
4.933109
4.929438
4.925764
4.922088
4.918409
4.914729
4.911046
4.907362
4.903676
4.899989
4.896301
4.892611
4.888921
4.885229
4.881537
4.877842
4.874147
4.870450
4.866751
4.863050
4.859348
4.855645
4.851939
4.848232
4.844523
4.840813
4.837101
4.833386
4.829670
4.825951
4.822231
4.818509
4.814785
4.811059
4.807331
4.803601
4.799869
4.796136
4.792400
4.788663
4.784923
4.781181
4.777437
4.773690
4.769940
4.766188
4.762432
4.758674
4.754912
4.751147
4.747379
4.743608
4.739833
4.736055
4.732274
4.728489
4.724702
4.720911
4.717117
4.713320
4.709519
4.705716
4.701910
4.698100
4.694288
4.690473
4.686654
4.682832
4.679007
4.675178
4.671346
4.667510
4.663671
4.659827
4.655981
4.652130
4.648277
4.644420
4.640560
4.636696
4.632829
4.628960
4.625087
4.621212
4.617334
4.613454
4.609572
4.605688
4.601803
4.597915
4.594026
4.590136
4.586244
4.582351
4.578456
4.574560
4.570662
4.566762
4.562860
4.558956
4.555050
4.551143
4.547233
4.543321
4.539408
4.535492
4.531575
4.527655
4.523734
4.519811
4.515886
4.511960
4.508033
4.504104
4.500174
4.496243
4.492310
4.488377
4.484442
4.480507
4.476570
4.472632
4.468694
4.464754
4.460813
4.456870
4.452927
4.448983
4.445038
4.441092
4.437146
4.433199
4.429252
4.425304
4.421356
4.417408
4.413460
4.409511
4.405563
4.401615
4.397667
4.393719
4.389772
4.385826
4.381880
4.377935
4.373991
4.370046
4.366102
4.362158
4.358214
4.354269
4.350325
4.346380
4.342435
4.338489
4.334543
4.330596
4.326648
4.322700
4.318751
4.314801
4.310850
4.306898
4.302946
4.298992
4.295036
4.291080
4.287123
4.283164
4.279204
4.275243
4.271280
4.267315
4.263349
4.259380
4.255409
4.251436
4.247461
4.243483
4.239502
4.235520
4.231534
4.227547
4.223557
4.219565
4.215571
4.211574
4.207575
4.203573
4.199570
4.195564
4.191556
4.187546
4.183534
4.179520
4.175505
4.171487
4.167468
4.163446
4.159423
4.155398
4.151372
4.147344
4.143315
4.139284
4.135253
4.131220
4.127187
4.123152
4.119117
4.115081
4.111044
4.107007
4.102969
4.098931
4.094893
4.090854
4.086815
4.082776
4.078736
4.074697
4.070657
4.066617
4.062577
4.058535
4.054494
4.050452
4.046409
4.042366
4.038323
4.034279
4.030236
4.026192
4.022149
4.018106
4.014063
4.010021
4.005979
4.001938
3.997897
3.993858
3.989819
3.985782
3.981746
3.977711
3.973678
3.969647
3.965617
3.961589
3.957563
3.953539
3.949516
3.945496
3.941477
3.937460
3.933445
3.929432
3.925420
3.921409
3.917401
3.913393
3.909387
3.905383
3.901379
3.897377
3.893375
3.889375
3.885376
3.881377
3.877380
3.873383
3.869386
3.865389
3.861392
3.857396
3.853399
3.849401
3.845404
3.841405
3.837406
3.833407
3.829407
3.825406
3.821405
3.817402
3.813399
3.809395
3.805390
3.801384
3.797377
3.793369
3.789360
3.785350
3.781338
3.777326
3.773312
3.769297
3.765280
3.761263
3.757244
3.753224
3.749202
3.745180
3.741156
3.737132
3.733107
3.729082
3.725056
3.721029
3.717003
3.712976
3.708949
3.704921
3.700894
3.696867
3.692840
3.688813
3.684787
3.680762
3.676737
3.672713
3.668690
3.664667
3.660646
3.656625
3.652605
3.648586
3.644567
3.640549
3.636531
3.632514
3.628498
3.624483
3.620468
3.616453
3.612440
3.608427
3.604414
3.600402
3.596391
3.592381
3.588371
3.584362
3.580354
3.576346
3.572340
3.568334
3.564328
3.560323
3.556319
3.552316
3.548313
3.544310
3.540308
3.536307
3.532306
3.528307
3.524308
3.520311
3.516316
3.512323
3.508332
3.504343
3.500356
3.496372
3.492390
3.488411
3.484435
3.480462
3.476492
3.472525
3.468562
3.464601
3.460644
3.456690
3.452739
3.448791
3.444846
3.440904
3.436965
3.433029
3.429095
3.425164
3.421235
3.417310
3.413387
3.409466
3.405548
3.401633
3.397721
3.393810
3.389903
3.385997
3.382094
3.378193
3.374294
3.370398
3.366503
3.362609
3.358718
3.354828
3.350939
3.347052
3.343165
3.339279
3.335394
3.331509
3.327625
3.323742
3.319859
3.315977
3.312095
3.308214
3.304334
3.300455
3.296576
3.292697
3.288819
3.284942
3.281065
3.277189
3.273313
3.269438
3.265564
3.261690
3.257816
3.253943
3.250070
3.246197
3.242324
3.238452
3.234579
3.230706
3.226834
3.222962
3.219090
3.215220
3.211351
3.207483
3.203616
3.199751
3.195887
3.192026
3.188166
3.184308
3.180453
3.176599
3.172748
3.168898
3.165051
3.161206
3.157363
3.153522
3.149683
3.145846
3.142011
3.138177
3.134345
3.130514
3.126684
3.122856
3.119030
3.115206
3.111383
3.107564
3.103746
3.099931
3.096119
3.092309
3.088503
3.084699
3.080898
3.077101
3.073306
3.069515
3.065728
3.061944
3.058164
3.054387
3.050614
3.046845
3.043078
3.039316
3.035556
3.031800
3.028047
3.024298
3.020552
3.016810
3.013071
3.009337
3.005606
3.001879
2.998157
2.994438
2.990724
2.987014
2.983308
2.979606
2.975908
2.972214
2.968523
2.964837
2.961154
2.957474
2.953798
2.950125
2.946454
2.942786
2.939121
2.935458
2.931797
2.928138
2.924482
2.920829
2.917177
2.913529
2.909883
2.906241
2.902601
2.898963
2.895329
2.891697
2.888068
2.884441
2.880817
2.877195
2.873575
2.869958
2.866343
2.862729
2.859118
2.855508
2.851899
2.848292
2.844685
2.841080
2.837476
2.833873
2.830271
2.826671
2.823073
2.819477
2.815883
2.812291
2.808701
2.805114
2.801529
2.797947
2.794367
2.790791
2.787217
2.783645
2.780077
2.776512
2.772949
2.769388
2.765831
2.762275
2.758721
2.755170
2.751620
2.748072
2.744526
2.740981
2.737439
2.733898
2.730360
2.726824
2.723291
2.719761
2.716233
2.712709
2.709187
2.705669
2.702153
2.698641
2.695131
2.691625
2.688122
2.684621
2.681124
2.677630
2.674139
2.670651
2.667166
2.663683
2.660203
2.656725
2.653249
2.649777
2.646307
2.642840
2.639377
2.635917
2.632462
2.629010
2.625562
2.622119
2.618681
2.615247
2.611818
2.608394
2.604975
2.601560
2.598151
2.594745
2.591345
2.587949
2.584557
2.581170
2.577787
2.574407
2.571032
2.567659
2.564289
2.560923
2.557560
2.554201
2.550845
2.547492
2.544144
2.540800
2.537460
2.534123
2.530792
2.527464
2.524141
2.520821
2.517506
2.514195
2.510888
2.507585
2.504286
2.500990
2.497698
2.494409
2.491124
2.487841
2.484561
2.481284
2.478009
2.474737
2.471468
2.468202
2.464939
2.461680
2.458424
2.455171
2.451923
2.448678
2.445436
2.442199
2.438965
2.435735
2.432509
2.429287
2.426068
2.422853
2.419642
2.416434
2.413229
2.410028
2.406830
2.403634
2.400441
2.397250
2.394062
2.390876
2.387693
2.384512
2.381335
2.378161
2.374991
2.371825
2.368662
2.365504
2.362350
2.359200
2.356054
2.352912
2.349774
2.346641
2.343511
2.340386
2.337264
2.334145
2.331031
2.327919
2.324811
2.321705
2.318602
2.315502
2.312404
2.309308
2.306216
2.303127
2.300041
2.296959
2.293881
2.290808
2.287739
2.284675
2.281615
2.278561
2.275511
2.272467
2.269427
2.266393
2.263365
2.260341
2.257322
2.254309
2.251301
2.248297
2.245299
2.242304
2.239315
2.236329
2.233348
2.230371
2.227398
2.224429
2.221465
2.218505
2.215551
2.212601
2.209657
2.206718
2.203783
2.200855
2.197931
2.195012
2.192099
2.189190
2.186286
2.183387
2.180493
2.177603
2.174718
2.171837
2.168959
2.166085
2.163214
2.160346
2.157480
2.154618
2.151759
2.148903
2.146050
2.143201
2.140356
2.137515
2.134678
2.131845
2.129017
2.126193
2.123373
2.120557
2.117746
2.114939
2.112136
2.109337
2.106542
2.103752
2.100965
2.098182
2.095403
2.092627
2.089854
2.087084
2.084317
2.081553
2.078793
2.076035
2.073282
2.070532
2.067787
2.065045
2.062308
2.059575
2.056847
2.054123
2.051404
2.048690
2.045980
2.043275
2.040574
2.037878
2.035186
2.032498
2.029815
2.027135
2.024459
2.021787
2.019118
2.016452
2.013788
2.011127
2.008469
2.005815
2.003163
2.000515
1.997871
1.995230
1.992594
1.989962
1.987334
1.984710
1.982091
1.979476
1.976865
1.974259
1.971657
1.969059
1.966466
1.963877
1.961292
1.958712
1.956135
1.953562
1.950993
1.948427
1.945865
1.943306
1.940750
1.938199
1.935652
1.933108
1.930570
1.928036
1.925508
1.922984
1.920466
1.917953
1.915445
1.912942
1.910445
1.907953
1.905466
1.902985
1.900508
1.898036
1.895569
1.893107
1.890650
1.888196
1.885747
1.883302
1.880859
1.878421
1.875985
1.873553
1.871124
1.868699
1.866279
1.863862
1.861450
1.859042
1.856639
1.854240
1.851845
1.849455
1.847069
1.844688
1.842312
1.839939
1.837571
1.835207
1.832847
1.830491
1.828138
1.825788
1.823442
1.821099
1.818758
1.816420
1.814085
1.811752
1.809422
1.807096
1.804772
1.802453
1.800137
1.797826
1.795518
1.793215
1.790917
1.788622
1.786333
1.784048
1.781767
1.779492
1.777221
1.774955
1.772693
1.770436
1.768183
1.765935
1.763690
1.761450
1.759213
1.756980
1.754751
1.752526
1.750304
1.748087
1.745874
1.743665
1.741461
1.739261
1.737066
1.734876
1.732690
1.730508
1.728332
1.726160
1.723992
1.721829
1.719670
1.717515
1.715365
1.713218
1.711076
1.708937
1.706801
1.704668
1.702538
1.700411
1.698287
1.696165
1.694046
1.691930
1.689818
1.687710
1.685605
1.683505
1.681408
1.679316
1.677229
1.675146
1.673068
1.670995
1.668926
1.666862
1.664803
1.662749
1.660699
1.658654
1.656614
1.654578
1.652546
1.650518
1.648495
1.646475
1.644460
1.642449
1.640441
1.638438
1.636439
1.634445
1.632456
1.630471
1.628492
1.626517
1.624547
1.622583
1.620623
1.618668
1.616718
1.614773
1.612833
1.610897
1.608966
1.607039
1.605116
1.603198
1.601283
1.599372
1.597464
1.595559
1.593657
1.591757
1.589861
1.587967
1.586075
1.584187
1.582302
1.580419
1.578540
1.576664
1.574791
1.572921
1.571055
1.569191
1.567332
1.565475
1.563621
1.561771
1.559923
1.558079
1.556237
1.554398
1.552562
1.550728
1.548897
1.547067
1.545240
1.543414
1.541591
1.539769
1.537950
1.536134
1.534320
1.532510
1.530703
1.528899
1.527099
1.525302
1.523509
1.521720
1.519935
1.518154
1.516376
1.514603
1.512834
1.511068
1.509306
1.507548
1.505794
1.504044
1.502296
1.500553
1.498812
1.497075
1.495340
1.493609
1.491881
1.490156
1.488434
1.486716
1.485002
1.483290
1.481583
1.479879
1.478180
1.476484
1.474791
1.473103
1.471418
1.469737
1.468059
1.466385
1.464714
1.463047
1.461383
1.459723
1.458065
1.456410
1.454757
1.453107
1.451459
1.449814
1.448170
1.446530
1.444892
1.443257
1.441625
1.439997
1.438372
1.436751
1.435133
1.433520
1.431910
1.430304
1.428702
1.427104
1.425510
1.423920
1.422333
1.420751
1.419172
1.417597
1.416025
1.414457
1.412892
1.411330
1.409770
1.408215
1.406662
1.405112
1.403566
1.402024
1.400485
1.398950
1.397419
1.395892
1.394369
1.392850
1.391335
1.389824
1.388316
1.386813
1.385313
1.383818
1.382325
1.380837
1.379351
1.377869
1.376390
1.374914
1.373441
1.371970
1.370501
1.369034
1.367569
1.366107
1.364646
1.363187
1.361731
1.360277
1.358825
1.357376
1.355930
1.354486
1.353045
1.351607
1.350171
1.348738
1.347307
1.345880
1.344454
1.343031
1.341611
1.340192
1.338776
1.337362
1.335950
1.334539
1.333129
1.331721
1.330314
1.328908
1.327505
1.326103
1.324703
1.323306
1.321911
1.320519
1.319130
1.317745
1.316363
1.314984
1.313608
1.312236
1.310868
1.309503
1.308142
1.306784
1.305430
1.304080
1.302733
1.301390
1.300051
1.298714
1.297382
1.296052
1.294726
1.293404
1.292085
1.290770
1.289459
1.288151
1.286848
1.285549
1.284254
1.282963
1.281677
1.280395
1.279117
1.277844
1.276575
1.275309
1.274048
1.272791
1.271538
1.270288
1.269042
1.267800
1.266560
1.265324
1.264090
1.262859
1.261630
1.260404
1.259181
1.257960
1.256742
1.255527
1.254315
1.253106
1.251900
1.250698
1.249499
1.248303
1.247109
1.245920
1.244733
1.243549
1.242367
1.241189
1.240013
1.238840
1.237669
1.236500
1.235334
1.234169
1.233005
1.231843
1.230683
1.229524
1.228366
1.227210
1.226057
1.224905
1.223756
1.222610
1.221466
1.220324
1.219185
1.218049
1.216916
1.215785
1.214658
1.213533
1.212411
1.211292
1.210176
1.209063
1.207953
1.206845
1.205740
1.204638
1.203538
1.202441
1.201346
1.200254
1.199164
1.198077
1.196992
1.195911
1.194832
1.193756
1.192683
1.191614
1.190547
1.189484
1.188423
1.187366
1.186312
1.185261
1.184213
1.183167
1.182125
1.181085
1.180048
1.179014
1.177981
1.176951
1.175923
1.174897
1.173873
1.172851
1.171831
1.170812
1.169796
1.168783
1.167772
1.166763
1.165757
1.164755
1.163755
1.162759
1.161766
1.160776
1.159790
1.158807
1.157827
1.156850
1.155875
1.154903
1.153933
1.152963
1.151995
1.151026
1.150057
1.149086
1.148115
1.147142
1.146168
1.145192
1.144215
1.143237
1.142258
1.141279
1.140298
1.139318
1.138336
1.137355
1.136374
1.135393
1.134412
1.133432
1.132452
1.131473
1.130494
1.129517
1.128540
1.127565
1.126590
1.125617
1.124645
1.123673
1.122704
1.121736
1.120769
1.119805
1.118843
1.117883
1.116927
1.115973
1.115022
1.114075
1.113131
1.112191
1.111254
1.110321
1.109392
1.108467
1.107546
1.106629
1.105716
1.104807
1.103902
1.103001
1.102104
1.101211
1.100321
1.099436
1.098555
1.097678
1.096806
1.095938
1.095074
1.094216
1.093363
1.092515
1.091672
1.090835
1.090003
1.089176
1.088355
1.087538
1.086726
1.085917
1.085113
1.084312
1.083514
1.082718
1.081923
1.081131
1.080339
1.079548
1.078758
1.077969
1.077181
1.076394
1.075608
1.074823
1.074040
1.073260
1.072481
1.071704
1.070930
1.070158
1.069388
1.068621
1.067857
1.067095
1.066336
1.065579
1.064825
1.064073
1.063324
1.062578
1.061833
1.061092
1.060352
1.059615
1.058880
1.058147
1.057416
1.056688
1.055961
1.055237
1.054516
1.053796
1.053080
1.052365
1.051653
1.050943
1.050235
1.049530
1.048827
1.048126
1.047427
1.046730
1.046034
1.045341
1.044649
1.043959
1.043270
1.042582
1.041896
1.041210
1.040526
1.039843
1.039160
1.038479
1.037799
1.037121
1.036443
1.035768
1.035094
1.034421
1.033751
1.033082
1.032415
1.031749
1.031086
1.030424
1.029765
1.029107
1.028451
1.027797
1.027145
1.026494
1.025845
1.025198
1.024553
1.023909
1.023266
1.022625
1.021986
1.021349
1.020713
1.020079
1.019447
1.018816
1.018187
1.017560
1.016935
1.016312
1.015691
1.015072
1.014455
1.013840
1.013227
1.012616
1.012007
1.011400
1.010795
1.010192
1.009590
1.008990
1.008392
1.007795
1.007200
1.006607
1.006015
1.005424
1.004835
1.004248
1.003663
1.003079
1.002497
1.001917
1.001338
1.000761
1.000186
0.999612
0.999040
0.998470
0.997901
0.997334
0.996768
0.996204
0.995641
0.995079
0.994518
0.993959
0.993400
0.992843
0.992286
0.991730
0.991176
0.990622
0.990070
0.989519
0.988969
0.988421
0.987874
0.987328
0.986784
0.986241
0.985700
0.985160
0.984622
0.984085
0.983550
0.983017
0.982485
0.981954
0.981425
0.980898
0.980372
0.979847
0.979324
0.978801
0.978281
0.977761
0.977242
0.976725
0.976209
0.975694
0.975180
0.974668
0.974157
0.973648
0.973140
0.972634
0.972129
0.971625
0.971123
0.970623
0.970124
0.969627
0.969131
0.968636
0.968143
0.967651
0.967161
0.966672
0.966184
0.965697
0.965212
0.964727
0.964244
0.963762
0.963280
0.962800
0.962321
0.961843
0.961367
0.960892
0.960418
0.959945
0.959474
0.959004
0.958536
0.958069
0.957603
0.957139
0.956677
0.956215
0.955755
0.955297
0.954840
0.954384
0.953929
0.953475
0.953023
0.952572
0.952122
0.951674
0.951227
0.950782
0.950338
0.949895
0.949453
0.949013
0.948573
0.948136
0.947699
0.947264
0.946831
0.946398
0.945968
0.945538
0.945110
0.944684
0.944258
0.943834
0.943411
0.942989
0.942569
0.942150
0.941732
0.941317
0.940902
0.940490
0.940079
0.939671
0.939264
0.938859
0.938456
0.938056
0.937657
0.937260
0.936866
0.936474
0.936084
0.935697
0.935312
0.934930
0.934550
0.934173
0.933799
0.933427
0.933058
0.932691
0.932327
0.931966
0.931607
0.931251
0.930897
0.930545
0.930195
0.929848
0.929503
0.929160
0.928820
0.928481
0.928144
0.927809
0.927476
0.927145
0.926815
0.926487
0.926160
0.925835
0.925511
0.925188
0.924866
0.924545
0.924225
0.923906
0.923587
0.923269
0.922951
0.922634
0.922317
0.922000
0.921683
0.921367
0.921049
0.920732
0.920414
0.920096
0.919777
0.919457
0.919137
0.918817
0.918495
0.918174
0.917851
0.917528
0.917205
0.916881
0.916556
0.916232
0.915906
0.915581
0.915255
0.914929
0.914604
0.914278
0.913953
0.913628
0.913303
0.912978
0.912653
0.912329
0.912005
0.911682
0.911360
0.911038
0.910717
0.910397
0.910079
0.909761
0.909444
0.909128
0.908814
0.908501
0.908189
0.907879
0.907569
0.907261
0.906954
0.906648
0.906343
0.906039
0.905736
0.905434
0.905132
0.904831
0.904531
0.904232
0.903933
0.903636
0.903339
0.903042
0.902747
0.902452
0.902157
0.901863
0.901570
0.901277
0.900984
0.900692
0.900401
0.900109
0.899818
0.899528
0.899237
0.898948
0.898658
0.898369
0.898081
0.897793
0.897505
0.897218
0.896930
0.896644
0.896357
0.896071
0.895785
0.895500
0.895215
0.894931
0.894647
0.894365
0.894083
0.893802
0.893522
0.893243
0.892965
0.892687
0.892411
0.892136
0.891861
0.891588
0.891316
0.891045
0.890775
0.890506
0.890238
0.889972
0.889706
0.889442
0.889179
0.888917
0.888656
0.888397
0.888138
0.887881
0.887625
0.887370
0.887116
0.886863
0.886612
0.886361
0.886112
0.885863
0.885615
0.885369
0.885123
0.884878
0.884634
0.884391
0.884149
0.883907
0.883666
0.883426
0.883186
0.882946
0.882707
0.882469
0.882230
0.881992
0.881754
0.881516
0.881278
0.881039
0.880801
0.880564
0.880326
0.880088
0.879851
0.879614
0.879377
0.879141
0.878906
0.878670
0.878435
0.878201
0.877967
0.877733
0.877500
0.877267
0.877034
0.876802
0.876570
0.876339
0.876108
0.875877
0.875648
0.875418
0.875190
0.874962
0.874735
0.874509
0.874283
0.874058
0.873834
0.873611
0.873388
0.873166
0.872945
0.872725
0.872505
0.872286
0.872068
0.871850
0.871633
0.871417
0.871202
0.870988
0.870774
0.870561
0.870349
0.870138
0.869928
0.869718
0.869509
0.869301
0.869094
0.868887
0.868681
0.868476
0.868271
0.868067
0.867863
0.867659
0.867456
0.867254
0.867051
0.866849
0.866648
0.866447
0.866246
0.866045
0.865844
0.865644
0.865444
0.865245
0.865045
0.864846
0.864648
0.864450
0.864252
0.864055
0.863858
0.863662
0.863467
0.863272
0.863077
0.862883
0.862689
0.862496
0.862303
0.862110
0.861918
0.861727
0.861536
0.861345
0.861155
0.860966
0.860777
0.860590
0.860402
0.860216
0.860030
0.859845
0.859661
0.859478
0.859296
0.859114
0.858934
0.858754
0.858574
0.858396
0.858218
0.858041
0.857865
0.857689
0.857514
0.857340
0.857166
0.856993
0.856821
0.856649
0.856479
0.856309
0.856139
0.855971
0.855803
0.855637
0.855471
0.855305
0.855141
0.854977
0.854814
0.854652
0.854490
0.854329
0.854168
0.854009
0.853849
0.853691
0.853533
0.853375
0.853218
0.853062
0.852906
0.852751
0.852596
0.852442
0.852289
0.852136
0.851984
0.851833
0.851682
0.851531
0.851382
0.851232
0.851083
0.850935
0.850787
0.850639
0.850491
0.850344
0.850198
0.850051
0.849905
0.849759
0.849613
0.849468
0.849323
0.849179
0.849034
0.848890
0.848747
0.848604
0.848460
0.848318
0.848175
0.848032
0.847890
0.847748
0.847606
0.847464
0.847322
0.847181
0.847039
0.846898
0.846757
0.846616
0.846476
0.846335
0.846194
0.846054
0.845914
0.845775
0.845635
0.845496
0.845357
0.845219
0.845081
0.844943
0.844805
0.844669
0.844532
0.844396
0.844260
0.844125
0.843990
0.843855
0.843721
0.843587
0.843453
0.843320
0.843187
0.843054
0.842922
0.842790
0.842658
0.842526
0.842395
0.842265
0.842135
0.842005
0.841875
0.841746
0.841618
0.841490
0.841362
0.841235
0.841108
0.840982
0.840857
0.840732
0.840607
0.840483
0.840360
0.840237
0.840114
0.839992
0.839871
0.839749
0.839629
0.839508
0.839388
0.839269
0.839150
0.839031
0.838912
0.838793
0.838675
0.838557
0.838439
0.838321
0.838203
0.838085
0.837968
0.837850
0.837734
0.837617
0.837501
0.837385
0.837269
0.837155
0.837040
0.836926
0.836812
0.836699
0.836586
0.836473
0.836361
0.836249
0.836138
0.836028
0.835917
0.835807
0.835697
0.835588
0.835479
0.835371
0.835263
0.835155
0.835047
0.834940
0.834833
0.834726
0.834620
0.834513
0.834407
0.834301
0.834195
0.834089
0.833984
0.833878
0.833773
0.833668
0.833562
0.833458
0.833353
0.833249
0.833145
0.833041
0.832938
0.832835
0.832732
0.832630
0.832528
0.832427
0.832326
0.832225
0.832125
0.832025
0.831926
0.831827
0.831728
0.831630
0.831533
0.831435
0.831338
0.831242
0.831146
0.831051
0.830955
0.830860
0.830766
0.830672
0.830578
0.830484
0.830391
0.830298
0.830205
0.830113
0.830022
0.829931
0.829840
0.829750
0.829660
0.829571
0.829482
0.829394
0.829305
0.829218
0.829130
0.829043
0.828956
0.828870
0.828783
0.828697
0.828611
0.828525
0.828440
0.828355
0.828270
0.828185
0.828101
0.828017
0.827933
0.827850
0.827766
0.827683
0.827601
0.827518
0.827436
0.827354
0.827272
0.827190
0.827109
0.827027
0.826946
0.826865
0.826784
0.826703
0.826622
0.826542
0.826462
0.826382
0.826303
0.826224
0.826145
0.826067
0.825989
0.825912
0.825835
0.825758
0.825681
0.825605
0.825530
0.825454
0.825379
0.825305
0.825230
0.825156
0.825083
0.825009
0.824936
0.824864
0.824792
0.824719
0.824648
0.824576
0.824505
0.824434
0.824363
0.824292
0.824221
0.824151
0.824080
0.824010
0.823940
0.823869
0.823799
0.823729
0.823659
0.823588
0.823518
0.823448
0.823378
0.823308
0.823238
0.823168
0.823097
0.823027
0.822957
0.822887
0.822816
0.822747
0.822677
0.822607
0.822537
0.822468
0.822399
0.822330
0.822261
0.822192
0.822124
0.822056
0.821988
0.821920
0.821853
0.821785
0.821718
0.821652
0.821585
0.821519
0.821453
0.821387
0.821321
0.821255
0.821190
0.821125
0.821060
0.820996
0.820932
0.820867
0.820804
0.820740
0.820676
0.820613
0.820550
0.820487
0.820424
0.820361
0.820299
0.820236
0.820174
0.820112
0.820050
0.819988
0.819926
0.819864
0.819802
0.819741
0.819679
0.819617
0.819555
0.819493
0.819431
0.819369
0.819306
0.819244
0.819181
0.819118
0.819055
0.818993
0.818930
0.818867
0.818804
0.818741
0.818679
0.818616
0.818554
0.818492
0.818430
0.818368
0.818306
0.818245
0.818184
0.818123
0.818062
0.818002
0.817942
0.817882
0.817822
0.817763
0.817704
0.817645
0.817586
0.817528
0.817470
0.817412
0.817355
0.817298
0.817242
0.817185
0.817129
0.817074
0.817018
0.816963
0.816908
0.816854
0.816799
0.816746
0.816692
0.816639
0.816585
0.816532
0.816480
0.816428
0.816376
0.816324
0.816272
0.816221
0.816169
0.816118
0.816067
0.816017
0.815966
0.815916
0.815865
0.815815
0.815765
0.815714
0.815664
0.815614
0.815564
0.815514
0.815464
0.815414
0.815363
0.815313
0.815263
0.815212
0.815161
0.815110
0.815060
0.815009
0.814958
0.814906
0.814855
0.814804
0.814752
0.814700
0.814648
0.814596
0.814544
0.814492
0.814440
0.814388
0.814336
0.814284
0.814232
0.814180
0.814129
0.814077
0.814026
0.813975
0.813924
0.813874
0.813823
0.813773
0.813724
0.813674
0.813625
0.813576
0.813528
0.813480
0.813432
0.813385
0.813338
0.813292
0.813246
0.813200
0.813155
0.813110
0.813066
0.813022
0.812978
0.812935
0.812892
0.812850
0.812808
0.812767
0.812726
0.812685
0.812645
0.812606
0.812566
0.812527
0.812489
0.812451
0.812413
0.812375
0.812338
0.812301
0.812265
0.812229
0.812193
0.812157
0.812122
0.812087
0.812052
0.812017
0.811982
0.811948
0.811913
0.811879
0.811845
0.811811
0.811777
0.811743
0.811709
0.811674
0.811640
0.811606
0.811571
0.811536
0.811501
0.811466
0.811431
0.811396
0.811361
0.811326
0.811290
0.811255
0.811220
0.811185
0.811149
0.811114
0.811079
0.811044
0.811008
0.810973
0.810938
0.810902
0.810867
0.810832
0.810797
0.810761
0.810726
0.810691
0.810655
0.810620
0.810585
0.810550
0.810514
0.810479
0.810444
0.810408
0.810373
0.810338
0.810303
0.810267
0.810232
0.810197
0.810161
0.810126
0.810091
0.810055
0.810020
0.809984
0.809949
0.809913
0.809877
0.809841
0.809805
0.809769
0.809732
0.809696
0.809659
0.809623
0.809587
0.809551
0.809514
0.809478
0.809442
0.809407
0.809371
0.809336
0.809300
0.809265
0.809231
0.809196
0.809162
0.809128
0.809095
0.809061
0.809028
0.808996
0.808963
0.808931
0.808900
0.808869
0.808838
0.808807
0.808777
0.808747
0.808718
0.808689
0.808661
0.808633
0.808605
0.808578
0.808551
0.808524
0.808498
0.808473
0.808447
0.808422
0.808398
0.808373
0.808350
0.808326
0.808303
0.808280
0.808258
0.808235
0.808214
0.808192
0.808170
0.808149
0.808128
0.808108
0.808087
0.808067
0.808047
0.808027
0.808007
0.807987
0.807967
0.807948
0.807928
0.807908
0.807889
0.807869
0.807849
0.807829
0.807809
0.807789
0.807768
0.807748
0.807727
0.807707
0.807686
0.807665
0.807645
0.807624
0.807603
0.807582
0.807562
0.807541
0.807520
0.807500
0.807479
0.807458
0.807437
0.807417
0.807396
0.807375
0.807354
0.807334
0.807313
0.807292
0.807271
0.807251
0.807230
0.807209
0.807188
0.807168
0.807147
0.807126
0.807105
0.807085
0.807064
0.807043
0.807022
0.807002
0.806981
0.806960
0.806940
0.806919
0.806898
0.806877
0.806856
0.806836
0.806815
0.806794
0.806774
0.806753
0.806732
0.806711
0.806691
0.806670
0.806649
0.806628
0.806608
0.806587
0.806566
0.806545
0.806525
0.806504
0.806483
0.806462
0.806442
0.806421
0.806400
0.806379
0.806359
0.806338
0.806317
0.806296
0.806276
0.806255
0.806234
0.806213
0.806193
0.806172
0.806151
0.806130
0.806110
0.806089
0.806068
0.806048
0.806027
0.806006
0.805985
0.805965
0.805944
0.805923
0.805902
0.805882
0.805861
0.805840
0.805819
0.805799
0.805778
0.805757
0.805736
0.805716
0.805695
0.805674
0.805653
0.805633
0.805612
0.805591
0.805570
0.805550
0.805529
0.805508
0.805488
0.805467
0.805446
0.805425
0.805404
0.805384
0.805363
0.805342
0.805322
0.805301
0.805280
0.805259
0.805238
0.805218
0.805197
0.805176
0.805156
0.805135
0.805114
0.805093
0.805072
0.805051
0.805029
0.805008
0.804986
0.804965
0.804943
0.804921
0.804900
0.804878
0.804856
0.804835
0.804813
0.804792
0.804770
0.804749
0.804728
0.804707
0.804687
0.804666
0.804646
0.804626
0.804606
0.804587
0.804567
0.804548
0.804530
0.804511
0.804493
0.804476
0.804458
0.804441
0.804424
0.804408
0.804392
0.804376
0.804360
0.804345
0.804331
0.804316
0.804302
0.804288
0.804275
0.804262
0.804250
0.804237
0.804225
0.804214
0.804203
0.804191
0.804181
0.804171
0.804160
0.804151
0.804141
0.804132
0.804123
0.804114
0.804106
0.804098
0.804090
0.804082
0.804074
0.804066
0.804059
0.804052
0.804044
0.804037
0.804030
0.804023
0.804016
0.804009
0.804002
0.803995
0.803988
0.803981
0.803973
0.803966
0.803958
0.803951
0.803943
0.803935
0.803927
0.803919
0.803911
0.803903
0.803895
0.803887
0.803879
0.803871
0.803863
0.803855
0.803848
0.803840
0.803832
0.803824
0.803816
0.803808
0.803800
0.803792
0.803784
0.803776
0.803768
0.803760
0.803752
0.803744
0.803736
0.803728
0.803720
0.803712
0.803704
0.803696
0.803688
0.803680
0.803672
0.803665
0.803656
0.803649
0.803641
0.803633
0.803625
0.803617
0.803609
0.803601
0.803593
0.803585
0.803577
0.803569
0.803561
0.803553
0.803545
0.803537
0.803529
0.803521
0.803513
0.803505
0.803497
0.803489
0.803481
0.803473
0.803466
0.803458
0.803450
0.803442
0.803434
0.803426
0.803418
0.803410
0.803402
0.803394
0.803386
0.803378
0.803370
0.803362
0.803354
0.803346
0.803338
0.803330
0.803322
0.803314
0.803306
0.803299
0.803291
0.803283
0.803275
0.803267
0.803259
0.803251
0.803243
0.803235
0.803227
0.803219
0.803211
0.803203
0.803195
0.803187
0.803179
0.803171
0.803163
0.803155
0.803147
0.803139
0.803131
0.803123
0.803115
0.803107
0.803099
0.803092
0.803084
0.803076
0.803068
0.803060
0.803052
0.803044
0.803036
0.803028
0.803020
0.803012
0.803004
0.802996
0.802988
0.802980
0.802972
0.802964
0.802956
0.802948
0.802940
0.802933
0.802925
0.802917
0.802909
0.802901
0.802893
0.802885
0.802877
0.802869
0.802861
0.802853
0.802845
0.802837
0.802829
0.802821
0.802813
0.802805
0.802797
0.802789
0.802781
0.802773
0.802765
0.802757
0.802749
0.802741
0.802733
0.802726
0.802718
0.802710
0.802702
0.802694
0.802686
0.802678
0.802670
0.802662
0.802654
0.802646
0.802638
0.802630
0.802622
0.802614
0.802606
0.802598
0.802590
0.802582
0.802574
0.802566
0.802558
0.802551
0.802543
0.802535
0.802527
0.802519
0.802511
0.802503
0.802495
0.802487
0.802479
0.802471
0.802463
0.802455
0.802447
0.802439
0.802431
0.802423
0.802415
0.802407
0.802399
0.802391
0.802383
0.802376
0.802368
0.802360
0.802352
0.802344
0.802336
0.802328
0.802320
0.802312
0.802304
0.802296
0.802288
0.802280
0.802272
0.802264
0.802256
0.802248
0.802240
0.802232
0.802224
0.802216
0.802208
0.802200
0.802192
0.802184
0.802176
0.802169
0.802161
0.802153
0.802145
0.802137
0.802129
0.802121
0.802113
0.802105
0.802097
0.802089
0.802081
0.802073
0.802065
0.802057
0.802049
0.802041
0.802033
0.802025
0.802017
0.802009
0.802002
0.801994
0.801986
0.801978
0.801970
0.801962
0.801954
0.801946
0.801938
0.801930
0.801922
0.801914
0.801906
0.801898
0.801890
0.801882
0.801874
0.801866
0.801858
0.801850
0.801842
0.801834
0.801826
0.801818
0.801810
0.801802
0.801795
0.801787
0.801779
0.801771
0.801763
0.801755
0.801747
0.801739
0.801731
0.801723
0.801715
0.801707
0.801699
0.801691
0.801683
0.801675
0.801667
0.801659
0.801651
0.801643
0.801635
0.801628
0.801620
0.801612
0.801604
0.801596
0.801588
0.801580
0.801572
0.801564
0.801556
0.801548
0.801540
0.801532
0.801524
0.801516
0.801508
0.801500
0.801492
0.801484
0.801476
0.801468
0.801460
0.801452
0.801445
0.801436
0.801429
0.801421
0.801413
0.801405
0.801397
0.801389
0.801381
0.801373
0.801365
0.801357
0.801349
0.801341
0.801333
0.801325
0.801317
0.801309
0.801301
0.801293
0.801285
0.801277
0.801269
0.801261
0.801253
0.801246
0.801238
0.801230
0.801222
0.801214
0.801206
0.801198
0.801190
0.801182
0.801174
0.801166
0.801158
0.801150
0.801142
0.801134
0.801126
0.801118
0.801110
0.801102
0.801094
0.801086
0.801079
0.801071
0.801063
0.801055
0.801047
0.801039
0.801031
0.801023
0.801015
0.801007
0.800999
0.800991
0.800983
0.800975
0.800967
0.800959
0.800951
0.800943
0.800935
0.800927
0.800919
0.800911
0.800903
0.800895
0.800887
0.800879
0.800872
0.800864
0.800856
0.800848
0.800840
0.800832
0.800824
0.800816
0.800808
0.800800
0.800792
0.800784
0.800776
0.800768
0.800760
0.800752
0.800744
0.800736
0.800728
0.800720
0.800712
0.800705
0.800697
0.800689
0.800681
0.800673
0.800665
0.800657
0.800649
0.800641
0.800633
0.800625
0.800617
0.800609
0.800601
0.800593
0.800585
0.800577
0.800569
0.800561
0.800553
0.800545
0.800537
0.800529
0.800521
0.800513
0.800505
0.800498
0.800490
0.800482
0.800474
0.800466
0.800458
0.800450
0.800442
0.800434
0.800426
0.800418
0.800410
0.800402
0.800394
0.800386
0.800378
0.800370
0.800362
0.800354
0.800346
0.800338
0.800330
0.800323
0.800315
0.800307
0.800299
0.800291
0.800283
0.800275
0.800267
0.800259
0.800251
0.800243
0.800235
0.800227
0.800219
0.800211
0.800203
0.800195
0.800187
0.800179
0.800171
0.800163
0.800155
0.800148
0.800140
0.800132
0.800124
0.800116
0.800108
0.800100
0.800092
0.800084
0.800076
0.800068
0.800060
0.800052
0.800044
0.800036
0.800028
0.800021
0.800014
0.800009
0.800005
0.800002
0.800001
0.800000
0.800000
