0.800000
0.800035
0.800069
0.800103
0.800138
0.800172
0.800207
0.800241
0.800276
0.800310
0.800345
0.800379
0.800414
0.800448
0.800483
0.800517
0.800552
0.800586
0.800621
0.800655
0.800690
0.800724
0.800759
0.800793
0.800828
0.800862
0.800896
0.800931
0.800965
0.801000
0.801034
0.801069
0.801103
0.801138
0.801172
0.801207
0.801241
0.801276
0.801310
0.801345
0.801379
0.801414
0.801448
0.801482
0.801517
0.801551
0.801586
0.801620
0.801655
0.801689
0.801724
0.801758
0.801793
0.801827
0.801862
0.801896
0.801931
0.801965
0.801999
0.802034
0.802068
0.802103
0.802137
0.802172
0.802206
0.802241
0.802275
0.802310
0.802344
0.802379
0.802413
0.802448
0.802482
0.802517
0.802551
0.802586
0.802620
0.802655
0.802689
0.802724
0.802758
0.802792
0.802827
0.802861
0.802896
0.802930
0.802965
0.802999
0.803034
0.803068
0.803103
0.803137
0.803172
0.803206
0.803241
0.803275
0.803310
0.803344
0.803378
0.803413
0.803447
0.803480
0.803513
0.803545
0.803576
0.803607
0.803637
0.803666
0.803695
0.803724
0.803753
0.803781
0.803810
0.803840
0.803869
0.803899
0.803930
0.803962
0.803994
0.804027
0.804062
0.804097
0.804134
0.804172
0.804212
0.804253
0.804295
0.804339
0.804385
0.804432
0.804482
0.804533
0.804586
0.804640
0.804697
0.804756
0.804816
0.804879
0.804944
0.805010
0.805079
0.805150
0.805223
0.805298
0.805374
0.805453
0.805532
0.805612
0.805694
0.805776
0.805859
0.805944
0.806029
0.806116
0.806205
0.806295
0.806387
0.806481
0.806577
0.806675
0.806775
0.806878
0.806983
0.807090
0.807199
0.807311
0.807426
0.807542
0.807662
0.807783
0.807907
0.808033
0.808161
0.808291
0.808423
0.808558
0.808694
0.808832
0.808973
0.809115
0.809259
0.809405
0.809554
0.809705
0.809858
0.810015
0.810174
0.810337
0.810502
0.810671
0.810843
0.811017
0.811194
0.811375
0.811558
0.811744
0.811933
0.812125
0.812320
0.812518
0.812718
0.812921
0.813127
0.813335
0.813546
0.813760
0.813975
0.814193
0.814413
0.814634
0.814856
0.815080
0.815303
0.815527
0.815751
0.815975
0.816199
0.816424
0.816649
0.816874
0.817100
0.817326
0.817553
0.817780
0.818008
0.818236
0.818465
0.818695
0.818926
0.819160
0.819396
0.819634
0.819875
0.820119
0.820366
0.820616
0.820868
0.821123
0.821381
0.821642
0.821905
0.822172
0.822442
0.822715
0.822992
0.823273
0.823558
0.823846
0.824138
0.824434
0.824735
0.825040
0.825349
0.825663
0.825982
0.826305
0.826632
0.826964
0.827299
0.827638
0.827981
0.828329
0.828681
0.829039
0.829403
0.829774
0.830151
0.830534
0.830925
0.831322
0.831727
0.832137
0.832553
0.832974
0.833399
0.833830
0.834264
0.834704
0.835149
0.835599
0.836054
0.836515
0.836981
0.837453
0.837931
0.838415
0.838904
0.839399
0.839899
0.840405
0.840916
0.841433
0.841955
0.842482
0.843015
0.843553
0.844099
0.844652
0.845213
0.845783
0.846361
0.846947
0.847541
0.848142
0.848748
0.849360
0.849976
0.850598
0.851226
0.851859
0.852499
0.853146
0.853799
0.854458
0.855125
0.855800
0.856482
0.857172
0.857872
0.858581
0.859301
0.860031
0.860773
0.861525
0.862287
0.863058
0.863838
0.864627
0.865423
0.866229
0.867043
0.867868
0.868703
0.869550
0.870410
0.871282
0.872168
0.873067
0.873979
0.874906
0.875845
0.876797
0.877762
0.878737
0.879724
0.880722
0.881731
0.882752
0.883787
0.884834
0.885895
0.886969
0.888057
0.889159
0.890276
0.891407
0.892552
0.893713
0.894887
0.896076
0.897277
0.898493
0.899721
0.900962
0.902215
0.903482
0.904761
0.906053
0.907359
0.908677
0.910008
0.911351
0.912705
0.914072
0.915450
0.916842
0.918247
0.919667
0.921100
0.922549
0.924011
0.925487
0.926975
0.928476
0.929987
0.931509
0.933043
0.934590
0.936151
0.937728
0.939324
0.940941
0.942580
0.944242
0.945929
0.947642
0.949380
0.951143
0.952931
0.954742
0.956574
0.958427
0.960302
0.962201
0.964127
0.966083
0.968071
0.970093
0.972148
0.974239
0.976364
0.978522
0.980714
0.982938
0.985193
0.987479
0.989796
0.992141
0.994514
0.996915
0.999342
1.001795
1.004273
1.006778
1.009310
1.011870
1.014457
1.017069
1.019705
1.022360
1.025034
1.027725
1.030436
1.033171
1.035932
1.038723
1.041548
1.044406
1.047299
1.050227
1.053189
1.056186
1.059218
1.062286
1.065390
1.068531
1.071707
1.074918
1.078162
1.081437
1.084741
1.088073
1.091432
1.094818
1.098231
1.101672
1.105142
1.108640
1.112164
1.115712
1.119285
1.122886
1.126516
1.130183
1.133891
1.137645
1.141449
1.145306
1.149216
1.153180
1.157196
1.161262
1.165377
1.169540
1.173749
1.178007
1.182314
1.186672
1.191082
1.195546
1.200068
1.204650
1.209294
1.213998
1.218760
1.223577
1.228443
1.233353
1.238303
1.243290
1.248314
1.253375
1.258479
1.263629
1.268831
1.274085
1.279393
1.284756
1.290173
1.295643
1.301165
1.306740
1.312366
1.318044
1.323774
1.329555
1.335386
1.341268
1.347201
1.353185
1.359224
1.365318
1.371470
1.377681
1.383947
1.390265
1.396630
1.403037
1.409480
1.415959
1.422472
1.429024
1.435619
1.442261
1.448955
1.455705
1.462512
1.469378
1.476302
1.483285
1.490328
1.497432
1.504596
1.511821
1.519107
1.526451
1.533852
1.541309
1.548825
1.556401
1.564042
1.571750
1.579527
1.587370
1.595275
1.603237
1.611249
1.619303
1.627394
1.635520
1.643685
1.651899
1.660174
1.668522
1.676950
1.685462
1.694058
1.702737
1.711498
1.720339
1.729259
1.738257
1.747330
1.756479
1.765703
1.774999
1.784368
1.793811
1.803331
1.812932
1.822622
1.832405
1.842282
1.852249
1.862300
1.872423
1.882607
1.892844
1.903132
1.913475
1.923881
1.934362
1.944925
1.955576
1.966315
1.977141
1.988052
1.999046
2.010120
2.021275
2.032510
2.043826
2.055221
2.066694
2.078244
2.089869
2.101570
2.113349
2.125209
2.137154
2.149188
2.161312
2.173525
2.185821
2.198194
2.210632
2.223126
2.235665
2.248243
2.260857
2.273510
2.286210
2.298963
2.311775
2.324649
2.337589
2.350596
2.363668
2.376807
2.390010
2.403277
2.416605
2.429993
2.443439
2.456941
2.470497
2.484110
2.497782
2.511522
2.525338
2.539239
2.553228
2.567302
2.581452
2.595664
2.609926
2.624225
2.638555
2.652916
2.667313
2.681755
2.696254
2.710816
2.725443
2.740138
2.754898
2.769721
2.784607
2.799552
2.814554
2.829611
2.844720
2.859878
2.875083
2.890336
2.905639
2.920999
2.936423
2.951922
2.967501
2.983160
2.998891
3.014682
3.030518
3.046384
3.062268
3.078165
3.094076
3.110008
3.125973
3.141980
3.158036
3.174142
3.190301
3.206509
3.222764
3.239062
3.255399
3.271772
3.288176
3.304610
3.321070
3.337555
3.354062
3.370592
3.387145
3.403725
3.420341
3.437000
3.453709
3.470470
3.487278
3.504122
3.520989
3.537863
3.554732
3.571589
3.588437
3.605285
3.622142
3.639021
3.655926
3.672861
3.689825
3.706815
3.723828
3.740861
3.757912
3.774979
3.792060
3.809152
3.826251
3.843352
3.860452
3.877549
3.894647
3.911752
3.928873
3.946018
3.963191
3.980390
3.997606
4.014827
4.032041
4.049235
4.066397
4.083518
4.100596
4.117635
4.134645
4.151639
4.168626
4.185613
4.202601
4.219586
4.236566
4.253536
4.270494
4.287438
4.304367
4.321280
4.338177
4.355057
4.371922
4.388778
4.405633
4.422497
4.439379
4.456282
4.473203
4.490130
4.507053
4.523956
4.540827
4.557656
4.574436
4.591166
4.607850
4.624496
4.641113
4.657712
4.674296
4.690868
4.707427
4.723971
4.740495
4.756994
4.773463
4.789896
4.806287
4.822634
4.838935
4.855192
4.871408
4.887591
4.903751
4.919898
4.936039
4.952173
4.968293
4.984385
5.000434
5.016425
5.032350
5.048206
5.063997
5.079730
5.095413
5.111049
5.126639
5.142180
5.157671
5.173106
5.188482
5.203795
5.219043
5.234222
5.249330
5.264367
5.279330
5.294220
5.309034
5.323774
5.338441
5.353040
5.367577
5.382060
5.396496
5.410888
5.425236
5.439539
5.453797
5.468009
5.482179
5.496310
5.510404
5.524464
5.538492
5.552488
5.566448
5.580371
5.594252
5.608086
5.621871
5.635604
5.649282
5.662904
5.676469
5.689977
5.703428
5.716821
5.730158
5.743438
5.756662
5.769832
5.782952
5.796027
5.809061
5.822055
5.835011
5.847930
5.860811
5.873652
5.886451
5.899203
5.911902
5.924546
5.937131
5.949655
5.962119
5.974522
5.986861
5.999133
6.011338
6.023470
6.035529
6.047510
6.059413
6.071235
6.082975
6.094636
6.106220
6.117733
6.129179
6.140559
6.151869
6.163106
6.174265
6.185346
6.196349
6.207276
6.218127
6.228903
6.239604
6.250228
6.260776
6.271246
6.281638
6.291951
6.302184
6.312337
6.322409
6.332402
6.342315
6.352151
6.361909
6.371593
6.381203
6.390746
6.400228
6.409655
6.419028
6.428348
6.437607
6.446798
6.455915
6.464954
6.473916
6.482804
6.491620
6.500367
6.509047
6.517658
6.526204
6.534682
6.543093
6.551436
6.559708
6.567907
6.576028
6.584067
6.592022
6.599890
6.607673
6.615373
6.622995
6.630546
6.638036
6.645471
6.652856
6.660191
6.667472
6.674691
6.681841
6.688917
6.695917
6.702839
6.709683
6.716451
6.723148
6.729776
6.736338
6.742836
6.749271
6.755641
6.761943
6.768174
6.774333
6.780417
6.786425
6.792357
6.798214
6.803999
6.809718
6.815377
6.820987
6.826557
6.832093
6.837598
6.843069
6.848500
6.853886
6.859221
6.864502
6.869729
6.874903
6.880027
6.885105
6.890141
6.895138
6.900097
6.905020
6.909908
6.914758
6.919570
6.924340
6.929065
6.933743
6.938372
6.942952
6.947485
6.951972
6.956416
6.960818
6.965182
6.969512
6.973813
6.978085
6.982328
6.986539
6.990716
6.994854
6.998953
7.003014
7.007035
7.011018
7.014965
7.018876
7.022751
7.026594
7.030402
7.034178
7.037920
7.041629
7.045303
7.048942
7.052546
7.056113
7.059642
7.063133
7.066585
7.069998
7.073371
7.076704
7.079998
7.083253
7.086472
7.089656
7.092805
7.095920
7.098999
7.102040
7.105043
7.108004
7.110925
7.113805
7.116645
7.119447
7.122215
7.124950
7.127657
7.130337
7.132992
7.135620
7.138220
7.140789
7.143323
7.145821
7.148283
7.150708
7.153100
7.155461
7.157793
7.160099
7.162383
7.164646
7.166889
7.169111
7.171314
7.173495
7.175656
7.177796
7.179914
7.182010
7.184084
7.186133
7.188159
7.190159
7.192136
7.194088
7.196017
7.197922
7.199804
7.201664
7.203502
7.205319
7.207116
7.208894
7.210655
7.212399
7.214130
7.215848
7.217556
7.219254
7.220943
7.222622
7.224288
7.225941
7.227577
7.229196
7.230794
7.232373
7.233931
7.235468
7.236985
7.238483
7.239961
7.241420
7.242861
7.244283
7.245687
7.247073
7.248439
7.249787
7.251114
7.252419
7.253702
7.254963
7.256201
7.257418
7.258616
7.259796
7.260960
7.262108
7.263241
7.264358
7.265458
7.266543
7.267613
7.268667
7.269707
7.270730
7.271738
7.272730
7.273707
7.274668
7.275615
7.276549
7.277471
7.278382
7.279283
7.280173
7.281052
7.281920
7.282777
7.283626
7.284466
7.285300
7.286127
7.286949
7.287765
7.288574
7.289374
7.290164
7.290944
7.291712
7.292468
7.293213
7.293946
7.294668
7.295379
7.296078
7.296766
7.297444
7.298110
7.298767
7.299414
7.300052
7.300680
7.301299
7.301907
7.302505
7.303093
7.303669
7.304235
7.304790
7.305334
7.305867
7.306390
7.306903
7.307407
7.307902
7.308389
7.308869
7.309341
7.309806
7.310265
7.310718
7.311165
7.311606
7.312042
7.312470
7.312892
7.313305
7.313711
7.314109
7.314501
7.314886
7.315268
7.315647
7.316024
7.316399
7.316774
7.317147
7.317517
7.317885
7.318249
7.318612
7.318971
7.319327
7.319681
7.320031
7.320377
7.320720
7.321060
7.321397
7.321731
7.322061
7.322388
7.322711
7.323029
7.323343
7.323653
7.323958
7.324259
7.324555
7.324847
7.325134
7.325418
7.325697
7.325972
7.326244
7.326512
7.326776
7.327038
7.327296
7.327551
7.327803
7.328052
7.328299
7.328542
7.328783
7.329021
7.329256
7.329489
7.329719
7.329946
7.330170
7.330391
7.330611
7.330827
7.331042
7.331255
7.331466
7.331676
7.331884
7.332092
7.332299
7.332506
7.332714
7.332923
7.333132
7.333343
7.333554
7.333767
7.333980
7.334195
7.334411
7.334627
7.334843
7.335058
7.335272
7.335484
7.335694
7.335903
7.336109
7.336313
7.336515
7.336714
7.336911
7.337106
7.337297
7.337486
7.337672
7.337855
7.338035
7.338211
7.338385
7.338555
7.338722
7.338885
7.339045
7.339202
7.339356
7.339507
7.339655
7.339800
7.339943
7.340082
7.340218
7.340351
7.340482
7.340610
7.340736
7.340859
7.340981
7.341100
7.341218
7.341334
7.341450
7.341565
7.341679
7.341793
7.341905
7.342016
7.342126
7.342234
7.342341
7.342446
7.342549
7.342651
7.342750
7.342848
7.342944
7.343038
7.343131
7.343221
7.343310
7.343397
7.343482
7.343565
7.343648
7.343728
7.343807
7.343885
7.343961
7.344037
7.344110
7.344183
7.344253
7.344321
7.344387
7.344450
7.344511
7.344569
7.344624
7.344677
7.344727
7.344774
7.344819
7.344861
7.344900
7.344937
7.344971
7.345003
7.345032
7.345058
7.345082
7.345104
7.345123
7.345140
7.345155
7.345168
7.345179
7.345187
7.345194
7.345199
7.345202
7.345203
7.345203
7.345202
7.345200
7.345196
7.345192
7.345186
7.345180
7.345173
7.345166
7.345159
7.345151
7.345144
7.345137
7.345130
7.345124
7.345119
7.345114
7.345111
7.345109
7.345108
7.345107
7.345107
7.345107
7.345107
7.345107
7.345107
7.345107
7.345107
7.345107
7.345107
7.345107
7.345107
7.345107
7.345107
7.345107
7.345107
7.345107
7.345107
7.345107
7.345107
7.345107
7.345107
7.345107
7.345107
7.345107
7.345107
7.345107
7.345107
7.345107
7.345107
7.345107
7.345107
7.345107
7.345107
7.345107
7.345107
7.345107
7.345107
7.345107
7.345107
7.345107
7.345107
7.345107
7.345107
7.345107
7.345107
7.345107
7.345107
7.345107
7.345107
7.345107
7.345107
7.345107
7.345107
7.345107
7.345107
7.345107
7.345107
7.345107
7.345107
7.345107
7.345107
7.345107
7.345107
7.345107
7.345107
7.345107
7.345107
7.345107
7.345107
7.345107
7.345107
7.345107
7.345107
7.345107
7.345107
7.345107
7.345107
7.345107
7.345107
7.345107
7.345107
7.345107
7.345107
7.345107
7.345107
7.345107
7.345107
7.345107
7.345107
7.345107
7.345107
7.345107
7.345107
7.345107
7.345107
7.345107
7.345107
7.345107
7.345107
7.345107
7.345107
7.345107
7.345107
7.345107
7.345107
7.345107
7.345107
7.345107
7.345107
7.345107
7.345107
7.345107
7.345107
7.345107
7.345107
7.345107
7.345107
7.345107
7.345107
7.345107
7.345107
7.345107
7.345107
7.345107
7.345107
7.345107
7.345107
7.345107
7.345107
7.345107
7.345107
7.345107
7.345107
7.345107
7.345107
7.345107
7.345107
7.345107
7.345107
7.345107
7.345107
7.345107
7.345107
7.345107
7.345107
7.345107
7.345107
7.345107
7.345107
7.345107
7.345107
7.345107
7.345107
7.345107
7.345107
7.345107
7.345107
7.345107
7.345107
7.345107
7.345107
7.345107
7.345107
7.345107
7.345107
7.345107
7.345107
7.345107
7.345107
7.345107
7.345107
7.345107
7.345107
7.345107
7.345107
7.345107
7.345107
7.345107
7.345107
7.345107
7.345107
7.345107
7.345107
7.345107
7.345107
7.345107
7.345107
7.345107
7.345107
7.345107
7.345107
7.345107
7.345107
7.345107
7.345107
7.345107
7.345107
7.345107
7.345107
7.345107
7.345107
7.345107
7.345107
7.345107
7.345107
7.345107
7.345107
7.345107
7.345107
7.345107
7.345107
7.345107
7.345107
7.345107
7.345107
7.345107
7.345107
7.345107
7.345107
7.345107
7.345107
7.345107
7.345107
7.345107
7.345107
7.345107
7.345107
7.345107
7.345107
7.345107
7.345107
7.345107
7.345107
7.345107
7.345107
7.345107
7.345107
7.345107
7.345107
7.345107
7.345107
7.345107
7.345107
7.345107
7.345107
7.345107
7.345107
7.345107
7.345107
7.345107
7.345107
7.345107
7.345107
7.345107
7.345107
7.345107
7.345107
7.345107
7.345107
7.345107
7.345107
7.345107
7.345107
7.345107
7.345107
7.345107
7.345107
7.345107
7.345107
7.345107
7.345107
7.345107
7.345107
7.345107
7.345107
7.345107
7.345107
7.345107
7.345107
7.345107
7.345107
7.345107
7.345107
7.345107
7.345107
7.345107
7.345107
7.345107
7.345107
7.345107
7.345107
7.345107
7.345107
7.345107
7.345107
7.345107
7.345107
7.345107
7.345107
7.345107
7.345107
7.345107
7.345107
7.345107
7.345107
7.345107
7.345107
7.345107
7.345107
7.345107
7.345107
7.345107
7.345107
7.345107
7.345107
7.345107
7.345107
7.345107
7.345107
7.345107
7.345107
7.345107
7.345107
7.345107
7.345107
7.345107
7.345107
7.345107
7.345107
7.345107
7.345107
7.345107
7.345107
7.345107
7.345107
7.345107
7.345107
7.345107
7.345107
7.345107
7.345107
7.345107
7.345107
7.345107
7.345107
7.345107
7.345107
7.345107
7.345107
7.345107
7.345107
7.345107
7.345107
7.345107
7.345107
7.345107
7.345107
7.345107
7.345107
7.345107
7.345107
7.345107
7.345107
7.345107
7.345107
7.345107
7.345107
7.345107
7.345107
7.345107
7.345107
7.345107
7.345107
7.345107
7.345107
7.345107
7.345107
7.345107
7.345107
7.345107
7.345107
7.345107
7.345107
7.345107
7.345107
7.345107
7.345107
7.345107
7.345107
7.345107
7.345107
7.345107
7.345107
7.345107
7.345107
7.345107
7.345107
7.345107
7.345107
7.345107
7.345107
7.345107
7.345107
7.345107
7.345107
7.345107
7.345107
7.345107
7.345107
7.345107
7.345107
7.345107
7.345107
7.345107
7.345107
7.345107
7.345107
7.345107
7.345107
7.345107
7.345107
7.345107
7.345107
7.345107
7.345107
7.345107
7.345107
7.345107
7.345107
7.345107
7.345107
7.345107
7.345107
7.345107
7.345107
7.345107
7.345107
7.345107
7.345107
7.345107
7.345107
7.345107
7.345107
7.345107
7.345107
7.345107
7.345107
7.345107
7.345107
7.345107
7.345107
7.345107
7.345107
7.345107
7.345107
7.345107
7.345107
7.345107
7.345107
7.345107
7.345107
7.345107
7.345107
7.345107
7.345107
7.345107
7.345107
7.345107
7.345107
7.345107
7.345107
7.345107
7.345107
7.345107
7.345107
7.345107
7.345107
7.345107
7.345107
7.345107
7.345107
7.345107
7.345107
7.345107
7.345107
7.345107
7.345107
7.345107
7.345107
7.345107
7.345107
7.345107
7.345107
7.345107
7.345107
7.345107
7.345107
7.345107
7.345107
7.345107
7.345107
7.345107
7.345107
7.345107
7.345107
7.345107
7.345107
7.345107
7.345107
7.345107
7.345107
7.345107
7.345107
7.345107
7.345107
7.345107
7.345107
7.345107
7.345107
7.345107
7.345107
7.345107
7.345107
7.345107
7.345107
7.345107
7.345107
7.345107
7.345107
7.345107
7.345107
7.345107
7.345107
7.345107
7.345107
7.345107
7.345107
7.345107
7.345107
7.345107
7.345107
7.345107
7.345107
7.345107
7.345107
7.345107
7.345107
7.345107
7.345107
7.345107
7.345107
7.345107
7.345107
7.345107
7.345107
7.345107
7.345107
7.345107
7.345107
7.345107
7.345107
7.345107
7.345107
7.345107
7.345107
7.345107
7.345107
7.345107
7.345107
7.345107
7.345107
7.345107
7.345107
7.345107
7.345107
7.345107
7.345107
7.345107
7.345107
7.345107
7.345107
7.345107
7.345107
7.345107
7.345107
7.345107
7.345107
7.345107
7.345107
7.345107
7.345107
7.345107
7.345107
7.345107
7.345107
7.345107
7.345107
7.345107
7.345107
7.345107
7.345107
7.345107
7.345107
7.345107
7.345107
7.345107
7.345107
7.345107
7.345107
7.345107
7.345107
7.345107
7.345107
7.345107
7.345107
7.345107
7.345107
7.345107
7.345107
7.345107
7.345107
7.345107
7.345107
7.345107
7.345107
7.345107
7.345107
7.345107
7.345107
7.345107
7.345107
7.345107
7.345107
7.345107
7.345107
7.345107
7.345107
7.345107
7.345107
7.345107
7.345107
7.345107
7.345107
7.345107
7.345107
7.345107
7.345107
7.345107
7.345107
7.345107
7.345107
7.345107
7.345107
7.345107
7.345107
7.345107
7.345107
7.345107
7.345107
7.345107
7.345107
7.345107
7.345107
7.345107
7.345107
7.345107
7.345107
7.345107
7.345107
7.345107
7.345107
7.345107
7.345107
7.345107
7.345107
7.345107
7.345107
7.345107
7.345107
7.345107
7.345107
7.345107
7.345107
7.345107
7.345107
7.345107
7.345107
7.345107
7.345107
7.345107
7.345107
7.345107
7.345107
7.345107
7.345107
7.345107
7.345107
7.345107
7.345107
7.345107
7.345107
7.345107
7.345107
7.345107
7.345107
7.345107
7.345107
7.345107
7.345107
7.345107
7.345107
7.345107
7.345107
7.345107
7.345107
7.345107
7.345107
7.345107
7.345107
7.345107
7.345107
7.345107
7.345107
7.345107
7.345107
7.345107
7.345107
7.345107
7.345107
7.345107
7.345107
7.345107
7.345107
7.345107
7.345107
7.345107
7.345107
7.345107
7.345107
7.345107
7.345107
7.345107
7.345107
7.345107
7.345107
7.345107
7.345107
7.345107
7.345107
7.345107
7.345107
7.345107
7.345107
7.345107
7.345107
7.345107
7.345107
7.345107
7.345107
7.345107
7.345107
7.345107
7.345107
7.345107
7.345107
7.345107
7.345107
7.345107
7.345107
7.345107
7.345107
7.345107
7.345107
7.345107
7.345107
7.345107
7.345107
7.345107
7.345107
7.345107
7.345107
7.345107
7.345107
7.345107
7.345107
7.345107
7.345107
7.345107
7.345107
7.345107
7.345107
7.345107
7.345107
7.345107
7.345107
7.345107
7.345107
7.345107
7.345107
7.345107
7.345107
7.345107
7.345107
7.345107
7.345107
7.345107
7.345107
7.345107
7.345107
7.345107
7.345107
7.345107
7.345107
7.345107
7.345107
7.345107
7.345107
7.345107
7.345107
7.345107
7.345107
7.345107
7.345107
7.345107
7.345107
7.345107
7.345107
7.345107
7.345107
7.345107
7.345107
7.345107
7.345107
7.345107
7.345107
7.345107
7.345107
7.345107
7.345107
7.345107
7.345107
7.345107
7.345107
7.345107
7.345107
7.345107
7.345107
7.345107
7.345107
7.345107
7.345107
7.345107
7.345107
7.345107
7.345107
7.345107
7.345107
7.345107
7.345107
7.345107
7.345107
7.345107
7.345107
7.345107
7.345107
7.345107
7.345107
7.345107
7.345107
7.345107
7.345107
7.345107
7.345107
7.345107
7.345107
7.345107
7.345107
7.345107
7.345107
7.345107
7.345107
7.345107
7.345107
7.345107
7.345107
7.345107
7.345107
7.345107
7.345107
7.345107
7.345107
7.345107
7.345107
7.345107
7.345107
7.345107
7.345107
7.345107
7.345107
7.345107
7.345107
7.345107
7.345107
7.345107
7.345107
7.345107
7.345107
7.345107
7.345107
7.345107
7.345107
7.345107
7.345107
7.345107
7.345107
7.345107
7.345107
7.345107
7.345107
7.345107
7.345107
7.345107
7.345107
7.345107
7.345107
7.345107
7.345107
7.345107
7.345107
7.345107
7.345107
7.345107
7.345107
7.345107
7.345107
7.345107
7.345107
7.345107
7.345107
7.345107
7.345107
7.345107
7.345107
7.345107
7.345107
7.345107
7.345107
7.345107
7.345107
7.345107
7.345107
7.345107
7.345107
7.345107
7.345107
7.345107
7.345107
7.345107
7.345107
7.345107
7.345107
7.345107
7.345107
7.345107
7.345107
7.345107
7.345107
7.345107
7.345107
7.345107
7.345107
7.345107
7.345107
7.345107
7.345107
7.345107
7.345107
7.345107
7.345107
7.345107
7.345107
7.345107
7.345107
7.345107
7.345107
7.345107
7.345107
7.345107
7.345107
7.345107
7.345107
7.345107
7.345107
7.345107
7.345107
7.345107
7.345107
7.345107
7.345107
7.345107
7.345107
7.345107
7.345107
7.345107
7.345107
7.345107
7.345107
7.345107
7.345107
7.345107
7.345107
7.345107
7.345107
7.345107
7.345107
7.345107
7.345107
7.345107
7.345107
7.345107
7.345107
7.345107
7.345107
7.345107
7.345107
7.345107
7.345107
7.345107
7.345107
7.345107
7.345107
7.345107
7.345107
7.345107
7.345107
7.345107
7.345107
7.345107
7.345107
7.345107
7.345107
7.345107
7.345107
7.345107
7.345107
7.345107
7.345107
7.345107
7.345107
7.345107
7.345107
7.345107
7.345107
7.345107
7.345107
7.345107
7.345107
7.345107
7.345107
7.345107
7.345107
7.345107
7.345107
7.345107
7.345107
7.345107
7.345107
7.345107
7.345107
7.345107
7.345107
7.345107
7.345107
7.345107
7.345107
7.345107
7.345107
7.345107
7.345107
7.345107
7.345107
7.345107
7.345107
7.345107
7.345107
7.345107
7.345107
7.345107
7.345107
7.345107
7.345107
7.345107
7.345107
7.345107
7.345107
7.345107
7.345107
7.345107
7.345107
7.345107
7.345107
7.345107
7.345107
7.345107
7.345107
7.345107
7.345107
7.345107
7.345107
7.345107
7.345107
7.345107
7.345107
7.345107
7.345107
7.345107
7.345107
7.345107
7.345107
7.345107
7.345107
7.345107
7.345107
7.345107
7.345107
7.345107
7.345107
7.345107
7.345107
7.345107
7.345107
7.345107
7.345107
7.345107
7.345107
7.345107
7.345107
7.345107
7.345107
7.345107
7.345107
7.345107
7.345107
7.345107
7.345107
7.345107
7.345107
7.345107
7.345107
7.345107
7.345107
7.345107
7.345107
7.345107
7.345107
7.345107
7.345107
7.345107
7.345107
7.345107
7.345107
7.345107
7.345107
7.345107
7.345107
7.345107
7.345107
7.345107
7.345107
7.345107
7.345107
7.345107
7.345107
7.345107
7.345107
7.345107
7.345107
7.345107
7.345107
7.345107
7.345107
7.345107
7.345107
7.345107
7.345107
7.345107
7.345107
7.345107
7.345107
7.345107
7.345107
7.345107
7.345107
7.345107
7.345107
7.345107
7.345107
7.345107
7.345107
7.345107
7.345107
7.345107
7.345107
7.345107
7.345107
7.345107
7.345107
7.345107
7.345107
7.345107
7.345107
7.345107
7.345107
7.345107
7.345107
7.345107
7.345107
7.345107
7.345107
7.345107
7.345107
7.345107
7.345107
7.345107
7.345107
7.345107
7.345107
7.345107
7.345107
7.345107
7.345107
7.345107
7.345107
7.345107
7.345107
7.345107
7.345107
7.345107
7.345107
7.345107
7.345107
7.345107
7.345107
7.345107
7.345107
7.345107
7.345107
7.345107
7.345107
7.345107
7.345107
7.345107
7.345107
7.345107
7.345107
7.345107
7.345107
7.345107
7.345107
7.345107
7.345107
7.345107
7.345107
7.345107
7.345107
7.345107
7.345107
7.345107
7.345107
7.345107
7.345107
7.345107
7.345107
7.345107
7.345107
7.345107
7.345107
7.345107
7.345107
7.345107
7.345107
7.345107
7.345107
7.345107
7.345107
7.345107
7.345107
7.345107
7.345107
7.345107
7.345107
7.345107
7.345107
7.345107
7.345107
7.345107
7.345107
7.345107
7.345107
7.345107
7.345107
7.345107
7.345107
7.345107
7.345107
7.345107
7.345107
7.345107
7.345107
7.345107
7.345107
7.345107
7.345107
7.345107
7.345107
7.345107
7.345107
7.345107
7.345107
7.345107
7.345107
7.345107
7.345107
7.345107
7.345107
7.345107
7.345107
7.345107
7.345107
7.345107
7.345107
7.345107
7.345107
7.345107
7.345107
7.345107
7.345107
7.345107
7.345107
7.345107
7.345107
7.345107
7.345107
7.345107
7.345107
7.345107
7.345107
7.345107
7.345107
7.345107
7.345107
7.345107
7.345107
7.345107
7.345107
7.345107
7.345107
7.345107
7.345107
7.345107
7.345107
7.345107
7.345107
7.345107
7.345107
7.345107
7.345107
7.345107
7.345107
7.345107
7.345107
7.345107
7.345107
7.345107
7.345107
7.345107
7.345107
7.345107
7.345107
7.345107
7.345107
7.345107
7.345107
7.345107
7.345107
7.345107
7.345107
7.345107
7.345107
7.345107
7.345107
7.345107
7.345107
7.345107
7.345107
7.345107
7.345107
7.345107
7.345107
7.345107
7.345107
7.345107
7.345107
7.345107
7.345107
7.345107
7.345107
7.345107
7.345107
7.345107
7.345107
7.345107
7.345107
7.345107
7.345107
7.345107
7.345107
7.345107
7.345107
7.345107
7.345107
7.345107
7.345107
7.345107
7.345107
7.345107
7.345107
7.345107
7.345107
7.345107
7.345107
7.345107
7.345107
7.345107
7.345107
7.345107
7.345107
7.345107
7.345107
7.345107
7.345107
7.345107
7.345107
7.345107
7.345107
7.345107
7.345107
7.345107
7.345107
7.345107
7.345107
7.345107
7.345107
7.345107
7.345107
7.345107
7.345107
7.345107
7.345107
7.345107
7.345107
7.345107
7.345107
7.345107
7.345107
7.345107
7.345107
7.345107
7.345107
7.345107
7.345107
7.345107
7.345107
7.345107
7.345107
7.345107
7.345107
7.345107
7.345107
7.345107
7.345107
7.345107
7.345107
7.345107
7.345107
7.345107
7.345107
7.345107
7.345107
7.345107
7.345107
7.345107
7.345107
7.345107
7.345107
7.345107
7.345107
7.345107
7.345107
7.345107
7.345107
7.345107
7.345107
7.345107
7.345107
7.345107
7.345107
7.345107
7.345107
7.345107
7.345107
7.345107
7.345107
7.345107
7.345107
7.345107
7.345107
7.345107
7.345107
7.345107
7.345107
7.345107
7.345107
7.345107
7.345107
7.345107
7.345107
7.345107
7.345107
7.345107
7.345107
7.345107
7.345107
7.345107
7.345107
7.345107
7.345107
7.345107
7.345107
7.345107
7.345107
7.345107
7.345107
7.345107
7.345107
7.345107
7.345107
7.345107
7.345107
7.345107
7.345107
7.345107
7.345107
7.345107
7.345107
7.345107
7.345107
7.345107
7.345107
7.345107
7.345107
7.345107
7.345107
7.345107
7.345107
7.345107
7.345107
7.345107
7.345107
7.345107
7.345107
7.345107
7.345107
7.345107
7.345107
7.345107
7.345107
7.345107
7.345107
7.345107
7.345107
7.345107
7.345107
7.345107
7.345107
7.345107
7.345107
7.345107
7.345107
7.345107
7.345107
7.345107
7.345107
7.345107
7.345107
7.345107
7.345107
7.345107
7.345107
7.345107
7.345107
7.345107
7.345107
7.345107
7.345107
7.345107
7.345107
7.345107
7.345107
7.345107
7.345107
7.345107
7.345107
7.345107
7.345107
7.345107
7.345107
7.345107
7.345107
7.345107
7.345107
7.345107
7.345107
7.345107
7.345107
7.345107
7.345107
7.345107
7.345107
7.345107
7.345107
7.345107
7.345107
7.345107
7.345107
7.345107
7.345107
7.345107
7.345107
7.345107
7.345107
7.345107
7.345107
7.345107
7.345107
7.345107
7.345107
7.345107
7.345107
7.345107
7.345107
7.345107
7.345107
7.345107
7.345107
7.345107
7.345107
7.345107
7.345107
7.345107
7.345107
7.345107
7.345107
7.345107
7.345107
7.345107
7.345107
7.345107
7.345107
7.345107
7.345107
7.345107
7.345107
7.345107
7.345107
7.345107
7.345107
7.345107
7.345107
7.345107
7.345107
7.345107
7.345107
7.345107
7.345107
7.345107
7.345107
7.345107
7.345107
7.345107
7.345107
7.345107
7.345107
7.345107
7.345107
7.345107
7.345107
7.345107
7.345107
7.345107
7.345107
7.345107
7.345107
7.345107
7.345107
7.345107
7.345107
7.345107
7.345107
7.345107
7.345107
7.345107
7.345107
7.345107
7.345107
7.345107
7.345107
7.345107
7.345107
7.345107
7.345107
7.345107
7.345107
7.345107
7.345107
7.345107
7.345107
7.345107
7.345107
7.345107
7.345107
7.345107
7.345107
7.345107
7.345107
7.345107
7.345107
7.345107
7.345107
7.345107
7.345107
7.345107
7.345107
7.345107
7.345107
7.345107
7.345107
7.345107
7.345107
7.345107
7.345107
7.345107
7.345107
7.345107
7.345107
7.345107
7.345107
7.345107
7.345107
7.345107
7.345107
7.345107
7.345107
7.345107
7.345107
7.345107
7.345107
7.345107
7.345107
7.345107
7.345107
7.345107
7.345107
7.345107
7.345107
7.345107
7.345107
7.345107
7.345107
7.345107
7.345107
7.345107
7.345107
7.345107
7.345107
7.345107
7.345107
7.345107
7.345107
7.345107
7.345107
7.345107
7.345107
7.345107
7.345107
7.345107
7.345107
7.345107
7.345107
7.345107
7.345107
7.345107
7.345107
7.345107
7.345107
7.345107
7.345107
7.345107
7.345107
7.345107
7.345107
7.345107
7.345107
7.345107
7.345107
7.345107
7.345107
7.345107
7.345107
7.345107
7.345107
7.345107
7.345107
7.345107
7.345107
7.345107
7.345107
7.345107
7.345107
7.345107
7.345107
7.345107
7.345107
7.345107
7.345107
7.345107
7.345107
7.345107
7.345107
7.345107
7.345107
7.345107
7.345107
7.345107
7.345107
7.345107
7.345107
7.345107
7.345107
7.345107
7.345107
7.345107
7.345107
7.345107
7.345107
7.345107
7.345107
7.345107
7.345107
7.345107
7.345107
7.345107
7.345107
7.345107
7.345107
7.345107
7.345107
7.345107
7.345107
7.345107
7.345107
7.345107
7.345107
7.345107
7.345107
7.345107
7.345107
7.345107
7.345107
7.345107
7.345107
7.345107
7.345107
7.345107
7.345107
7.345107
7.345107
7.345107
7.345107
7.345107
7.345107
7.345107
7.345107
7.345107
7.345107
7.345107
7.345107
7.345107
7.345107
7.345107
7.345107
7.345107
7.345107
7.345107
7.345107
7.345107
7.345107
7.345107
7.345107
7.345107
7.345107
7.345107
7.345107
7.345107
7.345107
7.345107
7.345107
7.345107
7.345107
7.345107
7.345107
7.345107
7.345107
7.345107
7.345107
7.345107
7.345107
7.345107
7.345107
7.345107
7.345107
7.345107
7.345107
7.345107
7.345107
7.345107
7.345107
7.345107
7.345107
7.345107
7.345107
7.345107
7.345107
7.345107
7.345107
7.345107
7.345107
7.345107
7.345107
7.345107
7.345107
7.345107
7.345107
7.345107
7.345107
7.345107
7.345107
7.345107
7.345107
7.345107
7.345107
7.345107
7.345107
7.345107
7.345107
7.345107
7.345107
7.345107
7.345107
7.345107
7.345107
7.345107
7.345107
7.345107
7.345107
7.345107
7.345107
7.345107
7.345107
7.345107
7.345107
7.345107
7.345107
7.345107
7.345107
7.345107
7.345107
7.345107
7.345107
7.345107
7.345107
7.345107
7.345107
7.345107
7.345107
7.345107
7.345107
7.345107
7.345107
7.345107
7.345107
7.345107
7.345107
7.345107
7.345107
7.345107
7.345107
7.345107
7.345107
7.345107
7.345107
7.345107
7.345107
7.345107
7.345107
7.345107
7.345107
7.345107
7.345107
7.345107
7.345107
7.345107
7.345107
7.345107
7.345107
7.345107
7.345107
7.345107
7.345107
7.345107
7.345107
7.345107
7.345107
7.345107
7.345107
7.345107
7.345107
7.345107
7.345107
7.345107
7.345107
7.345107
7.345107
7.345107
7.345107
7.345107
7.345107
7.345107
7.345107
7.345107
7.345107
7.345107
7.345107
7.345107
7.345107
7.345107
7.345107
7.345107
7.345107
7.345107
7.345107
7.345107
7.345107
7.345107
7.345107
7.345107
7.345107
7.345107
7.345107
7.345107
7.345107
7.345107
7.345107
7.345107
7.345107
7.345107
7.345107
7.345107
7.345107
7.345107
7.345107
7.345107
7.345107
7.345107
7.345107
7.345107
7.345107
7.345107
7.345107
7.345107
7.345107
7.345107
7.345107
7.345107
7.345107
7.345107
7.345107
7.345107
7.345107
7.345107
7.345107
7.345107
7.345107
7.345107
7.345107
7.345107
7.345107
7.345107
7.345107
7.345107
7.345107
7.345107
7.345107
7.345107
7.345107
7.345107
7.345107
7.345107
7.345107
7.345107
7.345107
7.345107
7.345107
7.345107
7.345107
7.345107
7.345107
7.345107
7.345107
7.345107
7.345107
7.345107
7.345107
7.345107
7.345107
7.345107
7.345107
7.345107
7.345107
7.345107
7.345107
7.345107
7.345107
7.345107
7.345107
7.345107
7.345107
7.345107
7.345107
7.345107
7.345107
7.345107
7.345107
7.345107
7.345107
7.345107
7.345107
7.345107
7.345107
7.345107
7.345107
7.345107
7.345107
7.345107
7.345107
7.345107
7.345107
7.345107
7.345107
7.345107
7.345107
7.345107
7.345107
7.345107
7.345107
7.345107
7.345107
7.345107
7.345107
7.345107
7.345107
7.345107
7.345107
7.345107
7.345107
7.345107
7.345107
7.345107
7.345107
7.345107
7.345107
7.345107
7.345107
7.345107
7.345107
7.345107
7.345107
7.345107
7.345107
7.345107
7.345107
7.345107
7.345107
7.345107
7.345107
7.345107
7.345107
7.345107
7.345107
7.345107
7.345107
7.345107
7.345107
7.345107
7.345107
7.345107
7.345107
7.345107
7.345107
7.345107
7.345107
7.345107
7.345107
7.345107
7.345107
7.345107
7.345107
7.345107
7.345107
7.345107
7.345107
7.345107
7.345107
7.345107
7.345107
7.345107
7.345107
7.345107
7.345107
7.345107
7.345107
7.345107
7.345107
7.345107
7.345107
7.345107
7.345107
7.345107
7.345107
7.345107
7.345107
7.345107
7.345107
7.345107
7.345107
7.345107
7.345107
7.345107
7.345107
7.345107
7.345107
7.345107
7.345107
7.345107
7.345107
7.345107
7.345107
7.345107
7.345107
7.345107
7.345107
7.345107
7.345107
7.345107
7.345107
7.345107
7.345107
7.345107
7.345107
7.345107
7.345107
7.345107
7.345107
7.345107
7.345107
7.345107
7.345107
7.345107
7.345107
7.345107
7.345107
7.345107
7.345107
7.345107
7.345107
7.345107
7.345107
7.345107
7.345107
7.345107
7.345107
7.345107
7.345107
7.345107
7.345107
7.345107
7.345107
7.345107
7.345107
7.345107
7.345107
7.345107
7.345107
7.345107
7.345107
7.345107
7.345107
7.345107
7.345107
7.345107
7.345107
7.345107
7.345107
7.345107
7.345107
7.345107
7.345107
7.345107
7.345107
7.345107
7.345107
7.345107
7.345107
7.345107
7.345107
7.345107
7.345107
7.345107
7.345107
7.345107
7.345107
7.345107
7.345107
7.345107
7.345107
7.345107
7.345107
7.345107
7.345107
7.345107
7.345107
7.345107
7.345107
7.345107
7.345107
7.345107
7.345107
7.345107
7.345107
7.345107
7.345107
7.345107
7.345107
7.345107
7.345107
7.345107
7.345107
7.345107
7.345107
7.345107
7.345107
7.345107
7.345107
7.345107
7.345107
7.345107
7.345107
7.345107
7.345107
7.345107
7.345107
7.345107
7.345107
7.345107
7.345107
7.345107
7.345107
7.345107
7.345107
7.345107
7.345107
7.345107
7.345107
7.345107
7.345107
7.345107
7.345107
7.345107
7.345107
7.345107
7.345107
7.345107
7.345107
7.345107
7.345107
7.345107
7.345107
7.345107
7.345107
7.345107
7.345107
7.345107
7.345107
7.345107
7.345107
7.345107
7.345107
7.345107
7.345107
7.345107
7.345107
7.345107
7.345107
7.345107
7.345107
7.345107
7.345107
7.345107
7.345107
7.345107
7.345107
7.345107
7.345107
7.345107
7.345107
7.345107
7.345107
7.345107
7.345107
7.345107
7.345107
7.345107
7.345107
7.345107
7.345107
7.345107
7.345107
7.345107
7.345107
7.345107
7.345107
7.345107
7.345107
7.345107
7.345107
7.345107
7.345107
7.345107
7.345107
7.345107
7.345107
7.345107
7.345107
7.345107
7.345107
7.345107
7.345107
7.345107
7.345107
7.345107
7.345107
7.345107
7.345107
7.345107
7.345107
7.345107
7.345107
7.345107
7.345107
7.345107
7.345107
7.345107
7.345107
7.345107
7.345107
7.345107
7.345107
7.345107
7.345107
7.345107
7.345107
7.345107
7.345107
7.345107
7.345107
7.345107
7.345107
7.345107
7.345107
7.345107
7.345107
7.345107
7.345107
7.345107
7.345107
7.345107
7.345107
7.345107
7.345107
7.345107
7.345107
7.345107
7.345107
7.345107
7.345107
7.345107
7.345107
7.345107
7.345107
7.345107
7.345107
7.345107
7.345107
7.345107
7.345107
7.345107
7.345107
7.345107
7.345107
7.345107
7.345107
7.345107
7.345107
7.345107
7.345107
7.345107
7.345107
7.345107
7.345107
7.345107
7.345107
7.345107
7.345107
7.345107
7.345107
7.345107
7.345107
7.345107
7.345107
7.345107
7.345107
7.345107
7.345107
7.345107
7.345107
7.345107
7.345107
7.345107
7.345107
7.345107
7.345107
7.345107
7.345107
7.345107
7.345107
7.345107
7.345107
7.345107
7.345107
7.345107
7.345107
7.345107
7.345107
7.345107
7.345107
7.345107
7.345107
7.345107
7.345107
7.345107
7.345107
7.345107
7.345107
7.345107
7.345107
7.345107
7.345107
7.345107
7.345107
7.345107
7.345107
7.345107
7.345107
7.345107
7.345107
7.345107
7.345107
7.345107
7.345107
7.345107
7.345107
7.345107
7.345107
7.345107
7.345107
7.345107
7.345107
7.345107
7.345107
7.345107
7.345107
7.345107
7.345107
7.345107
7.345107
7.345107
7.345107
7.345107
7.345107
7.345107
7.345107
7.345107
7.345107
7.345107
7.345107
7.345107
7.345107
7.345107
7.345107
7.345107
7.345107
7.345107
7.345107
7.345107
7.345107
7.345107
7.345107
7.345107
7.345107
7.345107
7.345107
7.345107
7.345107
7.345107
7.345107
7.345107
7.345107
7.345107
7.345107
7.345107
7.345107
7.345107
7.345107
7.345107
7.345107
7.345107
7.345107
7.345107
7.345107
7.345107
7.345107
7.345107
7.345107
7.345107
7.345107
7.345107
7.345107
7.345107
7.345107
7.345107
7.345107
7.345107
7.345107
7.345107
7.345107
7.345107
7.345107
7.345107
7.345107
7.345107
7.345107
7.345107
7.345107
7.345107
7.345107
7.345107
7.345107
7.345107
7.345107
7.345107
7.345107
7.345107
7.345107
7.345107
7.345107
7.345107
7.345107
7.345107
7.345107
7.345107
7.345107
7.345107
7.345107
7.345107
7.345107
7.345107
7.345107
7.345107
7.345107
7.345107
7.345107
7.345107
7.345107
7.345107
7.345107
7.345107
7.345107
7.345107
7.345107
7.345107
7.345107
7.345107
7.345107
7.345107
7.345107
7.345107
7.345107
7.345107
7.345107
7.345107
7.345107
7.345107
7.345107
7.345107
7.345107
7.345107
7.345107
7.345107
7.345107
7.345107
7.345107
7.345107
7.345107
7.345107
7.345107
7.345107
7.345107
7.345107
7.345107
7.345107
7.345107
7.345107
7.345107
7.345107
7.345107
7.345107
7.345107
7.345107
7.345107
7.345107
7.345107
7.345107
7.345107
7.345107
7.345107
7.345107
7.345107
7.345107
7.345107
7.345107
7.345107
7.345107
7.345107
7.345107
7.345107
7.345107
7.345107
7.345107
7.345107
7.345107
7.345107
7.345107
7.345107
7.345107
7.345107
7.345107
7.345107
7.345107
7.345107
7.345107
7.345107
7.345107
7.345107
7.345107
7.345107
7.345107
7.345107
7.345107
7.345107
7.345107
7.345107
7.345107
7.345107
7.345107
7.345107
7.345107
7.345107
7.345107
7.345107
7.345107
7.345107
7.345107
7.345107
7.345107
7.345107
7.345107
7.345107
7.345107
7.345107
7.345107
7.345107
7.345107
7.345107
7.345107
7.345107
7.345107
7.345107
7.345107
7.345107
7.345107
7.345107
7.345107
7.345107
7.345107
7.345107
7.345107
7.345107
7.345107
7.345107
7.345107
7.345107
7.345107
7.345107
7.345107
7.345107
7.345107
7.345107
7.345107
7.345107
7.345107
7.345107
7.345107
7.345107
7.345107
7.345107
7.345107
7.345107
7.345107
7.345107
7.345107
7.345107
7.345107
7.345107
7.345107
7.345107
7.345107
7.345107
7.345107
7.345107
7.345107
7.345107
7.345107
7.345107
7.345107
7.345107
7.345107
7.345107
7.345107
7.345107
7.345107
7.345107
7.345107
7.345107
7.345107
7.345107
7.345107
7.345107
7.345107
7.345107
7.345107
7.345107
7.345107
7.345107
7.345107
7.345107
7.345107
7.345107
7.345107
7.345107
7.345107
7.345107
7.345107
7.345107
7.345107
7.345107
7.345107
7.345107
7.345107
7.345107
7.345107
7.345107
7.345107
7.345107
7.345107
7.345107
7.345107
7.345107
7.345107
7.345107
7.345107
7.345107
7.345107
7.345107
7.345107
7.345107
7.345107
7.345107
7.345107
7.345107
7.345107
7.345107
7.345107
7.345107
7.345107
7.345107
7.345107
7.345107
7.345107
7.345107
7.345107
7.345107
7.345107
7.345107
7.345107
7.345107
7.345107
7.345107
7.345107
7.345107
7.345107
7.345107
7.345107
7.345107
7.345107
7.345107
7.345107
7.345107
7.345107
7.345107
7.345107
7.345107
7.345107
7.345107
7.345107
7.345107
7.345107
7.345107
7.345107
7.345107
7.345107
7.345107
7.345107
7.345107
7.345107
7.345107
7.345107
7.345107
7.345107
7.345107
7.345107
7.345107
7.345107
7.345107
7.345107
7.345107
7.345107
7.345107
7.345107
7.345107
7.345107
7.345107
7.345107
7.345107
7.345107
7.345107
7.345107
7.345107
7.345107
7.345107
7.345107
7.345107
7.345107
7.345107
7.345107
7.345107
7.345107
7.345107
7.345107
7.345107
7.345107
7.345107
7.345107
7.345107
7.345107
7.345107
7.345107
7.345107
7.345107
7.345107
7.345107
7.345107
7.345107
7.345107
7.345107
7.345107
7.345107
7.345107
7.345107
7.345107
7.345107
7.345107
7.345107
7.345107
7.345107
7.345107
7.345107
7.345107
7.345107
7.345107
7.345107
7.345107
7.345107
7.345107
7.345107
7.345107
7.345107
7.345107
7.345107
7.345107
7.345107
7.345107
7.345107
7.345107
7.345107
7.345107
7.345107
7.345107
7.345107
7.345107
7.345107
7.345107
7.345107
7.345107
7.345107
7.345107
7.345107
7.345107
7.345107
7.345107
7.345107
7.345107
7.345107
7.345107
7.345107
7.345107
7.345107
7.345107
7.345107
7.345107
7.345107
7.345107
7.345107
7.345107
7.345107
7.345107
7.345107
7.345107
7.345107
7.345107
7.345107
7.345107
7.345107
7.345107
7.345107
7.345107
7.345107
7.345107
7.345107
7.345107
7.345107
7.345107
7.345107
7.345107
7.345107
7.345107
7.345107
7.345107
7.345107
7.345107
7.345107
7.345107
7.345107
7.345107
7.345107
7.345107
7.345107
7.345107
7.345107
7.345107
7.345107
7.345107
7.345107
7.345107
7.345107
7.345107
7.345107
7.345107
7.345107
7.345107
7.345107
7.345107
7.345107
7.345107
7.345107
7.345108
7.345109
7.345110
7.345111
7.345112
7.345114
7.345115
7.345117
7.345119
7.345120
7.345122
7.345124
7.345125
7.345127
7.345128
7.345129
7.345130
7.345130
7.345131
7.345130
7.345130
7.345129
7.345128
7.345126
7.345124
7.345121
7.345118
7.345114
7.345109
7.345104
7.345099
7.345093
7.345086
7.345079
7.345071
7.345062
7.345053
7.345043
7.345032
7.345021
7.345009
7.344996
7.344983
7.344969
7.344955
7.344939
7.344923
7.344907
7.344890
7.344872
7.344854
7.344835
7.344815
7.344795
7.344775
7.344753
7.344732
7.344709
7.344687
7.344664
7.344640
7.344617
7.344592
7.344568
7.344543
7.344518
7.344492
7.344467
7.344441
7.344415
7.344389
7.344364
7.344338
7.344312
7.344286
7.344260
7.344235
7.344209
7.344184
7.344159
7.344134
7.344110
7.344085
7.344061
7.344037
7.344013
7.343988
7.343964
7.343940
7.343916
7.343892
7.343868
7.343844
7.343820
7.343796
7.343771
7.343747
7.343723
7.343699
7.343675
7.343650
7.343626
7.343602
7.343578
7.343554
7.343529
7.343505
7.343481
7.343457
7.343433
7.343409
7.343384
7.343360
7.343336
7.343312
7.343287
7.343263
7.343239
7.343215
7.343191
7.343167
7.343143
7.343119
7.343095
7.343071
7.343046
7.343022
7.342998
7.342974
7.342950
7.342925
7.342901
7.342877
7.342853
7.342829
7.342805
7.342781
7.342757
7.342732
7.342708
7.342684
7.342660
7.342636
7.342612
7.342588
7.342564
7.342540
7.342515
7.342491
7.342467
7.342443
7.342419
7.342394
7.342370
7.342346
7.342322
7.342298
7.342274
7.342249
7.342225
7.342201
7.342177
7.342153
7.342129
7.342105
7.342080
7.342056
7.342032
7.342008
7.341984
7.341960
7.341935
7.341911
7.341887
7.341863
7.341838
7.341814
7.341790
7.341766
7.341742
7.341717
7.341693
7.341669
7.341645
7.341621
7.341596
7.341572
7.341548
7.341524
7.341500
7.341476
7.341452
7.341428
7.341404
7.341380
7.341356
7.341331
7.341307
7.341283
7.341259
7.341235
7.341211
7.341188
7.341164
7.341141
7.341118
7.341095
7.341072
7.341050
7.341028
7.341005
7.340983
7.340960
7.340938
7.340915
7.340892
7.340869
7.340845
7.340822
7.340798
7.340773
7.340749
7.340724
7.340698
7.340672
7.340646
7.340619
7.340592
7.340565
7.340536
7.340507
7.340478
7.340448
7.340417
7.340386
7.340354
7.340322
7.340289
7.340255
7.340221
7.340186
7.340150
7.340114
7.340078
7.340040
7.340002
7.339964
7.339924
7.339884
7.339844
7.339803
7.339761
7.339719
7.339676
7.339633
7.339589
7.339544
7.339499
7.339454
7.339408
7.339362
7.339315
7.339268
7.339221
7.339173
7.339125
7.339077
7.339029
7.338980
7.338931
7.338883
7.338833
7.338784
7.338735
7.338686
7.338638
7.338589
7.338540
7.338492
7.338444
7.338396
7.338348
7.338301
7.338253
7.338206
7.338159
7.338111
7.338064
7.338017
7.337970
7.337923
7.337876
7.337828
7.337781
7.337733
7.337686
7.337639
7.337591
7.337544
7.337497
7.337450
7.337402
7.337355
7.337308
7.337261
7.337214
7.337167
7.337120
7.337074
7.337027
7.336980
7.336934
7.336887
7.336840
7.336794
7.336747
7.336700
7.336654
7.336607
7.336560
7.336514
7.336467
7.336420
7.336372
7.336325
7.336277
7.336229
7.336181
7.336133
7.336085
7.336036
7.335987
7.335938
7.335889
7.335840
7.335790
7.335740
7.335690
7.335640
7.335589
7.335538
7.335487
7.335435
7.335384
7.335332
7.335279
7.335227
7.335174
7.335121
7.335068
7.335015
7.334961
7.334907
7.334852
7.334798
7.334743
7.334688
7.334633
7.334577
7.334521
7.334465
7.334409
7.334353
7.334297
7.334241
7.334184
7.334128
7.334071
7.334014
7.333956
7.333899
7.333842
7.333784
7.333727
7.333669
7.333612
7.333554
7.333497
7.333440
7.333382
7.333325
7.333268
7.333210
7.333153
7.333096
7.333039
7.332983
7.332926
7.332869
7.332812
7.332755
7.332699
7.332642
7.332585
7.332528
7.332471
7.332414
7.332357
7.332300
7.332243
7.332186
7.332129
7.332072
7.332015
7.331958
7.331902
7.331845
7.331788
7.331731
7.331675
7.331618
7.331561
7.331505
7.331449
7.331392
7.331336
7.331280
7.331223
7.331167
7.331111
7.331055
7.331000
7.330944
7.330889
7.330833
7.330778
7.330722
7.330667
7.330612
7.330557
7.330503
7.330448
7.330393
7.330339
7.330284
7.330230
7.330175
7.330121
7.330067
7.330013
7.329959
7.329905
7.329852
7.329798
7.329745
7.329691
7.329638
7.329585
7.329531
7.329478
7.329425
7.329372
7.329319
7.329267
7.329214
7.329161
7.329108
7.329055
7.329002
7.328949
7.328897
7.328844
7.328792
7.328739
7.328686
7.328633
7.328581
7.328528
7.328475
7.328422
7.328369
7.328316
7.328263
7.328210
7.328157
7.328104
7.328051
7.327998
7.327945
7.327892
7.327839
7.327787
7.327735
7.327683
7.327631
7.327580
7.327530
7.327479
7.327429
7.327379
7.327329
7.327279
7.327229
7.327178
7.327128
7.327077
7.327026
7.326974
7.326923
7.326870
7.326817
7.326764
7.326710
7.326655
7.326599
7.326543
7.326485
7.326427
7.326368
7.326309
7.326248
7.326187
7.326124
7.326061
7.325996
7.325930
7.325864
7.325796
7.325727
7.325658
7.325587
7.325516
7.325443
7.325369
7.325294
7.325218
7.325141
7.325062
7.324983
7.324903
7.324822
7.324740
7.324656
7.324572
7.324487
7.324402
7.324315
7.324227
7.324139
7.324050
7.323960
7.323870
7.323779
7.323687
7.323594
7.323501
7.323408
7.323314
7.323220
7.323125
7.323031
7.322936
7.322841
7.322746
7.322652
7.322557
7.322463
7.322369
7.322275
7.322182
7.322089
7.321996
7.321904
7.321812
7.321720
7.321629
7.321537
7.321446
7.321354
7.321262
7.321171
7.321079
7.320988
7.320896
7.320804
7.320713
7.320622
7.320530
7.320439
7.320348
7.320256
7.320165
7.320073
7.319982
7.319890
7.319799
7.319707
7.319616
7.319524
7.319433
7.319343
7.319252
7.319161
7.319071
7.318980
7.318890
7.318799
7.318709
7.318618
7.318528
7.318437
7.318347
7.318256
7.318165
7.318075
7.317983
7.317892
7.317801
7.317709
7.317618
7.317526
7.317433
7.317341
7.317248
7.317155
7.317062
7.316969
7.316875
7.316782
7.316688
7.316593
7.316498
7.316403
7.316308
7.316213
7.316117
7.316021
7.315925
7.315828
7.315732
7.315635
7.315537
7.315440
7.315342
7.315243
7.315145
7.315046
7.314947
7.314848
7.314749
7.314649
7.314550
7.314450
7.314349
7.314249
7.314148
7.314048
7.313947
7.313846
7.313745
7.313643
7.313541
7.313440
7.313338
7.313236
7.313134
7.313031
7.312929
7.312827
7.312724
7.312622
7.312519
7.312417
7.312314
7.312212
7.312109
7.312007
7.311904
7.311802
7.311699
7.311596
7.311494
7.311391
7.311288
7.311185
7.311082
7.310979
7.310876
7.310773
7.310670
7.310567
7.310464
7.310362
7.310259
7.310157
7.310055
7.309953
7.309851
7.309750
7.309648
7.309547
7.309445
7.309344
7.309242
7.309140
7.309038
7.308935
7.308832
7.308729
7.308625
7.308521
7.308416
7.308310
7.308204
7.308097
7.307990
7.307881
7.307772
7.307662
7.307552
7.307440
7.307328
7.307215
7.307101
7.306986
7.306870
7.306754
7.306637
7.306519
7.306401
7.306282
7.306162
7.306042
7.305920
7.305798
7.305675
7.305550
7.305425
7.305298
7.305171
7.305042
7.304912
7.304780
7.304648
7.304514
7.304379
7.304243
7.304106
7.303967
7.303827
7.303685
7.303543
7.303399
7.303254
7.303109
7.302963
7.302817
7.302670
7.302523
7.302376
7.302228
7.302079
7.301930
7.301780
7.301629
7.301477
7.301324
7.301170
7.301015
7.300859
7.300701
7.300542
7.300381
7.300218
7.300052
7.299884
7.299712
7.299538
7.299361
7.299180
7.298997
7.298810
7.298621
7.298429
7.298235
7.298039
7.297841
7.297641
7.297439
7.297235
7.297030
7.296823
7.296615
7.296405
7.296195
7.295984
7.295772
7.295559
7.295346
7.295132
7.294919
7.294706
7.294493
7.294281
7.294070
7.293859
7.293650
7.293442
7.293235
7.293030
7.292825
7.292621
7.292418
7.292217
7.292016
7.291817
7.291618
7.291421
7.291224
7.291029
7.290835
7.290641
7.290449
7.290257
7.290067
7.289878
7.289690
7.289504
7.289319
7.289136
7.288953
7.288773
7.288593
7.288415
7.288238
7.288061
7.287885
7.287709
7.287533
7.287356
7.287179
7.287001
7.286821
7.286640
7.286458
7.286274
7.286088
7.285900
7.285709
7.285516
7.285320
7.285120
7.284918
7.284712
7.284504
7.284293
7.284080
7.283866
7.283649
7.283430
7.283209
7.282987
7.282764
7.282538
7.282312
7.282084
7.281856
7.281626
7.281396
7.281164
7.280932
7.280699
7.280466
7.280233
7.279999
7.279765
7.279531
7.279297
7.279063
7.278829
7.278595
7.278362
7.278129
7.277896
7.277664
7.277432
7.277200
7.276969
7.276737
7.276506
7.276276
7.276045
7.275816
7.275586
7.275357
7.275128
7.274899
7.274670
7.274441
7.274212
7.273983
7.273753
7.273524
7.273294
7.273063
7.272833
7.272601
7.272369
7.272136
7.271902
7.271667
7.271431
7.271193
7.270954
7.270714
7.270472
7.270229
7.269984
7.269738
7.269491
7.269242
7.268991
7.268739
7.268485
7.268230
7.267973
7.267715
7.267455
7.267194
7.266932
7.266668
7.266403
7.266136
7.265869
7.265600
7.265330
7.265059
7.264787
7.264514
7.264239
7.263964
7.263688
7.263411
7.263133
7.262854
7.262574
7.262294
7.262013
7.261731
7.261449
7.261166
7.260883
7.260599
7.260314
7.260030
7.259745
7.259461
7.259177
7.258894
7.258611
7.258329
7.258048
7.257768
7.257488
7.257209
7.256930
7.256651
7.256373
7.256095
7.255817
7.255540
7.255262
7.254983
7.254704
7.254424
7.254142
7.253859
7.253574
7.253286
7.252996
7.252702
7.252405
7.252104
7.251799
7.251490
7.251178
7.250861
7.250540
7.250216
7.249887
7.249554
7.249218
7.248877
7.248533
7.248185
7.247833
7.247477
7.247118
7.246756
7.246390
7.246021
7.245648
7.245273
7.244895
7.244515
7.244133
7.243748
7.243361
7.242972
7.242581
7.242188
7.241792
7.241395
7.240995
7.240592
7.240187
7.239780
7.239370
7.238957
7.238542
7.238124
7.237705
7.237284
7.236861
7.236437
7.236011
7.235584
7.235157
7.234729
7.234302
7.233874
7.233446
7.233019
7.232593
7.232168
7.231744
7.231321
7.230899
7.230478
7.230058
7.229640
7.229222
7.228806
7.228391
7.227977
7.227565
7.227153
7.226743
7.226333
7.225925
7.225516
7.225108
7.224700
7.224292
7.223883
7.223474
7.223064
7.222653
7.222241
7.221827
7.221413
7.220998
7.220583
7.220167
7.219750
7.219333
7.218915
7.218497
7.218078
7.217659
7.217240
7.216821
7.216402
7.215984
7.215566
7.215148
7.214731
7.214314
7.213898
7.213482
7.213066
7.212652
7.212237
7.211823
7.211409
7.210994
7.210578
7.210161
7.209741
7.209318
7.208892
7.208463
7.208029
7.207591
7.207148
7.206702
7.206251
7.205796
7.205338
7.204876
7.204411
7.203944
7.203473
7.202999
7.202523
7.202044
7.201563
7.201079
7.200594
7.200106
7.199617
7.199126
7.198634
7.198140
7.197645
7.197150
7.196653
7.196155
7.195657
7.195158
7.194659
7.194158
7.193658
7.193156
7.192654
7.192152
7.191649
7.191146
7.190643
7.190140
7.189638
7.189135
7.188632
7.188130
7.187628
7.187125
7.186624
7.186122
7.185620
7.185118
7.184616
7.184115
7.183613
7.183112
7.182611
7.182109
7.181609
7.181108
7.180608
7.180109
7.179610
7.179112
7.178613
7.178115
7.177617
7.177118
7.176620
7.176121
7.175622
7.175122
7.174622
7.174121
7.173619
7.173114
7.172608
7.172099
7.171587
7.171072
7.170555
7.170034
7.169511
7.168986
7.168459
7.167930
7.167401
7.166871
7.166342
7.165812
7.165282
7.164752
7.164223
7.163693
7.163162
7.162631
7.162100
7.161568
7.161035
7.160501
7.159966
7.159431
7.158895
7.158358
7.157819
7.157279
7.156737
7.156193
7.155646
7.155096
7.154542
7.153985
7.153424
7.152858
7.152288
7.151712
7.151131
7.150545
7.149953
7.149356
7.148754
7.148145
7.147531
7.146911
7.146285
7.145653
7.145015
7.144372
7.143723
7.143068
7.142407
7.141741
7.141070
7.140393
7.139710
7.139022
7.138329
7.137631
7.136927
7.136218
7.135505
7.134786
7.134062
7.133334
7.132601
7.131864
7.131123
7.130378
7.129629
7.128876
7.128120
7.127360
7.126598
7.125832
7.125065
7.124295
7.123524
7.122752
7.121978
7.121205
7.120431
7.119658
7.118886
7.118115
7.117346
7.116578
7.115811
7.115046
7.114283
7.113520
7.112759
7.112000
7.111241
7.110484
7.109728
7.108974
7.108221
7.107470
7.106721
7.105973
7.105227
7.104482
7.103738
7.102996
7.102254
7.101513
7.100772
7.100032
7.099293
7.098554
7.097817
7.097079
7.096343
7.095607
7.094873
7.094140
7.093407
7.092677
7.091947
7.091218
7.090491
7.089765
7.089040
7.088316
7.087593
7.086870
7.086149
7.085428
7.084708
7.083988
7.083268
7.082548
7.081829
7.081108
7.080387
7.079665
7.078941
7.078214
7.077483
7.076749
7.076009
7.075263
7.074511
7.073752
7.072986
7.072213
7.071431
7.070642
7.069845
7.069040
7.068228
7.067407
7.066577
7.065740
7.064894
7.064040
7.063178
7.062308
7.061430
7.060544
7.059650
7.058749
7.057841
7.056925
7.056003
7.055073
7.054137
7.053195
7.052248
7.051295
7.050337
7.049374
7.048408
7.047438
7.046465
7.045489
7.044512
7.043532
7.042552
7.041572
7.040591
7.039611
7.038633
7.037656
7.036681
7.035709
7.034739
7.033773
7.032809
7.031847
7.030887
7.029930
7.028974
7.028019
7.027064
7.026111
7.025157
7.024203
7.023248
7.022293
7.021337
7.020380
7.019422
7.018463
7.017502
7.016539
7.015574
7.014608
7.013639
7.012667
7.011692
7.010713
7.009729
7.008741
7.007746
7.006745
7.005737
7.004723
7.003701
7.002672
7.001637
7.000594
6.999546
6.998492
6.997432
6.996368
6.995298
6.994225
6.993148
6.992067
6.990984
6.989898
6.988811
6.987723
6.986635
6.985547
6.984460
6.983375
6.982291
6.981209
6.980130
6.979052
6.977975
6.976901
6.975827
6.974754
6.973681
6.972608
6.971534
6.970459
6.969383
6.968306
6.967227
6.966147
6.965065
6.963982
6.962898
6.961812
6.960726
6.959638
6.958549
6.957459
6.956367
6.955273
6.954176
6.953076
6.951973
6.950866
6.949754
6.948637
6.947515
6.946388
6.945256
6.944117
6.942973
6.941824
6.940669
6.939508
6.938343
6.937172
6.935996
6.934816
6.933631
6.932442
6.931249
6.930052
6.928851
6.927648
6.926441
6.925231
6.924018
6.922803
6.921586
6.920366
6.919144
6.917920
6.916695
6.915468
6.914240
6.913012
6.911783
6.910554
6.909325
6.908097
6.906869
6.905641
6.904415
6.903191
6.901968
6.900746
6.899527
6.898310
6.897096
6.895883
6.894672
6.893461
6.892250
6.891039
6.889826
6.888610
6.887391
6.886169
6.884941
6.883710
6.882472
6.881230
6.879982
6.878729
6.877471
6.876208
6.874940
6.873668
6.872392
6.871112
6.869829
6.868543
6.867254
6.865963
6.864670
6.863376
6.862079
6.860782
6.859483
6.858182
6.856881
6.855578
6.854274
6.852969
6.851662
6.850355
6.849046
6.847735
6.846424
6.845111
6.843797
6.842482
6.841166
6.839849
6.838530
6.837211
6.835891
6.834571
6.833250
6.831930
6.830610
6.829292
6.827974
6.826656
6.825339
6.824022
6.822704
6.821385
6.820062
6.818735
6.817403
6.816064
6.814717
6.813361
6.811995
6.810619
6.809231
6.807832
6.806421
6.804998
6.803564
6.802119
6.800662
6.799195
6.797717
6.796229
6.794730
6.793221
6.791701
6.790169
6.788627
6.787073
6.785508
6.783932
6.782344
6.780745
6.779136
6.777516
6.775885
6.774245
6.772595
6.770937
6.769270
6.767596
6.765914
6.764227
6.762534
6.760837
6.759136
6.757433
6.755728
6.754022
6.752315
6.750609
6.748904
6.747200
6.745497
6.743797
6.742098
6.740401
6.738707
6.737015
6.735326
6.733640
6.731957
6.730278
6.728602
6.726929
6.725259
6.723594
6.721932
6.720274
6.718620
6.716970
6.715324
6.713683
6.712047
6.710415
6.708788
6.707164
6.705543
6.703923
6.702304
6.700685
6.699063
6.697438
6.695809
6.694174
6.692533
6.690886
6.689232
6.687570
6.685902
6.684226
6.682543
6.680853
6.679157
6.677454
6.675746
6.674031
6.672311
6.670585
6.668854
6.667116
6.665372
6.663622
6.661865
6.660101
6.658330
6.656552
6.654768
6.652977
6.651179
6.649376
6.647567
6.645754
6.643937
6.642117
6.640295
6.638472
6.636647
6.634822
6.632995
6.631168
6.629339
6.627507
6.625671
6.623829
6.621980
6.620122
6.618253
6.616373
6.614480
6.612574
6.610653
6.608718
6.606769
6.604805
6.602826
6.600833
6.598826
6.596805
6.594771
6.592724
6.590664
6.588592
6.586509
6.584415
6.582311
6.580197
6.578074
6.575944
6.573805
6.571660
6.569507
6.567348
6.565183
6.563012
6.560835
6.558652
6.556463
6.554268
6.552069
6.549864
6.547655
6.545441
6.543224
6.541002
6.538778
6.536551
6.534321
6.532090
6.529858
6.527625
6.525393
6.523162
6.520933
6.518706
6.516483
6.514263
6.512047
6.509836
6.507629
6.505426
6.503228
6.501035
6.498848
6.496666
6.494489
6.492319
6.490155
6.487997
6.485846
6.483700
6.481561
6.479426
6.477296
6.475169
6.473045
6.470921
6.468798
6.466671
6.464541
6.462405
6.460262
6.458110
6.455949
6.453777
6.451594
6.449401
6.447198
6.444985
6.442763
6.440531
6.438291
6.436044
6.433789
6.431527
6.429259
6.426986
6.424707
6.422423
6.420135
6.417844
6.415550
6.413254
6.410957
6.408660
6.406364
6.404068
6.401774
6.399481
6.397189
6.394899
6.392610
6.390321
6.388031
6.385739
6.383445
6.381145
6.378840
6.376526
6.374202
6.371867
6.369520
6.367160
6.364786
6.362399
6.359997
6.357582
6.355152
6.352708
6.350250
6.347777
6.345289
6.342787
6.340271
6.337739
6.335192
6.332631
6.330056
6.327466
6.324862
6.322246
6.319616
6.316975
6.314323
6.311660
6.308987
6.306306
6.303616
6.300918
6.298214
6.295504
6.292790
6.290071
6.287349
6.284624
6.281897
6.279167
6.276436
6.273702
6.270967
6.268230
6.265492
6.262752
6.260011
6.257270
6.254529
6.251789
6.249049
6.246312
6.243576
6.240843
6.238114
6.235389
6.232668
6.229954
6.227246
6.224545
6.221852
6.219167
6.216492
6.213827
6.211171
6.208524
6.205887
6.203257
6.200635
6.198019
6.195409
6.192801
6.190196
6.187591
6.184984
6.182374
6.179758
6.177136
6.174507
6.171869
6.169222
6.166566
6.163902
6.161229
6.158548
6.155859
6.153164
6.150462
6.147754
6.145039
6.142318
6.139590
6.136856
6.134116
6.131370
6.128618
6.125861
6.123100
6.120333
6.117563
6.114790
6.112013
6.109235
6.106455
6.103674
6.100892
6.098110
6.095329
6.092547
6.089766
6.086983
6.084198
6.081408
6.078611
6.075805
6.072987
6.070155
6.067307
6.064441
6.061557
6.058653
6.055728
6.052783
6.049818
6.046832
6.043826
6.040799
6.037754
6.034689
6.031606
6.028505
6.025388
6.022254
6.019106
6.015943
6.012768
6.009579
6.006379
6.003167
5.999945
5.996711
5.993467
5.990212
5.986948
5.983674
5.980391
5.977099
5.973800
5.970493
5.967179
5.963860
5.960536
5.957207
5.953874
5.950539
5.947202
5.943863
5.940525
5.937187
5.933852
5.930518
5.927188
5.923863
5.920542
5.917227
5.913918
5.910616
5.907321
5.904032
5.900752
5.897480
5.894216
5.890961
5.887715
5.884478
5.881251
5.878034
5.874826
5.871628
5.868439
5.865259
5.862088
5.858925
5.855768
5.852618
5.849473
5.846331
5.843190
5.840049
5.836906
5.833758
5.830605
5.827444
5.824277
5.821102
5.817920
5.814733
5.811540
5.808343
5.805143
5.801941
5.798737
5.795533
5.792330
5.789128
5.785928
5.782731
5.779538
5.776349
5.773165
5.769987
5.766815
5.763649
5.760487
5.757329
5.754173
5.751016
5.747857
5.744693
5.741523
5.738344
5.735155
5.731953
5.728739
5.725510
5.722267
5.719007
5.715732
5.712441
5.709134
5.705811
5.702472
5.699118
5.695749
5.692366
5.688969
5.685560
5.682138
5.678703
5.675257
5.671799
5.668329
5.664849
5.661358
5.657857
5.654346
5.650826
5.647298
5.643761
5.640216
5.636663
5.633104
5.629538
5.625966
5.622389
5.618808
5.615222
5.611633
5.608041
5.604448
5.600855
5.597261
5.593669
5.590079
5.586493
5.582910
5.579332
5.575758
5.572189
5.568627
5.565070
5.561521
5.557979
5.554445
5.550920
5.547404
5.543897
5.540400
5.536913
5.533436
5.529969
5.526513
5.523067
5.519632
5.516206
5.512790
5.509383
5.505984
5.502592
5.499206
5.495825
5.492445
5.489066
5.485685
5.482301
5.478912
5.475516
5.472114
5.468705
5.465289
5.461866
5.458436
5.455000
5.451558
5.448112
5.444661
5.441207
5.437750
5.434291
5.430831
5.427369
5.423907
5.420445
5.416984
5.413524
5.410066
5.406610
5.403157
5.399706
5.396258
5.392811
5.389367
5.385924
5.382480
5.379034
5.375585
5.372131
5.368668
5.365196
5.361712
5.358214
5.354700
5.351170
5.347621
5.344053
5.340466
5.336858
5.333230
5.329583
5.325915
5.322227
5.318520
5.314793
5.311047
5.307281
5.303495
5.299690
5.295866
5.292023
5.288162
5.284283
5.280386
5.276472
5.272542
5.268596
5.264634
5.260659
5.256669
5.252666
5.248652
5.244626
5.240590
5.236545
5.232491
5.228431
5.224366
5.220295
5.216222
5.212146
5.208069
5.203992
5.199915
5.195840
5.191768
5.187700
5.183635
5.179577
5.175525
5.171480
5.167444
5.163418
5.159402
5.155398
5.151406
5.147427
5.143462
5.139512
5.135577
5.131658
5.127756
5.123872
5.120005
5.116156
5.112324
5.108510
5.104712
5.100929
5.097159
5.093401
5.089652
5.085911
5.082175
5.078441
5.074708
5.070974
5.067236
5.063493
5.059744
5.055988
5.052224
5.048454
5.044676
5.040890
5.037098
5.033298
5.029492
5.025680
5.021862
5.018039
5.014211
5.010378
5.006540
5.002697
4.998850
4.994999
4.991145
4.987288
4.983428
4.979565
4.975701
4.971836
4.967970
4.964105
4.960240
4.956376
4.952514
4.948653
4.944794
4.940935
4.937075
4.933212
4.929344
4.925470
4.921586
4.917691
4.913781
4.909855
4.905911
4.901946
4.897961
4.893955
4.889926
4.885875
4.881803
4.877708
4.873592
4.869456
4.865300
4.861124
4.856930
4.852718
4.848491
4.844247
4.839989
4.835717
4.831432
4.827134
4.822825
4.818506
4.814177
4.809839
4.805492
4.801138
4.796776
4.792406
4.788030
4.783647
4.779258
4.774864
4.770466
4.766064
4.761659
4.757253
4.752844
4.748436
4.744028
4.739622
4.735218
4.730818
4.726422
4.722032
4.717649
4.713274
4.708908
4.704552
4.700208
4.695876
4.691557
4.687252
4.682962
4.678688
4.674430
4.670189
4.665965
4.661759
4.657571
4.653403
4.649253
4.645122
4.641010
4.636916
4.632840
4.628780
4.624734
4.620702
4.616681
4.612669
4.608663
4.604660
4.600659
4.596658
4.592655
4.588649
4.584639
4.580625
4.576606
4.572583
4.568555
4.564525
4.560491
4.556455
4.552416
4.548376
4.544334
4.540291
4.536247
4.532202
4.528156
4.524109
4.520062
4.516015
4.511968
4.507921
4.503874
4.499827
4.495781
4.491735
4.487690
4.483647
4.479604
4.475563
4.471523
4.467486
4.463450
4.459418
4.455389
4.451363
4.447342
4.443325
4.439312
4.435304
4.431300
4.427298
4.423298
4.419297
4.415292
4.411283
4.407265
4.403236
4.399193
4.395135
4.391060
4.386965
4.382850
4.378714
4.374556
4.370376
4.366174
4.361949
4.357702
4.353434
4.349144
4.344833
4.340502
4.336152
4.331783
4.327397
4.322994
4.318575
4.314142
4.309695
4.305234
4.300762
4.296278
4.291785
4.287282
4.282772
4.278254
4.273730
4.269201
4.264667
4.260129
4.255589
4.251046
4.246503
4.241960
4.237417
4.232877
4.228340
4.223806
4.219278
4.214755
4.210240
4.205732
4.201234
4.196746
4.192269
4.187805
4.183354
4.178917
4.174495
4.170089
4.165700
4.161328
4.156974
4.152639
4.148323
4.144027
4.139750
4.135494
4.131257
4.127041
4.122845
4.118668
4.114509
4.110368
4.106243
4.102131
4.098032
4.093942
4.089860
4.085782
4.081706
4.077629
4.073549
4.069465
4.065376
4.061280
4.057178
4.053069
4.048953
4.044832
4.040705
4.036572
4.032435
4.028293
4.024146
4.019997
4.015844
4.011688
4.007529
4.003369
3.999207
3.995043
3.990879
3.986714
3.982549
3.978385
3.974221
3.970059
3.965899
3.961742
3.957589
3.953440
3.949295
3.945157
3.941025
3.936900
3.932782
3.928671
3.924567
3.920469
3.916374
3.912281
3.908188
3.904090
3.899986
3.895871
3.891745
3.887604
3.883447
3.879272
3.875078
3.870865
3.866632
3.862379
3.858106
3.853813
3.849501
3.845169
3.840819
3.836451
3.832066
3.827665
3.823248
3.818817
3.814373
3.809916
3.805447
3.800968
3.796480
3.791983
3.787477
3.782965
3.778446
3.773922
3.769393
3.764861
3.760325
3.755787
3.751248
3.746708
3.742167
3.737628
3.733089
3.728553
3.724020
3.719490
3.714965
3.710445
3.705931
3.701426
3.696928
3.692441
3.687964
3.683499
3.679047
3.674610
3.670188
3.665782
3.661394
3.657024
3.652674
3.648345
3.644036
3.639750
3.635486
3.631245
3.627026
3.622831
3.618659
3.614509
3.610380
3.606272
3.602182
3.598110
3.594053
3.590008
3.585973
3.581945
3.577920
3.573897
3.569871
3.565842
3.561808
3.557767
3.553720
3.549667
3.545608
3.541543
3.537474
3.533402
3.529327
3.525250
3.521171
3.517091
3.513011
3.508931
3.504852
3.500773
3.496696
3.492620
3.488547
3.484477
3.480410
3.476346
3.472287
3.468232
3.464183
3.460140
3.456103
3.452073
3.448050
3.444036
3.440029
3.436030
3.432038
3.428051
3.424069
3.420087
3.416105
3.412119
3.408126
3.404124
3.400110
3.396083
3.392042
3.387986
3.383914
3.379826
3.375722
3.371603
3.367468
3.363319
3.359156
3.354979
3.350790
3.346590
3.342378
3.338156
3.333925
3.329685
3.325436
3.321180
3.316917
3.312648
3.308373
3.304092
3.299806
3.295515
3.291221
3.286924
3.282624
3.278323
3.274021
3.269719
3.265417
3.261116
3.256817
3.252520
3.248227
3.243937
3.239652
3.235372
3.231097
3.226828
3.222567
3.218313
3.214068
3.209831
3.205604
3.201387
3.197181
3.192986
3.188804
3.184634
3.180478
3.176337
3.172211
3.168102
3.164011
3.159938
3.155884
3.151850
3.147837
3.143843
3.139870
3.135917
3.131985
3.128071
3.124175
3.120295
3.116430
3.112577
3.108733
3.104896
3.101063
3.097231
3.093397
3.089560
3.085718
3.081872
3.078019
3.074162
3.070301
3.066436
3.062569
3.058701
3.054832
3.050964
3.047097
3.043233
3.039371
3.035512
3.031657
3.027806
3.023961
3.020120
3.016285
3.012456
3.008633
3.004817
3.001007
2.997204
2.993408
2.989619
2.985837
2.982063
2.978296
2.974537
2.970785
2.967040
2.963301
2.959566
2.955833
2.952102
2.948369
2.944633
2.940891
2.937142
2.933383
2.929614
2.925833
2.922039
2.918232
2.914412
2.910577
2.906727
2.902864
2.898986
2.895095
2.891190
2.887274
2.883346
2.879408
2.875460
2.871503
2.867539
2.863567
2.859590
2.855607
2.851619
2.847627
2.843632
2.839634
2.835634
2.831632
2.827630
2.823628
2.819625
2.815624
2.811624
2.807627
2.803632
2.799640
2.795651
2.791668
2.787689
2.783717
2.779752
2.775795
2.771848
2.767911
2.763986
2.760074
2.756174
2.752290
2.748420
2.744566
2.740729
2.736909
2.733108
2.729325
2.725561
2.721816
2.718092
2.714388
2.710704
2.707041
2.703398
2.699776
2.696173
2.692590
2.689027
2.685482
2.681955
2.678445
2.674951
2.671472
2.668005
2.664549
2.661102
2.657663
2.654229
2.650798
2.647371
2.643946
2.640522
2.637099
2.633678
2.630259
2.626841
2.623425
2.620011
2.616598
2.613188
2.609779
2.606371
2.602966
2.599561
2.596159
2.592758
2.589358
2.585961
2.582565
2.579171
2.575778
2.572388
2.569000
2.565614
2.562230
2.558850
2.555473
2.552100
2.548731
2.545367
2.542009
2.538657
2.535311
2.531973
2.528644
2.525323
2.522011
2.518707
2.515412
2.512125
2.508845
2.505569
2.502297
2.499024
2.495749
2.492469
2.489181
2.485885
2.482579
2.479260
2.475929
2.472585
2.469227
2.465855
2.462469
2.459069
2.455656
2.452229
2.448790
2.445337
2.441872
2.438396
2.434909
2.431412
2.427906
2.424393
2.420874
2.417350
2.413822
2.410291
2.406758
2.403225
2.399692
2.396160
2.392630
2.389103
2.385579
2.382059
2.378545
2.375035
2.371532
2.368034
2.364542
2.361056
2.357576
2.354102
2.350634
2.347172
2.343716
2.340267
2.336825
2.333392
2.329967
2.326551
2.323147
2.319754
2.316374
2.313007
2.309655
2.306319
2.303000
2.299698
2.296414
2.293150
2.289906
2.286683
2.283481
2.280300
2.277142
2.274004
2.270888
2.267792
2.264715
2.261656
2.258612
2.255582
2.252564
2.249555
2.246554
2.243557
2.240562
2.237568
2.234574
2.231577
2.228579
2.225579
2.222578
2.219576
2.216573
2.213570
2.210568
2.207567
2.204568
2.201570
2.198575
2.195583
2.192593
2.189607
2.186624
2.183646
2.180673
2.177705
2.174744
2.171791
2.168846
2.165910
2.162985
2.160069
2.157165
2.154273
2.151393
2.148525
2.145669
2.142824
2.139990
2.137163
2.134342
2.131524
2.128707
2.125887
2.123062
2.120230
2.117388
2.114535
2.111671
2.108795
2.105908
2.103008
2.100097
2.097174
2.094240
2.091296
2.088342
2.085378
2.082405
2.079425
2.076436
2.073441
2.070440
2.067433
2.064421
2.061405
2.058385
2.055362
2.052337
2.049309
2.046280
2.043250
2.040219
2.037188
2.034158
2.031130
2.028105
2.025082
2.022064
2.019051
2.016044
2.013043
2.010048
2.007061
2.004081
2.001110
1.998147
1.995193
1.992250
1.989316
1.986393
1.983482
1.980582
1.977694
1.974818
1.971955
1.969106
1.966269
1.963447
1.960639
1.957847
1.955072
1.952314
1.949574
1.946853
1.944153
1.941472
1.938813
1.936174
1.933555
1.930957
1.928378
1.925817
1.923273
1.920744
1.918228
1.915723
1.913227
1.910738
1.908253
1.905773
1.903294
1.900818
1.898344
1.895873
1.893404
1.890940
1.888480
1.886025
1.883576
1.881133
1.878696
1.876266
1.873844
1.871428
1.869020
1.866619
1.864226
1.861840
1.859463
1.857094
1.854732
1.852379
1.850034
1.847698
1.845369
1.843049
1.840736
1.838431
1.836133
1.833842
1.831559
1.829281
1.827011
1.824746
1.822488
1.820234
1.817984
1.815738
1.813493
1.811249
1.809005
1.806758
1.804509
1.802254
1.799994
1.797728
1.795453
1.793170
1.790879
1.788577
1.786266
1.783944
1.781612
1.779269
1.776916
1.774554
1.772183
1.769803
1.767417
1.765025
1.762627
1.760224
1.757817
1.755407
1.752994
1.750579
1.748162
1.745745
1.743328
1.740911
1.738495
1.736081
1.733668
1.731258
1.728850
1.726444
1.724042
1.721643
1.719247
1.716854
1.714466
1.712083
1.709705
1.707332
1.704967
1.702609
1.700259
1.697918
1.695588
1.693267
1.690958
1.688660
1.686375
1.684102
1.681843
1.679597
1.677366
1.675150
1.672948
1.670762
1.668592
1.666436
1.664296
1.662171
1.660060
1.657963
1.655879
1.653808
1.651749
1.649703
1.647668
1.645644
1.643631
1.641627
1.639632
1.637644
1.635662
1.633687
1.631716
1.629750
1.627788
1.625829
1.623875
1.621923
1.619976
1.618031
1.616091
1.614154
1.612222
1.610293
1.608369
1.606450
1.604535
1.602625
1.600720
1.598821
1.596928
1.595040
1.593158
1.591283
1.589413
1.587550
1.585692
1.583841
1.581995
1.580155
1.578320
1.576490
1.574665
1.572845
1.571029
1.569217
1.567409
1.565605
1.563803
1.562004
1.560206
1.558408
1.556610
1.554811
1.553010
1.551206
1.549399
1.547588
1.545772
1.543952
1.542127
1.540297
1.538461
1.536620
1.534773
1.532921
1.531065
1.529204
1.527338
1.525468
1.523595
1.521718
1.519838
1.517955
1.516068
1.514179
1.512288
1.510394
1.508498
1.506601
1.504703
1.502804
1.500907
1.499010
1.497114
1.495221
1.493330
1.491442
1.489557
1.487676
1.485799
1.483927
1.482060
1.480198
1.478343
1.476493
1.474651
1.472815
1.470988
1.469168
1.467357
1.465554
1.463761
1.461977
1.460203
1.458438
1.456684
1.454941
1.453209
1.451489
1.449780
1.448083
1.446398
1.444725
1.443064
1.441415
1.439777
1.438150
1.436533
1.434927
1.433330
1.431742
1.430163
1.428590
1.427024
1.425464
1.423907
1.422353
1.420799
1.419246
1.417692
1.416136
1.414578
1.413018
1.411456
1.409891
1.408324
1.406755
1.405185
1.403613
1.402040
1.400467
1.398894
1.397322
1.395750
1.394179
1.392611
1.391043
1.389479
1.387916
1.386356
1.384798
1.383243
1.381691
1.380142
1.378595
1.377052
1.375512
1.373976
1.372445
1.370918
1.369396
1.367879
1.366368
1.364864
1.363366
1.361874
1.360389
1.358911
1.357438
1.355970
1.354508
1.353049
1.351593
1.350140
1.348689
1.347238
1.345787
1.344336
1.342884
1.341431
1.339977
1.338522
1.337065
1.335608
1.334150
1.332692
1.331233
1.329774
1.328315
1.326856
1.325396
1.323937
1.322477
1.321017
1.319556
1.318095
1.316634
1.315171
1.313707
1.312242
1.310776
1.309307
1.307837
1.306365
1.304890
1.303414
1.301936
1.300456
1.298976
1.297495
1.296014
1.294534
1.293055
1.291578
1.290103
1.288631
1.287161
1.285696
1.284235
1.282778
1.281327
1.279881
1.278442
1.277009
1.275584
1.274166
1.272755
1.271353
1.269958
1.268572
1.267195
1.265828
1.264470
1.263122
1.261784
1.260458
1.259143
1.257839
1.256547
1.255267
1.253999
1.252741
1.251494
1.250258
1.249031
1.247812
1.246601
1.245397
1.244199
1.243006
1.241818
1.240634
1.239455
1.238279
1.237108
1.235940
1.234776
1.233617
1.232462
1.231312
1.230167
1.229027
1.227893
1.226763
1.225639
1.224520
1.223405
1.222296
1.221191
1.220090
1.218993
1.217901
1.216811
1.215726
1.214643
1.213564
1.212487
1.211414
1.210343
1.209276
1.208210
1.207148
1.206087
1.205029
1.203972
1.202917
1.201862
1.200807
1.199750
1.198692
1.197631
1.196567
1.195499
1.194428
1.193352
1.192272
1.191188
1.190099
1.189006
1.187909
1.186808
1.185703
1.184594
1.183482
1.182366
1.181246
1.180123
1.178998
1.177871
1.176742
1.175613
1.174482
1.173351
1.172220
1.171090
1.169960
1.168831
1.167703
1.166576
1.165450
1.164326
1.163203
1.162082
1.160962
1.159845
1.158729
1.157615
1.156504
1.155394
1.154287
1.153183
1.152081
1.150982
1.149887
1.148795
1.147708
1.146624
1.145547
1.144474
1.143408
1.142348
1.141295
1.140250
1.139212
1.138182
1.137160
1.136147
1.135144
1.134149
1.133164
1.132189
1.131224
1.130268
1.129323
1.128387
1.127461
1.126544
1.125636
1.124736
1.123844
1.122959
1.122079
1.121205
1.120336
1.119470
1.118607
1.117747
1.116890
1.116034
1.115182
1.114331
1.113483
1.112636
1.111793
1.110952
1.110113
1.109277
1.108444
1.107614
1.106786
1.105961
1.105139
1.104320
1.103504
1.102691
1.101880
1.101073
1.100269
1.099468
1.098671
1.097876
1.097085
1.096297
1.095512
1.094731
1.093953
1.093179
1.092408
1.091639
1.090875
1.090113
1.089354
1.088598
1.087845
1.087095
1.086346
1.085599
1.084853
1.084106
1.083359
1.082610
1.081860
1.081107
1.080353
1.079596
1.078837
1.078076
1.077312
1.076546
1.075778
1.075008
1.074236
1.073463
1.072688
1.071912
1.071135
1.070357
1.069578
1.068798
1.068018
1.067238
1.066457
1.065676
1.064895
1.064113
1.063332
1.062550
1.061768
1.060987
1.060205
1.059424
1.058643
1.057862
1.057083
1.056304
1.055527
1.054751
1.053976
1.053203
1.052431
1.051661
1.050894
1.050128
1.049364
1.048603
1.047844
1.047088
1.046335
1.045584
1.044836
1.044091
1.043348
1.042609
1.041873
1.041139
1.040409
1.039682
1.038958
1.038237
1.037519
1.036804
1.036092
1.035382
1.034674
1.033968
1.033264
1.032561
1.031858
1.031157
1.030455
1.029753
1.029051
1.028348
1.027644
1.026937
1.026228
1.025517
1.024804
1.024088
1.023370
1.022651
1.021932
1.021213
1.020494
1.019776
1.019059
1.018344
1.017631
1.016920
1.016212
1.015507
1.014804
1.014106
1.013410
1.012718
1.012030
1.011345
1.010665
1.009988
1.009314
1.008645
1.007980
1.007318
1.006661
1.006007
1.005357
1.004712
1.004070
1.003433
1.002800
1.002171
1.001546
1.000925
1.000308
0.999696
0.999087
0.998482
0.997881
0.997283
0.996689
0.996098
0.995510
0.994925
0.994343
0.993763
0.993186
0.992612
0.992040
0.991471
0.990903
0.990338
0.989775
0.989213
0.988653
0.988095
0.987537
0.986981
0.986425
0.985870
0.985315
0.984762
0.984209
0.983657
0.983106
0.982556
0.982007
0.981458
0.980911
0.980366
0.979821
0.979279
0.978738
0.978199
0.977661
0.977126
0.976593
0.976062
0.975534
0.975008
0.974485
0.973964
0.973446
0.972931
0.972419
0.971909
0.971402
0.970897
0.970396
0.969897
0.969400
0.968905
0.968413
0.967923
0.967435
0.966948
0.966464
0.965982
0.965501
0.965021
0.964544
0.964068
0.963593
0.963120
0.962648
0.962177
0.961707
0.961238
0.960771
0.960304
0.959839
0.959375
0.958912
0.958450
0.957990
0.957532
0.957075
0.956619
0.956165
0.955712
0.955262
0.954813
0.954366
0.953921
0.953479
0.953039
0.952601
0.952166
0.951733
0.951303
0.950875
0.950449
0.950026
0.949605
0.949187
0.948771
0.948357
0.947944
0.947534
0.947127
0.946721
0.946317
0.945915
0.945515
0.945117
0.944719
0.944323
0.943928
0.943534
0.943140
0.942745
0.942351
0.941957
0.941561
0.941166
0.940769
0.940372
0.939974
0.939575
0.939175
0.938775
0.938375
0.937973
0.937572
0.937169
0.936766
0.936362
0.935958
0.935553
0.935148
0.934742
0.934336
0.933930
0.933524
0.933118
0.932712
0.932307
0.931902
0.931498
0.931094
0.930691
0.930289
0.929888
0.929487
0.929088
0.928690
0.928294
0.927899
0.927505
0.927114
0.926724
0.926337
0.925951
0.925568
0.925188
0.924809
0.924434
0.924061
0.923691
0.923324
0.922960
0.922599
0.922240
0.921884
0.921530
0.921179
0.920829
0.920482
0.920138
0.919794
0.919453
0.919113
0.918774
0.918436
0.918100
0.917765
0.917431
0.917098
0.916766
0.916435
0.916103
0.915772
0.915440
0.915107
0.914772
0.914437
0.914099
0.913761
0.913420
0.913079
0.912736
0.912392
0.912046
0.911701
0.911354
0.911008
0.910661
0.910315
0.909969
0.909623
0.909278
0.908933
0.908589
0.908245
0.907902
0.907561
0.907220
0.906880
0.906542
0.906205
0.905869
0.905534
0.905201
0.904870
0.904540
0.904211
0.903884
0.903559
0.903235
0.902912
0.902592
0.902273
0.901956
0.901640
0.901327
0.901016
0.900706
0.900398
0.900093
0.899789
0.899487
0.899187
0.898889
0.898593
0.898298
0.898005
0.897713
0.897421
0.897131
0.896842
0.896553
0.896265
0.895977
0.895689
0.895402
0.895115
0.894828
0.894541
0.894254
0.893966
0.893679
0.893392
0.893105
0.892817
0.892530
0.892242
0.891953
0.891664
0.891375
0.891085
0.890794
0.890503
0.890212
0.889920
0.889629
0.889336
0.889044
0.888752
0.888459
0.888165
0.887872
0.887578
0.887285
0.886991
0.886698
0.886406
0.886114
0.885823
0.885533
0.885245
0.884957
0.884671
0.884386
0.884102
0.883820
0.883539
0.883260
0.882983
0.882707
0.882434
0.882162
0.881893
0.881626
0.881361
0.881099
0.880839
0.880581
0.880326
0.880074
0.879824
0.879576
0.879331
0.879088
0.878847
0.878608
0.878371
0.878136
0.877902
0.877671
0.877441
0.877212
0.876985
0.876759
0.876534
0.876310
0.876087
0.875864
0.875643
0.875422
0.875203
0.874984
0.874766
0.874549
0.874333
0.874117
0.873902
0.873688
0.873475
0.873263
0.873051
0.872839
0.872628
0.872418
0.872208
0.871998
0.871789
0.871579
0.871370
0.871161
0.870951
0.870742
0.870532
0.870321
0.870110
0.869898
0.869686
0.869474
0.869261
0.869049
0.868836
0.868623
0.868412
0.868200
0.867989
0.867779
0.867570
0.867362
0.867154
0.866948
0.866742
0.866538
0.866334
0.866132
0.865931
0.865731
0.865533
0.865336
0.865140
0.864946
0.864753
0.864561
0.864371
0.864181
0.863993
0.863806
0.863620
0.863435
0.863250
0.863065
0.862881
0.862698
0.862514
0.862331
0.862148
0.861966
0.861782
0.861599
0.861416
0.861232
0.861047
0.860862
0.860676
0.860489
0.860301
0.860112
0.859923
0.859733
0.859543
0.859353
0.859163
0.858972
0.858782
0.858592
0.858402
0.858213
0.858024
0.857835
0.857647
0.857460
0.857273
0.857087
0.856901
0.856716
0.856533
0.856350
0.856167
0.855986
0.855806
0.855627
0.855449
0.855272
0.855096
0.854922
0.854749
0.854577
0.854406
0.854237
0.854070
0.853904
0.853740
0.853577
0.853415
0.853255
0.853096
0.852939
0.852783
0.852628
0.852474
0.852322
0.852171
0.852020
0.851871
0.851722
0.851574
0.851428
0.851281
0.851136
0.850991
0.850847
0.850703
0.850559
0.850415
0.850272
0.850129
0.849985
0.849842
0.849697
0.849552
0.849407
0.849260
0.849113
0.848966
0.848817
0.848668
0.848518
0.848367
0.848215
0.848062
0.847908
0.847754
0.847599
0.847443
0.847287
0.847131
0.846974
0.846818
0.846661
0.846505
0.846349
0.846193
0.846038
0.845883
0.845728
0.845574
0.845420
0.845267
0.845114
0.844962
0.844811
0.844660
0.844511
0.844362
0.844213
0.844066
0.843920
0.843774
0.843629
0.843486
0.843343
0.843201
0.843061
0.842921
0.842783
0.842646
0.842511
0.842376
0.842242
0.842110
0.841979
0.841848
0.841719
0.841590
0.841462
0.841336
0.841210
0.841084
0.840960
0.840836
0.840713
0.840591
0.840469
0.840347
0.840226
0.840106
0.839986
0.839867
0.839747
0.839628
0.839509
0.839390
0.839271
0.839152
0.839033
0.838914
0.838794
0.838675
0.838555
0.838435
0.838315
0.838195
0.838076
0.837956
0.837837
0.837718
0.837599
0.837480
0.837361
0.837243
0.837125
0.837007
0.836890
0.836773
0.836656
0.836540
0.836424
0.836309
0.836194
0.836080
0.835966
0.835852
0.835739
0.835626
0.835514
0.835402
0.835291
0.835180
0.835069
0.834959
0.834850
0.834740
0.834631
0.834523
0.834415
0.834307
0.834200
0.834094
0.833987
0.833882
0.833776
0.833671
0.833567
0.833463
0.833360
0.833257
0.833154
0.833052
0.832951
0.832849
0.832748
0.832648
0.832548
0.832448
0.832348
0.832249
0.832151
0.832052
0.831954
0.831856
0.831758
0.831661
0.831564
0.831467
0.831371
0.831274
0.831178
0.831082
0.830986
0.830890
0.830794
0.830699
0.830603
0.830507
0.830412
0.830316
0.830221
0.830125
0.830029
0.829933
0.829838
0.829742
0.829647
0.829552
0.829457
0.829362
0.829267
0.829172
0.829078
0.828984
0.828890
0.828796
0.828702
0.828608
0.828515
0.828422
0.828329
0.828235
0.828142
0.828049
0.827956
0.827863
0.827770
0.827677
0.827583
0.827489
0.827395
0.827301
0.827207
0.827113
0.827020
0.826926
0.826832
0.826739
0.826646
0.826554
0.826461
0.826369
0.826278
0.826187
0.826096
0.826006
0.825916
0.825827
0.825738
0.825650
0.825563
0.825476
0.825390
0.825305
0.825220
0.825136
0.825053
0.824971
0.824889
0.824809
0.824729
0.824650
0.824572
0.824494
0.824418
0.824342
0.824267
0.824193
0.824120
0.824048
0.823977
0.823906
0.823836
0.823768
0.823700
0.823632
0.823565
0.823500
0.823434
0.823370
0.823306
0.823243
0.823180
0.823118
0.823057
0.822996
0.822935
0.822875
0.822816
0.822756
0.822697
0.822639
0.822580
0.822522
0.822464
0.822405
0.822347
0.822289
0.822231
0.822172
0.822114
0.822055
0.821996
0.821936
0.821876
0.821816
0.821756
0.821696
0.821635
0.821574
0.821514
0.821453
0.821392
0.821332
0.821271
0.821210
0.821150
0.821089
0.821028
0.820968
0.820907
0.820846
0.820786
0.820725
0.820665
0.820605
0.820544
0.820484
0.820424
0.820364
0.820303
0.820243
0.820183
0.820124
0.820064
0.820004
0.819944
0.819885
0.819825
0.819766
0.819707
0.819647
0.819588
0.819529
0.819470
0.819411
0.819352
0.819294
0.819235
0.819176
0.819118
0.819060
0.819001
0.818943
0.818885
0.818827
0.818769
0.818711
0.818653
0.818595
0.818537
0.818480
0.818422
0.818365
0.818307
0.818250
0.818192
0.818135
0.818078
0.818021
0.817963
0.817906
0.817849
0.817792
0.817735
0.817677
0.817620
0.817563
0.817506
0.817449
0.817392
0.817334
0.817277
0.817220
0.817163
0.817105
0.817048
0.816991
0.816933
0.816876
0.816818
0.816761
0.816703
0.816646
0.816588
0.816531
0.816473
0.816415
0.816357
0.816300
0.816242
0.816184
0.816126
0.816069
0.816011
0.815954
0.815896
0.815839
0.815782
0.815724
0.815667
0.815610
0.815553
0.815496
0.815439
0.815382
0.815326
0.815269
0.815213
0.815156
0.815100
0.815044
0.814988
0.814932
0.814876
0.814821
0.814765
0.814710
0.814655
0.814600
0.814545
0.814490
0.814435
0.814381
0.814326
0.814272
0.814218
0.814164
0.814110
0.814056
0.814003
0.813949
0.813896
0.813842
0.813789
0.813736
0.813683
0.813630
0.813577
0.813524
0.813472
0.813419
0.813366
0.813314
0.813261
0.813209
0.813157
0.813105
0.813052
0.813000
0.812948
0.812895
0.812843
0.812791
0.812739
0.812686
0.812634
0.812581
0.812529
0.812477
0.812424
0.812372
0.812319
0.812266
0.812214
0.812161
0.812108
0.812056
0.812003
0.811950
0.811898
0.811845
0.811791
0.811738
0.811685
0.811631
0.811577
0.811523
0.811468
0.811414
0.811360
0.811305
0.811250
0.811196
0.811142
0.811088
0.811034
0.810980
0.810927
0.810874
0.810821
0.810769
0.810717
0.810665
0.810614
0.810563
0.810513
0.810464
0.810415
0.810366
0.810318
0.810271
0.810224
0.810178
0.810133
0.810088
0.810044
0.810001
0.809958
0.809916
0.809875
0.809834
0.809794
0.809755
0.809717
0.809679
0.809642
0.809605
0.809570
0.809534
0.809500
0.809466
0.809433
0.809400
0.809369
0.809337
0.809306
0.809276
0.809246
0.809217
0.809188
0.809160
0.809132
0.809105
0.809078
0.809051
0.809025
0.808998
0.808972
0.808947
0.808921
0.808895
0.808870
0.808845
0.808819
0.808794
0.808768
0.808742
0.808716
0.808690
0.808664
0.808638
0.808611
0.808584
0.808557
0.808529
0.808502
0.808475
0.808448
0.808420
0.808393
0.808366
0.808338
0.808311
0.808284
0.808257
0.808229
0.808202
0.808175
0.808148
0.808120
0.808093
0.808066
0.808038
0.808011
0.807984
0.807956
0.807929
0.807902
0.807875
0.807847
0.807820
0.807793
0.807766
0.807738
0.807711
0.807684
0.807656
0.807629
0.807602
0.807574
0.807547
0.807520
0.807493
0.807465
0.807438
0.807411
0.807384
0.807356
0.807329
0.807302
0.807274
0.807247
0.807220
0.807192
0.807165
0.807138
0.807111
0.807083
0.807056
0.807029
0.807002
0.806974
0.806947
0.806920
0.806892
0.806865
0.806838
0.806811
0.806783
0.806756
0.806729
0.806701
0.806674
0.806647
0.806620
0.806592
0.806565
0.806538
0.806510
0.806483
0.806456
0.806429
0.806401
0.806374
0.806347
0.806319
0.806292
0.806265
0.806238
0.806210
0.806183
0.806156
0.806128
0.806101
0.806074
0.806047
0.806019
0.805992
0.805964
0.805937
0.805909
0.805881
0.805853
0.805825
0.805796
0.805767
0.805739
0.805710
0.805681
0.805653
0.805624
0.805596
0.805567
0.805539
0.805511
0.805483
0.805455
0.805428
0.805400
0.805374
0.805347
0.805321
0.805295
0.805269
0.805244
0.805220
0.805195
0.805172
0.805148
0.805125
0.805103
0.805081
0.805059
0.805038
0.805018
0.804998
0.804978
0.804959
0.804941
0.804923
0.804905
0.804888
0.804872
0.804856
0.804840
0.804826
0.804811
0.804797
0.804784
0.804771
0.804758
0.804746
0.804735
0.804723
0.804713
0.804702
0.804692
0.804682
0.804673
0.804664
0.804655
0.804647
0.804639
0.804631
0.804623
0.804615
0.804608
0.804600
0.804593
0.804586
0.804579
0.804571
0.804564
0.804557
0.804550
0.804542
0.804534
0.804526
0.804518
0.804510
0.804501
0.804493
0.804484
0.804476
0.804467
0.804458
0.804450
0.804441
0.804433
0.804424
0.804415
0.804407
0.804398
0.804390
0.804381
0.804372
0.804364
0.804355
0.804346
0.804338
0.804329
0.804321
0.804312
0.804303
0.804295
0.804286
0.804278
0.804269
0.804260
0.804252
0.804243
0.804234
0.804226
0.804217
0.804209
0.804200
0.804191
0.804183
0.804174
0.804166
0.804157
0.804148
0.804140
0.804131
0.804122
0.804114
0.804105
0.804097
0.804088
0.804079
0.804071
0.804062
0.804053
0.804045
0.804036
0.804028
0.804019
0.804010
0.804002
0.803993
0.803985
0.803976
0.803967
0.803959
0.803950
0.803941
0.803933
0.803924
0.803916
0.803907
0.803898
0.803890
0.803881
0.803872
0.803864
0.803855
0.803847
0.803838
0.803829
0.803821
0.803812
0.803804
0.803795
0.803786
0.803778
0.803769
0.803760
0.803752
0.803743
0.803735
0.803726
0.803717
0.803709
0.803700
0.803692
0.803683
0.803674
0.803666
0.803657
0.803648
0.803640
0.803631
0.803623
0.803614
0.803605
0.803597
0.803588
0.803580
0.803571
0.803562
0.803554
0.803545
0.803536
0.803528
0.803519
0.803511
0.803502
0.803493
0.803485
0.803476
0.803467
0.803459
0.803450
0.803442
0.803433
0.803424
0.803416
0.803407
0.803399
0.803390
0.803381
0.803373
0.803364
0.803355
0.803347
0.803338
0.803330
0.803321
0.803312
0.803304
0.803295
0.803286
0.803278
0.803269
0.803261
0.803252
0.803243
0.803235
0.803226
0.803218
0.803209
0.803200
0.803192
0.803183
0.803174
0.803166
0.803157
0.803149
0.803140
0.803131
0.803123
0.803114
0.803105
0.803097
0.803088
0.803080
0.803071
0.803062
0.803054
0.803045
0.803037
0.803028
0.803019
0.803011
0.803002
0.802993
0.802985
0.802976
0.802967
0.802959
0.802950
0.802942
0.802933
0.802924
0.802916
0.802907
0.802899
0.802890
0.802881
0.802873
0.802864
0.802856
0.802847
0.802838
0.802830
0.802821
0.802812
0.802804
0.802795
0.802787
0.802778
0.802769
0.802761
0.802752
0.802744
0.802735
0.802726
0.802718
0.802709
0.802700
0.802692
0.802683
0.802674
0.802666
0.802657
0.802649
0.802640
0.802632
0.802623
0.802614
0.802606
0.802597
0.802588
0.802580
0.802571
0.802562
0.802554
0.802545
0.802537
0.802528
0.802520
0.802511
0.802502
0.802494
0.802485
0.802476
0.802468
0.802459
0.802450
0.802442
0.802433
0.802425
0.802416
0.802407
0.802399
0.802390
0.802382
0.802373
0.802364
0.802356
0.802347
0.802338
0.802330
0.802321
0.802313
0.802304
0.802295
0.802287
0.802278
0.802269
0.802261
0.802252
0.802244
0.802235
0.802226
0.802218
0.802209
0.802201
0.802192
0.802183
0.802175
0.802166
0.802157
0.802149
0.802140
0.802132
0.802123
0.802114
0.802106
0.802097
0.802088
0.802080
0.802071
0.802063
0.802054
0.802045
0.802037
0.802028
0.802020
0.802011
0.802002
0.801994
0.801985
0.801976
0.801968
0.801959
0.801951
0.801942
0.801933
0.801925
0.801916
0.801907
0.801899
0.801890
0.801882
0.801873
0.801864
0.801856
0.801847
0.801839
0.801830
0.801821
0.801813
0.801804
0.801795
0.801787
0.801778
0.801770
0.801761
0.801752
0.801744
0.801735
0.801727
0.801718
0.801709
0.801701
0.801692
0.801683
0.801675
0.801666
0.801658
0.801649
0.801640
0.801632
0.801623
0.801615
0.801606
0.801597
0.801589
0.801580
0.801571
0.801563
0.801554
0.801546
0.801537
0.801528
0.801520
0.801511
0.801503
0.801494
0.801485
0.801477
0.801468
0.801459
0.801451
0.801442
0.801434
0.801425
0.801416
0.801408
0.801399
0.801390
0.801382
0.801373
0.801365
0.801356
0.801347
0.801339
0.801330
0.801322
0.801313
0.801304
0.801296
0.801287
0.801278
0.801270
0.801261
0.801253
0.801244
0.801235
0.801227
0.801218
0.801209
0.801201
0.801192
0.801184
0.801175
0.801166
0.801158
0.801149
0.801141
0.801132
0.801123
0.801115
0.801106
0.801097
0.801089
0.801080
0.801072
0.801063
0.801054
0.801046
0.801037
0.801028
0.801020
0.801011
0.801003
0.800994
0.800985
0.800977
0.800968
0.800960
0.800951
0.800942
0.800934
0.800925
0.800916
0.800908
0.800899
0.800891
0.800882
0.800873
0.800865
0.800856
0.800848
0.800839
0.800830
0.800822
0.800813
0.800804
0.800796
0.800787
0.800779
0.800770
0.800761
0.800753
0.800744
0.800736
0.800727
0.800718
0.800710
0.800701
0.800692
0.800684
0.800675
0.800666
0.800658
0.800649
0.800641
0.800632
0.800623
0.800615
0.800606
0.800598
0.800589
0.800580
0.800572
0.800563
0.800554
0.800546
0.800537
0.800529
0.800520
0.800511
0.800503
0.800494
0.800485
0.800477
0.800468
0.800460
0.800451
0.800442
0.800434
0.800425
0.800417
0.800408
0.800399
0.800391
0.800382
0.800373
0.800365
0.800356
0.800348
0.800339
0.800330
0.800322
0.800313
0.800304
0.800296
0.800287
0.800279
0.800270
0.800261
0.800253
0.800244
0.800236
0.800227
0.800218
0.800210
0.800201
0.800192
0.800184
0.800175
0.800167
0.800158
0.800149
0.800141
0.800132
0.800124
0.800115
0.800106
0.800098
0.800089
0.800080
0.800072
0.800063
0.800055
0.800046
0.800037
0.800029
0.800020
0.800011
0.800003
