  0.00000000E+00 -0.59604645E-07
  0.23326480E+00 -0.41130960E-01
  0.46652961E+00 -0.82261741E-01
  0.69979441E+00 -0.12339264E+00
  0.93305922E+00 -0.16452354E+00
  0.11663240E+01 -0.20565444E+00
  0.13995888E+01 -0.24678534E+00
  0.16328536E+01 -0.28791618E+00
  0.18661184E+01 -0.32904708E+00
  0.20993834E+01 -0.37017798E+00
  0.23326480E+01 -0.41130883E+00
  0.25659127E+01 -0.45243967E+00
  0.27991776E+01 -0.49357057E+00
  0.30324426E+01 -0.53470147E+00
  0.32657073E+01 -0.57583225E+00
  0.34989719E+01 -0.61696315E+00
  0.37322369E+01 -0.65809405E+00
  0.39655018E+01 -0.69922495E+00
  0.41987667E+01 -0.74035585E+00
  0.44320312E+01 -0.78146839E+00
  0.46652961E+01 -0.82215357E+00
  0.48985610E+01 -0.86124492E+00
  0.51318254E+01 -0.89720714E+00
  0.53650904E+01 -0.92856127E+00
  0.55983553E+01 -0.95419824E+00
  0.58316202E+01 -0.97358114E+00
  0.60648851E+01 -0.98683596E+00
  0.62981496E+01 -0.99473053E+00
  0.65314145E+01 -0.99854231E+00
  0.67646794E+01 -0.99981409E+00
  0.69979439E+01 -0.99999875E+00
  0.72312088E+01 -0.10000000E+01
  0.74644737E+01 -0.10000000E+01
  0.76977386E+01 -0.10000000E+01
  0.79310036E+01 -0.10000000E+01
  0.81642685E+01 -0.10000000E+01
  0.83975334E+01 -0.10000000E+01
  0.86307974E+01 -0.10000000E+01
  0.88640623E+01 -0.10000000E+01
  0.90973272E+01 -0.10000000E+01
  0.93305922E+01 -0.10000000E+01
  0.95638571E+01 -0.10000000E+01
  0.97971220E+01 -0.10000000E+01
  0.10030387E+02 -0.10000000E+01
  0.10263651E+02 -0.10000000E+01
  0.10496916E+02 -0.10000000E+01
  0.10730181E+02 -0.10000000E+01
  0.10963446E+02 -0.10000000E+01
  0.11196711E+02 -0.10000000E+01
  0.11429976E+02 -0.10000000E+01
  0.11663240E+02 -0.10000000E+01
  0.11896505E+02 -0.10000000E+01
  0.12129770E+02 -0.10000000E+01
  0.12363034E+02 -0.10000000E+01
  0.12596299E+02 -0.10000000E+01
  0.12829564E+02 -0.10000000E+01
  0.13062829E+02 -0.10000000E+01
  0.13296094E+02 -0.10000000E+01
  0.13529359E+02 -0.10000000E+01
  0.13762624E+02 -0.10000000E+01
  0.13995888E+02 -0.10000000E+01
  0.14229153E+02 -0.10000000E+01
  0.14462418E+02 -0.10000000E+01
  0.14695683E+02 -0.10000000E+01
  0.14928947E+02 -0.10000000E+01
  0.15162212E+02 -0.10000000E+01
  0.15395477E+02 -0.10000000E+01
  0.15628742E+02 -0.10000000E+01
  0.15862007E+02 -0.10000000E+01
  0.16095272E+02 -0.10000000E+01
  0.16328537E+02 -0.10000000E+01
  0.16561802E+02 -0.10000000E+01
  0.16795067E+02 -0.10000000E+01
  0.17028330E+02 -0.10000000E+01
  0.17261595E+02 -0.10000000E+01
  0.17494860E+02 -0.10000000E+01
  0.17728125E+02 -0.10000000E+01
  0.17961390E+02 -0.10000000E+01
  0.18194654E+02 -0.10000000E+01
  0.18427919E+02 -0.10000000E+01
  0.18661184E+02 -0.10000000E+01
  0.18894449E+02 -0.10000000E+01
  0.19127714E+02 -0.10000000E+01
  0.19360979E+02 -0.10000000E+01
  0.19594244E+02 -0.10000000E+01
  0.19827509E+02 -0.10000000E+01
  0.20060774E+02 -0.10000000E+01
  0.20294039E+02 -0.10000000E+01
  0.20527302E+02 -0.10000000E+01
  0.20760567E+02 -0.10000000E+01
  0.20993832E+02 -0.10000000E+01
  0.21227097E+02 -0.10000000E+01
  0.21460361E+02 -0.10000000E+01
  0.21693626E+02 -0.10000000E+01
  0.21926891E+02 -0.10000000E+01
  0.22160156E+02 -0.10000000E+01
  0.22393421E+02 -0.10000000E+01
  0.22626686E+02 -0.10000000E+01
  0.22859951E+02 -0.10000000E+01
  0.23093216E+02 -0.10000000E+01
  0.23326481E+02 -0.10000000E+01
  0.23559746E+02 -0.10000000E+01
  0.23793011E+02 -0.10000000E+01
  0.24026276E+02 -0.10000000E+01
  0.24259541E+02 -0.10000000E+01
  0.24492804E+02 -0.10000000E+01
  0.24726068E+02 -0.10000000E+01
  0.24959333E+02 -0.10000000E+01
  0.25192598E+02 -0.10000000E+01
  0.25425863E+02 -0.10000000E+01
  0.25659128E+02 -0.10000000E+01
  0.25892393E+02 -0.10000000E+01
  0.26125658E+02 -0.10000000E+01
  0.26358923E+02 -0.10000000E+01
  0.26592188E+02 -0.10000000E+01
  0.26825453E+02 -0.10000000E+01
  0.27058718E+02 -0.10000000E+01
  0.27291983E+02 -0.10000000E+01
  0.27525248E+02 -0.10000000E+01
  0.27758512E+02 -0.10000000E+01
  0.27991776E+02 -0.10000000E+01
  0.28225040E+02 -0.10000000E+01
  0.28458305E+02 -0.10000000E+01
  0.28691570E+02 -0.10000000E+01
  0.28924835E+02 -0.10000000E+01
  0.29158100E+02 -0.10000000E+01
  0.29391365E+02 -0.10000000E+01
  0.29624630E+02 -0.10000000E+01
  0.29857895E+02 -0.10000000E+01
  0.30091160E+02 -0.10000000E+01
  0.30324425E+02 -0.10000000E+01
  0.30557690E+02 -0.10000000E+01
  0.30790955E+02 -0.10000000E+01
  0.31024220E+02 -0.10000000E+01
  0.31257484E+02 -0.10000000E+01
  0.31490749E+02 -0.10000000E+01
  0.31724014E+02 -0.10000000E+01
  0.31957277E+02 -0.10000000E+01
  0.32190544E+02 -0.10000000E+01
  0.32423809E+02 -0.10000000E+01
  0.32657074E+02 -0.10000000E+01
  0.32890339E+02 -0.10000000E+01
  0.33123604E+02 -0.10000000E+01
  0.33356869E+02 -0.10000000E+01
  0.33590134E+02 -0.10000000E+01
  0.33823395E+02 -0.10000000E+01
  0.34056660E+02 -0.10000000E+01
  0.34289925E+02 -0.10000000E+01
  0.34523190E+02 -0.10000000E+01
  0.34756454E+02 -0.10000000E+01
  0.34989719E+02 -0.10000000E+01
  0.35222984E+02 -0.10000000E+01
  0.35456249E+02 -0.10000000E+01
  0.35689514E+02 -0.10000000E+01
  0.35922779E+02 -0.10000000E+01
  0.36156044E+02 -0.10000000E+01
  0.36389309E+02 -0.10000000E+01
  0.36622574E+02 -0.10000000E+01
  0.36855839E+02 -0.10000000E+01
  0.37089104E+02 -0.10000000E+01
  0.37322369E+02 -0.10000000E+01
  0.37555634E+02 -0.10000000E+01
  0.37788898E+02 -0.10000000E+01
  0.38022163E+02 -0.10000000E+01
  0.38255428E+02 -0.10000000E+01
  0.38488693E+02 -0.10000000E+01
  0.38721958E+02 -0.10000000E+01
  0.38955223E+02 -0.10000000E+01
  0.39188488E+02 -0.10000000E+01
  0.39421753E+02 -0.10000000E+01
  0.39655018E+02 -0.10000000E+01
  0.39888283E+02 -0.10000000E+01
  0.40121548E+02 -0.10000000E+01
  0.40354813E+02 -0.10000000E+01
  0.40588078E+02 -0.10000000E+01
  0.40821342E+02 -0.10000000E+01
  0.41054604E+02 -0.10000000E+01
  0.41287868E+02 -0.10000000E+01
  0.41521133E+02 -0.10000000E+01
  0.41754398E+02 -0.10000000E+01
  0.41987663E+02 -0.10000000E+01
  0.42220928E+02 -0.10000000E+01
  0.42454193E+02 -0.10000000E+01
  0.42687458E+02 -0.10000000E+01
  0.42920723E+02 -0.10000000E+01
  0.43153988E+02 -0.10000000E+01
  0.43387253E+02 -0.10000000E+01
  0.43620518E+02 -0.10000000E+01
  0.43853783E+02 -0.10000000E+01
  0.44087048E+02 -0.10000000E+01
  0.44320312E+02 -0.10000000E+01
  0.44553577E+02 -0.10000000E+01
