 -0.233264804  1.
  0.233264804  1.
  0.699794412  1.
  1.16632402  1.
  1.63285363  1.
  2.09938335  1.
  2.56591272  1.
  3.03244257  1.
  3.49897194  1.
  3.96550179  1.
  4.43203115  1.
  4.89856052  1.
  5.36509037  1.
  5.83162022  1.
  6.29814959  1.
  6.76467896  1.
  7.2312088  1.
  7.69773865  1.
  8.16426849  1.
  8.63079739  1.
  9.09732723  1.
  9.56385708  1.
  10.030386  1.
  10.4969158  1.
  10.9634457  1.
  11.4299755  1.
  11.8965054  1.
  12.3630342  1.
  12.8295641  1.
  13.2960939  1.
  13.7626228  1.
  14.2291527  1.
  14.6956825  1.
  15.1622124  1.
  15.6287422  1.
  16.0952721  1.
  16.5618019  1.
  17.0283298  1.
  17.4948597  1.
  17.9613895  1.
  18.4279194  1.
  18.8944492  1.
  19.3609791  1.
  19.8275089  1.
  20.2940369  1.
  20.7605667  1.
  21.2270966  1.
  21.6936264  1.
  22.1601562  1.
  22.6266861  1.
  23.0932159  1.
  23.5597458  1.
  24.0262756  1.
  24.4928036  1.
  24.9593334  1.
  25.4258633  1.
  25.8923931  1.
  26.358923  1.
  26.8254528  1.
  27.2919827  1.
  27.7585106  1.
  28.2250404  1.
  28.6915703  1.
  29.1581001  1.
  29.62463  1.
  30.0911598  1.
  30.5576897  1.
  31.0242195  1.
  31.4907494  1.
  31.9572792  1.
  32.4238091  1.
  32.8903389  1.
  33.3568687  1.
  33.8233948  1.
  34.2899246  1.
  34.7564545  1.
  35.2229843  1.
  35.6895142  1.
  36.156044  1.
  36.6225739  1.
