  3.28214765E-06 -6.55651093E-07
  0.466548443 -6.10202551E-06
  0.933099091 -1.65104866E-05
  1.39966297 -3.51965427E-05
  1.86624372 -6.48200512E-05
  2.33284569 -0.000109136105
  2.799474 -0.000171899796
  3.26613379 -0.000257015228
  3.73283052 -0.000368416309
  4.19957018 -0.000510931015
  4.66635942 -0.000688254833
  5.13321495 -0.000902593136
  5.60016823 -0.00116056204
  6.06726408 -0.00147765875
  6.53454971 -0.0018735528
  7.00206423 -0.00236868858
  7.46984339 -0.00297176838
  7.93793154 -0.00368779898
  8.40638447 -0.0045209527
  8.87525558 -0.00546824932
  9.34459782 -0.00651669502
  9.81445312 -0.00764000416
  10.2848482 -0.00879389048
  10.7557821 -0.00991141796
  11.2272177 -0.0108987689
  11.6990623 -0.0116310716
  12.1711588 -0.011949122
  12.643261 -0.0116607547
  13.1150293 -0.0105476975
  13.5860167 -0.00837993622
  14.0556765 -0.00494658947
  14.5233908 -0.000103771687
  14.9885159  0.00616109371
  15.4504757  0.0136531591
  15.908864  0.0219056606
  16.3635654  0.0301558971
  16.8148575  0.0373978615
  17.2634602  0.042527914
  17.7105217  0.0445678234
  18.1575012  0.0429147482
  18.6059933  0.0375323296
  19.0575047  0.0290286541
  19.5132008  0.0185717344
  19.9737015  0.00767576694
  20.438942 -0.00209480524
  20.9081802 -0.00942105055
  21.3801174 -0.0134836435
  21.8531857 -0.0141572952
  22.3259258 -0.012121439
  22.7973976 -0.00882971287
  23.2674713 -0.006249547
  23.7369518 -0.00631666183
  24.2073708 -0.0102104545
  24.6805077 -0.017701149
  25.1576843 -0.0268772244
  25.638979 -0.034447968
  26.1227016 -0.0366401672
  26.6054573 -0.0305587053
  27.0830803 -0.0157833695
  27.5523357  0.00437557697
  28.012579  0.0231033564
  28.466465  0.0326566696
  28.9191628  0.0284665823
  29.3763885  0.0123565197
  29.8418312 -0.00748956203
  30.315012 -0.0205385089
  30.7912178 -0.0200951099
  31.2643814 -0.00787264109
  31.7312145  0.00667691231
  32.1931953  0.0130428076
  32.6548729  0.00799381733
  33.1199722 -0.00180482864
  33.5884552 -0.00651919842
  34.0573082 -0.00339472294
  34.5242958  0.00144577026
  34.9899406  0.00235080719
  35.455761  0.000690102577
  35.9223366 -0.00088006258
  36.3892975 -0.000969946384
  36.8558922  0.000690340996
