 -6.55940596E-07  0.
  0.466529191 -2.98023224E-08
  0.933058977 -2.98023224E-08
  1.3995887  0.
  1.86611831  2.98023224E-08
  2.3326478  5.96046448E-08
  2.79917741  2.98023224E-08
  3.26570702  5.96046448E-08
  3.73223662  0.
  4.19876671 -1.1920929E-07
  4.66529608 -1.1920929E-07
  5.13182545  1.1920929E-07
  5.59835529  0.
  6.06488514  0.
  6.53141451  0.
  6.99794388  0.
  7.46447372  0.
  7.93100357  0.
  8.39753342  0.
  8.86406231  0.
  9.33059216  0.
  9.797122  0.
  10.2636509  0.
  10.7301807  0.
  11.1967106  0.
  11.6632404  0.
  12.1297703  0.
  12.5962992  0.
  13.062829  0.
  13.5293589  0.
  13.9958878  0.
  14.4624176  0.
  14.9289474  0.
  15.3954773  0.
  15.8620071  0.
  16.328537  0.
  16.7950668  0.
  17.2615948  0.
  17.7281246  0.
  18.1946545  0.
  18.6611843 -5.96046448E-08
  19.1277142 -1.1920929E-07
  19.594244 -1.78813934E-07
  20.0607738 -4.17232513E-07
  20.5273018 -7.15255737E-07
  20.9938335 -1.1920929E-06
  21.4603634 -2.08616257E-06
  21.9268951 -3.51667404E-06
  22.3934269 -5.96046448E-06
  22.8599606 -9.89437103E-06
  23.3264961 -1.65104866E-05
  23.7930355 -2.70605087E-05
  24.2595825 -4.40478325E-05
  24.7261372 -7.12275505E-05
  25.1927109 -0.000114142895
  25.6593094 -0.000181376934
  26.125948 -0.000285506248
  26.5926476 -0.000444173813
  27.0594406 -0.000683546066
  27.5263729 -0.00103884935
  27.9935074 -0.00155729055
  28.4609394 -0.00230032206
  28.9287891 -0.00334250927
  29.3972187 -0.00476998091
  29.8664341 -0.00667130947
  30.3366776 -0.00912100077
  30.8082237 -0.0121502876
  31.2813435 -0.0157003999
  31.7562466 -0.0195569396
  32.2329865 -0.0232613087
  32.7112999 -0.0260137916
  33.1904335 -0.0266011953
  33.6689377 -0.0234407783
  34.1445961 -0.0149131417
  34.6147041 -0.000203847885
  35.0768623  0.019310236
  35.5302696  0.038749814
  35.9770012  0.0499562025
  36.4224167  0.044859767
  36.8737106  0.0228888988
