 -9.35747494E-07  0.
  0.466528654  1.49011612E-07
  0.9330585 -2.98023224E-08
  1.39958835  1.93715096E-07
  1.86611795  8.94069672E-08
  2.33264756 -2.98023224E-08
  2.79917741  0.
  3.26570702  0.
  3.73223662 -5.96046448E-08
  4.19876623 -1.1920929E-07
  4.66529608 -1.1920929E-07
  5.13182545 -5.96046448E-08
  5.59835529 -4.17232513E-07
  6.06488562 -6.55651093E-07
  6.53141546 -1.13248825E-06
  6.99794579 -2.02655792E-06
  7.46447659 -2.98023224E-06
  7.93100834 -4.529953E-06
  8.39754105 -6.85453415E-06
  8.86407375 -1.04308128E-05
  9.33060932 -1.55568123E-05
  9.7971487 -2.32458115E-05
  10.2636909 -3.43322754E-05
  10.7302408 -5.04851341E-05
  11.1967993 -7.37905502E-05
  11.6633711 -0.000106990337
  12.129962 -0.000153899193
  12.5965786 -0.000219523907
  13.0632315 -0.000310778618
  13.5299358 -0.000436007977
  13.9967079 -0.000606000423
  14.4635744 -0.000834167004
  14.9305639 -0.00113636255
  15.3977175 -0.00153142214
  15.8650818 -0.00203990936
  16.332716 -0.00268393755
  16.8006897 -0.00348478556
  17.2690792 -0.00446122885
  17.7379723 -0.00562447309
  18.2074604 -0.00697386265
  18.6776257 -0.00848966837
  19.1485386 -0.0101255178
  19.6202393 -0.0117976069
  20.0927162 -0.0133758783
  20.5658798 -0.0146723986
  21.0395412 -0.0154348612
  21.5133629 -0.015345037
  21.9868469 -0.0140314102
  22.4593163 -0.0111032724
  22.9299259 -0.00622177124
  23.3977318  0.000788450241
  23.8618164  0.00979030132
  24.3214703  0.0201827288
  24.7764091  0.0308206081
  25.2269726  0.0400923491
  25.6742077  0.0462113619
  26.1198158  0.0476894379
  26.5659275  0.0438592434
  27.0147133  0.0352492332
  27.4679127  0.0236463547
  27.9263401  0.0117639303
  28.3895607  0.00256359577
  28.855875 -0.0016335845
  29.3228035 -6.8962574E-05
  29.7880173  0.00574374199
  30.2504578  0.0119618177
  30.7111225  0.013500452
  31.1730862  0.0062930584
  31.640543 -0.0101265311
  32.1169662 -0.0311812162
  32.6028328 -0.048252821
  33.0940971 -0.0524472594
  33.5832558 -0.0399827361
  34.063385 -0.0163967013
  34.5326309  0.00505363941
  34.9949989  0.0129811764
  35.4566841  0.00801932812
  35.9211884  0.000722885132
  36.388195 -0.00275558233
  36.8555489 -0.000772893429
