 -0.233265311  0.
  0.233264476  0.0822617114
  0.699794233  0.164523497
  1.16632402  0.246785328
  1.63285363  0.329047084
  2.09938335  0.411308825
  2.56591272  0.493570566
  3.03244257  0.575832248
  3.49897194  0.658094049
  3.96550179  0.74035579
  4.43203115  0.822153568
  4.898561  0.897207201
  5.36509037  0.954198241
  5.83162022  0.986835957
  6.29814959  0.998542309
  6.76467943  0.999998748
  7.2312088  1.
  7.69773865  1.
  8.16426849  1.
  8.63079739  1.
  9.09732723  1.
  9.56385708  1.
  10.0303869  1.
  10.4969158  1.
  10.9634457  1.
  11.4299755  1.
  11.8965054  1.
  12.3630342  1.
  12.8295641  1.
  13.2960939  1.
  13.7626238  1.
  14.2291527  1.
  14.6956825  1.
  15.1622124  1.
  15.6287422  1.
  16.0952721  1.
  16.5618019  1.
  17.0283298  1.
  17.4948597  1.
  17.9613895  1.
  18.4279194  1.
  18.8944492  1.
  19.3609791  1.
  19.8275089  1.
  20.2940388  1.
  20.7605667  1.
  21.2270966  1.
  21.6936264  1.
  22.1601562  1.
  22.6266861  1.
  23.0932159  1.
  23.5597458  1.
  24.0262756  1.
  24.4928036  1.
  24.9593334  1.
  25.4258633  1.
  25.8923931  1.
  26.358923  1.
  26.8254528  0.99999994
  27.2919827  0.99999994
  27.7585125  0.999999821
  28.2250404  0.999999583
  28.6915703  0.999999166
  29.1581001  0.99999845
  29.6246319  0.999997079
  30.0911636  0.999994457
  30.5576954  0.999989569
  31.024229  0.999980509
  31.4907684  0.99996388
  31.9573135  0.999933302
  32.4238777  0.999877989
  32.8904648  0.999778748
  33.3570976  0.999602497
  33.8238068  0.999293387
  34.2906685  0.998758256
  34.7577782  0.997846544
  35.2253151  0.996320248
  35.6935654  0.993816555
  36.1629982  0.989805579
  36.6343346  0.983554602
