 -0.233269289  0.
  0.233275861  0.0822590366
  0.699820995  0.164514124
  1.16637719  0.2467632
  1.63294876  0.329004377
  2.09953904  0.411234498
  2.56615257  0.49345094
  3.03279543  0.575650454
  3.49947214  0.657830298
  3.96618891  0.739986539
  4.43295097  0.82164824
  4.89976788  0.89650631
  5.36666203  0.953212738
  5.83367443  0.985464036
  6.30085325  0.996699154
  6.76824617  0.997630239
  7.23588276  0.997028232
  7.70380354  0.996312201
  8.17206001  0.995479047
  8.64070797  0.994531751
  9.1098032  0.993483305
  9.57939243  0.992359996
  10.0495138  0.99120611
  10.5201826  0.990088582
  10.9913826  0.989101231
  11.4630527  0.988368928
  11.9350729  0.988050878
  12.4072437  0.988339245
  12.8792782  0.989452302
  13.3507805  0.991620064
  13.8212538  0.995053411
  14.2901011  0.999896228
  14.7566795  1.00616109
  15.2203531  1.01365316
  15.6805992  1.02190566
  16.1371288  1.0301559
  16.5900021  1.03739786
  17.039711  1.04252791
  17.4872093  1.04456782
  17.9338341  1.04291475
  18.3811665  1.03753233
  18.8308201  1.02902865
  19.2841892  1.01857173
  19.7422123  1.00767577
  20.2051888  0.997905195
  20.6726971  0.990578949
  21.1436634  0.986516356
  21.6165695  0.985842705
  22.0897999  0.987878561
  22.5620537  0.991170287
  23.0327396  0.993750453
  23.502203  0.993683338
  23.9716988  0.989789546
  24.4430389  0.982298851
  24.9179764  0.973122776
  25.3973923  0.965552032
  25.8805656  0.963359833
  26.3648396  0.969441295
  26.8460751  0.98421663
  27.3200874  1.00437558
  27.784584  1.02310336
  28.2405777  1.03265667
  28.6923542  1.02846658
  29.1459713  1.01235652
  29.6068058  0.992510438
  30.0768566  0.979461491
  30.5531693  0.97990489
  31.0292664  0.992127359
  31.4994965  1.00667691
  31.9629307  1.01304281
  32.4234581  1.00799382
  32.8862877  0.998195171
  33.3536606  0.993480802
  33.823246  0.996605277
  34.2913666  1.00144577
  34.7572212  1.00235081
  35.2226562  1.0006901
  35.6888657  0.999119937
  36.1558075  0.999030054
  36.6227913  1.00069034
