 -0.233265489  0.
  0.233264223  0.0822617486
  0.699793935  0.164523497
  1.16632366  0.246785313
  1.63285327  0.329046994
  2.09938312  0.411308795
  2.56591249  0.493570536
  3.03244233  0.575832248
  3.4989717  0.658094049
  3.96550155  0.740355849
  4.43203068  0.822153628
  4.89856052  0.897207141
  5.36509037  0.954198241
  5.83162022  0.986835957
  6.29814959  0.998542309
  6.76467943  0.999998748
  7.2312088  1.
  7.69773865  1.
  8.16426849  1.
  8.63079739  1.
  9.09732723  1.
  9.56385708  1.
  10.0303869  1.
  10.4969158  1.
  10.9634457  1.
  11.4299755  1.
  11.8965054  1.
  12.3630342  1.
  12.8295641  1.
  13.2960939  1.
  13.7626238  1.
  14.2291527  1.
  14.6956825  0.99999994
  15.1622124  0.999999881
  15.6287422  0.999999762
  16.0952721  0.999999583
  16.5618019  0.999999225
  17.0283298  0.999998748
  17.4948616  0.999997973
  17.9613914  0.999996603
  18.4279232  0.999994457
  18.894455  0.999991
  19.3609905  0.999985695
  19.8275261  0.999977112
  20.2940674  0.99996382
  20.7606125  0.999943376
  21.2271671  0.999911904
  21.6937389  0.999864101
  22.1603317  0.999792397
  22.6269588  0.999685824
  23.0936356  0.999529362
  23.5603848  0.999302745
  24.0272408  0.99897927
  24.4942455  0.998524308
  24.9614639  0.997895956
  25.428978  0.997044444
  25.8968906  0.995915473
  26.3653336  0.994454861
  26.834465  0.992618501
  27.3044643  0.990387738
  27.7755222  0.987791359
  28.2478161  0.984934986
  28.7214813  0.982040226
  29.1965427  0.979485691
  29.6728439  0.977845848
  30.1499443  0.977904499
  30.6270142  0.980604291
  31.1027718  0.98687315
  31.5755081  0.997254968
  32.0433197  1.01135254
  32.5046158  1.02725661
  32.9587669  1.04139507
  33.4067535  1.04928648
  33.8513641  1.04733837
  34.2968063  1.0352205
  34.7474632  1.01772511
  35.2058678  1.00453699
  35.6702919  1.00590813
  36.1340828  1.02326155
  36.5900078  1.04001617
