 -0.23326689  0.
  0.233263418  0.0822616443
  0.699793756  0.164523527
  1.1663233  0.246785164
  1.63285327  0.329047024
  2.09938312  0.411308855
  2.56591249  0.493570596
  3.03244209  0.575832188
  3.4989717  0.658094049
  3.96550131  0.740355849
  4.43203068  0.822153568
  4.89856052  0.897207141
  5.36508989  0.954198301
  5.83161974  0.986835957
  6.29814959  0.998542309
  6.76467943  0.999998748
  7.2312088  1.
  7.69773865  1.
  8.16426849  1.
  8.63079739  1.
  9.09732723  1.
  9.56385708  1.
  10.0303869  1.
  10.4969158  1.
  10.9634457  0.99999994
  11.4299755  0.999999881
  11.8965054  0.999999762
  12.3630342  0.999999583
  12.8295641  0.999999344
  13.2960949  0.999998868
  13.7626247  0.999998212
  14.2291546  0.99999702
  14.6956863  0.999995232
  15.1622181  0.999992549
  15.6287518  0.999988317
  16.0952873  0.99998194
  16.5618248  0.999971986
  17.0283661  0.999957025
  17.4949169  0.999934554
  17.9614773  0.999901175
  18.4280529  0.999851882
  18.8946514  0.999780238
  19.3612843  0.999676526
  19.8279648  0.999528885
  20.294714  0.999320686
  20.7615585  0.999031305
  21.2285423  0.998634994
  21.6957092  0.998100817
  22.163126  0.99739325
  22.6308765  0.996474206
  23.0990562  0.995306849
  23.5677872  0.993860304
  24.037199  0.992120087
  24.507431  0.990099609
  24.9786263  0.987856925
  25.4508915  0.985515177
  25.9242783  0.983285904
  26.398737  0.981491685
  26.8740654  0.980583549
  27.3498325  0.981136858
  27.8253326  0.983808219
  28.2995377  0.989220262
  28.7711525  0.997745872
  29.2387352  1.00919521
  29.7010155  1.02249026
  30.1572838  1.03551745
  30.607811  1.04539597
  31.0540829  1.04927444
  31.498703  1.04549897
  31.9449291  1.03472245
  32.3958054  1.02040422
  32.8530045  1.00821733
  33.3157349  1.00408924
  33.7803612  1.01102126
  34.2418022  1.02577662
  34.6966095  1.03815424
  35.1459923  1.035954
  35.5963326  1.01492894
  36.0559998  0.986103714
  36.5291023  0.965634346
