 -0.23326613  0.
  0.233263656  0.0822617337
  0.699793458  0.164523408
  1.1663233  0.246785223
  1.63285315  0.329047024
  2.09938288  0.411308795
  2.56591225  0.493570596
  3.03244209  0.575832307
  3.49897146  0.658094049
  3.96550131  0.74035573
  4.43203068  0.822153449
  4.89856052  0.897207141
  5.36508989  0.954198182
  5.83161974  0.986835837
  6.29814959  0.998542309
  6.76467943  0.999998748
  7.2312088  1.
  7.69773865  0.99999994
  8.16426849  0.999999821
  8.63079739  0.999999642
  9.09732723  0.999999464
  9.56385803  0.999999046
  10.0303879  0.99999845
  10.4969177  0.999997616
  10.9634485  0.999996245
  11.4299803  0.999994099
  11.896513  0.99999088
  12.3630457  0.999986231
  12.8295822  0.9999789
  13.2961216  0.999968112
  13.7626667  0.999952376
  14.2292175  0.99992907
  14.6957808  0.999895334
  15.1623592  0.999846697
  15.6289606  0.999777317
  16.0955944  0.999679327
  16.5622749  0.999542594
  17.0290165  0.999353886
  17.4958477  0.999096751
  17.9627991  0.998751342
  18.4299126  0.998293519
  18.8972397  0.997697234
  19.3648453  0.99693352
  19.8328114  0.995975733
  20.3012257  0.994800031
  20.7701912  0.993394017
  21.2398243  0.991762877
  21.7102299  0.989940166
  22.1814995  0.987999916
  22.6536961  0.986071408
  23.1268158  0.98435396
  23.6007614  0.983130038
  24.0752964  0.982772171
  24.5500031  0.983733654
  25.0242462  0.986509264
  25.4971561  0.991550207
  25.9676609  0.999114692
  26.4346046  1.00906289
  26.896944  1.02064371
  27.3540382  1.03238273
  27.8059349  1.0422101
  28.2535686  1.04790628
  28.6987705  1.04780173
  29.1440163  1.04151142
  29.5919514  1.03039646
  30.0447178  1.01749945
  30.5032253  1.00683463
  30.9665871  1.00209546
  31.4321423  1.00501895
  31.8963394  1.01387835
  32.3564873  1.02306283
  32.8125  1.02487683
  33.267704  1.01366544
  33.7279396  0.990394533
  34.1989975  0.96438241
  34.6827545  0.949161887
  35.1742744  0.952771068
  35.663929  0.969619274
  36.1450768  0.986042261
  36.6182098  0.997643471
