 -0.233265728  0.
  0.23326385  0.082261771
  0.699793458  0.164523333
  1.16632354  0.246785358
  1.63285315  0.329047054
  2.09938288  0.411308676
  2.56591249  0.493570507
  3.03244233  0.575832248
  3.49897146  0.658093929
  3.96550155  0.740355611
  4.43203115  0.822153449
  4.898561  0.897207081
  5.36509037  0.954197824
  5.83162069  0.986835301
  6.29815054  0.998541176
  6.76468086  0.999996722
  7.23121119  0.99999702
  7.69774246  0.99999547
  8.16427422  0.999993145
  8.63080692  0.999989569
  9.09734154  0.999984443
  9.56387806  0.999976754
  10.0304193  0.999965668
  10.4969635  0.999949515
  10.9635172  0.999926209
  11.4300814  0.99989301
  11.8966618  0.999846101
  12.3632622  0.999780476
  12.8298941  0.999689221
  13.2965689  0.999563992
  13.7633028  0.999394
  14.230114  0.999165833
  14.6970339  0.998863637
  15.164094  0.998468578
  15.63134  0.997960091
  16.0988235  0.997316062
  16.5666084  0.996515214
  17.0347691  0.995538771
  17.5033894  0.994375527
  17.9725571  0.993026137
  18.4423637  0.991510332
  18.9128876  0.989874482
  19.3841896  0.988202393
  19.8562889  0.986624122
  20.3291435  0.985327601
  20.8026199  0.984565139
  21.2764626  0.984654963
  21.7502632  0.98596859
  22.2234325  0.988896728
  22.6952  0.993778229
  23.16465  1.00078845
  23.6308136  1.0097903
  24.0928192  1.02018273
  24.5501175  1.03082061
  25.0026989  1.04009235
  25.4512463  1.04621136
  25.8971691  1.04768944
  26.3424625  1.04385924
  26.7893906  1.03524923
  27.240036  1.02364635
  27.6957893  1.01176393
  28.1568928  1.0025636
  28.6222286  0.998366416
  29.0895214  0.999931037
  29.5560837  1.00574374
  30.019949  1.01196182
  30.4809647  1.01350045
  30.9412804  1.00629306
  31.404892  0.989873469
  31.876194  0.968818784
  32.3577385  0.951747179
  32.8479233  0.947552741
  33.3402748  0.960017264
  33.8262329  0.983603299
  34.3005371  1.00505364
  34.7647209  1.01298118
  35.2252731  1.00801933
  35.6880913  1.00072289
  36.1542854  0.997244418
  36.6221046  0.999227107
