 -0.233267128  0.
  0.233263358  0.0822616145
  0.699793875  0.164523408
  1.16632378  0.246785238
  1.63285351  0.329046875
  2.09938359  0.411308467
  2.5659132  0.493570119
  3.03244352  0.575831354
  3.49897361  0.65809232
  3.96550465  0.740352988
  4.43203592  0.822149396
  4.89856815  0.897200346
  5.36510086  0.954187512
  5.83163595  0.986819744
  6.29817343  0.998517871
  6.76471472  0.999962866
  7.23126078  0.999947965
  7.69781494  0.999925315
  8.16437912  0.999893427
  8.63095856  0.999848902
  9.09755898  0.999787271
  9.564188  0.999703169
  10.0308561  0.999589205
  10.4975767  0.999436378
  10.9643698  0.999233782
  11.4312572  0.998968542
  11.8982687  0.998625398
  12.3654394  0.998187661
  12.8328171  0.997638047
  13.3004513  0.996959031
  13.768404  0.996135056
  14.236743  0.995156169
  14.7055435  0.994020224
  15.17488  0.992738605
  15.6448221  0.991341293
  16.115427  0.989884138
  16.5867252  0.988455832
  17.0587006  0.987186074
  17.5312862  0.986252189
  18.0043201  0.985882163
  18.4775295  0.986354411
  18.9505138  0.987980962
  19.42272  0.991078019
  19.8934498  0.995903015
  20.3618984  1.00256777
  20.8272305  1.01092017
  21.2887211  1.0204345
  21.7459087  1.03015387
  22.1987839  1.03874981
  22.6479092  1.04473579
  23.0944633  1.04681706
  23.5401268  1.04428148
  23.9868755  1.03730106
  24.4366264  1.02702117
  24.8908825  1.01537991
  25.3503456  1.00468814
  25.8146973  0.997070849
  26.2825985  0.993883193
  26.7519989  0.995199144
  27.2207794  0.999510348
  27.6875381  1.00386238
  28.1522713  1.00466955
  28.6166325  0.999156773
  29.0835571  0.986930728
  29.5562649  0.970878661
  30.036787  0.956738651
  30.5244122  0.951183975
  31.0148849  0.958816469
  31.5014534  0.978905499
  31.978035  1.00377011
  32.4428139  1.02158415
  32.8994865  1.0237242
  33.3552055  1.01163125
  33.8163681  0.996604741
  34.2844887  0.990476191
  34.7555008  0.994659901
  35.2245369  1.00067127
  35.6907539  1.00260091
  36.1560745  1.00162053
  36.6218491  0.998674095
