 -0.23326467  0.
  0.2332654  0.082261689
  0.699795485  0.16452311
  1.16632617  0.246783718
  1.63285875  0.329043955
  2.09939289  0.411302775
  2.56592917  0.493559897
  3.03246903  0.575814426
  3.49901271  0.658066332
  3.96556211  0.740314126
  4.43211794  0.822092772
  4.89868212  0.897117496
  5.36525822  0.954065621
  5.83185291  0.98664093
  6.29847479  0.998263657
  6.76513481  0.999614
  7.23184395  0.999478161
  7.69861746  0.999298215
  8.16547489  0.999064505
  8.63244057  0.998764813
  9.09954739  0.99838537
  9.56683159  0.99791193
  10.034338  0.997329652
  10.5021152  0.996626079
  10.9702253  0.995791614
  11.4387264  0.994822621
  11.9076843  0.993725598
  12.3771591  0.992519557
  12.8472052  0.991242886
  13.3178558  0.989957929
  13.7891188  0.988756239
  14.2609529  0.987765908
  14.7332611  0.987154305
  15.205862  0.987130404
  15.6784735  0.987939656
  16.1506996  0.98984921
  16.6220131  0.993116677
  17.091774  0.997938097
  17.559269  1.00437105
  18.0237675  1.01224339
  18.4846554  1.02106833
  18.9415588  1.03000522
  19.3944969  1.0379144
  19.8439846  1.04352665
  20.2910557  1.04571831
  20.7371883  1.04381609
  21.1841335  1.0378406
  21.6336536  1.02859163
  22.0872154  1.01753485
  22.5457058  1.0065136
  23.0092163  0.99735719
  23.4769821  0.991478622
  23.9475212  0.989519954
  24.4189911  0.991094172
  24.8897133  0.994697571
  25.3587303  0.997938991
  25.8262234  0.998197198
  26.2935963  0.993620634
  26.7631207  0.984131157
  27.2371731  0.971945405
  27.7171688  0.961258709
  28.2024994  0.957033098
  28.6899738  0.963083804
  29.174387  0.979841769
  29.6505146  1.00270724
  30.1157856  1.02275729
  30.5719337  1.03086102
  31.024498  1.02336717
  31.4803753  1.00538766
  31.9444027  0.988512397
  32.4163551  0.983184457
  32.8908653  0.990772903
  33.3617401  1.00250244
  33.8271027  1.00768733
  34.2900734  1.00410676
  34.7546921  0.998791516
  35.2217865  0.997545123
  35.6894646  0.998905957
  36.1565056  1.00119305
  36.6224785  1.0000267
