  0.  0.
  0.466529608  0.0822617412
  0.933059216  0.164523542
  1.39958882  0.246785343
  1.86611843  0.329047084
  2.33264804  0.411308825
  2.79917765  0.493570566
  3.26570725  0.575832248
  3.73223686  0.658094049
  4.19876671  0.740355849
  4.66529608  0.822153568
  5.13182545  0.897207141
  5.59835529  0.954198241
  6.06488514  0.986835957
  6.53141451  0.998542309
  6.99794388  0.999998748
  7.46447372  1.
  7.93100357  1.
  8.39753342  1.
  8.86406231  1.
  9.33059216  1.
  9.797122  1.
  10.2636509  1.
  10.7301807  1.
  11.1967106  1.
  11.6632404  1.
  12.1297703  1.
  12.5962992  1.
  13.062829  1.
  13.5293589  1.
  13.9958878  1.
  14.4624176  1.
  14.9289474  1.
  15.3954773  1.
  15.8620071  1.
  16.328537  1.
  16.7950668  1.
  17.2615948  1.
  17.7281246  1.
  18.1946545  1.
  18.6611843  1.
  19.1277142  1.
  19.594244  1.
  20.0607738  1.
  20.5273018  1.
  20.9938316  1.
  21.4603615  1.
  21.9268913  1.
  22.3934212  1.
  22.859951  1.
  23.3264809  1.
  23.7930107  1.
  24.2595406  1.
  24.7260685  1.
  25.1925983  1.
  25.6591282  1.
  26.125658  1.
  26.5921879  1.
  27.0587177  1.
  27.5252476  1.
  27.9917755  1.
  28.4583054  1.
  28.9248352  1.
  29.3913651  1.
  29.8578949  1.
  30.3244247  1.
  30.7909546  1.
  31.2574844  1.
  31.7240143  1.
  32.1905441  1.
  32.657074  1.
  33.1236038  1.
  33.5901337  1.
  34.0566597  1.
  34.5231895  1.
  34.9897194  1.
  35.4562492  1.
  35.9227791  1.
  36.3893089  1.
  36.8558388  1.
