  0.233264446 -2.98852001E-08
  0.699793994 -3.5216619E-08
  1.16632378  1.47328365E-07
  1.63285351  4.70807677E-08
  2.09938312  1.80545747E-08
  2.56591272 -3.79422183E-08
  3.03244257 -5.35199263E-08
  3.49897194 -2.47414711E-08
  3.96550179 -4.05928553E-08
  4.43203115  3.37218187E-09
  4.898561 -4.39130012E-08
  5.36509037  3.92357045E-08
  5.83162022  6.38842668E-09
  6.29814959  7.06627601E-09
  6.76467943  3.68674358E-09
  7.2312088  1.67692149E-09
  7.69773865  7.62933106E-10
  8.16426849  3.47106399E-10
  8.63079739  1.57919927E-10
  9.09732723  7.18475626E-11
  9.56385708  3.26879288E-11
  10.0303869  1.48718208E-11
  10.4969158  6.76629325E-12
  10.9634457  3.0788011E-12
  11.4299755  1.40161114E-12
  11.8965054  6.3960805E-13
  12.3630342  2.95233808E-13
  12.8295641  1.43634616E-13
  13.2960939  8.58203482E-14
  13.7626238  8.40426497E-14
  14.2291527  1.37140584E-13
  14.6956825  2.79784415E-13
  15.1622124  6.0511329E-13
  15.6287422  1.32555035E-12
  16.0952721  2.91150546E-12
  16.5618019  6.39852537E-12
  17.0283298  1.40634631E-11
  17.4948597  3.09111278E-11
  17.9613895  6.79421935E-11
  18.4279194  1.49336085E-10
  18.8944492  3.28238881E-10
  19.3609791  7.21465221E-10
  19.8275089  1.58577118E-09
  20.2940388  3.48550744E-09
  20.7605667  7.66110286E-09
  21.2270966  1.68390102E-08
  21.6936264  3.70119366E-08
  22.1601562  8.13518071E-08
  22.6266861  1.78810325E-07
  23.0932159  3.09601091E-07
  23.5597458  5.59123976E-07
  24.0262756  1.00688237E-06
  24.4928055  1.69497741E-06
  24.9593353  2.90585831E-06
  25.4258671  5.01307431E-06
  25.8923988  8.5583406E-06
  26.3589344  1.44384539E-05
  26.8254719  2.42407459E-05
  27.292017  4.01953148E-05
  27.7585697  6.62148814E-05
  28.2251377  0.00010786597
  28.6917343  0.000173757071
  29.1583748  0.000276502513
  29.6250839  0.000433903129
  30.0919056  0.000670473906
  30.5588989  0.00101836398
  31.0261555  0.00151736545
  31.4938145  0.0022114201
  31.962059  0.00314179598
  32.4311562  0.00433111144
  32.9014359  0.00575617654
  33.3733139  0.00730227726
  33.8472481  0.00869492535
  34.3236656  0.00940628536
  34.8027725  0.00854728557
  35.2842445  0.00481795333
  35.7667236 -0.00326019386
  36.2472382 -0.0162775181
  36.7210007 -0.0313378721
  37.1826134 -0.038919773
