  0.233264238  2.89009225E-08
  0.699794173 -2.90840898E-08
  1.16632378 -2.10224496E-08
  1.63285351 -7.49710409E-08
  2.09938312 -2.006486E-08
  2.56591249  4.20536033E-08
  3.03244233 -2.39918041E-09
  3.4989717  7.47977111E-08
  3.96550155  4.22881179E-08
  4.43203115  3.35651613E-08
  4.898561 -1.20547384E-07
  5.36509037  9.51063317E-09
  5.83162022 -6.05911499E-09
  6.29814959  1.57498659E-09
  6.76467943  1.20091959E-09
  7.2312088  5.45970269E-10
  7.69773865  2.48396442E-10
  8.16426849  1.13014424E-10
  8.63079739  5.14242884E-11
  9.09732723  2.34121195E-11
  9.56385708  1.06867059E-11
  10.0303869  4.9393328E-12
  10.4969158  2.41702426E-12
  10.9634457  1.47291727E-12
  11.4299755  1.49055356E-12
  11.8965054  2.48144821E-12
  12.3630342  5.09259995E-12
  12.8295641  1.10289599E-11
  13.2960939  2.41666843E-11
  13.7626238  5.30840337E-11
  14.2291527  1.16662568E-10
  14.6956825  2.56415861E-10
  15.1622124  5.6359567E-10
  15.6287422  1.2387753E-09
  16.0952721  2.72281331E-09
  16.5618019  5.9847074E-09
  17.0283298  1.31543221E-08
  17.4948597  2.89130284E-08
  17.9613895  6.35505017E-08
  18.4279194  1.3968328E-07
  18.8944492  2.23600267E-07
  19.3609791  3.70094853E-07
  19.8275089  6.74821194E-07
  20.2940388  1.0864843E-06
  20.7605686  1.79046049E-06
  21.2270985  2.9961484E-06
  21.6936302  4.90686034E-06
  22.1601639  8.01942315E-06
  22.6266975  1.29480959E-05
  23.0932369  2.08257316E-05
  23.5597801  3.30426046E-05
  24.0263309  5.20712383E-05
  24.4928932  8.13304068E-05
  24.9594784  0.00012566807
  25.426096  0.000192030711
  25.8927612  0.000289759133
  26.3595009  0.000431127875
  26.8263512  0.000632330251
  27.2933674  0.000912240823
  27.760622  0.00129227771
  28.2282124  0.00179398479
  28.6962795  0.00243373518
  29.1649952  0.00321581727
  29.634573  0.00411979621
  30.1052589  0.00508392788
  30.5773182  0.00598292053
  31.0509968  0.00660143513
  31.5264492  0.00660877582
  32.0036354  0.00554498518
  32.4821701  0.00285056722
  32.9611244 -0.00200446742
  33.4388809 -0.00920233689
  33.9131203 -0.0180195104
  34.3811836 -0.0262320787
  34.8409653 -0.0301892664
  35.2921715 -0.0263693724
  35.737381 -0.0139524285
  36.182148  0.00339978421
  36.6333923  0.0169246364
  37.0946655  0.0130743328
