  0.233263642 -2.67644271E-08
  0.699793577  1.68654225E-07
  1.16632318 -7.8652338E-09
  1.63285315  6.35784581E-09
  2.09938288 -3.35130643E-08
  2.56591225 -1.45467451E-08
  3.03244209 -3.95948732E-08
  3.49897146  3.62107322E-08
  3.96550131  1.38315784E-07
  4.43203068  9.6998221E-08
  4.89856052 -2.23820287E-08
  5.36508989  2.24904078E-08
  5.83161974  2.72343179E-08
  6.29814959 -1.69312511E-08
  6.76467943  2.21005116E-08
  7.2312088  7.4446433E-08
  7.69773865  1.75402718E-07
  8.16426849  3.07466252E-07
  8.63079739  4.73445965E-07
  9.09732819  6.98296333E-07
  9.56385803  1.12883458E-06
  10.0303888  1.71249326E-06
  10.4969187  2.5801105E-06
  10.9634504  3.96451605E-06
  11.4299831  6.01887723E-06
  11.8965178  9.00014493E-06
  12.3630533  1.33534513E-05
  12.8295927  1.9919371E-05
  13.2961378  2.92315708E-05
  13.7626896  4.25329526E-05
  14.2292519  6.15867466E-05
  14.6958313  8.82437889E-05
  15.1624327  0.000125319406
  15.6290665  0.000176183763
  16.0957451  0.000245050353
  16.5624886  0.000336903962
  17.029314  0.000457608025
  17.4962616  0.000613431737
  17.9633675  0.000810694415
  18.4306831  0.00105521933
  18.8982697  0.00135024148
  19.3662071  0.00169599149
  19.8345833  0.00208588317
  20.3034954  0.00250557461
  20.7730541  0.00292743044
  21.2433624  0.00330816698
  21.7145138  0.00358434883
  22.1865673  0.0036692468
  22.6595249  0.00345082139
  23.1332989  0.00279369112
  23.6076717  0.00154765008
  24.0822563 -0.000431831286
  24.5564518 -0.00324323517
  25.0294437 -0.0068729925
  25.5002041 -0.0111065963
  25.9676113 -0.0154389087
  26.4306183 -0.019044403
  26.8885231 -0.0208838563
  27.3412476 -0.019987857
  27.7895565 -0.0158423875
  28.2350788 -0.00869826321
  28.6801472  0.000338984013
  29.1273537  0.00944459625
  29.5789471  0.0163791142
  30.0361538  0.0189920794
  30.4985752  0.0160377529
  30.9640503  0.00820936915
  31.4292774 -0.00124035287
  31.8912525 -0.00730111869
  32.3490219 -0.0057387203
  32.80476  0.00420703785
  33.2634583  0.0190275814
  33.7310104  0.0318914354
  34.2109642  0.0344571993
  34.7010498  0.0215632711
  35.1928864 -0.00111362827
  35.6775742 -0.0184114967
  36.1526031 -0.0220255814
  36.6213799 -0.0170164946
  37.0875092 -0.00756028155
