  0.233263835 -3.61113734E-07
  0.699793458  3.7319532E-07
  1.16632354 -4.03209384E-07
  1.63285327  1.88502966E-07
  2.09938288  2.47352489E-07
  2.56591249 -5.73313237E-08
  3.03244233  3.05840402E-08
  3.4989717  1.14668843E-07
  3.96550155  1.64488711E-07
  4.43203115  1.32833563E-07
  4.898561  2.73518367E-07
  5.36509085  6.35626577E-07
  5.83162069  8.67561312E-07
  6.29815102  1.36989843E-06
  6.76468182  2.10068151E-06
  7.23121262  2.94734969E-06
  7.69774485  4.38375719E-06
  8.16427803  6.51360642E-06
  8.63081169  9.64315132E-06
  9.09734917  1.40640632E-05
  9.5638895  2.04942498E-05
  10.0304356  2.95456157E-05
  10.4969883  4.23742094E-05
  10.9635525  6.02675173E-05
  11.4301329  8.49023345E-05
  11.8967342  0.000118523465
  12.3633652  0.00016391142
  12.830039  0.000224535048
  13.296771  0.000304156652
  13.7635803  0.000407302112
  14.2304945  0.00053882302
  14.6975479  0.000703431433
  15.1647825  0.000905414054
  15.6322498  0.00114733318
  16.1000118  0.00142937282
  16.5681419  0.00174738595
  17.0367165  0.00209143013
  17.505827  0.00244275294
  17.9755592  0.00277199061
  18.4459915  0.00303616188
  18.9171829  0.00317650847
  19.3891563  0.00311621395
  19.8618755  0.00276119681
  20.3352146  0.00200211187
  20.8089371  0.000723909237
  21.2826576 -0.00117638707
  21.7558193 -0.00375720253
  22.2276859 -0.00698302919
  22.6973801 -0.0106596416
  23.1639462 -0.0143747153
  23.6265163 -0.0174800642
  24.0844955 -0.019166125
  24.5377769 -0.018655939
  24.9869251 -0.0154745234
  25.4332123 -0.00968521833
  25.8785133 -0.00198741746
  26.3250256  0.00635198224
  26.7748642  0.0136988377
  27.2295723  0.0183601081
  27.6896629  0.0190281142
  28.1543503  0.0153422179
  28.6216564  0.00838694721
  29.0889893  0.000762447307
  29.5541496 -0.00412603887
  30.0164242 -0.00352353603
  30.4772434  0.00320504326
  30.940012  0.0139922481
  31.4090099  0.0244698059
  31.8874645  0.0289517157
  32.3752861  0.0224680398
  32.8676643  0.0046530203
  33.356472 -0.0168809835
  33.8347702 -0.0298644938
  34.3014374 -0.0276804771
  34.7615623 -0.014752591
  35.2222328 -0.00132858998
  35.6870728  0.00471585384
  36.1546898  0.00377601269
  36.622776  0.000354369753
  37.0889969 -3.01646814E-05
