  0.233264446  5.96046448E-08
  0.699794233  4.47034765E-08
  1.16632402 -8.94069743E-08
  1.63285363 -2.98023224E-08
  2.09938335  0.
  2.56591272  0.
  3.03244257  0.
  3.49897194  0.
  3.96550179  4.47034871E-08
  4.43203115 -1.49011612E-08
  4.898561 -7.45057989E-08
  5.36509037  6.70552254E-08
  5.83162022 -3.72528994E-08
  6.29814959  1.3038516E-08
  6.76467943  1.62981417E-09
  7.2312088 -1.36429756E-12
  7.69773865  0.
  8.16426849  0.
  8.63079739  0.
  9.09732723  0.
  9.56385708  0.
  10.0303869  0.
  10.4969158  0.
  10.9634457  0.
  11.4299755  0.
  11.8965054  0.
  12.3630342  0.
  12.8295641  0.
  13.2960939  0.
  13.7626238  0.
  14.2291527  0.
  14.6956825  0.
  15.1622124  0.
  15.6287422  0.
  16.0952721  0.
  16.5618019  0.
  17.0283298  0.
  17.4948597  0.
  17.9613895  0.
  18.4279194  0.
  18.8944492  0.
  19.3609791  0.
  19.8275089  0.
  20.2940388  0.
  20.7605667  0.
  21.2270966  0.
  21.6936264  0.
  22.1601562  0.
  22.6266861  0.
  23.0932159  0.
  23.5597458  0.
  24.0262756  0.
  24.4928036  0.
  24.9593334  0.
  25.4258633  0.
  25.8923931  0.
  26.358923  0.
  26.8254528  1.27761766E-07
  27.2919827  0.
  27.7585125  2.55523474E-07
  28.2250404  5.11046835E-07
  28.6915722  8.94331777E-07
  29.158102  1.5331392E-06
  29.6246338  2.93851349E-06
  30.0911674  5.62149307E-06
  30.557703  1.04763812E-05
  31.0242424  1.94194963E-05
  31.4907932  3.56445416E-05
  31.9573574  6.5538421E-05
  32.423954  0.000118551718
  32.8905983  0.000212686777
  33.3573341  0.000377674587
  33.8242188  0.000662206789
  34.2913628  0.00114592758
  34.7589417  0.0019509265
  35.2272339  0.00326205418
  35.6966667  0.00534016639
  36.1679001  0.00852706842
  36.6418839  0.0132204164
  37.1199341  0.0175120253
