  0.233264446  0.
  0.699793994 -4.47034765E-08
  1.16632378  1.49011598E-07
  1.63285351  8.94069601E-08
  2.09938312 -4.47034765E-08
  2.56591272  0.
  3.03244257 -7.45057989E-08
  3.49897194  0.
  3.96550179 -8.94069601E-08
  4.43203115  8.94069601E-08
  4.898561 -1.9371511E-07
  5.36509037  1.7881392E-07
  5.83162022 -3.72528994E-08
  6.29814959  1.3038516E-08
  6.76467943  1.62981451E-09
  7.2312088 -1.36468614E-12
  7.69773865  0.
  8.16426849  0.
  8.63079739  0.
  9.09732723  0.
  9.56385708  0.
  10.0303869  0.
  10.4969158  0.
  10.9634457  0.
  11.4299755  0.
  11.8965054  0.
  12.3630342  0.
  12.8295641  0.
  13.2960939  0.
  13.7626238  0.
  14.2291527  0.
  14.6956825  0.
  15.1622124  0.
  15.6287422  0.
  16.0952721  0.
  16.5618019  0.
  17.0283298  0.
  17.4948597  0.
  17.9613895  0.
  18.4279194  0.
  18.8944492  0.
  19.3609791  0.
  19.8275089  0.
  20.2940388  0.
  20.7605667  0.
  21.2270966  0.
  21.6936264  0.
  22.1601562  0.
  22.6266861  1.27761766E-07
  23.0932159  1.27761766E-07
  23.5597458  2.55523474E-07
  24.0262756  6.38808558E-07
  24.4928055  8.94331606E-07
  24.9593353  1.5331392E-06
  25.4258671  2.81075245E-06
  25.8923988  4.98268764E-06
  26.3589344  8.4322146E-06
  26.8254719  1.48201761E-05
  27.292017  2.47852331E-05
  27.7585697  4.22875564E-05
  28.2251377  7.07754807E-05
  28.6917343  0.000117400392
  29.1583748  0.000193013228
  29.6250839  0.000313178345
  30.0919056  0.00050121994
  30.5588989  0.000789710029
  31.0261555  0.00122458441
  31.4938145  0.00186149823
  31.962059  0.00276775681
  32.4311562  0.00400819397
  32.9014359  0.00562605634
  33.3733139  0.00759570254
  33.8472481  0.00974687282
  34.3236656  0.0116457548
  34.8027725  0.0124069303
  35.2842445  0.0104595628
  35.7667236  0.00331579009
  36.2472382 -0.0122953421
  36.7210007 -0.0388209186
  37.1826134 -0.038919773
