  0.233264238  0.
  0.699794173 -2.98023064E-08
  1.16632378 -1.49011612E-08
  1.63285351 -8.94069601E-08
  2.09938312 -2.98023153E-08
  2.56591249  7.45057989E-08
  3.03244233 -5.96046448E-08
  3.4989717  1.34110451E-07
  3.96550155  2.98023224E-08
  4.43203115  1.93715096E-07
  4.898561 -4.32133675E-07
  5.36509037  1.7881392E-07
  5.83162022 -3.72528994E-08
  6.29814959  1.3038516E-08
  6.76467943  1.62981451E-09
  7.2312088 -1.364168E-12
  7.69773865  0.
  8.16426849  0.
  8.63079739  0.
  9.09732723  0.
  9.56385708  0.
  10.0303869  0.
  10.4969158  0.
  10.9634457  0.
  11.4299755  0.
  11.8965054  0.
  12.3630342  0.
  12.8295641  0.
  13.2960939  0.
  13.7626238  0.
  14.2291527  0.
  14.6956825  0.
  15.1622124  0.
  15.6287422  0.
  16.0952721  0.
  16.5618019  0.
  17.0283298  0.
  17.4948597  0.
  17.9613895  0.
  18.4279194  1.27761766E-07
  18.8944492  1.27761766E-07
  19.3609791  1.27761737E-07
  19.8275089  5.11046835E-07
  20.2940388  6.38808331E-07
  20.7605686  1.0220931E-06
  21.2270985  1.91642334E-06
  21.6936302  3.06627362E-06
  22.1601639  5.23820654E-06
  22.6266975  8.43220914E-06
  23.0932369  1.4181368E-05
  23.5597801  2.26133398E-05
  24.0263309  3.64108018E-05
  24.4928932  5.82560024E-05
  24.9594784  9.1979935E-05
  25.426096  0.000144093967
  25.8927612  0.000223147668
  26.3595009  0.000339977734
  26.8263512  0.000512801809
  27.2933674  0.000760932104
  27.760622  0.00110982917
  28.2282124  0.00158960617
  28.6962795  0.00222761137
  29.1649952  0.00304735545
  29.634573  0.00405215751
  30.1052589  0.00520941941
  30.5773182  0.00642417651
  31.0509968  0.00750365248
  31.5264492  0.00812071748
  32.0036354  0.00777026871
  32.4821701  0.00575454906
  32.9611244  0.00122596812
  33.4388809 -0.00660481211
  33.9131203 -0.0179283414
  34.3811836 -0.0312908664
  34.8409653 -0.0422277711
  35.2921715 -0.0428781137
  35.737381 -0.0250861384
  36.182148  0.0114420364
  36.6333923  0.0486895479
  37.0946655  0.0130743328
