  0.233264193 -1.63912773E-07
  0.699793816  8.9406953E-08
  1.16632366 -1.04308107E-07
  1.63285339  1.63912773E-07
  2.09938312 -1.04308135E-07
  2.56591249  1.49011612E-08
  3.03244233  5.96046448E-08
  3.4989717 -1.34110437E-07
  3.96550155 -1.34110451E-07
  4.43203068  7.45057989E-08
  4.89856052  1.63912773E-07
  5.36508989 -6.70552325E-08
  5.83162022 -3.72528994E-08
  6.29814959  1.3038516E-08
  6.76467943  1.62981451E-09
  7.2312088 -1.36468614E-12
  7.69773865  0.
  8.16426849  0.
  8.63079739  0.
  9.09732723  0.
  9.56385708  0.
  10.0303869  0.
  10.4969158  0.
  10.9634457  0.
  11.4299755  0.
  11.8965054  0.
  12.3630342  0.
  12.8295641  0.
  13.2960939  0.
  13.7626238  0.
  14.2291527  0.
  14.6956825  1.27761766E-07
  15.1622124  1.27761737E-07
  15.6287422  2.55523474E-07
  16.0952721  3.83285141E-07
  16.5618019  7.6657011E-07
  17.0283318  1.02209299E-06
  17.4948616  1.66089978E-06
  17.9613934  2.93851258E-06
  18.427927  4.59940202E-06
  18.8944607  7.41012764E-06
  19.3609982  1.13706656E-05
  19.8275375  1.83973534E-05
  20.2940865  2.84900307E-05
  20.7606411  4.38202514E-05
  21.2272129  6.74533367E-05
  21.6938076  0.000102453465
  22.1604347  0.00015367099
  22.6271114  0.000228378456
  23.0938625  0.000335242919
  23.5607166  0.000485466589
  24.0277214  0.000692767557
  24.4949322  0.000973988266
  24.962431  0.00134445378
  25.4303188  0.00182058744
  25.8987217  0.00241141696
  26.3677883  0.0031157271
  26.8376923  0.00391077111
  27.3086147  0.00474098232
  27.7807274  0.00550458301
  28.2541561  0.00603910815
  28.7289371  0.00610242086
  29.2049332  0.00537027791
  29.6817532  0.00343999057
  30.1586456 -0.000122935817
  30.6344395 -0.00566691253
  31.1075478 -0.0132187083
  31.5761623 -0.0220766868
  32.0386581 -0.0303480029
  32.4942207 -0.0347482525
  32.9434242 -0.0313458666
  33.3885574 -0.017682096
  33.8333549  0.0043775076
  34.2820854  0.0270466879
  34.7378883  0.0384939052
  35.2006187  0.0285832249
  35.6654816 -0.00295438198
  36.1250572 -0.0377393216
  36.5755577 -0.0370495804
  37.0221786 -0.00679342309
