  0.233263493  6.10947552E-07
  0.699793935 -1.49011701E-08
  1.1663239  5.96046128E-08
  1.63285363  2.23517418E-07
  2.09938383  5.06639481E-07
  2.56591368  3.27825603E-07
  3.03244424  1.29640091E-06
  3.4989748  2.04145908E-06
  3.96550632  2.81631947E-06
  4.43203831  3.71038936E-06
  4.89857197  6.10947609E-06
  5.36510658  7.64429478E-06
  5.83164454  9.98377618E-06
  6.29818535  1.54469144E-05
  6.76473188  2.35936604E-05
  7.23128557  3.46218585E-05
  7.69785023  4.85464006E-05
  8.16442966  6.83463513E-05
  8.63102913  9.54257412E-05
  9.0976572  0.000132081623
  9.56432438  0.000180225907
  10.031045  0.000244194089
  10.4978333  0.000327421585
  10.9647169  0.000433973415
  11.4317217  0.000568028889
  11.8988838  0.000734639703
  12.3662453  0.000936787168
  12.8338604  0.00117563247
  13.3017864  0.00145153014
  13.7700911  0.00176008011
  14.2388439  0.00208909507
  14.7081213  0.00242170645
  15.1779909  0.00272894604
  15.648509  0.00297127781
  16.1197052  0.00309407245
  16.5915737  0.00302839954
  17.0640411  0.00268856157
  17.5369644  0.00197518524
  18.010088  0.000782093615
  18.4830265 -0.000998204807
  18.9552536 -0.00344175077
  19.4261017 -0.00656899344
  19.8947868 -0.0102751181
  20.3604927 -0.0142747592
  20.8224773 -0.018023992
  21.2802525 -0.0207135621
  21.733736 -0.0213603042
  22.1833973 -0.0190600716
  22.6303043 -0.0133664515
  23.0760479 -0.00466539804
  23.5225372  0.00568254152
  23.9717026  0.0155727686
  24.4251175  0.0227434821
  24.8836575  0.0254819095
  25.3472233  0.0231476072
  25.8147087  0.0163419303
  26.2842312  0.00680179475
  26.7536697 -0.00280532637
  27.2214146 -0.00921643525
  27.6870537 -0.00934438314
  28.1517506 -0.00173753046
  28.6180553  0.0118391644
  29.0891018  0.0260240696
  29.5673199  0.0336815603
  30.0529099  0.0292120036
  30.5427818  0.0113582248
  31.0309181 -0.0156239485
  31.5107937 -0.0417197049
  31.97896 -0.0528352931
  32.4372559 -0.0386682265
  32.8919258 -0.00469107553
  33.3501854  0.0263792984
  33.8158646  0.0323417597
  34.2868767  0.0130516086
  34.7576294 -0.00890107732
  35.2249527 -0.0128552048
  35.6901779 -0.00414292607
  36.155529  0.00210586097
  36.6219482  0.00631657755
  37.0889969 -1.73444747E-09
