  0.233265832  3.42726707E-07
  0.69979614  1.14738941E-06
  1.16632771  3.24845314E-06
  1.63286173  4.64916229E-06
  2.09939814  8.49366097E-06
  2.56593776  1.32322302E-05
  3.03248215  2.00867635E-05
  3.49903202  2.76118499E-05
  3.96559  3.86536121E-05
  4.43215609  5.13046907E-05
  4.89873457  6.54905962E-05
  5.36532831  8.09877893E-05
  5.8319478  0.000108107903
  6.29860306  0.000151228174
  6.76530981  0.000215615626
  7.23207998  0.00029371836
  7.6989336  0.0003854768
  8.16589451  0.000500543858
  8.63299179  0.000641688937
  9.1002636  0.000812172424
  9.56775284  0.00101293297
  10.0355091  0.00124513533
  10.5035877  0.00150354241
  10.9720516  0.00178188318
  11.4409609  0.00206727628
  11.9103775  0.00233799173
  12.380352  0.00256735226
  12.8509207  0.00271431264
  13.3220921  0.00272839842
  13.7938299  0.002548391
  14.2660408  0.00209784275
  14.7385559  0.00129452464
  15.2111073  5.05742282E-05
  15.6833153 -0.00171300012
  16.1546745 -0.00404764852
  16.6245708 -0.00694411993
  17.0922985 -0.0102884267
  17.5571461 -0.0138048641
  18.0184841 -0.017014442
  18.4759102 -0.019231217
  18.9293861 -0.01964527
  19.3793488 -0.0175289493
  19.826746 -0.012519652
  20.2729816 -0.00490742782
  20.7197514  0.00425992627
  21.1688118  0.0133313173
  21.6216793  0.0204835609
  22.0793514  0.0242466591
  22.5420723  0.0239079744
  23.0092583  0.0196646191
  23.4795799  0.0125302924
  23.9512691  0.00415849127
  24.4225903 -0.00334160868
  24.8923912 -0.00766896596
  25.3605404 -0.00692235958
  25.8280926 -0.00055239466
  26.2970772  0.00976967067
  26.7698402  0.020114297
  27.2480927  0.0255463589
  27.7318649  0.0221417546
  28.2187672  0.00868750177
  28.7041912 -0.0124515826
  29.1828213 -0.0348954052
  29.6511307 -0.0485841855
  30.1094551 -0.043524202
  30.5622063 -0.0178359151
  31.0160713  0.0164985098
  31.4769421  0.0390929058
  31.9466267  0.0360615849
  32.4213982  0.0112587521
  32.8946037 -0.0160539318
  33.362114 -0.025057571
  33.8252335 -0.011170364
  34.2884369  0.00772016356
  34.7545242  0.0114096636
  35.2224121  0.00266673276
  35.6899033 -0.00291175279
  36.1564445 -0.00490258867
  36.6222076  0.00250156689
  37.0889969 -3.69721623E-15
