  0.233263329  1.15279086E-07
  0.699793875  1.36327202E-07
  1.16632366  4.27689315E-07
  1.63285351  3.97247959E-08
  2.09938359  2.27956846E-07
  2.56591296  7.65104573E-07
  3.03244328  1.18252979E-06
  3.49897313  1.76380524E-06
  3.96550393  2.80692484E-06
  4.43203497  4.30671389E-06
  4.89856672  6.2754707E-06
  5.36509895  8.970218E-06
  5.83163309  1.30861426E-05
  6.29816961  1.89010025E-05
  6.764709  2.75076782E-05
  7.23125219  3.99989585E-05
  7.69780254  5.76939638E-05
  8.164361  8.25666575E-05
  8.63093376  0.000117382238
  9.09752369  0.000165644771
  9.56413841  0.000232029124
  10.0307875  0.000322434207
  10.4974813  0.000444232079
  10.9642401  0.000606662012
  11.4310818  0.00082084327
  11.8980331  0.00109977822
  12.3651266  0.00145845988
  12.832407  0.00191305275
  13.2999201  0.00248051574
  13.7677231  0.00317702489
  14.2358828  0.0040159924
  14.7044706  0.00500532845
  15.173564  0.00614365796
  15.6432333  0.00741555169
  16.1135445  0.00878566224
  16.5845413  0.0101920106
  17.0562286  0.0115385875
  17.5285683  0.0126883071
  18.0014362  0.0134571064
  18.4746132  0.0136126168
  18.9477539  0.0128805423
  19.4203701  0.0109657971
  19.8918228  0.00759354932
  20.3613453  0.00257728808
  20.8281078 -0.00409063697
  21.2913227 -0.0121419346
  21.7504005 -0.0209653974
  22.2051296 -0.029614402
  22.6558208 -0.0369202197
  23.1033993 -0.0417010114
  23.549345 -0.0430216193
  23.9955406 -0.0404391848
  24.4439507 -0.0341806524
  24.8962841 -0.0252080131
  25.3535862 -0.0151263392
  25.8159599 -0.0058933543
  26.2824554  0.0006686626
  26.751255  0.00346885435
  27.2202091  0.00266190618
  27.6875763 -0.0001823036
  28.1527977 -0.0024528834
  28.6169281 -0.00138206419
  29.0825176  0.00484751165
  29.5528145  0.0161045119
  30.0304241  0.0296961889
  30.5157166  0.0405795686
  31.0056572  0.0430598371
  31.494154  0.0340640023
  31.9745731  0.0161588918
  32.4434395 -0.00292829797
  32.9026718 -0.014857471
  33.3585358 -0.0155478008
  33.817955 -0.00740778726
  34.2840843  0.00188506301
  34.7543678  0.00527996151
  35.2239189  0.00288253021
  35.6907997 -0.00021787174
  36.1563568 -0.00132205628
  36.6219444 -0.000452138134
