  0.233263478 -3.01964235E-07
  0.699793756 -7.73536346E-09
  1.1663233 -1.27591719E-07
  1.63285327  1.54409499E-08
  2.09938312 -1.33587097E-08
  2.56591249 -7.48926752E-08
  3.03244209 -1.21883602E-07
  3.4989717 -2.33136817E-08
  3.96550131  4.97814234E-10
  4.43203068 -6.8715849E-08
  4.89856052 -9.42486693E-08
  5.36508989  4.53486138E-09
  5.83161974 -1.0118737E-09
  6.29814959  8.82523832E-09
  6.76467943  1.13409584E-08
  7.2312088  5.21235988E-09
  7.69773865  2.50055088E-09
  8.16426849  1.42147549E-09
  8.63079739  1.27055166E-09
  9.09732723  1.94923433E-09
  9.56385708  3.90066868E-09
  10.0303869  8.39904413E-09
  10.4969158  1.83815736E-08
  10.9634457  4.03663414E-08
  11.4299755  8.87083047E-08
  11.8965054  1.59220036E-07
  12.3630342  2.62189872E-07
  12.8295641  5.00604301E-07
  13.2960949  8.51375034E-07
  13.7626247  1.36477638E-06
  14.2291546  2.19727372E-06
  14.6956854  3.49917491E-06
  15.1622171  5.54852886E-06
  15.6287498  8.71816792E-06
  16.0952835  1.36119234E-05
  16.561821  2.10656472E-05
  17.0283585  3.23713102E-05
  17.4949055  4.93700209E-05
  17.961462  7.46535661E-05
  18.4280281  0.000112149472
  18.8946152  0.000167041755
  19.3612309  0.000246586103
  19.8278866  0.00036049413
  20.2946014  0.000522000133
  20.7613983  0.000747773098
  21.2283154  0.00105916942
  21.6953907  0.00148222235
  22.1626873  0.00204771152
  22.6302795  0.00278999144
  23.0982533  0.00374501059
  23.5667267  0.00494624814
  24.0358238  0.00641835807
  24.5056801  0.00816779211
  24.9764462  0.0101701189
  25.4482441  0.0123526808
  25.9211559  0.0145746097
  26.3951797  0.016604146
  26.8701878  0.0180988461
  27.3458481  0.0185965374
  27.8215752  0.0175334606
  28.2964706  0.0143141346
  28.7693405  0.00845989119
  29.2387695 -0.000158374198
  29.7033825 -0.0110503528
  30.1621971 -0.022931369
  30.6150551 -0.0338060074
  31.062952 -0.0413882695
  31.5080814 -0.0437644124
  31.9535236 -0.0401096717
  32.4025154 -0.0313064046
  32.8573494 -0.020277787
  33.3182182 -0.0115956562
  33.7824402 -0.00970359053
  34.2451973 -0.0158364438
  34.702137 -0.0257891901
  35.1527367 -0.0314774998
  35.6018867 -0.0259186514
  36.0577888 -0.0083538536
  36.5262222  0.0134379528
