  0.233264282 -9.21362684E-08
  0.699794054  1.43100763E-07
  1.16632378 -2.9604788E-08
  1.63285351  1.11479737E-09
  2.09938312 -4.85768759E-08
  2.56591249 -2.02425436E-08
  3.03244233  9.2226955E-09
  3.4989717 -1.19627941E-07
  3.96550155 -4.03037816E-08
  4.43203115 -5.1743541E-08
  4.898561  1.58951963E-08
  5.36509037 -2.13008633E-08
  5.83162022  9.19545329E-09
  6.29814959 -2.57253525E-08
  6.76467943 -7.25401783E-09
  7.2312088 -3.30394001E-09
  7.69773865 -1.50316515E-09
  8.16426849 -6.83881507E-10
  8.63079739 -3.11137893E-10
  9.09732723 -1.41551618E-10
  9.56385708 -6.43913811E-11
  10.0303869 -2.92755369E-11
  10.4969158 -1.32751293E-11
  10.9634457 -5.94270943E-12
  11.4299755 -2.49058066E-12
  11.8965054 -6.64675563E-13
  12.3630342  7.27230559E-13
  12.8295641  2.59398145E-12
  13.2960939  6.15447103E-12
  13.7626238  1.37335204E-11
  14.2291527  3.02798654E-11
  14.6956825  6.65974359E-11
  15.1622124  1.46399795E-10
  15.6287422  3.21793814E-10
  16.0952721  7.07302772E-10
  16.5618019  1.55464508E-09
  17.0283298  3.41709239E-09
  17.4948597  7.51072982E-09
  17.9613895  1.65084941E-08
  18.4279194  3.62854706E-08
  18.8944492  7.97550328E-08
  19.3609791  1.39548362E-07
  19.8275089  2.90459752E-07
  20.2940388  5.23769927E-07
  20.7605667  8.84562041E-07
  21.2270985  1.53691155E-06
  21.6936283  2.62075378E-06
  22.1601601  4.37900962E-06
  22.6266918  7.31620867E-06
  23.0932255  1.21346675E-05
  23.559761  1.99785936E-05
  24.0263004  3.2537806E-05
  24.4928436  5.27223674E-05
  24.9594002  8.46329785E-05
  25.4259739  0.000134631569
  25.8925705  0.000212175102
  26.3592091  0.00033113925
  26.8259087  0.000511072227
  27.2926979  0.000779500231
  27.7596283  0.00117356214
  28.2267628  0.00174219755
  28.6941967  0.00254693115
  29.1620522  0.00366116501
  29.6304951  0.00516574411
  30.0997353  0.00713889394
  30.5700245  0.00963698793
  31.0416431  0.0126622971
  31.5148773  0.0161148533
  31.9899368  0.0197233632
  32.4668846  0.022960458
  32.945446  0.0249602813
  33.4248238  0.024495976
  33.9034843  0.0201364253
  34.3790855  0.0107576465
  34.8487663 -0.00351235084
  35.3100548 -0.0202805474
  35.7622795 -0.0347413719
  36.2079849 -0.0411652699
  36.6533585 -0.0358953103
