  0.233263835  9.1815032E-08
  0.699793518 -1.64088689E-07
  1.16632354  9.44858343E-08
  1.63285315  1.5635031E-07
  2.09938288  2.7475842E-08
  2.56591249  8.0679996E-08
  3.03244233  7.39830739E-08
  3.49897146  6.48998721E-08
  3.96550155  5.12328455E-08
  4.43203115  1.13874634E-07
  4.898561  2.94104382E-07
  5.36509037  4.02434353E-07
  5.83162069  5.62531682E-07
  6.29815054  9.03197304E-07
  6.76468039  1.40263626E-06
  7.23121071  2.22569952E-06
  7.69774151  3.39372946E-06
  8.16427326  5.16885393E-06
  8.63080502  7.85210523E-06
  9.09733868  1.1872713E-05
  9.56387424  1.76751182E-05
  10.0304136  2.62237591E-05
  10.4969549  3.86318061E-05
  10.9635048  5.65307346E-05
  11.4300642  8.21706926E-05
  11.896636  0.000118603537
  12.3632259  0.000169889638
  12.8298426  0.00024121342
  13.2964964  0.00033973658
  13.7632008  0.000474350149
  14.2299738  0.000655955926
  14.6968412  0.000898216036
  15.1638336  0.00121711893
  15.63099  0.00163116388
  16.0983601  0.0021605771
  16.5660019  0.00282641407
  17.033987  0.00364835979
  17.5023937  0.00464232825
  17.9713116  0.00581634464
  18.4408283  0.00716474932
  18.9110317  0.00866223127
  19.3819923  0.0102544948
  19.8537502  0.0118496325
  20.326292  0.0133070555
  20.7995281  0.0144295404
  21.2732582  0.0149574019
  21.7471409  0.0145727824
  22.2206631  0.0129202046
  22.6931305  0.00965358969
  23.163681  0.00451827422
  23.6313572 -0.00253296457
  24.0952225 -0.0112116178
  24.554575 -0.0208025184
  25.0091648 -0.0301729795
  25.4593735 -0.0379255041
  25.9063148 -0.0426792167
  26.3517647 -0.0434099808
  26.7979126 -0.0397651717
  27.246954 -0.032282833
  27.7005997 -0.0224494021
  28.1595726 -0.0125081437
  28.6232853 -0.00493100286
  29.089859 -0.00157234818
  29.556673 -0.00274705398
  30.021389 -0.00671643624
  30.48312 -0.0100591984
  30.9431992 -0.0089572221
  31.4050808 -0.000880333595
  31.8732185  0.0138898827
  32.3510284  0.0313074552
  32.8384781  0.0440736301
  33.3306274  0.0450261571
  33.8192215  0.0327206701
  34.2975426  0.0139659792
  34.764946 -0.00104625896
  35.2266693 -0.0065243328
  35.6890335 -0.00440226961
  36.1544304 -0.000675077084
  36.6217995  0.00141745317
