  0.233264491 -6.47712568E-08
  0.699794233 -1.23253884E-07
  1.16632402 -4.28328448E-08
  1.63285363 -2.6650615E-09
  2.09938335 -2.14729207E-10
  2.56591272  2.79284151E-10
  3.03244257  1.25527189E-09
  3.49897194  4.17582857E-09
  3.96550179  1.20554207E-08
  4.43203115  9.56868895E-09
  4.898561 -2.46597445E-08
  5.36509037  5.76602943E-09
  5.83162022 -2.7710616E-08
  6.29814959  5.19268184E-10
  6.76467943  1.69890157E-09
  7.2312088  7.71717357E-10
  7.69773865  3.51101731E-10
  8.16426849  1.59737779E-10
  8.63079739  7.267454E-11
  9.09732723  3.30641209E-11
  9.56385708  1.50429044E-11
  10.0303869  6.84394035E-12
  10.4969158  3.11372976E-12
  10.9634457  1.41662745E-12
  11.4299755  6.44511137E-13
  11.8965054  2.93228034E-13
  12.3630342  1.33408177E-13
  12.8295641  6.06970461E-14
  13.2960939  2.76180751E-14
  13.7626238  1.25722949E-14
  14.2291527  5.73559339E-15
  14.6956825  2.6439441E-15
  15.1622124  1.27865658E-15
  15.6287422  7.48267741E-16
  16.0952721  7.06459942E-16
  16.5618019  1.12593464E-15
  17.0283298  2.28058835E-15
  17.4948597  4.9243514E-15
  17.9613895  1.07834672E-14
  18.4279194  2.36836443E-14
  18.8944492  5.20480401E-14
  19.3609791  1.14397207E-13
  19.8275089  2.51441934E-13
  20.2940388  5.52665552E-13
  20.7605667  1.21475161E-12
  21.2270966  2.67000983E-12
  21.6936264  5.86864888E-12
  22.1601562  1.2899219E-11
  22.6266861  2.83523292E-11
  23.0932159  6.23180813E-11
  23.5597458  1.36974376E-10
  24.0262756  3.01068059E-10
  24.4928036  6.61743993E-10
  24.9593334  1.45450541E-09
  25.4258633  3.19698534E-09
  25.8923931  7.02693503E-09
  26.358923  1.5445119E-08
  26.8254528  3.394819E-08
  27.2919827  7.46177378E-08
  27.7585125  1.64008895E-07
  28.2250404  3.247373E-07
  28.6915703  5.90246145E-07
  29.1581001  1.16965225E-06
  29.6246319  2.19101389E-06
  30.0911636  4.10672055E-06
  30.5576935  7.66712401E-06
  31.0242252  1.43389998E-05
  31.4907627  2.65483832E-05
  31.957304  4.88360165E-05
  32.4238586  8.90359952E-05
  32.8904305  0.000161071745
  33.3570366  0.000288698415
  33.8236961  0.000512083468
  34.2904778  0.000898074766
  34.7574463  0.00155494083
  35.2247467  0.00265404768
  35.6926117  0.00445808237
  36.1614227  0.00735487649
  36.6317863  0.0118907262
