  0.233263656 -2.804099E-08
  0.699793398  2.22194245E-07
  1.1663233 -2.71288712E-07
  1.63285315 -2.96696214E-08
  2.09938288  1.46601336E-08
  2.56591225 -2.33713102E-08
  3.03244209 -8.33448599E-09
  3.49897146  4.44851551E-08
  3.96550131  3.42085649E-08
  4.43203068 -1.36755034E-08
  4.89856052 -8.21381363E-09
  5.36508989  3.01957925E-08
  5.83161974 -3.01147196E-08
  6.29814959 -1.67048562E-08
  6.76467943  1.08364873E-08
  7.2312088  2.60712429E-08
  7.69773865  5.83451794E-08
  8.16426849  1.28715584E-07
  8.63079739  2.47378523E-07
  9.09732723  4.20310414E-07
  9.56385803  6.88922569E-07
  10.0303879  1.12134921E-06
  10.4969177  1.8211814E-06
  10.9634476  2.88785532E-06
  11.4299793  4.44582292E-06
  11.8965111  6.83308099E-06
  12.3630438  1.04643441E-05
  12.8295784  1.59231022E-05
  13.2961168  2.40923837E-05
  13.7626591  3.61594175E-05
  14.2292061  5.3890486E-05
  14.6957636  7.97836692E-05
  15.1623344  0.000117270778
  15.6289244  0.000170886429
  16.095541  0.000246908807
  16.5621986  0.000353497278
  17.0289097  0.000501493283
  17.495697  0.000704370905
  17.9625893  0.000978925498
  18.4296246  0.00134529546
  18.8968487  0.00182702928
  19.3643208  0.00244982308
  19.8321171  0.00324080605
  20.3003197  0.00422482565
  20.7690296  0.00542139215
  21.2383595  0.00683795568
  21.708416  0.00846229866
  22.1793022  0.010251794
  22.6510983  0.0121213961
  23.1238308  0.0139289526
  23.5974483  0.0154612903
  24.0717773  0.0164239109
  24.5464802  0.0164401047
  25.0210171  0.0150712375
  25.4946117  0.0118724452
  25.9662685  0.00649798941
  26.4348488 -0.00114181358
  26.8992367 -0.0107018389
  27.3585968 -0.0212772582
  27.8126698 -0.0314276665
  28.2620144 -0.0394115075
  28.7081127 -0.0435954891
  29.1532154 -0.0429279953
  29.5999565 -0.0373607315
  30.050745 -0.0281240623
  30.5070229 -0.0177230444
  30.9686089 -0.00943748653
  31.4334602 -0.00615104102
  31.8982124 -0.00874279439
  32.3596916 -0.0149534568
  32.8167534 -0.0198565349
  33.2715759 -0.0180603564
  33.729332 -0.00650431402
  34.1961784  0.0131602436
  34.6755867  0.0334464088
  35.1648636  0.0439115837
  35.6554146  0.0397289991
  36.1392899  0.0270043779
  36.6150627  0.0146904103
