 -0.214285716  0.
  0.214285716  0.000397583004
  0.642857134  0.00093308097
  1.07142854  0.00200957875
  1.5  0.00398999592
  1.92857134  0.00729107345
  2.35714293  0.0122329462
  2.78571439  0.0187885724
  3.21428585  0.0262937266
  3.64285731  0.033292044
  4.0714283  0.0376969166
  4.5  0.0373632833
  4.92857122  0.0309402179
  5.35714293  0.0186433531
  5.78571415  0.00249647605
  6.21428585 -0.0141834281
  6.64285707 -0.027899079
  7.0714283 -0.0361655019
  7.5 -0.0382549725
  7.9285717 -0.0351704955
  8.35714245 -0.0290156435
  8.78571415 -0.0221540574
  9.21428585 -0.0165507719
  9.64285755 -0.0134842452
  10.0714283 -0.0135494359
  10.5 -0.0167341717
  10.9285717 -0.0224180501
  11.3571424 -0.0292933006
  11.7857141 -0.0353707783
  12.2142859 -0.0382822454
  12.6428576 -0.0359527282
  13.0714283 -0.02743892
  13.5 -0.0135452496
  13.9285717  0.0031838892
  14.3571424  0.0192338768
  14.7857141  0.0313214362
  15.2142859  0.0374899581
  15.6428576  0.0375977345
  16.0714302  0.033044342
  16.5000019  0.0259879213
  16.9285717  0.0184981674
  17.3571434  0.0120001351
  17.7857151  0.00712726871
  18.2142868  0.00388714788
  18.6428585  0.00195121125
  19.0714302  0.00090325909
  19.5000019  0.000385754538
  19.9285717  0.000152481152
  20.3571434  5.55457336E-05
  20.7857151  1.88313588E-05
  21.2142868  5.90363743E-06
  21.6428585  1.58017713E-06
  22.0714302  3.86210843E-07
  22.5000019  2.71213651E-07
  22.9285717 -2.64506319E-08
  23.3571434 -1.13115595E-09
  23.7857151  7.09656667E-10
  24.2142868 -3.3677984E-11
  24.6428585 -1.4252384E-11
  25.0714302  2.05419384E-12
  25.5000019  1.8658889E-13
  25.9285717 -6.35617318E-14
  26.3571434  7.01803643E-16
  26.7857151  1.43991726E-15
  27.2142868 -1.44603969E-16
  27.6428585 -2.35490512E-17
  28.0714302  5.40804439E-18
  28.5000019  1.43518473E-19
  28.9285717 -1.37795611E-19
  29.3571434  8.15089235E-21
