  1. -0.000254100014
  2. -0.00047982001
  3. -0.000870539981
  4. -0.00151701004
  5. -0.00254001003
  6. -0.00408176985
  7. -0.00629277015
  8. -0.00929940026
  9. -0.0131607298
  10. -0.017815711
  11. -0.0230300408
  12. -0.0283691101
  13. -0.0331996493
  14. -0.0367527604
  15. -0.0382357799
  16. -0.0369821116
  17. -0.0326191708
  18. -0.0251892302
  19. -0.0152073903
  20. -0.00361284008
  21.  0.00837210007
  22.  0.0194587801
  23.  0.0285166204
  24.  0.0347671509
  25.  0.0378912613
  26.  0.0380361304
  27.  0.0357320718
  28.  0.0317493007
  29.  0.0269441698
  30.  0.0221212208
  31.  0.0179460607
  32.  0.0149074197
  33.  0.0133141801
  34.  0.0133141801
  35.  0.0149074197
  36.  0.0179460607
  37.  0.0221212208
  38.  0.0269441698
  39.  0.0317493007
  40.  0.0357320718
  41.  0.0380361304
  42.  0.0378912613
  43.  0.0347671509
  44.  0.0285166204
  45.  0.0194587801
  46.  0.00837210007
  47. -0.00361284008
  48. -0.0152073903
  49. -0.0251892302
  50. -0.0326191708
  51. -0.0369821116
  52. -0.0382357799
  53. -0.0367527604
  54. -0.0331996493
  55. -0.0283691101
  56. -0.0230300408
  57. -0.017815711
  58. -0.0131607298
  59. -0.00929940026
  60. -0.00629277015
  61. -0.00408176985
  62. -0.00254001003
  63. -0.00151701004
  64. -0.000870539981
  65. -0.00047982001
  66. -0.000254100014
  67. -0.000129690001
  68. -6.33599993E-05
  69. -3.00299998E-05
  70. -1.35299997E-05
  71. -5.93999994E-06
  72. -2.31000013E-06
  73. -9.8999999E-07
  74. -3.30000006E-07
  75. -3.30000006E-07
  76.  0.
  77.  0.
  78.  0.
  79.  0.
  80.  0.
  81.  0.
  82.  0.
  83.  0.
  84.  0.
  85.  0.
  86.  0.
  87.  0.
  88.  0.
  89.  0.
  90.  0.
  91.  0.
  92.  0.
  93.  0.
  94.  0.
  95.  0.
  96.  0.
  97.  0.
  98.  0.
  99.  0.
