 -0.233265311  0.
  0.233264476  1.03120525E-08
  0.699794233 -2.83607893E-08
  1.16632402 -2.12479989E-08
  1.63285363 -1.72823866E-09
  2.09938335 -4.35539549E-10
  2.56591272 -1.03255782E-09
  3.03244257 -3.60481001E-09
  3.49897194 -1.11150777E-08
  3.96550179  3.94630018E-09
  4.43203115  6.03199624E-08
  4.898561 -5.85133577E-08
  5.36509037  6.84701718E-08
  5.83162022 -5.97137984E-08
  6.29814959 -2.52484389E-09
  6.76467943  1.98740335E-09
  7.2312088  9.01584085E-10
  7.69773865  4.1018608E-10
  8.16426849  1.86618873E-10
  8.63079739  8.49044099E-11
  9.09732723  3.86282395E-11
  9.56385708  1.75743604E-11
  10.0303869  7.99565796E-12
  10.4969158  3.63771686E-12
  10.9634457  1.65502106E-12
  11.4299755  7.52970548E-13
  11.8965054  3.42571864E-13
  12.3630342  1.55855282E-13
  12.8295641  7.09043758E-14
  13.2960939  3.22504237E-14
  13.7626238  1.46543815E-14
  14.2291527  6.62690922E-15
  14.6956825  2.92647512E-15
  15.1622124  1.13688169E-15
  15.6287422  8.96145969E-17
  16.0952721 -8.99138814E-16
  16.5618019 -2.47498432E-15
  17.0283298 -5.66687022E-15
  17.4948597 -1.25589372E-14
  17.9613895 -2.76513567E-14
  18.4279194 -6.07987171E-14
  18.8944492 -1.33644574E-13
  19.3609791 -2.93753601E-13
  19.8275089 -6.45668902E-13
  20.2940388 -1.41917337E-12
  20.7605667 -3.11932619E-12
  21.2270966 -6.8562417E-12
  21.6936264 -1.50699366E-11
  22.1601562 -3.31235386E-11
  22.6266861 -7.28051369E-11
  23.0932159 -1.60024827E-10
  23.5597458 -3.51732643E-10
  24.0262756 -7.73104136E-10
  24.4928036 -1.69927361E-09
  24.9593334 -3.73498299E-09
  25.4258633 -8.20944734E-09
  25.8923931 -1.80442665E-08
  26.358923 -3.96610815E-08
  26.8254528 -8.7174584E-08
  27.2919827 -1.9160872E-07
  27.7585125 -3.44519208E-07
  28.2250404 -5.69114377E-07
  28.6915703 -1.24194742E-06
  29.1581001 -2.18927039E-06
  29.6246319 -4.10627581E-06
  30.0911636 -7.6316137E-06
  30.5576954 -1.4300871E-05
  31.024229 -2.61699224E-05
  31.4907684 -4.77707654E-05
  31.9573135 -8.61598674E-05
  32.4238777 -0.000154380192
  32.8904648 -0.000273476995
  33.3570976 -0.000478540285
  33.8238068 -0.000826490868
  34.2906685 -0.0014053362
  34.7577782 -0.00234815059
  35.2253151 -0.0038448663
  35.6935654 -0.00614895206
  36.1629982 -0.00956476107
  36.6343346 -0.0143928425
