 -0.233269289  0.
  0.233275861 -2.24825385E-06
  0.699820995 -6.82618929E-06
  1.16637719 -1.56546721E-05
  1.63294876 -2.86858631E-05
  2.09953904 -4.83232834E-05
  2.56615257 -7.51402622E-05
  3.03279543 -0.000110798122
  3.49947214 -0.000155245027
  3.96618891 -0.000210028214
  4.43295097 -0.000277805579
  4.89976788 -0.000374841853
  5.36666203 -0.000513160136
  5.83367443 -0.000694725313
  6.30085325 -0.000901673629
  6.76824617 -0.00110934279
  7.23588276 -0.00132418424
  7.70380354 -0.00155402988
  8.17206001 -0.00178887998
  8.64070797 -0.0020121343
  9.1098032 -0.00220169104
  9.57939243 -0.00232681399
  10.0495138 -0.00235016993
  10.5201826 -0.00222315034
  10.9913826 -0.00189020426
  11.4630527 -0.00128828059
  11.9350729 -0.000349611917
  12.4072437  0.000987467123
  12.8792782  0.00277002458
  13.3507805  0.00500818947
  13.8212538  0.00764646055
  14.2901011  0.0105297044
  14.7566795  0.0133677172
  15.2203531  0.0157220531
  15.6805992  0.0170337725
  16.1371288  0.0167188086
  16.5900021  0.0143272979
  17.039711  0.0097314585
  17.4872093  0.00326761999
  17.9338341 -0.00423829723
  18.3811665 -0.011605164
  18.8308201 -0.0175617952
  19.2841892 -0.021059528
  19.7422123 -0.0215309765
  20.2051888 -0.0190106239
  20.6726971 -0.0141087119
  21.1436634 -0.00789033249
  21.6165695 -0.00172433769
  22.0897999  0.00290043652
  22.5620537  0.00466864696
  23.0327396  0.00287151011
  23.502203 -0.00212789094
  23.9716988 -0.00868160278
  24.4430389 -0.0141341407
  24.9179764 -0.0156182917
  25.3973923 -0.0111007439
  25.8805656 -0.000328340684
  26.3648396  0.0145300813
  26.8460751  0.0287162233
  27.3200874  0.0358227603
  27.784584  0.0306673143
  28.2405777  0.0131513178
  28.6923542 -0.0100226291
  29.1459713 -0.0278971959
  29.6068058 -0.0311555155
  30.0768566 -0.0181413926
  30.5531693  0.00313179358
  31.0292664  0.0192404818
  31.4994965  0.0201355591
  31.9629307  0.00699680625
  32.4234581 -0.00810212176
  32.8862877 -0.0124394223
  33.3536606 -0.00467780186
  33.823246  0.00432778709
  34.2913666  0.00517719239
  34.7572212  0.000712459791
  35.2226562 -0.00184790441
  35.6888657 -0.00185224123
  36.1558075  0.00102125597
  36.6227913  0.000209636462
