 -0.233265579  0.
  0.233264267 -4.14786037E-08
  0.699794114  6.09052719E-08
  1.16632378 -1.62500733E-08
  1.63285351  3.50479432E-08
  2.09938312 -2.49805439E-08
  2.56591249 -3.11730801E-08
  3.03244233  1.59038862E-07
  3.4989717 -1.11895886E-07
  3.96550155  1.81542337E-08
  4.43203115 -1.19198063E-07
  4.898561  7.1533691E-08
  5.36509037 -6.2374454E-08
  5.83162022  7.38669144E-08
  6.29814959 -3.95353474E-08
  6.76467943 -8.46692849E-09
  7.2312088 -3.85993681E-09
  7.69773865 -1.7561238E-09
  8.16426849 -7.98970945E-10
  8.63079739 -3.63505892E-10
  9.09732723 -1.65391839E-10
  9.56385708 -7.52703733E-11
  10.0303869 -3.42966627E-11
  10.4969158 -1.57169416E-11
  10.9634457 -7.39959222E-12
  11.4299755 -3.91380418E-12
  11.8965054 -2.98353182E-12
  12.3630342 -4.00135567E-12
  12.8295641 -7.63186302E-12
  13.2960939 -1.62455917E-11
  13.7626238 -3.54668725E-11
  14.2291527 -7.78462295E-11
  14.6956825 -1.71055239E-10
  15.1622124 -3.7595474E-10
  15.6287422 -8.26333724E-10
  16.0952721 -1.8162668E-09
  16.5618019 -3.99213063E-09
  17.0283298 -8.77465478E-09
  17.4948597 -1.92865866E-08
  17.9613895 -4.23916902E-08
  18.4279194 -9.31764248E-08
  18.8944492 -1.2816615E-07
  19.3609791 -3.23476485E-07
  19.8275089 -5.00097201E-07
  20.2940388 -7.73352667E-07
  20.7605667 -1.39830024E-06
  21.2270985 -2.32319439E-06
  21.6936283 -3.76877824E-06
  22.1601601 -6.29578972E-06
  22.6266937 -1.03281373E-05
  23.0932274 -1.68129209E-05
  23.5597649 -2.69193461E-05
  24.0263081 -4.32623492E-05
  24.4928551 -6.83922262E-05
  24.9594193 -0.000107151776
  25.4260025 -0.000166165177
  25.8926163 -0.000254880229
  26.3592796 -0.000385404972
  26.8260174 -0.00057472731
  27.2928658 -0.000843217073
  27.7598801 -0.0012157025
  28.2271366 -0.00171827653
  28.6947422 -0.00237482809
  29.1628361 -0.00319875218
  29.6316013 -0.00418070424
  30.101265 -0.00526937982
  30.5720901 -0.0063455035
  31.0443573 -0.00719240634
  31.5183296 -0.00745945238
  31.9941635 -0.00663890457
  32.4718056 -0.00407376094
  32.9507942  0.000942595361
  33.4300728  0.00887696072
  33.9077988  0.0193439759
  34.3813896  0.0301795397
  34.8480148  0.0367666371
  35.3057098  0.0329901315
  35.7548332  0.0150861647
  36.1991653 -0.012395001
  36.645668 -0.0312210899
