 -0.233265489  0.
  0.233264223  4.90629866E-08
  0.699793935 -6.63416202E-08
  1.16632366 -3.49389673E-08
  1.63285327  1.55488369E-08
  2.09938312 -5.13483371E-08
  2.56591249  1.09203864E-08
  3.03244233  1.15159359E-07
  3.4989717 -1.16387142E-07
  3.96550155  3.49107303E-08
  4.43203068 -2.84904171E-08
  4.89856052  1.42661122E-07
  5.36509037 -6.36194741E-08
  5.83162022 -1.48754884E-08
  6.29814959 -5.47509167E-08
  6.76467943 -1.22090542E-08
  7.2312088 -5.56535618E-09
  7.69773865 -2.53266874E-09
  8.16426849 -1.15368681E-09
  8.63079739 -5.28004251E-10
  9.09732723 -2.47081855E-10
  9.56385708 -1.27491462E-10
  10.0303869 -9.11465625E-11
  10.4969158 -1.14315779E-10
  10.9634457 -2.12127427E-10
  11.4299755 -4.48447585E-10
  11.8965054 -9.77581349E-10
  12.3630342 -2.14502638E-09
  12.8295641 -4.71306549E-09
  13.2960939 -1.03584981E-08
  13.7626238 -2.2767507E-08
  14.2291527 -5.00425479E-08
  14.6956825 -1.09992847E-07
  15.1622124 -1.65128398E-07
  15.6287422 -2.5144999E-07
  16.0952721 -5.78590402E-07
  16.5618019 -8.23714402E-07
  17.0283298 -1.30014507E-06
  17.4948616 -2.08906658E-06
  17.9613914 -3.3990716E-06
  18.4279232 -5.3958338E-06
  18.894455 -8.69346241E-06
  19.3609905 -1.35293767E-05
  19.8275261 -2.12988307E-05
  20.2940674 -3.301385E-05
  20.7606125 -5.05009666E-05
  21.2271671 -7.70585029E-05
  21.6937389 -0.000116164178
  22.1603317 -0.000173138527
  22.6269588 -0.000255028979
  23.0936356 -0.00037132841
  23.5603848 -0.000533021055
  24.0272408 -0.000753799512
  24.4942455 -0.00104877213
  24.9614639 -0.00143270916
  25.428978 -0.00191822869
  25.8968906 -0.0025100857
  26.3653336 -0.00319925859
  26.834465 -0.00395502429
  27.3044643 -0.0047114077
  27.7755222 -0.00535566173
  28.2478161 -0.00571451942
  28.7214813 -0.00554293254
  29.1965427 -0.00452381698
  29.6728439 -0.00228790333
  30.1499443  0.0015219351
  30.6270142  0.0071067838
  31.1027718  0.014257472
  31.5755081  0.0219984148
  32.0433197  0.0283052567
  32.5046158  0.0302713066
  32.9587669  0.0251369495
  33.4067535  0.0120955911
  33.8513641 -0.00600976124
  34.2968063 -0.0223464668
  34.7474632 -0.0280447118
  35.2058678 -0.0169022903
  35.6702919  0.00761970133
  36.1340828  0.0275168456
  36.5900078  0.020572694
