 -0.23326689  0.
  0.233263418 -5.18803738E-08
  0.699793756  4.22678212E-08
  1.1663233 -7.56614966E-08
  1.63285327  2.03126262E-08
  2.09938312  5.42504885E-08
  2.56591249  4.97146182E-08
  3.03244209 -1.21663732E-07
  3.4989717 -3.3588865E-08
  3.96550131  1.09838133E-07
  4.43203068  4.49958613E-08
  4.89856052 -1.89975736E-07
  5.36508989  1.1344774E-08
  5.83161974 -2.08081499E-08
  6.29814959 -5.38455014E-09
  6.76467943  1.3136555E-08
  7.2312088  5.81272674E-09
  7.69773865  2.31298425E-09
  8.16426849  3.23503141E-10
  8.63079739 -1.45474677E-09
  9.09732723 -4.18287316E-09
  9.56385708 -9.64220526E-09
  10.0303869 -2.13974136E-08
  10.4969158 -4.7124054E-08
  10.9634457 -1.0362033E-07
  11.4299755 -1.51140938E-07
  11.8965054 -2.20714455E-07
  12.3630342 -5.11037967E-07
  12.8295641 -7.51871141E-07
  13.2960949 -1.10046699E-06
  13.7626247 -1.78444202E-06
  14.2291546 -2.79059441E-06
  14.6956863 -4.3927289E-06
  15.1622181 -6.79400273E-06
  15.6287518 -1.04895025E-05
  16.0952873 -1.59764841E-05
  16.5618248 -2.42324386E-05
  17.0283661 -3.64339649E-05
  17.4949169 -5.41891422E-05
  17.9614773 -8.03588337E-05
  18.4280529 -0.000117631986
  18.8946514 -0.000170439787
  19.3612843 -0.000244028008
  19.8279648 -0.000345911074
  20.294714 -0.000483384763
  20.7615585 -0.000666371838
  21.2285423 -0.000904685177
  21.6957092 -0.0012081461
  22.163126 -0.00158385991
  22.6308765 -0.00203443994
  23.0990562 -0.00255352864
  23.5677872 -0.00312101608
  24.037199 -0.00369691919
  24.507431 -0.00421507284
  24.9786263 -0.00457442319
  25.4508915 -0.00463502482
  25.9242783 -0.00421380484
  26.398737 -0.00309053576
  26.8740654 -0.00102622656
  27.3498325  0.00219143508
  27.8253326  0.00665954873
  28.2995377  0.0122144334
  28.7711525  0.0182458237
  29.2387352  0.0235404354
  29.7010155  0.0263313334
  30.1572838  0.0247389339
  30.607811  0.017633168
  31.0540829  0.00559472386
  31.498703 -0.00859313738
  31.9449291 -0.0203733183
  32.3958054 -0.0248713586
  32.8530045 -0.0190704782
  33.3157349 -0.00409600278
  33.7803612  0.0133609427
  34.2418022  0.0222390089
  34.6966095  0.0130700702
  35.1459923 -0.0128555289
  35.5963326 -0.0394281447
  36.0559998 -0.0463359766
  36.5291023 -0.0363197774
