 -0.23326613  0.
  0.233263656 -4.41232224E-08
  0.699793458  1.74028401E-07
  1.1663233 -1.27811859E-07
  1.63285315 -3.12661221E-08
  2.09938288  3.35298402E-08
  2.56591225 -1.5908391E-08
  3.03244209 -6.51946905E-08
  3.49897146  1.44963215E-08
  3.96550131  7.59892416E-08
  4.43203068 -9.62499591E-09
  4.89856052 -7.38675467E-08
  5.36508989  1.23353757E-07
  5.83161974 -2.83654895E-08
  6.29814959 -5.89484372E-08
  6.76467943 -3.26554606E-08
  7.2312088 -6.91787392E-08
  7.69773865 -1.50837991E-07
  8.16426849 -2.54352358E-07
  8.63079739 -3.70676986E-07
  9.09732723 -5.75766137E-07
  9.56385803 -9.26898679E-07
  10.0303879 -1.50007861E-06
  10.4969177 -2.28639237E-06
  10.9634485 -3.33946423E-06
  11.4299803 -5.11700591E-06
  11.896513 -7.7834502E-06
  12.3630457 -1.1700512E-05
  12.8295822 -1.75101486E-05
  13.2961216 -2.58641612E-05
  13.7626667 -3.80033016E-05
  14.2292175 -5.54951184E-05
  14.6957808 -8.03390358E-05
  15.1623592 -0.000114894836
  15.6289606 -0.000162891723
  16.0955944 -0.000228346995
  16.5622749 -0.000316980149
  17.0290165 -0.000434384652
  17.4958477 -0.000587589573
  17.9627991 -0.000783612602
  18.4299126 -0.00102952402
  18.8972397 -0.00132956775
  19.3648453 -0.0016863005
  19.8328114 -0.00209417776
  20.3012257 -0.002540997
  20.7701912 -0.00300027989
  21.2398243 -0.00342971133
  21.7102299 -0.00376509735
  22.1814995 -0.00391851598
  22.6536961 -0.00377346878
  23.1268158 -0.00318698515
  23.6007614 -0.00199607178
  24.0752964 -3.35235964E-05
  24.5500031  0.00283596036
  25.0242462  0.00665353006
  25.4971561  0.0112710372
  25.9676609  0.0162330028
  26.4346046  0.0206816159
  26.896944  0.0233820006
  27.3540382  0.0229681153
  27.8059349  0.0184474327
  28.2535686  0.00980866514
  28.6987705 -0.00157183444
  29.1440163 -0.0130139757
  29.5919514 -0.0212059859
  30.0447178 -0.0233081635
  30.5032253 -0.0181426145
  30.9665871 -0.00709546963
  31.4321423  0.00559790293
  31.8963394  0.0136058396
  32.3564873  0.0109495828
  32.8125 -0.00405087555
  33.267704 -0.0257286839
  33.7279396 -0.0420980416
  34.1989975 -0.0411808454
  34.6827545 -0.0203952603
  35.1742744  0.00810878072
  35.663929  0.0253555886
  36.1450768  0.0253800452
  36.6182098  0.0160241071
