 -0.233265728  0.
  0.23326385  4.51227393E-08
  0.699793458 -9.11871467E-08
  1.16632354 -3.27251506E-08
  1.63285315  9.08961653E-08
  2.09938288 -4.69066102E-08
  2.56591249  7.08508718E-09
  3.03244233  1.12112994E-08
  3.49897146  1.92789233E-08
  3.96550155 -9.94088367E-08
  4.43203115 -3.17614422E-07
  4.898561 -2.08334882E-07
  5.36509037 -3.27448532E-07
  5.83162069 -7.20599132E-07
  6.29815054 -1.06897858E-06
  6.76468086 -1.76421645E-06
  7.23121119 -2.50364565E-06
  7.69774246 -3.80492975E-06
  8.16427422 -5.75144759E-06
  8.63080692 -8.61797162E-06
  9.09734154 -1.24370645E-05
  9.56387806 -1.83231896E-05
  10.0304193 -2.65949639E-05
  10.4969635 -3.83628685E-05
  10.9635172 -5.49521064E-05
  11.4300814 -7.80792543E-05
  11.8966618 -0.000109902321
  12.3632622 -0.000152824578
  12.8298941 -0.000211070961
  13.2965689 -0.00028832641
  13.7633028 -0.000388862827
  14.230114 -0.000518530724
  14.6970339 -0.000682211074
  15.164094 -0.000885120302
  15.63134 -0.00113071338
  16.0988235 -0.00142042735
  16.5666084 -0.00175089017
  17.0347691 -0.00211351155
  17.5033894 -0.00249093026
  17.9725571 -0.00285362732
  18.4423637 -0.00315987039
  18.9128876 -0.00334908022
  19.3841896 -0.00334379938
  19.8562889 -0.00304497732
  20.3291435 -0.00233831722
  20.8026199 -0.00109733199
  21.2764626  0.000799044443
  21.7502632  0.00343842246
  22.2234325  0.0068270606
  22.6952  0.0108202053
  23.16465  0.0150405848
  23.6308136  0.0188171249
  24.0928192  0.0212055724
  24.5501175  0.0211549196
  25.0026989  0.0178444199
  25.4512463  0.0111022936
  25.8971691  0.00171814067
  26.3424625 -0.00854279101
  26.7893906 -0.0173120871
  27.240036 -0.0222925916
  27.6957893 -0.0220166873
  28.1568928 -0.0164396055
  28.6222286 -0.0071979044
  29.0895214  0.00251490762
  29.5560837  0.00857489277
  30.019949  0.00731487246
  30.4809647 -0.0024287689
  30.9412804 -0.0176631622
  31.404892 -0.0314441286
  31.876194 -0.0355941355
  32.3577385 -0.025066847
  32.8479233 -0.00183469651
  33.3402748  0.024048619
  33.8262329  0.0382448323
  34.3005371  0.0320602357
  34.7647209  0.0119879069
  35.2252731 -0.00463095866
  35.6880913 -0.00802824739
  36.1542854 -0.00446919212
  36.6221046  0.00298945606
