 -0.233267128  0.
  0.233263358 -3.71133968E-09
  0.699793875 -1.02749901E-07
  1.16632378  2.05225646E-07
  1.63285351 -1.32761443E-07
  2.09938359 -4.73567638E-07
  2.5659132 -4.41619278E-07
  3.03244352 -7.17459784E-07
  3.49897361 -1.47143487E-06
  3.96550465 -2.38006351E-06
  4.43203592 -3.46946172E-06
  4.89856815 -5.18234492E-06
  5.36510086 -8.41818564E-06
  5.83163595 -1.22996607E-05
  6.29817343 -1.84206474E-05
  6.76471472 -2.67732394E-05
  7.23126078 -3.79256817E-05
  7.69781494 -5.33075436E-05
  8.16437912 -7.46131409E-05
  8.63095856 -0.000103423525
  9.09755898 -0.000142242046
  9.564188 -0.000193683096
  10.0308561 -0.000260886911
  10.4975767 -0.000347825931
  10.9643698 -0.000458481634
  11.4312572 -0.000596813159
  11.8982687 -0.000766969461
  12.3654394 -0.000971290341
  12.8328171 -0.00121123996
  13.3004513 -0.00148483913
  13.768404 -0.00178581243
  14.236743 -0.00210203556
  14.7055435 -0.00241340906
  15.17488 -0.00268995808
  15.6448221 -0.00288978219
  16.115427 -0.00295759016
  16.5867252 -0.00282356469
  17.0587006 -0.00240416266
  17.5312862 -0.00160403026
  18.0043201 -0.000324035092
  18.4775295  0.00152564887
  18.9505138  0.00399921555
  19.42272  0.00707822805
  19.8934498  0.0106156506
  20.3618984  0.0142784156
  20.8272305  0.0175059345
  21.2887211  0.0195322707
  21.7459087  0.0195142031
  22.1987839  0.0167801008
  22.6479092  0.0111338468
  23.0944633  0.00309802825
  23.5401268 -0.0060514817
  23.9868755 -0.0145211527
  24.4366264 -0.0204593465
  24.8908825 -0.0224912539
  25.3503456 -0.0201484747
  25.8146973 -0.0140678734
  26.2825985 -0.00594416633
  26.7519989  0.00171185052
  27.2207794  0.00607469166
  27.6875381  0.0048943772
  28.1522713 -0.00231906632
  28.6166325 -0.013407168
  29.0835571 -0.023744991
  29.5562649 -0.0277984496
  30.036787 -0.0215598382
  30.5244122 -0.00482048094
  31.0148849  0.0175875518
  31.5014534  0.0361944623
  31.978035  0.0405092277
  32.4428139  0.0263903197
  32.8994865  0.00154974544
  33.3552055 -0.0179923754
  33.8163681 -0.0199538432
  34.2844887 -0.00716109155
  34.7555008  0.00507301139
  35.2245369  0.00663568126
  35.6907539  0.00237671565
  36.1560745 -0.0018722032
  36.6218491 -0.00096698635
