 -0.23326467  0.
  0.2332654 -2.37938806E-08
  0.699795485 -4.1584741E-07
  1.16632617 -1.23702125E-06
  1.63285875 -2.45684896E-06
  2.09939289 -4.79841719E-06
  2.56592917 -7.85241355E-06
  3.03246903 -1.29049631E-05
  3.49901271 -1.97315185E-05
  3.96556211 -2.90746266E-05
  4.43211794 -4.12169829E-05
  4.89868212 -5.9950471E-05
  5.36525822 -8.74056786E-05
  5.83185291 -0.000125523642
  6.29847479 -0.000175584821
  6.76513481 -0.000236321837
  7.23184395 -0.000311706273
  7.69861746 -0.000406700623
  8.16547489 -0.000524707779
  8.63244057 -0.000668679131
  9.09954739 -0.000841364847
  9.56683159 -0.00104309607
  10.034338 -0.00127308653
  10.5021152 -0.00152713154
  10.9702253 -0.00179624616
  11.4387264 -0.00206599431
  11.9076843 -0.00231508398
  12.3771591 -0.0025133153
  12.8472052 -0.00261976477
  13.3178558 -0.00258352747
  13.7891188 -0.00234271912
  14.2609529 -0.00182403054
  14.7332611 -0.000948416244
  15.205862  0.000363404833
  15.6784735  0.00217663939
  16.1506996  0.00452171452
  16.6220131  0.00735941157
  17.091774  0.0105395969
  17.559269  0.0137555217
  18.0237675  0.0165173505
  18.4846554  0.0181803983
  18.9415588  0.0180479083
  19.3944969  0.0155705661
  19.8439846  0.010576779
  20.2910557  0.00346329901
  20.7371883 -0.00477449177
  21.1841335 -0.0127103524
  21.6336536 -0.0188244469
  22.0872154 -0.0219056271
  22.5457058 -0.0213806853
  23.0092163 -0.0174654443
  23.4769821 -0.0111368801
  23.9475212 -0.00397987152
  24.4189911  0.00204850035
  24.8897133  0.00500049023
  25.3587303  0.00354431756
  25.8262234 -0.00230329926
  26.2935963 -0.0107141826
  26.7631207 -0.0182873756
  27.2371731 -0.0211063065
  27.7171688 -0.0162728205
  28.2024994 -0.00332678785
  28.6899738  0.0148477471
  29.174387  0.0318741016
  29.6505146  0.0394359976
  30.1157856  0.0316575058
  30.5719337  0.0102881528
  31.024498 -0.0142573351
  31.4803753 -0.0282736886
  31.9444027 -0.0238763466
  32.4163551 -0.00570236752
  32.8908653  0.0115561401
  33.3617401  0.0150821079
  33.8271027  0.00548133906
  34.2900734 -0.0046833572
  34.7546921 -0.00575047731
  35.2217865 -0.00131483329
  35.6894646  0.00171376741
  36.1565056  0.00238367799
  36.6224785 -0.00145270291
