  3.67780018E-07 -1.1920929E-07
  0.466530442 -2.30967999E-07
  0.466530442 -0.08226192
  0.466530442 -2.30967999E-07
  0.933060825 -7.30156898E-07
  1.39959252 -2.22027302E-06
  1.86612582 -4.38094139E-06
  2.33266115 -8.37445259E-06
  2.33266115 -0.41131115
  2.33266115 -8.37445259E-06
  2.7991991 -1.4424324E-05
  3.26574087 -2.37822533E-05
  3.73228741 -3.66568565E-05
  4.19884014 -5.46574593E-05
  4.66540003 -7.86781311E-05
  5.13196993 -0.000110626221
  5.13196993 -0.897228122
  5.13196993 -0.000110626221
  5.59855556 -0.000151991844
  6.06516409 -0.000207424164
  6.53180504 -0.000282466412
  6.99848938 -0.000384747982
  7.46523046 -0.000521838665
  7.46523046 -1.
  7.46523046 -0.000521838665
  7.93204594 -0.000701785088
  8.39895821 -0.0009354949
  8.8659935 -0.00123518705
  9.33318996 -0.00161463022
  9.80058479 -0.00208806992
  10.2682266 -0.00267034769
  10.7361708 -0.00337392092
  11.2044754 -0.00420838594
  11.6732054 -0.00517737865
  12.1424217 -0.00627440214
  12.6121817 -0.00748044252
  13.082531 -0.00875711441
  13.5534878 -0.0100420713
  14.0250349 -0.0112437606
  14.4971066 -0.0122340918
  14.9695616 -0.012845695
  15.4421673 -0.0128695965
  15.9145861 -0.0120603442
  16.3863564 -0.0101507902
  16.8568954 -0.00688332319
  17.3255215 -0.00206190348
  17.7915173  0.00437104702
  18.2542114  0.0122433901
  18.7131062  0.0210683346
  19.1680279  0.0300052166
  19.6192417  0.0379143953
  20.0675201  0.0435266495
  20.5141201  0.0457183123
  20.9606609  0.0438160896
  21.4088936  0.0378406048
  21.8604355  0.0285916328
  22.3164616  0.017534852
  22.777462  0.00651359558
  23.2430992 -0.00264281034
  23.7122517 -0.00852137804
  24.1832581 -0.0104800463
  24.6543522 -0.008905828
  25.1242218 -0.0053024292
  25.5924759 -0.00206100941
  26.0599098 -0.00180280209
  26.5283585 -0.00637936592
  27.0001469 -0.0158688426
  27.4771709 -0.028054595
  27.9598331 -0.0387412906
  28.4462376 -0.0429669023
  28.9321804 -0.0369161963
  29.4124508 -0.0201582313
  29.8831501  0.00270724297
  30.3438587  0.0227572918
  30.7982159  0.0308610201
  31.2524357  0.0233671665
  31.712389  0.00538766384
  32.1803818 -0.0114876032
  32.6536102 -0.0168155432
  33.1263008 -0.00922709703
  33.5944214  0.00250244141
  34.0585861  0.00768733025
  34.5223808  0.00410676003
  34.9882393 -0.00120848417
  35.4556274 -0.0024548769
  35.9229851 -0.00109404325
  36.389492  0.00119304657
  36.8557396  2.67028809E-05
