 -3.49001368E-07  0.
  0.46652925  7.4505806E-09
  0.46652925 -0.0822617412
  0.46652925  7.4505806E-09
  0.933058918  2.98023224E-08
  1.39958858 -2.98023224E-08
  1.86611831 -5.96046448E-08
  2.33264804 -5.96046448E-08
  2.33264804 -0.411308825
  2.33264804 -5.96046448E-08
  2.79917765 -2.98023224E-08
  3.26570725  0.
  3.73223686  0.
  4.19876671  0.
  4.66529608  0.
  5.13182545  1.1920929E-07
  5.13182545 -0.897207141
  5.13182545  1.1920929E-07
  5.59835529  0.
  6.06488514  0.
  6.53141451  0.
  6.99794388  0.
  7.46447372  0.
  7.46447372 -1.
  7.46447372  0.
  7.93100357  0.
  8.39753342  0.
  8.86406231  0.
  9.33059216  0.
  9.797122  0.
  10.2636509  0.
  10.7301807  0.
  11.1967106  0.
  11.6632404  0.
  12.1297703  0.
  12.5962992  0.
  13.062829  0.
  13.5293589  0.
  13.9958878  0.
  14.4624176  0.
  14.9289474  0.
  15.3954773  0.
  15.8620071  0.
  16.328537  0.
  16.7950668  0.
  17.2615948  0.
  17.7281246  0.
  18.1946545  0.
  18.6611843  0.
  19.1277142  0.
  19.594244  0.
  20.0607738  0.
  20.5273018  0.
  20.9938316  0.
  21.4603615  0.
  21.9268913  0.
  22.3934212  0.
  22.859951 -5.96046448E-08
  23.3264809 -1.1920929E-07
  23.7930107 -2.38418579E-07
  24.2595406 -5.36441803E-07
  24.7260685 -9.53674316E-07
  25.1926003 -1.66893005E-06
  25.6591301 -2.98023224E-06
  26.1256618 -5.30481339E-06
  26.5921955 -9.23871994E-06
  27.0587311 -1.61528587E-05
  27.5252724 -2.77161598E-05
  27.9918175 -4.74452972E-05
  28.4583759 -8.04662704E-05
  28.9249573 -0.000135242939
  29.391571 -0.000225305557
  29.8582401 -0.000371456146
  30.3249969 -0.000605404377
  30.7918968 -0.00097411871
  31.2590141 -0.00154614449
  31.7264709 -0.00241631269
  32.1944351 -0.00371152163
  32.6631432 -0.00559020042
  33.1329231 -0.00823318958
  33.6041794 -0.0118126869
  34.0773888 -0.0164250135
  34.553051 -0.0219644308
  35.0315132 -0.0279006362
  35.5126839 -0.032933414
  35.9955025 -0.0345343351
  36.4772453 -0.0286111832
  36.9530373 -0.0101421475
