 -6.27316354E-07  0.
  0.466529071  6.70552254E-08
  0.466529071 -0.0822616816
  0.466529071  6.70552254E-08
  0.933058798  1.49011612E-08
  1.39958847  2.98023224E-08
  1.86611819 -2.98023224E-08
  2.3326478  2.98023224E-08
  2.3326478 -0.411308765
  2.3326478  2.98023224E-08
  2.79917741  2.98023224E-08
  3.26570702  0.
  3.73223662  5.96046448E-08
  4.19876623  1.1920929E-07
  4.6652956  1.1920929E-07
  5.13182497  5.96046448E-08
  5.13182497 -0.897207081
  5.13182497  5.96046448E-08
  5.59835529  0.
  6.06488514  0.
  6.53141451  0.
  6.99794388  0.
  7.46447372  0.
  7.46447372 -1.
  7.46447372  0.
  7.93100357  0.
  8.39753342  0.
  8.86406231  0.
  9.33059216  0.
  9.797122  0.
  10.2636509  0.
  10.7301807  0.
  11.1967106  0.
  11.6632404  0.
  12.1297703  0.
  12.5962992  0.
  13.062829  0.
  13.5293589  0.
  13.9958878  0.
  14.4624176  0.
  14.9289474 -5.96046448E-08
  15.3954773 -1.1920929E-07
  15.8620071 -2.38418579E-07
  16.328537 -4.17232513E-07
  16.7950668 -7.74860382E-07
  17.2615967 -1.25169754E-06
  17.7281265 -2.02655792E-06
  18.1946583 -3.39746475E-06
  18.66119 -5.54323196E-06
  19.1277237 -9.00030136E-06
  19.5942574 -1.43051147E-05
  20.0607967 -2.28881836E-05
  20.527338 -3.61800194E-05
  20.9938908 -5.66244125E-05
  21.460453 -8.8095665E-05
  21.9270363 -0.00013589859
  22.3936462 -0.000207602978
  22.8602982 -0.000314176083
  23.3270111 -0.000470638275
  23.7938137 -0.000697255135
  24.2607441 -0.00102072954
  24.7278557 -0.0014756918
  25.1952209 -0.00210404396
  25.6629353 -0.00295555592
  26.1311131 -0.00408452749
  26.5998993 -0.00554513931
  27.0694656 -0.00738149881
  27.5399933 -0.00961226225
  28.0116692 -0.0122086406
  28.4846497 -0.0150650144
  28.959013 -0.0179597735
  29.4346943 -0.0205143094
  29.9113941 -0.0221541524
  30.3884792 -0.0220955014
  30.864893 -0.019395709
  31.3391399 -0.0131268501
  31.8094158 -0.00274503231
  32.2739677  0.0113525391
  32.7316895  0.027256608
  33.1827583  0.0413950682
  33.6290588  0.0492864847
  34.0740852  0.0473383665
  34.5221367  0.0352205038
  34.9766655  0.0177251101
  35.4380798  0.00453698635
  35.9021873  0.0059081316
  36.3620453  0.0232615471
  36.8142967  0.0400161743
