 -1.88146589E-06  2.38418579E-07
  0.466528594 -7.4505806E-09
  0.466528594 -0.082261622
  0.466528594 -7.4505806E-09
  0.933058798 -7.4505806E-08
  1.39958858 -4.47034836E-08
  1.86611843 -2.08616257E-07
  2.33264852 -4.17232513E-07
  2.33264852 -0.411308885
  2.33264852 -4.17232513E-07
  2.79917836 -5.66244125E-07
  3.26570845 -1.13248825E-06
  3.73223901 -2.08616257E-06
  4.19877052 -3.51667404E-06
  4.6653018 -5.1856041E-06
  5.13183403 -8.04662704E-06
  5.13183403 -0.897208393
  5.13183403 -8.04662704E-06
  5.59836864 -1.20401382E-05
  6.06490469 -1.70469284E-05
  6.53144407 -2.47359276E-05
  6.99798727 -3.58819962E-05
  7.46453762 -5.20348549E-05
  7.46453762 -1.
  7.46453762 -5.20348549E-05
  7.93109703 -7.46846199E-05
  8.39766884 -0.000106573105
  8.86425877 -0.000151097775
  9.33087349 -0.000212728977
  9.79752159 -0.000296831131
  10.2642155 -0.000410795212
  10.7309732 -0.000563621521
  11.197813 -0.000766217709
  11.6647625 -0.00103145838
  12.131855 -0.00137460232
  12.5991278 -0.00181233883
  13.0666342 -0.00236195326
  13.5344276 -0.00304096937
  14.002573 -0.00386494398
  14.4711437 -0.00484383106
  14.9402122 -0.00597977638
  15.4098511 -0.00726139545
  15.880125 -0.00865870714
  16.3510761 -0.0101158619
  16.8227139 -0.011544168
  17.2949944 -0.0128139257
  17.7678032 -0.0137478113
  18.2409248 -0.014117837
  18.7140217 -0.0136455894
  19.1866169 -0.0120190382
  19.6580849 -0.00892198086
  20.1276741 -0.00409698486
  20.5945644  0.0025677681
  21.0579758  0.010920167
  21.5173149  0.0204344988
  21.9723454  0.0301538706
  22.4233456  0.038749814
  22.8711853  0.0447357893
  23.3172951  0.0468170643
  23.7635021  0.0442814827
  24.2117519  0.0373010635
  24.6637535  0.0270211697
  25.1206131  0.0153799057
  25.5825214  0.00468814373
  26.0486488 -0.00292915106
  26.5172997 -0.00611680746
  26.9863892 -0.00480085611
  27.4541588 -0.000489652157
  27.9199047  0.00386238098
  28.3844528  0.00466954708
  28.8500938 -0.00084322691
  29.31991 -0.013069272
  29.796526 -0.0291213393
  30.2805996 -0.0432613492
  30.7696495 -0.0488160253
  31.2581692 -0.0411835313
  31.7397442 -0.021094501
  32.2104263  0.00377011299
  32.6711502  0.0215841532
  33.127346  0.0237241983
  33.5857887  0.0116312504
  34.0504265 -0.00339525938
  34.5199928 -0.00952380896
  34.9900208 -0.00534009933
  35.4576454  0.000671267509
  35.9234123  0.00260090828
  36.3889618  0.00162053108
  36.855423 -0.00132590532
