 -1.73489002E-06  2.38418579E-07
  0.466528594  2.23517418E-08
  0.466528594 -0.082261622
  0.466528594  2.23517418E-08
  0.93305856  4.47034836E-08
  1.39958835  0.
  1.86611819  0.
  2.3326478  8.94069672E-08
  2.3326478 -0.411308765
  2.3326478  8.94069672E-08
  2.79917717  8.94069672E-08
  3.26570678  0.
  3.73223639  1.1920929E-07
  4.19876623  1.1920929E-07
  4.6652956  5.96046448E-08
  5.13182497  5.96046448E-08
  5.13182497 -0.897207081
  5.13182497  5.96046448E-08
  5.59835482  1.1920929E-07
  6.06488514  0.
  6.53141451  0.
  6.99794388  0.
  7.46447372  0.
  7.46447372 -1.
  7.46447372  0.
  7.93100357  0.
  8.39753342  0.
  8.86406231  0.
  9.33059216  0.
  9.797122  0.
  10.2636509  0.
  10.7301807  0.
  11.1967106 -5.96046448E-08
  11.6632404 -1.1920929E-07
  12.1297703 -2.38418579E-07
  12.5962992 -4.17232513E-07
  13.06283 -6.55651093E-07
  13.5293598 -1.13248825E-06
  13.9958897 -1.78813934E-06
  14.4624205 -2.98023224E-06
  14.9289522 -4.76837158E-06
  15.3954849 -7.4505806E-06
  15.8620195 -1.16825104E-05
  16.3285561 -1.80602074E-05
  16.7950974 -2.8014183E-05
  17.2616405 -4.29749489E-05
  17.7281971 -6.54459E-05
  18.1947651 -9.8824501E-05
  18.6613522 -0.000148117542
  19.1279678 -0.000219762325
  19.5946236 -0.000323474407
  20.0613384 -0.000471115112
  20.5281353 -0.000679314137
  20.9950504 -0.000968694687
  21.4621258 -0.00136500597
  21.9294186 -0.0018991828
  22.3970013 -0.00260674953
  22.8649654 -0.00352579355
  23.3334217 -0.00469315052
  23.8024921 -0.00613969564
  24.272316 -0.00787991285
  24.7430286 -0.0099003911
  25.2147579 -0.0121430755
  25.6875839 -0.0144848228
  26.1615067 -0.0167140961
  26.6364021 -0.0185083151
  27.111948 -0.0194164515
  27.5875816 -0.0188631415
  28.0624332 -0.0161917806
  28.5353451 -0.0107797384
  29.0049438 -0.00225412846
  29.4698753  0.00919520855
  29.9291496  0.022490263
  30.3825474  0.0355174541
  30.830946  0.0453959703
  31.276392  0.0492744446
  31.721817  0.0454989672
  32.1703682  0.0347224474
  32.6244049  0.0204042196
  33.0843697  0.00821733475
  33.5480499  0.00408923626
  34.0110817  0.0110212564
  34.4692078  0.0257766247
  34.9213028  0.0381542444
  35.3711624  0.0359539986
  35.8261681  0.014928937
  36.2925529 -0.0138962865
  36.7706718 -0.034365654
