 -0.11626678  1.
  0.11626678  1.
  0.348800331  1.
  0.581333876  1.
  0.81386745  1.
  1.04640102  1.
  1.2789346  1.
  1.51146817  1.
  1.74400175  1.
  1.97653532  1.
  2.20906878  1.
  2.44160247  1.
  2.67413592  1.
  2.90666962  1.
  3.13920307  1.
  3.37173676  1.
  3.60427022  1.
  3.83680367  1.
  4.06933737  1.
  4.30187082  1.
  4.53440428  1.
  4.76693821  1.
  4.99947166  1.
  5.23200512  1.
  5.46453857  1.
  5.69707203  1.
  5.92960596  1.
  6.16213942  1.
  6.39467287  1.
  6.62720633  1.
  6.85974026  1.
  7.09227371  1.
  7.32480717  1.
  7.55734062  1.
  7.78987408  1.
  8.02240753  1.
  8.25494099  1.
  8.48747444  1.
  8.7200079  1.
  8.95254135  1.
  9.18507481  1.
  9.41760826  1.
  9.65014267  1.
  9.88267612  1.
  10.1152096  1.
  10.347743  1.
  10.5802765  1.
  10.8128099  1.
  11.0453434  1.
  11.2778769  1.
  11.5104103  1.
  11.7429447  1.
  11.9754782  1.
  12.2080116  1.
  12.4405451  1.
  12.6730785  1.
  12.905612  1.
  13.1381454  1.
  13.3706789  1.
  13.6032124  1.
  13.8357468  1.
  14.0682802  1.
  14.3008137  1.
  14.5333471  1.
  14.7658806  1.
  14.998414  1.
  15.2309475  1.
  15.4634809  1.
  15.6960144  1.
  15.9285479  1.
  16.1610832  1.
  16.3936157  1.
  16.6261501  1.
  16.8586826  1.
  17.091217  1.
  17.3237514  1.
  17.556284  1.
  17.7888184  1.
  18.0213509  1.
  18.2538853  1.
  18.4864178  1.
  18.7189522  1.
  18.9514847  1.
  19.1840191  1.
  19.4165535  1.
  19.649086  1.
  19.8816204  1.
  20.1141529  1.
  20.3466873  1.
  20.5792198  1.
  20.8117542  1.
  21.0442867  1.
  21.2768211  1.
  21.5093555  1.
  21.741888  1.
  21.9744225  1.
  22.206955  1.
  22.4394894  1.
  22.6720219  1.
  22.9045563  1.
  23.1370888  1.
  23.3696232  1.
  23.6021576  1.
  23.8346901  1.
  24.0672245  1.
  24.299757  1.
  24.5322914  1.
  24.7648239  1.
  24.9973583  1.
  25.2298908  1.
  25.4624252  1.
  25.6949596  1.
  25.9274921  1.
  26.1600266  1.
  26.3925591  1.
  26.6250935  1.
  26.857626  1.
  27.0901604  1.
  27.3226929  1.
  27.5552273  1.
  27.7877617  1.
  28.0202942  1.
  28.2528286  1.
  28.4853611  1.
  28.7178955  1.
  28.950428  1.
  29.1829624  1.
  29.4154949  1.
  29.6480293  1.
  29.8805637  1.
  30.1130962  1.
  30.3456306  1.
  30.5781631  1.
  30.8106976  1.
  31.0432301  1.
  31.2757645  1.
  31.508297  1.
  31.7408314  1.
  31.9733639  1.
  32.2058983  1.
  32.4384308  1.
  32.6709633  1.
  32.9034958  1.
  33.1360321  1.
  33.3685646  1.
  33.6010971  1.
  33.8336296  1.
  34.0661659  1.
  34.2986984  1.
  34.5312309  1.
  34.7637672  1.
  34.9962997  1.
  35.2288322  1.
  35.4613647  1.
  35.6939011  1.
  35.9264336  1.
  36.1589661  1.
  36.3915024  1.
  36.6240349  1.
  36.8565674  1.
