 -3.7755234E-07  0.
  0.232533246 -1.11758709E-08
  0.46506694 -5.96046448E-08
  0.697600603 -3.7252903E-08
  0.930134237 -4.47034836E-08
  1.16266775  1.49011612E-08
  1.39520133 -1.49011612E-08
  1.6277349  0.
  1.86026847  0.
  2.09280205  0.
  2.3253355  2.98023224E-08
  2.5578692  2.98023224E-08
  2.79040265  0.
  3.02293634  0.
  3.2554698  0.
  3.48800349  5.96046448E-08
  3.72053695  0.
  3.9530704  5.96046448E-08
  4.1856041  0.
  4.41813755  0.
  4.65067101  5.96046448E-08
  4.88320494  5.96046448E-08
  5.11573839 -5.96046448E-08
  5.34827185  0.
  5.5808053  0.
  5.81333876  5.96046448E-08
  6.04587269  0.
  6.27840614  0.
  6.5109396  0.
  6.74347305  0.
  6.97600698 -1.1920929E-07
  7.20854044  0.
  7.44107389  0.
  7.67360735  0.
  7.9061408  0.
  8.13867474  0.
  8.37120819  0.
  8.60374165  0.
  8.8362751  0.
  9.06880856  0.
  9.30134201  0.
  9.53387547  0.
  9.76640987  0.
  9.99894333  0.
  10.2314768  0.
  10.4640102  0.
  10.6965437  0.
  10.9290771  0.
  11.1616106  0.
  11.3941441  0.
  11.6266775  0.
  11.8592119  0.
  12.0917454  0.
  12.3242788  0.
  12.5568123  0.
  12.7893457  0.
  13.0218792  0.
  13.2544127  0.
  13.4869461  0.
  13.7194796  0.
  13.952014  0.
  14.1845474  0.
  14.4170809  0.
  14.6496143  0.
  14.8821478  0.
  15.1146812  0.
  15.3472147  0.
  15.5797482  0.
  15.8122816  0.
  16.0448151  0.
  16.2773495  0.
  16.509882  0.
  16.7424164  0.
  16.9749489  0.
  17.2074833  0.
  17.4400177  0.
  17.6725502  0.
  17.9050846  0.
  18.1376171  0.
  18.3701515  0.
  18.602684  0.
  18.8352184  0.
  19.0677509  0.
  19.3002853  0.
  19.5328197  0.
  19.7653522  0.
  19.9978867  0.
  20.2304192  0.
  20.4629536  0.
  20.6954861  0.
  20.9280205  0.
  21.160553  0.
  21.3930874  0.
  21.6256218  0.
  21.8581543  0.
  22.0906887  0.
  22.3232212  0.
  22.5557556  0.
  22.7882881  0.
  23.0208225  0.
  23.253355  0.
  23.4858894  0.
  23.7184238  0.
  23.9509563  0.
  24.1834908  0.
  24.4160233  0.
  24.6485577  0.
  24.8810902  0.
  25.1136246  0.
  25.3461571  0.
  25.5786915  0.
  25.8112259  0.
  26.0437584  0.
  26.2762928  0.
  26.5088253  0.
  26.7413597  0.
  26.9738922  0.
  27.2064266  0.
  27.4389591 -5.96046448E-08
  27.6714935 -1.1920929E-07
  27.9040279 -1.1920929E-07
  28.1365604 -2.38418579E-07
  28.3690948 -2.98023224E-07
  28.6016273 -4.76837158E-07
  28.8341618 -7.15255737E-07
  29.0666943 -9.53674316E-07
  29.2992306 -1.37090683E-06
  29.5317631 -1.78813934E-06
  29.7642975 -2.56299973E-06
  29.9968319 -3.4570694E-06
  30.2293663 -4.76837158E-06
  30.4619026 -6.61611557E-06
  30.6944351 -9.05990601E-06
  30.9269733 -1.23977661E-05
  31.1595097 -1.69873238E-05
  31.3920479 -2.30073929E-05
  31.6245861 -3.13520432E-05
  31.8571301 -4.26769257E-05
  32.0896759 -5.79953194E-05
  32.3222275 -7.84993172E-05
  32.5547791 -0.000106036663
  32.7873421 -0.000143051147
  33.0199127 -0.000192523003
  33.2525024 -0.000258624554
  33.4851036 -0.0003464818
  33.7177315 -0.000462949276
  33.9503899 -0.000616908073
  34.183094 -0.000819802284
  34.4158478 -0.00108605623
  34.648674 -0.00143426657
  34.8815956 -0.0018876791
  35.1146355 -0.0024753809
  35.3478355 -0.00323385
  35.5812378 -0.00420761108
  35.8148994 -0.00545078516
  36.048893 -0.00702887774
  36.2833061 -0.00901931524
  36.5182571 -0.0115124583
  36.7538681 -0.0146121979
  36.9903069 -0.0184343457
