  4.98699478E-07 -1.1920929E-07
  0.232533514  1.04308128E-07
  0.465066731  5.21540642E-08
  0.697600365 -3.7252903E-08
  0.930134058  1.49011612E-08
  1.16266751  2.68220901E-07
  1.39520085  1.34110451E-07
  1.62773442  5.96046448E-08
  1.86026812 -5.96046448E-08
  2.09280181  1.49011612E-07
  2.32533526  8.94069672E-08
  2.55786872  1.1920929E-07
  2.79040217  2.08616257E-07
  3.02293587  5.96046448E-08
  3.25546956 -1.78813934E-07
  3.48800325 -1.78813934E-07
  3.72053671  5.96046448E-08
  3.95307016 -5.96046448E-08
  4.1856041 -1.1920929E-07
  4.41813755 -1.1920929E-07
  4.65067101 -5.96046448E-08
  4.88320494 -3.57627869E-07
  5.11573839 -1.78813934E-07
  5.34827185 -3.57627869E-07
  5.5808053 -2.98023224E-07
  5.81333876 -4.17232513E-07
  6.04587317 -5.36441803E-07
  6.27840662 -9.53674316E-07
  6.51094055 -9.53674316E-07
  6.74347448 -1.43051147E-06
  6.97600889 -1.78813934E-06
  7.20854282 -2.2649765E-06
  7.44107676 -2.74181366E-06
  7.67361069 -3.4570694E-06
  7.9061451 -4.35113907E-06
  8.13868046 -5.30481339E-06
  8.37121487 -6.55651093E-06
  8.60375023 -7.92741776E-06
  8.83628559 -9.95397568E-06
  9.06882191 -1.21593475E-05
  9.30135822 -1.48415565E-05
  9.53389549 -1.82390213E-05
  9.76643467 -2.21729279E-05
  9.99897385 -2.69412994E-05
  10.2315149 -3.27825546E-05
  10.464056 -3.98159027E-05
  10.6966 -4.82797623E-05
  10.9291458 -5.83529472E-05
  11.1616945 -7.04526901E-05
  11.3942461 -8.49962234E-05
  11.6268015 -0.00010228157
  11.8593616 -0.000122785568
  12.0919266 -0.000147223473
  12.3244982 -0.00017619133
  12.5570765 -0.000210344791
  12.7896633 -0.000250637531
  13.0222607 -0.000298023224
  13.2548695 -0.000353455544
  13.4874926 -0.000418424606
  13.7201328 -0.000494301319
  13.9527922 -0.000582396984
  14.1854734 -0.000684499741
  14.4181795 -0.000802516937
  14.6509161 -0.000938653946
  14.8836861 -0.00109487772
  15.1164951 -0.00127345324
  15.349349 -0.00147724152
  15.5822535 -0.00170850754
  15.8152151 -0.00197052956
  16.0482426 -0.00226563215
  16.2813435 -0.00259643793
  16.5145245 -0.00296634436
  16.7477989 -0.0033775568
  16.9811726 -0.00383192301
  17.2146606 -0.00433176756
  17.4482708 -0.00487834215
  17.6820126 -0.00547266006
  17.9159012 -0.00611400604
  18.1499462 -0.00680142641
  18.3841591 -0.00753211975
  18.6185474 -0.00830155611
  18.8531227 -0.00910419226
  19.0878906 -0.00993126631
  19.3228569 -0.0107719898
  19.5580235 -0.0116125941
  19.7933865 -0.0124361515
  20.0289421 -0.0132223964
  20.264677 -0.013946414
  20.500576 -0.014580369
  20.7366104 -0.0150918365
  20.9727497 -0.0154436827
  21.2089481 -0.0155953765
  21.4451561 -0.0155016184
  21.6813049 -0.0151152015
  21.9173183 -0.0143870711
  22.1531143 -0.0132668018
  22.388588 -0.0117078424
  22.6236343 -0.00966721773
  22.8581333 -0.00711196661
  23.0919704 -0.00402134657
  23.3250179 -0.000393569469
  23.5571651  0.00375008583
  23.7882996  0.00836074352
  24.0183372  0.013356328
  24.2472134  0.0186208487
  24.4748955  0.0240026712
  24.7013912  0.0293197632
  24.9267502  0.0343619585
  25.1510677  0.0389062166
  25.3744831  0.0427248478
  25.5971813  0.0456049442
  25.8193874  0.0473623276
  26.0413513  0.0478606224
  26.2633533  0.0470250845
  26.4856739  0.0448553562
  26.7085915  0.0414310694
  26.9323597  0.036913991
  27.1571999  0.0315431356
  27.3832722  0.0256226063
  27.6106777  0.0195060968
  27.8394299  0.0135729313
  28.0694599  0.00820207596
  28.3006153  0.00374412537
  28.5326557  0.000489830971
  28.7652912 -0.00135850906
  28.9981823 -0.00171738863
  29.2309914 -0.000644087791
  29.4634075  0.00164687634
  29.6951981  0.00478184223
  29.9262295  0.0082449913
  30.156498  0.0114136934
  30.386158  0.0136188269
  30.6154995  0.0142216682
  30.844944  0.0127013922
  31.0750122  0.00874102116
  31.3062706  0.00230371952
  31.5392761 -0.00632143021
  31.7745018 -0.0165077448
  32.0122528 -0.0273230672
  32.2525978 -0.0376124978
  32.4952965 -0.0461263657
  32.7397881 -0.0516847372
  32.9852104 -0.0533674955
  33.2305107 -0.0507016182
  33.4745827 -0.0438184738
  33.7164764 -0.0335306525
  33.9555702 -0.021273613
  34.1916771 -0.00888723135
  34.4250488  0.00174808502
  34.6563263  0.00914096832
  34.886364  0.0125674009
  35.1160469  0.0122721195
  35.3460884  0.00937855244
  35.5769081  0.00547456741
  35.8085823  0.00197303295
  36.0409393 -0.00047570467
  36.2737732 -0.00208562613
  36.5069237 -0.00320780277
  36.7401772 -0.00297492743
  36.9728889  0.00144004822
