  0.23076923E+00 -0.19153157E+00  0.00000000E+00  0.35421677E+01  0.82367283E+00  0.24282699E+01
  0.46153846E+00 -0.19153157E+00  0.00000000E+00  0.35421677E+01  0.82367283E+00  0.24282699E+01
  0.69230771E+00 -0.19153155E+00  0.00000000E+00  0.35421669E+01  0.82367271E+00  0.24282696E+01
  0.92307693E+00 -0.19153154E+00  0.00000000E+00  0.35421667E+01  0.82367265E+00  0.24282694E+01
  0.11538461E+01 -0.19153152E+00  0.00000000E+00  0.35421665E+01  0.82367259E+00  0.24282691E+01
  0.13846154E+01 -0.19153148E+00  0.00000000E+00  0.35421658E+01  0.82367241E+00  0.24282687E+01
  0.16153846E+01 -0.19153148E+00  0.00000000E+00  0.35421658E+01  0.82367241E+00  0.24282687E+01
  0.18461539E+01 -0.19153143E+00  0.00000000E+00  0.35421650E+01  0.82367224E+00  0.24282682E+01
  0.20769231E+01 -0.19153139E+00  0.00000000E+00  0.35421643E+01  0.82367206E+00  0.24282675E+01
  0.23076923E+01 -0.19153136E+00  0.00000000E+00  0.35421634E+01  0.82367188E+00  0.24282672E+01
  0.25384614E+01 -0.19153133E+00  0.00000000E+00  0.35421629E+01  0.82367176E+00  0.24282668E+01
  0.27692308E+01 -0.19153130E+00  0.00000000E+00  0.35421624E+01  0.82367164E+00  0.24282665E+01
  0.30000000E+01 -0.19153129E+00  0.00000000E+00  0.35421622E+01  0.82367158E+00  0.24282663E+01
  0.32307692E+01 -0.19153127E+00  0.00000000E+00  0.35421619E+01  0.82367152E+00  0.24282660E+01
  0.34615386E+01 -0.19153127E+00  0.00000000E+00  0.35421619E+01  0.82367152E+00  0.24282660E+01
  0.36923077E+01 -0.19153127E+00  0.00000000E+00  0.35421619E+01  0.82367152E+00  0.24282660E+01
  0.39230769E+01 -0.19153129E+00  0.00000000E+00  0.35421622E+01  0.82367158E+00  0.24282663E+01
  0.41538463E+01 -0.19153130E+00  0.00000000E+00  0.35421624E+01  0.82367164E+00  0.24282665E+01
  0.43846154E+01 -0.19153132E+00  0.00000000E+00  0.35421627E+01  0.82367170E+00  0.24282665E+01
  0.46153846E+01 -0.19153133E+00  0.00000000E+00  0.35421629E+01  0.82367176E+00  0.24282668E+01
  0.48461537E+01 -0.19153133E+00  0.00000000E+00  0.35421629E+01  0.82367176E+00  0.24282668E+01
  0.50769229E+01 -0.19153133E+00  0.00000000E+00  0.35421629E+01  0.82367176E+00  0.24282668E+01
  0.53076925E+01 -0.19153132E+00  0.00000000E+00  0.35421627E+01  0.82367170E+00  0.24282665E+01
  0.55384617E+01 -0.19153130E+00  0.00000000E+00  0.35421624E+01  0.82367164E+00  0.24282665E+01
  0.57692308E+01 -0.19153129E+00  0.00000000E+00  0.35421622E+01  0.82367158E+00  0.24282663E+01
  0.60000000E+01 -0.19153127E+00  0.00000000E+00  0.35421619E+01  0.82367152E+00  0.24282660E+01
  0.62307692E+01 -0.19153126E+00  0.00000000E+00  0.35421617E+01  0.82367146E+00  0.24282658E+01
  0.64615383E+01 -0.19153124E+00  0.00000000E+00  0.35421615E+01  0.82367140E+00  0.24282656E+01
  0.66923079E+01 -0.19153127E+00  0.00000000E+00  0.35421619E+01  0.82367152E+00  0.24282660E+01
  0.69230771E+01 -0.19153127E+00  0.00000000E+00  0.35421619E+01  0.82367152E+00  0.24282660E+01
  0.71538463E+01 -0.19153127E+00  0.00000000E+00  0.35421619E+01  0.82367152E+00  0.24282660E+01
  0.73846154E+01 -0.19153129E+00  0.00000000E+00  0.35421622E+01  0.82367158E+00  0.24282663E+01
  0.76153846E+01 -0.19153127E+00  0.00000000E+00  0.35421619E+01  0.82367152E+00  0.24282660E+01
  0.78461537E+01 -0.19153129E+00  0.00000000E+00  0.35421622E+01  0.82367158E+00  0.24282663E+01
  0.80769234E+01 -0.19153127E+00  0.00000000E+00  0.35421619E+01  0.82367152E+00  0.24282660E+01
  0.83076925E+01 -0.19153126E+00  0.00000000E+00  0.35421617E+01  0.82367146E+00  0.24282658E+01
  0.85384617E+01 -0.19153127E+00  0.00000000E+00  0.35421619E+01  0.82367152E+00  0.24282660E+01
  0.87692308E+01 -0.19153126E+00  0.00000000E+00  0.35421617E+01  0.82367146E+00  0.24282658E+01
  0.90000000E+01 -0.19153124E+00  0.00000000E+00  0.35421615E+01  0.82367140E+00  0.24282656E+01
  0.92307692E+01 -0.19153123E+00  0.00000000E+00  0.35421612E+01  0.82367134E+00  0.24282656E+01
  0.94615383E+01 -0.19153121E+00  0.00000000E+00  0.35421610E+01  0.82367128E+00  0.24282653E+01
  0.96923075E+01 -0.19153123E+00  0.00000000E+00  0.35421612E+01  0.82367134E+00  0.24282656E+01
  0.99230766E+01 -0.19153121E+00  0.00000000E+00  0.35421610E+01  0.82367128E+00  0.24282653E+01
  0.10153846E+02 -0.19153121E+00  0.00000000E+00  0.35421610E+01  0.82367128E+00  0.24282653E+01
  0.10384616E+02 -0.19153120E+00  0.00000000E+00  0.35421607E+01  0.82367122E+00  0.24282651E+01
  0.10615385E+02 -0.19153120E+00  0.00000000E+00  0.35421607E+01  0.82367122E+00  0.24282651E+01
  0.10846154E+02 -0.19153120E+00  0.00000000E+00  0.35421607E+01  0.82367122E+00  0.24282651E+01
  0.11076923E+02 -0.19153121E+00  0.00000000E+00  0.35421610E+01  0.82367128E+00  0.24282653E+01
  0.11307693E+02 -0.19153121E+00  0.00000000E+00  0.35421610E+01  0.82367128E+00  0.24282653E+01
  0.11538462E+02 -0.19153121E+00  0.00000000E+00  0.35421610E+01  0.82367128E+00  0.24282653E+01
  0.11769231E+02 -0.19153120E+00  0.00000000E+00  0.35421607E+01  0.82367122E+00  0.24282651E+01
  0.12000000E+02 -0.19153118E+00  0.00000000E+00  0.35421603E+01  0.82367116E+00  0.24282649E+01
  0.12230769E+02 -0.19153114E+00  0.00000000E+00  0.35421593E+01  0.82367092E+00  0.24282644E+01
  0.12461538E+02 -0.19153112E+00  0.00000000E+00  0.35421591E+01  0.82367086E+00  0.24282641E+01
  0.12692307E+02 -0.19153109E+00  0.00000000E+00  0.35421586E+01  0.82367074E+00  0.24282639E+01
  0.12923077E+02 -0.19153106E+00  0.00000000E+00  0.35421581E+01  0.82367063E+00  0.24282634E+01
  0.13153846E+02 -0.19153102E+00  0.00000000E+00  0.35421574E+01  0.82367045E+00  0.24282629E+01
  0.13384616E+02 -0.19153099E+00  0.00000000E+00  0.35421567E+01  0.82367033E+00  0.24282625E+01
  0.13615385E+02 -0.19153096E+00  0.00000000E+00  0.35421560E+01  0.82367015E+00  0.24282620E+01
  0.13846154E+02 -0.19153093E+00  0.00000000E+00  0.35421555E+01  0.82367003E+00  0.24282618E+01
  0.14076923E+02 -0.19153090E+00  0.00000000E+00  0.35421550E+01  0.82366991E+00  0.24282613E+01
  0.14307693E+02 -0.19153085E+00  0.00000000E+00  0.35421543E+01  0.82366973E+00  0.24282608E+01
  0.14538462E+02 -0.19153081E+00  0.00000000E+00  0.35421534E+01  0.82366955E+00  0.24282601E+01
  0.14769231E+02 -0.19153073E+00  0.00000000E+00  0.35421519E+01  0.82366920E+00  0.24282591E+01
  0.15000000E+02 -0.19153064E+00  0.00000000E+00  0.35421505E+01  0.82366884E+00  0.24282582E+01
  0.15230769E+02 -0.19153057E+00  0.00000000E+00  0.35421491E+01  0.82366854E+00  0.24282572E+01
  0.15461538E+02 -0.19153047E+00  0.00000000E+00  0.35421472E+01  0.82366806E+00  0.24282558E+01
  0.15692307E+02 -0.19153035E+00  0.00000000E+00  0.35421448E+01  0.82366753E+00  0.24282544E+01
  0.15923077E+02 -0.19153021E+00  0.00000000E+00  0.35421424E+01  0.82366699E+00  0.24282527E+01
  0.16153847E+02 -0.19153009E+00  0.00000000E+00  0.35421402E+01  0.82366645E+00  0.24282510E+01
  0.16384615E+02 -0.19152997E+00  0.00000000E+00  0.35421381E+01  0.82366598E+00  0.24282496E+01
  0.16615385E+02 -0.19152984E+00  0.00000000E+00  0.35421355E+01  0.82366538E+00  0.24282479E+01
  0.16846153E+02 -0.19152974E+00  0.00000000E+00  0.35421336E+01  0.82366490E+00  0.24282465E+01
  0.17076923E+02 -0.19152965E+00  0.00000000E+00  0.35421319E+01  0.82366455E+00  0.24282455E+01
  0.17307692E+02 -0.19152959E+00  0.00000000E+00  0.35421309E+01  0.82366431E+00  0.24282446E+01
  0.17538462E+02 -0.19152957E+00  0.00000000E+00  0.35421305E+01  0.82366419E+00  0.24282446E+01
  0.17769232E+02 -0.19152956E+00  0.00000000E+00  0.35421302E+01  0.82366413E+00  0.24282444E+01
  0.18000000E+02 -0.19152960E+00  0.00000000E+00  0.35421312E+01  0.82366437E+00  0.24282448E+01
  0.18230770E+02 -0.19152966E+00  0.00000000E+00  0.35421321E+01  0.82366461E+00  0.24282455E+01
  0.18461538E+02 -0.19152972E+00  0.00000000E+00  0.35421333E+01  0.82366484E+00  0.24282465E+01
  0.18692308E+02 -0.19152981E+00  0.00000000E+00  0.35421350E+01  0.82366526E+00  0.24282475E+01
  0.18923077E+02 -0.19152994E+00  0.00000000E+00  0.35421374E+01  0.82366580E+00  0.24282494E+01
  0.19153847E+02 -0.19153008E+00  0.00000000E+00  0.35421398E+01  0.82366639E+00  0.24282510E+01
  0.19384615E+02 -0.19153026E+00  0.00000000E+00  0.35421431E+01  0.82366717E+00  0.24282532E+01
  0.19615385E+02 -0.19153041E+00  0.00000000E+00  0.35421460E+01  0.82366782E+00  0.24282551E+01
  0.19846153E+02 -0.19153057E+00  0.00000000E+00  0.35421491E+01  0.82366854E+00  0.24282572E+01
  0.20076923E+02 -0.19153075E+00  0.00000000E+00  0.35421522E+01  0.82366925E+00  0.24282594E+01
  0.20307692E+02 -0.19153094E+00  0.00000000E+00  0.35421557E+01  0.82367009E+00  0.24282620E+01
  0.20538462E+02 -0.19153112E+00  0.00000000E+00  0.35421591E+01  0.82367086E+00  0.24282641E+01
  0.20769232E+02 -0.19153130E+00  0.00000000E+00  0.35421624E+01  0.82367164E+00  0.24282665E+01
  0.21000000E+02 -0.19153143E+00  0.00000000E+00  0.35421650E+01  0.82367224E+00  0.24282682E+01
  0.21230770E+02 -0.19153158E+00  0.00000000E+00  0.35421679E+01  0.82367289E+00  0.24282701E+01
  0.21461538E+02 -0.19153169E+00  0.00000000E+00  0.35421696E+01  0.82367331E+00  0.24282713E+01
  0.21692308E+02 -0.19153181E+00  0.00000000E+00  0.35421720E+01  0.82367384E+00  0.24282730E+01
  0.21923077E+02 -0.19153191E+00  0.00000000E+00  0.35421736E+01  0.82367426E+00  0.24282742E+01
  0.22153847E+02 -0.19153203E+00  0.00000000E+00  0.35421760E+01  0.82367480E+00  0.24282756E+01
  0.22384615E+02 -0.19153214E+00  0.00000000E+00  0.35421779E+01  0.82367522E+00  0.24282770E+01
  0.22615385E+02 -0.19153224E+00  0.00000000E+00  0.35421798E+01  0.82367569E+00  0.24282784E+01
  0.22846153E+02 -0.19153231E+00  0.00000000E+00  0.35421813E+01  0.82367599E+00  0.24282792E+01
  0.23076923E+02 -0.19153236E+00  0.00000000E+00  0.35421822E+01  0.82367623E+00  0.24282799E+01
  0.23307692E+02 -0.19153236E+00  0.00000000E+00  0.35421822E+01  0.82367623E+00  0.24282799E+01
  0.23538462E+02 -0.19153230E+00  0.00000000E+00  0.35421808E+01  0.82367593E+00  0.24282792E+01
  0.23769232E+02 -0.19153218E+00  0.00000000E+00  0.35421789E+01  0.82367545E+00  0.24282775E+01
  0.24000000E+02 -0.19153203E+00  0.00000000E+00  0.35421760E+01  0.82367480E+00  0.24282756E+01
  0.24230770E+02 -0.19153184E+00  0.00000000E+00  0.35421724E+01  0.82367396E+00  0.24282732E+01
  0.24461538E+02 -0.19153167E+00  0.00000000E+00  0.35421693E+01  0.82367325E+00  0.24282711E+01
  0.24692308E+02 -0.19153149E+00  0.00000000E+00  0.35421660E+01  0.82367247E+00  0.24282689E+01
  0.24923077E+02 -0.19153130E+00  0.00000000E+00  0.35421624E+01  0.82367164E+00  0.24282665E+01
  0.25153847E+02 -0.19153117E+00  0.00000000E+00  0.35421600E+01  0.82367110E+00  0.24282646E+01
  0.25384615E+02 -0.19153103E+00  0.00000000E+00  0.35421576E+01  0.82367051E+00  0.24282629E+01
  0.25615385E+02 -0.19153094E+00  0.00000000E+00  0.35421557E+01  0.82367009E+00  0.24282620E+01
  0.25846153E+02 -0.19153085E+00  0.00000000E+00  0.35421543E+01  0.82366973E+00  0.24282608E+01
  0.26076923E+02 -0.19153075E+00  0.00000000E+00  0.35421522E+01  0.82366925E+00  0.24282594E+01
  0.26307692E+02 -0.19153064E+00  0.00000000E+00  0.35421505E+01  0.82366884E+00  0.24282582E+01
  0.26538462E+02 -0.19153053E+00  0.00000000E+00  0.35421481E+01  0.82366830E+00  0.24282565E+01
  0.26769232E+02 -0.19153041E+00  0.00000000E+00  0.35421460E+01  0.82366782E+00  0.24282551E+01
  0.27000000E+02 -0.19153033E+00  0.00000000E+00  0.35421445E+01  0.82366747E+00  0.24282541E+01
  0.27230770E+02 -0.19153024E+00  0.00000000E+00  0.35421429E+01  0.82366711E+00  0.24282529E+01
  0.27461538E+02 -0.19153020E+00  0.00000000E+00  0.35421422E+01  0.82366693E+00  0.24282525E+01
  0.27692308E+02 -0.19153026E+00  0.00000000E+00  0.35421431E+01  0.82366717E+00  0.24282532E+01
  0.27923077E+02 -0.19153039E+00  0.00000000E+00  0.35421457E+01  0.82366776E+00  0.24282548E+01
  0.28153847E+02 -0.19153067E+00  0.00000000E+00  0.35421510E+01  0.82366896E+00  0.24282584E+01
  0.28384615E+02 -0.19153109E+00  0.00000000E+00  0.35421586E+01  0.82367074E+00  0.24282639E+01
  0.28615385E+02 -0.19153170E+00  0.00000000E+00  0.35421698E+01  0.82367337E+00  0.24282715E+01
  0.28846153E+02 -0.19153249E+00  0.00000000E+00  0.35421846E+01  0.82367676E+00  0.24282815E+01
  0.29076923E+02 -0.19153352E+00  0.00000000E+00  0.35422034E+01  0.82368118E+00  0.24282947E+01
  0.29307692E+02 -0.19153480E+00  0.00000000E+00  0.35422273E+01  0.82368672E+00  0.24283109E+01
  0.29538462E+02 -0.19153640E+00  0.00000000E+00  0.35422568E+01  0.82369357E+00  0.24283311E+01
  0.29769232E+02 -0.19153836E+00  0.00000000E+00  0.35422931E+01  0.82370204E+00  0.24283559E+01
  0.30000000E+02 -0.19154084E+00  0.00000000E+00  0.35423388E+01  0.82371265E+00  0.24283874E+01
