 -0.116267189  0.
  0.116266437  0.0410019644
  0.348800063  0.0820038319
  0.581333756  0.123005889
  0.81386745  0.164007798
  1.04640102  0.205009773
  1.2789346  0.24601166
  1.51146817  0.28701359
  1.74400175  0.328015566
  1.9765352  0.369017482
  2.20906878  0.410019428
  2.44160247  0.451021403
  2.67413592  0.492023289
  2.90666938  0.533025265
  3.13920307  0.574027181
  3.37173653  0.615029156
  3.60427022  0.656031013
  3.83680367  0.697032988
  4.06933737  0.738034904
  4.30187082  0.779023588
  4.53440428  0.819634616
  4.76693773  0.858750522
  4.99947166  0.894859433
  5.23200512  0.926481545
  5.46453857  0.95248419
  5.69707203  0.972289264
  5.92960596  0.985970378
  6.16213942  0.994240999
  6.39467287  0.998332381
  6.62720633  0.999762833
  6.85973978  0.999996901
  7.09227371  1.
  7.32480717  1.
  7.55734062  1.
  7.78987408  1.
  8.02240753  1.
  8.25494099  1.
  8.48747444  1.
  8.72000885  1.
  8.9525423  1.
  9.18507576  1.
  9.41760921  1.
  9.65014267  1.
  9.88267612  1.
  10.1152096  1.
  10.347743  1.
  10.5802765  1.
  10.8128109  1.
  11.0453444  1.
  11.2778778  1.
  11.5104113  1.
  11.7429447  1.
  11.9754782  1.
  12.2080116  1.
  12.4405451  1.
  12.6730785  1.
  12.9056129  1.
  13.1381464  1.
  13.3706799  1.
  13.6032133  1.
  13.8357468  1.
  14.0682802  1.
  14.3008137  1.
  14.5333471  1.
  14.7658806  1.
  14.998415  1.
  15.2309484  1.
  15.4634819  1.
  15.6960154  1.
  15.9285488  1.
  16.1610832  1.
  16.3936157  1.
  16.6261501  1.
  16.8586826  1.
  17.091217  1.
  17.3237495  1.
  17.556284  1.
  17.7888165  1.
  18.0213509  1.
  18.2538853  1.
  18.4864178  1.
  18.7189522  1.
  18.9514847  1.
  19.1840191  1.
  19.4165516  1.
  19.649086  1.
  19.8816185  1.
  20.1141529  1.
  20.3466873  1.
  20.5792198  1.
  20.8117542  1.
  21.0442867  1.
  21.2768211  1.
  21.5093536  1.
  21.741888  1.
  21.9744205  1.
  22.206955  1.
  22.4394894  1.
  22.6720219  1.
  22.9045563  1.
  23.1370888  1.
  23.3696232  1.
  23.6021557  1.
  23.8346901  1.
  24.0672226  1.
  24.299757  1.
  24.5322914  1.
  24.7648239  1.
  24.9973583  1.
  25.2298908  1.
  25.4624252  1.
  25.6949577  1.
  25.9274921  1.
  26.1600246  1.
  26.3925591  1.
  26.6250935  1.
  26.857626  1.
  27.0901604  1.
  27.3226929  0.99999994
  27.5552273  0.999999881
  27.7877598  0.999999881
  28.0202942  0.999999762
  28.2528267  0.999999702
  28.4853611  0.999999523
  28.7178955  0.999999285
  28.950428  0.999999046
  29.1829624  0.999998629
  29.4154968  0.999998212
  29.6480312  0.999997437
  29.8805637  0.999996543
  30.1131001  0.999995232
  30.3456326  0.999993384
  30.5781689  0.99999094
  30.8107033  0.999987602
  31.0432415  0.999983013
  31.2757797  0.999976993
  31.508316  0.999968648
  31.7408581  0.999957323
  31.9734001  0.999942005
  32.2059479  0.999921501
  32.4384995  0.999893963
  32.6710587  0.999856949
  32.9036255  0.999807477
  33.1362038  0.999741375
  33.3687973  0.999653518
  33.6014137  0.999537051
  33.834053  0.999383092
  34.0667305  0.999180198
  34.2994537  0.998913944
  34.5322418  0.998565733
  34.76511  0.998112321
  34.9980812  0.997524619
  35.2311935  0.99676615
  35.4644814  0.995792389
  35.6979942  0.994549215
  35.9318047  0.992971122
  36.1659851  0.990980685
  36.4006348  0.988487542
  36.6358757  0.985387802
  36.8718567  0.981565654
