 -0.116267152  0.
  0.116272159  0.041000966
  0.348811448  0.0820012465
  0.581352532  0.123000748
  0.813895881  0.163998187
  1.04644322  0.204995275
  1.27899325  0.245990112
  1.51154721  0.286982924
  1.74410558  0.327973872
  1.97666872  0.368961662
  2.20923758  0.409946561
  2.44181252  0.450927973
  2.67439413  0.491905808
  2.90698314  0.532879651
  3.13958049  0.573848665
  3.37218618  0.614813149
  3.60480165  0.655771971
  3.83742714  0.696724892
  4.07006359  0.737671912
  4.30271149  0.778598666
  4.53537178  0.81913811
  4.76804638  0.85816741
  5.00073814  0.894171238
  5.23345041  0.925665915
  5.46618891  0.951516449
  5.6989584  0.971143842
  5.93176651  0.984622657
  6.16461849  0.992669106
  6.39752054  0.996518791
  6.63047695  0.997694254
  6.86349249  0.997661769
  7.09657097  0.997379661
  7.32971525  0.997067571
  7.56293249  0.996727049
  7.79622984  0.996358037
  8.02961349  0.995959222
  8.26309013  0.995530963
  8.49666691  0.995073676
  8.7303524  0.994588912
  8.96415138  0.994077861
  9.19807053  0.993543386
  9.4321146  0.992989182
  9.66629028  0.992419839
  9.90059948  0.991841257
  10.135046  0.991261005
  10.3696289  0.990687609
  10.6043482  0.990131736
  10.8392  0.989605427
  11.0741768  0.989123404
  11.309267  0.988702118
  11.5444574  0.98835969
  11.7797298  0.988116324
  12.0150595  0.987995923
  12.2504187  0.988022625
  12.4857712  0.988223374
  12.721076  0.988626003
  12.9562855  0.989259481
  13.1913433  0.990152538
  13.4261894  0.9913342
  13.6607561  0.992829978
  13.894968  0.994662106
  14.1287498  0.996847332
  14.3620186  0.999394476
  14.5946932  1.00230217
  14.8266926  1.00555634
  15.0579414  1.00912774
  15.288372  1.01297045
  15.5179281  1.01701999
  15.7465696  1.02119339
  15.9742775  1.02538848
  16.2010536  1.02948689
  16.4269276  1.03335881
  16.6519547  1.03686595
  16.8762188  1.03986776
  17.0998383  1.04223228
  17.3229485  1.04384065
  17.5457172  1.04459572
  17.768322  1.04443038
  17.9909649  1.04331207
  18.2138462  1.04124808
  18.4371662  1.03828657
  18.6611252  1.03451526
  18.8859005  1.03005946
  19.1116486  1.02507555
  19.3384933  1.01974356
  19.5665245  1.01425958
  19.7957878  1.00882447
  20.026289  1.00363529
  20.2579803  0.99887538
  20.4907761  0.99470669
  20.7245464  0.991259992
  20.9591293  0.988629758
  21.1943378  0.986865461
  21.429966  0.985971987
  21.6658096  0.985900462
  21.9016666  0.986548722
  22.1373711  0.987764955
  22.3727875  0.989349604
  22.6078224  0.991065979
  22.842453  0.992654026
  23.0767059  0.993851364
  23.3106804  0.994412422
  23.5445194  0.994134724
  23.7784252  0.992882192
  24.0126247  0.990606844
  24.247364  0.987364054
  24.4828739  0.9833166
  24.7193527  0.978740096
  24.9569378  0.974002182
  25.1956768  0.969547689
  25.4355145  0.96586293
  25.6762657  0.96344012
  25.9176235  0.962729931
  26.1591587  0.964089513
  26.4003544  0.967730761
  26.6406422  0.973665237
  26.8794651  0.981665313
  27.1163425  0.991241097
  27.3509293  1.00165439
  27.5830803  1.01197326
  27.8128605  1.02116644
  28.040575  1.02823341
  28.2667236  1.03234482
  28.491972  1.03297472
  28.717083  1.03000367
  28.9428425  1.02376962
  29.1699772  1.01505506
  29.3990612  1.00500727
  29.6304379  0.994992375
  29.8641396  0.986398041
  30.0998821  0.980419576
  30.3370571  0.977854371
  30.5748577  0.978950858
  30.8123913  0.983339727
  31.0488644  0.990079999
  31.2837296  0.997814596
  31.5167713  1.00503027
  31.7481403  1.01036346
  31.9782887  1.01289284
  32.2078629  1.01234579
  32.437561  1.00916314
  32.6679802  1.00439155
  32.8995018  0.99940908
  33.1321716  0.995539546
  33.3657455  0.993666828
  33.599762  0.993979454
  33.8337059  0.995954335
  34.0671806  0.998602331
  34.3000374  1.00089061
  34.5323677  1.00215673
  34.7644005  1.00232375
  34.9963951  1.00179172
  35.2285156  1.00106263
  35.4608002  1.00035238
  35.6932526  0.999540031
  35.9258919  0.998619974
  36.1587486  0.998271048
  36.3916817  0.999529004
  36.6243248  1.00171471
  36.8564606  1.00000441
