 -0.116267078  0.
  0.116266474  0.0410019755
  0.348800004  0.0820038691
  0.581333578  0.123005867
  0.813867271  0.164007783
  1.0464009  0.205009758
  1.27893448  0.24601166
  1.51146805  0.287013531
  1.74400163  0.328015476
  1.9765352  0.369017422
  2.20906878  0.410019398
  2.44160271  0.451021403
  2.67413616  0.492023319
  2.90666938  0.533025265
  3.13920307  0.574027121
  3.37173653  0.615029097
  3.60427022  0.656031013
  3.83680367  0.697032928
  4.06933737  0.738034904
  4.30187082  0.779023647
  4.53440428  0.819634616
  4.76693773  0.858750463
  4.99947166  0.894859374
  5.23200512  0.926481605
  5.46453857  0.95248425
  5.69707203  0.972289264
  5.92960596  0.985970378
  6.16213942  0.994240999
  6.39467287  0.998332381
  6.62720633  0.999762833
  6.85973978  0.999996901
  7.09227371  1.
  7.32480717  1.
  7.55734062  1.
  7.78987408  1.
  8.02240753  1.
  8.25494099  1.
  8.48747444  1.
  8.72000885  1.
  8.9525423  1.
  9.18507576  1.
  9.41760921  1.
  9.65014267  1.
  9.88267612  1.
  10.1152096  1.
  10.347743  1.
  10.5802765  1.
  10.8128109  1.
  11.0453444  1.
  11.2778778  1.
  11.5104113  1.
  11.7429447  1.
  11.9754782  1.
  12.2080116  1.
  12.4405451  1.
  12.6730785  1.
  12.9056129  1.
  13.1381464  1.
  13.3706799  1.
  13.6032133  1.
  13.8357468  1.
  14.0682802  1.
  14.3008137  1.
  14.5333471  1.
  14.7658806  1.
  14.998415  1.
  15.2309484  1.
  15.4634819  1.
  15.6960154  1.
  15.9285488  1.
  16.1610832  1.
  16.3936157  1.
  16.6261501  1.
  16.8586826  1.
  17.091217  1.
  17.3237495  1.
  17.556284  1.
  17.7888165  1.
  18.0213509  1.
  18.2538853  1.
  18.4864178  1.
  18.7189522  1.
  18.9514847  1.
  19.1840191  1.
  19.4165516  1.
  19.649086  1.
  19.8816185  1.
  20.1141529  1.
  20.3466873  1.
  20.5792198  1.
  20.8117542  1.
  21.0442867  1.
  21.2768211  1.
  21.5093536  1.
  21.741888  1.
  21.9744205  1.
  22.206955  1.
  22.4394894  1.
  22.6720219  1.
  22.9045563  0.99999994
  23.1370888  0.999999881
  23.3696232  0.999999881
  23.6021557  0.999999762
  23.8346901  0.999999702
  24.0672226  0.999999583
  24.299757  0.999999344
  24.5322914  0.999999225
  24.7648239  0.999998927
  24.9973602  0.99999851
  25.2298927  0.999998033
  25.4624271  0.999997377
  25.6949596  0.999996483
  25.927496  0.99999541
  26.1600285  0.999993801
  26.3925648  0.999991775
  26.6251011  0.999989152
  26.8576355  0.999985695
  27.0901737  0.999981165
  27.32271  0.999975383
  27.5552502  0.999967694
  27.7877903  0.99995774
  28.0203362  0.999944985
  28.2528801  0.999928296
  28.4854317  0.999906778
  28.7179871  0.999879062
  28.9505482  0.999843717
  29.1831188  0.999798417
  29.415699  0.999740601
  29.6482925  0.999667108
  29.8809032  0.999573946
  30.1135368  0.999456286
  30.3461952  0.999308288
  30.5788918  0.999123037
  30.8116283  0.998891771
  31.0444202  0.998604476
  31.2772789  0.998249233
  31.5102196  0.997812331
  31.7432632  0.997277856
  31.9764309  0.996627927
  32.2097511  0.995842218
  32.4432564  0.99489975
  32.6769791  0.993777037
  32.9109726  0.992451012
  33.1452751  0.990899324
  33.3799438  0.989103138
  33.6150398  0.987048864
  33.8506241  0.984732866
  34.0867615  0.982165754
  34.3235168  0.979380608
  34.5609474  0.976439536
  34.7990913  0.973445952
  35.0379677  0.970557809
  35.2775574  0.968001306
  35.5177765  0.96608758
  35.7584724  0.965226412
  35.999382  0.965931714
  36.2401199  0.968809903
  36.4801369  0.974515736
  36.71875  0.983655751
  36.9551468  0.996619999
