 -0.116267703  0.
  0.116266161  0.0410019197
  0.348800033  0.0820039287
  0.581333458  0.123005748
  0.81386739  0.164007932
  1.0464009  0.205009773
  1.27893436  0.24601166
  1.51146793  0.287013799
  1.74400139  0.328015596
  1.97653484  0.369017482
  2.20906854  0.410019368
  2.44160223  0.451021314
  2.67413568  0.492023319
  2.90666914  0.533025146
  3.13920307  0.574027181
  3.37173653  0.615029156
  3.60426998  0.656031191
  3.83680344  0.697032988
  4.06933737  0.738034904
  4.30187082  0.779023647
  4.53440428  0.819634616
  4.76693773  0.858750403
  4.99947166  0.894859552
  5.23200512  0.926481485
  5.46453857  0.95248419
  5.69707203  0.972289205
  5.92960596  0.985970318
  6.16213942  0.994240999
  6.39467287  0.998332381
  6.62720633  0.999762833
  6.85973978  0.999996901
  7.09227371  1.
  7.32480717  1.
  7.55734062  1.
  7.78987408  1.
  8.02240753  1.
  8.25494099  1.
  8.48747444  1.
  8.72000885  1.
  8.9525423  1.
  9.18507576  1.
  9.41760921  1.
  9.65014267  1.
  9.88267612  1.
  10.1152096  1.
  10.347743  1.
  10.5802765  1.
  10.8128109  1.
  11.0453444  1.
  11.2778778  1.
  11.5104113  1.
  11.7429447  1.
  11.9754782  1.
  12.2080116  1.
  12.4405451  1.
  12.6730785  1.
  12.9056129  1.
  13.1381464  1.
  13.3706799  1.
  13.6032133  1.
  13.8357468  1.
  14.0682802  1.
  14.3008137  1.
  14.5333471  1.
  14.7658806  1.
  14.998415  0.99999994
  15.2309484  0.99999994
  15.4634819  0.999999881
  15.6960154  0.999999821
  15.9285488  0.999999702
  16.1610832  0.999999642
  16.3936157  0.999999464
  16.6261501  0.999999344
  16.8586826  0.999999166
  17.091217  0.999998868
  17.3237514  0.99999851
  17.5562859  0.999998093
  17.7888184  0.999997556
  18.0213528  0.999996841
  18.2538891  0.999996066
  18.4864216  0.999994874
  18.7189579  0.999993622
  18.9514923  0.999991834
  19.1840286  0.99998951
  19.416563  0.999986768
  19.6490993  0.999983251
  19.8816376  0.999979019
  20.1141758  0.999973416
  20.3467159  0.999966681
  20.5792561  0.999958277
  20.8118  0.999947727
  21.0443459  0.999934733
  21.2768955  0.999918699
  21.5094471  0.999898672
  21.7420044  0.999874413
  21.9745655  0.999844313
  22.2071362  0.999807656
  22.4397163  0.999762893
  22.6723042  0.999708354
  22.9049053  0.999642372
  23.1375217  0.999562502
  23.3701572  0.9994663
  23.6028137  0.999350607
  23.8355007  0.999212325
  24.0682163  0.999047458
  24.300972  0.998851776
  24.5337734  0.998620033
  24.7666283  0.998347461
  24.9995461  0.998027623
  25.2325382  0.997654915
  25.46562  0.997221947
  25.698801  0.996722519
  25.9320984  0.996149182
  26.1655312  0.995495379
  26.3991165  0.994754195
  26.6328773  0.993920684
  26.8668327  0.992990255
  27.1010094  0.991960227
  27.3354263  0.990831137
  27.5701122  0.989606619
  27.8050861  0.988294125
  28.0403748  0.986907363
  28.2759933  0.985466123
  28.5119572  0.983999014
  28.7482719  0.982542694
  28.9849358  0.981145382
  29.2219391  0.979867041
  29.4592495  0.978781104
  29.696825  0.977974117
  29.9345951  0.977545917
  30.1724701  0.977608681
  30.4103298  0.978283465
  30.6480255  0.979694068
  30.8853779  0.981960356
  31.1221848  0.985184848
  31.3582153  0.989438117
  31.5932293  0.994740248
  31.8269939  1.00104082
  32.0592842  1.00819838
  32.2899284  1.01596701
  32.5188065  1.02398908
  32.7458916  1.03180373
  32.9712601  1.0388701
  33.1950912  1.04460907
  33.4176941  1.04846227
  33.6394806  1.04996371
  33.8609505  1.0488174
  34.0826569  1.04497313
  34.3051834  1.03869057
  34.5290565  1.03058052
  34.7546921  1.02160656
  34.9823036  1.01303399
  35.2118492  1.00630522
  35.4429245  1.00282133
  35.6748047  1.0036279
  35.9064941  1.00902903
  36.1369514  1.01821101
  36.3653259  1.0290221
  36.5912971  1.03810918
  36.8152962  1.04159808
