 -0.116268106  0.
  0.116265699  0.0410019383
  0.348799497  0.082003966
  0.581332862  0.123005807
  0.813866675  0.164007828
  1.04640031  0.205009744
  1.27893388  0.24601154
  1.51146758  0.287013531
  1.74400115  0.328015596
  1.97653472  0.369017482
  2.2090683  0.410019308
  2.44160199  0.451021403
  2.67413545  0.492023349
  2.9066689  0.533025146
  3.13920283  0.574026942
  3.37173629  0.615028977
  3.60426998  0.656031013
  3.83680344  0.697032869
  4.06933737  0.738034844
  4.30187082  0.779023468
  4.53440428  0.819634497
  4.76693773  0.858750284
  4.99947166  0.894859612
  5.23200512  0.926481545
  5.46453857  0.95248419
  5.69707203  0.972289264
  5.92960548  0.985970438
  6.16213942  0.994240999
  6.39467287  0.998332381
  6.62720633  0.999762833
  6.85973978  0.999996901
  7.09227371  1.
  7.32480717  1.
  7.55734062  1.
  7.78987408  1.
  8.02240753  1.
  8.25494099  1.
  8.48747444  1.
  8.72000885  1.
  8.9525423  1.
  9.18507576  1.
  9.41760921  1.
  9.65014267  1.
  9.88267612  1.
  10.1152096  1.
  10.347743  1.
  10.5802765  1.
  10.8128109  1.
  11.0453444  1.
  11.2778778  1.
  11.5104113  0.99999994
  11.7429447  0.999999881
  11.9754782  0.999999821
  12.2080116  0.999999762
  12.4405451  0.999999642
  12.6730785  0.999999523
  12.9056129  0.999999404
  13.1381474  0.999999166
  13.3706808  0.999998987
  13.6032143  0.999998689
  13.8357477  0.999998331
  14.0682821  0.999997795
  14.3008156  0.999997199
  14.53335  0.999996543
  14.7658844  0.999995649
  14.9984198  0.999994457
  15.2309542  0.999993145
  15.4634895  0.999991298
  15.6960249  0.999989092
  15.9285612  0.99998641
  16.1610985  0.999983132
  16.3936348  0.999979019
  16.6261749  0.999973953
  16.8587132  0.999967694
  17.0912552  0.999959826
  17.3237972  0.999950409
  17.5563431  0.999938726
  17.7888889  0.99992466
  18.0214405  0.999907553
  18.2539978  0.999886632
  18.486557  0.999861121
  18.7191219  0.999830604
  18.9516945  0.999793708
  19.1842766  0.999749362
  19.4168682  0.999696136
  19.6494732  0.999632418
  19.8820915  0.999556661
  20.1147289  0.99946636
  20.3473873  0.999359488
  20.5800686  0.999233544
  20.8127823  0.999085128
  21.0455265  0.9989115
  21.2783146  0.998708606
  21.5111485  0.998472571
  21.7440376  0.998199642
  21.9769897  0.997884691
  22.2100182  0.997523308
  22.4431286  0.997110724
  22.6763363  0.996642232
  22.9096527  0.996112645
  23.1430931  0.99551791
  23.3766747  0.994854391
  23.6104107  0.99411875
  23.8443203  0.993309319
  24.0784187  0.99242574
  24.312727  0.991470039
  24.5472622  0.990445971
  24.7820377  0.989361942
  25.0170727  0.988228321
  25.2523746  0.987061501
  25.487957  0.985882103
  25.7238197  0.984717488
  25.9599628  0.983601332
  26.196373  0.982575059
  26.4330311  0.981687903
  26.6699028  0.980997503
  26.9069405  0.980569959
  27.144083  0.980479181
  27.3812447  0.980804563
  27.61833  0.981630862
  27.8552132  0.983041763
  28.0917587  0.985116899
  28.3278046  0.987923741
  28.5631809  0.99150908
  28.7977066  0.99588865
  29.0312004  1.00103533
  29.2634945  1.00686932
  29.4944401  1.01324928
  29.7239342  1.01996613
  29.9519138  1.02674508
  30.1783924  1.03325391
  30.4034405  1.03912222
  30.6272202  1.04396474
  30.8499603  1.04741871
  31.0719662  1.04917908
  31.293602  1.0490396
  31.5152645  1.04692805
  31.7373753  1.04293633
  31.9603348  1.0373354
  32.1844978  1.03057837
  32.4101334  1.02327991
  32.6373749  1.01618016
  32.8662071  1.01007938
  33.0964203  1.00575435
  33.3276215  1.00385165
  33.5592651  1.00477099
  33.7906952  1.0085454
  34.0212593  1.01474786
  34.250412  1.02245712
  34.4778404  1.03031027
  34.7035294  1.03666615
  34.9278374  1.03987586
  35.1514587  1.03862989
  35.3753433  1.03232503
  35.6005936  1.0213598
  35.8282623  1.00725627
  36.059124  0.992434978
  36.2934303  0.979477882
  36.5308342  0.969810963
  36.7706032  0.962052763
