 -0.116270028  0.
  0.116264284  0.0410018489
  0.348798603  0.0820037499
  0.581332564  0.123005733
  0.813866496  0.164007649
  1.04640043  0.205009833
  1.27893388  0.2460116
  1.51146746  0.287013382
  1.74400127  0.328015566
  1.97653484  0.369017482
  2.20906854  0.410019308
  2.44160223  0.451021314
  2.67413568  0.492023349
  2.90666914  0.533025205
  3.13920283  0.574026942
  3.37173629  0.615029037
  3.60427022  0.656031191
  3.83680344  0.697033048
  4.06933737  0.738034964
  4.30187082  0.779023647
  4.53440428  0.819634616
  4.76693773  0.858750284
  4.99947166  0.894859552
  5.23200512  0.926481545
  5.46453857  0.952484071
  5.69707155  0.972289085
  5.92960548  0.985970259
  6.16213942  0.99424088
  6.39467287  0.998332381
  6.62720633  0.999762833
  6.85973978  0.99999702
  7.09227371  1.
  7.32480717  1.
  7.55734062  1.
  7.78987408  0.99999994
  8.02240753  0.999999881
  8.25494099  0.999999821
  8.48747444  0.999999821
  8.72000885  0.999999702
  8.9525423  0.999999583
  9.18507576  0.999999523
  9.41761017  0.999999344
  9.65014362  0.999999166
  9.88267708  0.999998868
  10.1152105  0.99999851
  10.3477449  0.999998271
  10.5802784  0.999997735
  10.8128138  0.999997139
  11.0453472  0.999996483
  11.2778816  0.999995589
  11.510416  0.999994457
  11.7429514  0.999993086
  11.9754858  0.999991417
  12.2080212  0.99998939
  12.4405575  0.999986887
  12.6730938  0.999983907
  12.905632  0.999980211
  13.1381702  0.999975502
  13.3707094  0.9999699
  13.6032495  0.999963164
  13.8357916  0.999954998
  14.0683355  0.999944985
  14.3008823  0.999932945
  14.5334311  0.999918401
  14.7659836  0.999900937
  14.9985409  0.999879897
  15.231102  0.999854684
  15.4636698  0.999824584
  15.6962442  0.999788582
  15.9288263  0.999745905
  16.1614208  0.99969548
  16.3940239  0.999635458
  16.6266422  0.999564946
  16.8592758  0.999481976
  17.0919304  0.999384642
  17.3246078  0.999271035
  17.5573101  0.999138594
  17.7900448  0.998984873
  18.0228157  0.998807132
  18.2556267  0.998602152
  18.4884853  0.998367131
  18.7213993  0.998098314
  18.9543743  0.997792363
  19.1874237  0.997446001
  19.4205513  0.997055054
  19.6537724  0.996616244
  19.8870945  0.996126473
  20.120533  0.995582938
  20.3540993  0.994982898
  20.5878048  0.994325221
  20.8216667  0.99360913
  21.0556946  0.992835641
  21.2899075  0.992007017
  21.524313  0.99112761
  21.7589283  0.990204394
  21.993763  0.989246964
  22.2288246  0.988267958
  22.464119  0.987284362
  22.699646  0.986317337
  22.9354057  0.985391974
  23.1713867  0.984539449
  23.4075718  0.983796179
  23.6439342  0.983204186
  23.8804417  0.982810974
  24.1170406  0.982670367
  24.3536758  0.982840061
  24.590271  0.983381629
  24.8267326  0.98435849
  25.0629616  0.985832572
  25.2988358  0.987860322
  25.5342274  0.990489483
  25.7689934  0.993750811
  26.0029907  0.997653306
  26.2360687  1.00217557
  26.4680996  1.0072602
  26.6989574  1.01280582
  26.9285507  1.01866591
  27.1568241  1.02464771
  27.3837624  1.03051519
  27.6094112  1.03600192
  27.8338623  1.0408231
  28.0572777  1.04469645
  28.2798615  1.04736555
  28.5018787  1.04862332
  28.7236309  1.04833806
  28.9454422  1.04646981
  29.1676502  1.04308891
  29.3905773  1.03838158
  29.6145172  1.03264594
  29.8396969  1.02628183
  30.0662766  1.01976478
  30.2943039  1.01361597
  30.5237141  1.00835669
  30.7543182  1.0044626
  30.9858208  1.00230682
  31.2178192  1.00210619
  31.4498634  1.00386858
  31.6815014  1.00735354
  31.9123363  1.0120573
  32.1421013  1.01722968
  32.3706932  1.02193284
  32.5982361  1.02514875
  32.8250694  1.02591741
  33.0517273  1.02349949
  33.2789192  1.01753259
  33.5074501  1.00815737
  33.738102  0.996083617
  33.9715462  0.982567847
  34.2082062  0.969283521
  34.4481087  0.958071589
  34.6908188  0.950591326
  34.9354401  0.947930515
  35.180748  0.950267792
  35.4254494  0.956729174
  35.668499  0.965571046
  35.9093246  0.974745274
  36.1478844  0.982720196
  36.3845062  0.989180684
  36.6195831  0.994932353
  36.8532982  1.00015163
