 -0.116266012  0.
  0.116267011  0.0410020798
  0.348800033  0.0820039436
  0.581333399  0.12300577
  0.813867271  0.164007857
  1.0464009  0.205010027
  1.27893412  0.246011689
  1.5114677  0.28701365
  1.74400127  0.328015447
  1.97653496  0.369017631
  2.20906854  0.410019487
  2.44160199  0.451021433
  2.67413545  0.492023438
  2.9066689  0.533025205
  3.13920259  0.574026883
  3.37173629  0.615028918
  3.60426998  0.656031072
  3.83680344  0.697032869
  4.06933737  0.738034785
  4.30187082  0.779023468
  4.53440428  0.819634497
  4.76693773  0.858750105
  4.99947166  0.894859314
  5.23200512  0.926481187
  5.46453857  0.952483892
  5.69707203  0.972288787
  5.92960596  0.985969901
  6.16213989  0.994240046
  6.39467382  0.998331428
  6.62720728  0.999761403
  6.85974121  0.999995232
  7.09227562  0.999997735
  7.32480955  0.999997258
  7.55734348  0.999996543
  7.78987789  0.999995649
  8.0224123  0.999994695
  8.25494671  0.999993443
  8.48748207  0.999992073
  8.72001839  0.999990046
  8.95255375  0.999987841
  9.18509007  0.999985158
  9.41762733  0.999981761
  9.65016556  0.999977827
  9.88270378  0.999973059
  10.1152439  0.999967217
  10.347784  0.999960184
  10.580327  0.99995172
  10.8128729  0.999941647
  11.0454197  0.999929547
  11.2779694  0.999915004
  11.5105228  0.999897718
  11.7430801  0.999877214
  11.9756422  0.999852777
  12.20821  0.999823809
  12.4407845  0.999789655
  12.6733665  0.999749362
  12.9059601  0.999701977
  13.1385622  0.999646544
  13.3711777  0.999581575
  13.6038094  0.999505699
  13.8364573  0.999417603
  14.0691261  0.9993155
  14.3018188  0.999197483
  14.5345392  0.999061346
  14.7672911  0.998905122
  15.0000801  0.998726547
  15.2329102  0.998522758
  15.4657879  0.998291492
  15.698719  0.99802947
  15.9317122  0.997734368
  16.1647739  0.997403562
  16.397913  0.997033656
  16.6311378  0.996622443
  16.86446  0.996168077
  17.0978889  0.995668232
  17.3314323  0.995121658
  17.5651073  0.99452734
  17.7989178  0.993885994
  18.0328827  0.993198574
  18.2670097  0.99246788
  18.5013065  0.991698444
  18.7357883  0.990895808
  18.9704571  0.990068734
  19.2053242  0.98922801
  19.4403896  0.988387406
  19.6756554  0.987563848
  19.9111156  0.986777604
  20.1467667  0.986053586
  20.3825893  0.985419631
  20.6185627  0.984908164
  20.85466  0.984556317
  21.0908413  0.984404624
  21.3270588  0.984498382
  21.5632534  0.984884799
  21.7993565  0.985612929
  22.0352821  0.986733198
  22.2709427  0.988292158
  22.5062332  0.990332782
  22.7410355  0.992888033
  22.975235  0.995978653
  23.2087059  0.999606431
  23.4413319  1.00375009
  23.6729965  1.00836074
  23.9036026  1.01335633
  24.13307  1.01862085
  24.3613529  1.02400267
  24.588438  1.02931976
  24.8143463  1.03436196
  25.039156  1.03890622
  25.2629795  1.04272485
  25.4859867  1.04560494
  25.7083778  1.04736233
  25.930397  1.04786062
  26.1523075  1.04702508
  26.3743992  1.04485536
  26.5969505  1.04143107
  26.8202324  1.03691399
  27.0444889  1.03154314
  27.2699108  1.02562261
  27.4966354  1.0195061
  27.7247181  1.01357293
  27.9541397  1.00820208
  28.1847801  1.00374413
  28.4164467  1.00048983
  28.6488686  0.998641491
  28.8817158  0.998282611
  29.1146507  0.999355912
  29.3473339  1.00164688
  29.5794849  1.00478184
  29.8109112  1.00824499
  30.041544  1.01141369
  30.271452  1.01361883
  30.5008621  1.01422167
  30.730135  1.01270139
  30.959753  1.00874102
  31.1902714  1.00230372
  31.4222698  0.99367857
  31.6562843  0.983492255
  31.8927193  0.972676933
  32.1317863  0.962387502
  32.3734055  0.953873634
  32.6171837  0.948315263
  32.8623924  0.946632504
  33.108036  0.949298382
  33.3529854  0.956181526
  33.59618  0.966469347
  33.8367805  0.978726387
  34.0743675  0.991112769
  34.3089828  1.00174809
  34.5411148  1.00914097
  34.7715416  1.0125674
  35.0011864  1.01227212
  35.2309036  1.00937855
  35.461277  1.00547457
  35.692543  1.00197303
  35.9246178  0.999524295
  36.1572647  0.997914374
  36.3902817  0.996792197
  36.6235619  0.997025073
  36.8567886  1.00144005
