 -0.116266586  0.
  0.11626713  0.0410019569
  0.348800838  0.0820040628
  0.581333876  0.123005874
  0.813867569  0.164008096
  1.04640079  0.205009818
  1.27893436  0.246011779
  1.51146793  0.28701371
  1.74400139  0.328015268
  1.97653508  0.369017452
  2.20906878  0.410019249
  2.44160247  0.451020837
  2.6741364  0.492022872
  2.90666986  0.533024609
  3.13920403  0.574026167
  3.37173796  0.615027845
  3.60427213  0.656029582
  3.83680606  0.697030842
  4.06934023  0.738032222
  4.30187511  0.77902025
  4.53440952  0.819630504
  4.76694393  0.858745158
  4.99947929  0.894852996
  5.23201418  0.9264732
  5.46455002  0.952474177
  5.69708586  0.972276568
  5.92962265  0.985954881
  6.16215992  0.994221747
  6.39469767  0.998308837
  6.62723684  0.999734044
  6.85977697  0.99996233
  7.09231901  0.999958336
  7.324862  0.999949932
  7.55740738  0.999939978
  7.78995466  0.999927938
  8.02250481  0.999913812
  8.25505829  0.999897003
  8.48761559  0.999877274
  8.7201786  0.999854088
  8.95274639  0.99982661
  9.1853199  0.999794483
  9.41790104  0.999756873
  9.65049171  0.999713004
  9.88309097  0.999661922
  10.1157036  0.999602437
  10.3483295  0.999533474
  10.5809717  0.999453843
  10.813633  0.999362528
  11.0463152  0.999257147
  11.2790213  0.999136448
  11.5117559  0.998998761
  11.7445221  0.99884218
  11.9773254  0.998664439
  12.2101698  0.998463631
  12.4430609  0.998237312
  12.6760054  0.997983396
  12.909009  0.997699678
  13.1420794  0.99738431
  13.3752222  0.99703455
  13.6084471  0.996648967
  13.8417625  0.996225655
  14.0751772  0.995763779
  14.3086996  0.995262206
  14.5423403  0.994720936
  14.7761078  0.994140506
  15.0100126  0.993522942
  15.2440624  0.992870331
  15.4782648  0.992187321
  15.7126293  0.991479099
  15.9471617  0.990752995
  16.1818657  0.990018666
  16.4167423  0.989287734
  16.6517963  0.988573909
  16.8870163  0.987894595
  17.1224003  0.987269402
  17.3579311  0.986721098
  17.5935936  0.986276209
  17.8293629  0.985964298
  18.0652065  0.985817909
  18.3010864  0.985873103
  18.5369511  0.98616761
  18.772747  0.986741722
  19.0084038  0.987636268
  19.2438488  0.988890231
  19.4789944  0.990541756
  19.7137489  0.992621899
  19.9480095  0.995153904
  20.1816769  0.998149991
  20.4146423  1.00160623
  20.6468029  1.00549889
  20.8780651  1.00978243
  21.108345  1.01438403
  21.3375816  1.01920509
  21.565733  1.0241183
  21.7927914  1.02897096
  22.0187759  1.03359139
  22.2437534  1.03779411
  22.4678192  1.04139042
  22.6911087  1.04419982
  22.9138012  1.04606414
  23.1360931  1.04685688
  23.3582211  1.04649794
  23.5804214  1.04496062
  23.8029499  1.04227972
  24.0260506  1.03855181
  24.2499523  1.03393364
  24.4748554  1.02863717
  24.7009144  1.02291572
  24.9282398  1.01705348
  25.1568737  1.01134682
  25.3867989  1.00608718
  25.6179237  1.00154114
  25.8501015  0.997932315
  26.0831146  0.995424628
  26.3167191  0.994101763
  26.5506325  0.99395895
  26.7845783  0.994888127
  27.0183067  0.996676505
  27.2516155  0.999012351
  27.4843788  1.0014981
  27.7165642  1.00368202
  27.948246  1.00509536
  28.1795998  1.00530291
  28.4109077  1.00395739
  28.6425247  1.00084865
  28.8748608  0.995951951
  29.1083393  0.989453018
  29.3433514  0.981756628
  29.5802059  0.973471761
  29.8190746  0.965370119
  30.0599518  0.95831877
  30.302597  0.953195691
  30.5465508  0.950788736
  30.7911186  0.951680839
  31.0354595  0.956138134
  31.2786598  0.964011252
  31.5198746  0.974677265
  31.7584496  0.987053752
  31.9940319  0.99970299
  32.226635  1.01103544
  32.4566307  1.01957619
  32.6846962  1.02424467
  32.9117317  1.02459085
  33.1386795  1.02092528
  33.3664474  1.01430106
  33.5957069  1.00632334
  33.8267784  0.998799801
  34.0595894  0.993299723
  34.2936897  0.990733504
  34.5284004  0.991113782
  34.7630196  0.99360919
  34.9970474  0.99690944
  35.2303047  0.999780595
  35.4628868  1.00156212
  35.6950569  1.0023284
  35.9270515  1.00253773
  36.1589966  1.00233257
  36.3909874  1.00115979
  36.6232529  0.998774171
  36.8560715  0.998329282
