  0.  0.
  0.232533559  0.0410019755
  0.465067118  0.0820038915
  0.697600663  0.123005927
  0.930134237  0.164007843
  1.16266775  0.205009758
  1.39520133  0.246011674
  1.6277349  0.28701359
  1.86026847  0.328015566
  2.09280205  0.369017482
  2.3253355  0.410019398
  2.5578692  0.451021373
  2.79040265  0.492023289
  3.02293634  0.533025265
  3.2554698  0.574027181
  3.48800349  0.615029097
  3.72053695  0.656031013
  3.9530704  0.697032928
  4.1856041  0.738034904
  4.41813755  0.779023588
  4.65067101  0.819634557
  4.88320494  0.858750463
  5.11573839  0.894859493
  5.34827185  0.926481545
  5.5808053  0.95248419
  5.81333876  0.972289205
  6.04587269  0.985970378
  6.27840614  0.994240999
  6.5109396  0.998332381
  6.74347305  0.999762833
  6.97600698  0.99999702
  7.20854044  1.
  7.44107389  1.
  7.67360735  1.
  7.9061408  1.
  8.13867474  1.
  8.37120819  1.
  8.60374165  1.
  8.8362751  1.
  9.06880856  1.
  9.30134201  1.
  9.53387547  1.
  9.76640987  1.
  9.99894333  1.
  10.2314768  1.
  10.4640102  1.
  10.6965437  1.
  10.9290771  1.
  11.1616106  1.
  11.3941441  1.
  11.6266775  1.
  11.8592119  1.
  12.0917454  1.
  12.3242788  1.
  12.5568123  1.
  12.7893457  1.
  13.0218792  1.
  13.2544127  1.
  13.4869461  1.
  13.7194796  1.
  13.952014  1.
  14.1845474  1.
  14.4170809  1.
  14.6496143  1.
  14.8821478  1.
  15.1146812  1.
  15.3472147  1.
  15.5797482  1.
  15.8122816  1.
  16.0448151  1.
  16.2773495  1.
  16.509882  1.
  16.7424164  1.
  16.9749489  1.
  17.2074833  1.
  17.4400177  1.
  17.6725502  1.
  17.9050846  1.
  18.1376171  1.
  18.3701515  1.
  18.602684  1.
  18.8352184  1.
  19.0677509  1.
  19.3002853  1.
  19.5328197  1.
  19.7653522  1.
  19.9978867  1.
  20.2304192  1.
  20.4629536  1.
  20.6954861  1.
  20.9280205  1.
  21.160553  1.
  21.3930874  1.
  21.6256218  1.
  21.8581543  1.
  22.0906887  1.
  22.3232212  1.
  22.5557556  1.
  22.7882881  1.
  23.0208225  1.
  23.253355  1.
  23.4858894  1.
  23.7184238  1.
  23.9509563  1.
  24.1834908  1.
  24.4160233  1.
  24.6485577  1.
  24.8810902  1.
  25.1136246  1.
  25.3461571  1.
  25.5786915  1.
  25.8112259  1.
  26.0437584  1.
  26.2762928  1.
  26.5088253  1.
  26.7413597  1.
  26.9738922  1.
  27.2064266  1.
  27.4389591  1.
  27.6714935  1.
  27.9040279  1.
  28.1365604  1.
  28.3690948  1.
  28.6016273  1.
  28.8341618  1.
  29.0666943  1.
  29.2992287  1.
  29.5317612  1.
  29.7642956  1.
  29.99683  1.
  30.2293625  1.
  30.4618969  1.
  30.6944294  1.
  30.9269638  1.
  31.1594963  1.
  31.3920307  1.
  31.6245632  1.
  31.8570976  1.
  32.0896301  1.
  32.3221664  1.
  32.5546989  1.
  32.7872314  1.
  33.0197639  1.
  33.2523003  1.
  33.4848328  1.
  33.7173653  1.
  33.9498978  1.
  34.1824341  1.
  34.4149666  1.
  34.6474991  1.
  34.8800354  1.
  35.1125679  1.
  35.3451004  1.
  35.5776329  1.
  35.8101692  1.
  36.0427017  1.
  36.2752342  1.
  36.5077705  1.
  36.740303  1.
  36.9728355  1.
