  0.116266444  6.20762961E-08
  0.348800033  2.21070152E-07
  0.581333756 -9.78220882E-08
  0.81386739  7.6056379E-09
  1.04640102 -1.47331846E-07
  1.2789346 -1.11782077E-08
  1.51146817  2.84898505E-09
  1.74400175 -1.04848894E-08
  1.9765352 -1.31401929E-08
  2.20906878 -2.98328118E-08
  2.44160247 -2.83290493E-08
  2.67413592  4.2120881E-08
  2.90666938 -1.0734075E-08
  3.13920307 -8.47746207E-10
  3.37173653 -3.58339669E-08
  3.60427022  1.248188E-09
  3.83680367 -1.67614687E-08
  4.06933737  1.45304657E-09
  4.30187082 -8.68954508E-09
  4.53440428 -3.89853625E-08
  4.76693773 -2.83206596E-08
  4.99947166  7.25542293E-08
  5.23200512  1.79588682E-08
  5.46453857  9.80387238E-09
  5.69707203 -5.56378676E-09
  5.92960596  3.0487366E-09
  6.16213942  7.28772909E-09
  6.39467287  1.01220889E-08
  6.62720633  1.33694069E-08
  6.85973978  1.83477642E-08
  7.09227371 -1.55741695E-08
  7.32480717 -1.04388587E-08
  7.55734062 -6.99675429E-09
  7.78987408 -4.68965311E-09
  8.02240753 -3.14330095E-09
  8.25494099 -2.10683382E-09
  8.48747444 -1.4121313E-09
  8.72000885 -9.4649899E-10
  8.9525423 -6.34402419E-10
  9.18507576 -4.25216334E-10
  9.41760921 -2.85006463E-10
  9.65014267 -1.91029054E-10
  9.88267612 -1.28039551E-10
  10.1152096 -8.58198859E-11
  10.347743 -5.75220219E-11
  10.5802765 -3.85548156E-11
  10.8128109 -2.58417766E-11
  11.0453444 -1.73207872E-11
  11.2778778 -1.16094859E-11
  11.5104113 -7.78140052E-12
  11.7429447 -5.21557277E-12
  11.9754782 -3.49579502E-12
  12.2080116 -2.34311182E-12
  12.4405451 -1.57049308E-12
  12.6730785 -1.05263855E-12
  12.9056129 -7.05542341E-13
  13.1381464 -4.72893588E-13
  13.3706799 -3.1695672E-13
  13.6032133 -2.12434711E-13
  13.8357468 -1.42372306E-13
  14.0682802 -9.54053121E-14
  14.3008137 -6.39145041E-14
  14.5333471 -4.27915861E-14
  14.7658806 -2.86100116E-14
  14.998415 -1.90695628E-14
  15.2309484 -1.2622474E-14
  15.4634819 -8.22294588E-15
  15.6960154 -5.15726132E-15
  15.9285488 -2.92819946E-15
  16.1610832 -1.17412298E-15
  16.3936157  3.89481578E-16
  16.6261501  2.0162641E-15
  16.8586826  3.97011754E-15
  17.091217  6.56798326E-15
  17.3237495  1.02312762E-14
  17.556284  1.55542591E-14
  17.7888165  2.34003728E-14
  18.0213509  3.50423832E-14
  18.2538853  5.2368842E-14
  18.4864178  7.81902483E-14
  18.7189522  1.16695512E-13
  18.9514847  1.74130418E-13
  19.1840191  2.59812002E-13
  19.4165516  3.87639356E-13
  19.649086  5.78347266E-13
  19.8816185  8.62873195E-13
  20.1141529  1.28736811E-12
  20.3466873  1.92069624E-12
  20.5792198  2.86559123E-12
  20.8117542  4.27532836E-12
  21.0442867  6.37858993E-12
  21.2768211  9.51655768E-12
  21.5093536  1.41982528E-11
  21.741888  2.1183149E-11
  21.9744205  3.1604247E-11
  22.206955  4.71520566E-11
  22.4394894  7.03486921E-11
  22.6720219  1.0495689E-10
  22.9045563  1.56590796E-10
  23.1370888  2.33626257E-10
  23.3696232  3.48559293E-10
  23.6021557  5.20034238E-10
  23.8346901  7.75866649E-10
  24.0672226  1.15755683E-09
  24.299757  1.72702008E-09
  24.5322914  2.57663402E-09
  24.7648239  3.8442165E-09
  24.9973583  5.73539483E-09
  25.2298908  8.55694093E-09
  25.4624252  1.27665523E-08
  25.6949577  1.90470946E-08
  25.9274921  2.84173787E-08
  26.1600246  4.23973852E-08
  26.3925591  6.32549302E-08
  26.6250935  9.43734122E-08
  26.857626  1.40800665E-07
  27.0901604  2.1006808E-07
  27.3226929  3.13412016E-07
  27.5552273  4.26015617E-07
  27.7877598  5.66146412E-07
  28.0202942  7.98114399E-07
  28.2528267  1.07638846E-06
  28.4853611  1.48768993E-06
  28.7178955  2.01557623E-06
  28.950428  2.70410396E-06
  29.1829643  3.6649642E-06
  29.4154968  4.92927848E-06
  29.6480312  6.70214376E-06
  29.8805656  9.02166448E-06
  30.1131001  1.21809999E-05
  30.3456345  1.64015546E-05
  30.5781727  2.19938756E-05
  30.8107071  2.94492838E-05
  31.0432472  3.93537885E-05
  31.2757874  5.24410643E-05
  31.5083275  6.98366421E-05
  31.7408733  9.27419242E-05
  31.9734211  0.000122794881
  32.2059746  0.000162088079
  32.4385338  0.000213382795
  32.6711044  0.000280102657
  32.9036903  0.000366475171
  33.1362877  0.000477849389
  33.3689079  0.0006207361
  33.6015587  0.000803213974
  33.8342476  0.0010350591
  34.0669823  0.00132793665
  34.2997818  0.00169557112
  34.5326729  0.00215397682
  34.765667  0.00272125425
  34.9987984  0.00341747748
  35.2321167  0.00426414143
  35.4656639  0.00528288726
  35.699501  0.00649391767
  35.933712  0.00791322161
  36.1683884  0.00954803545
  36.4036446  0.0113904681
  36.6396179  0.0134077007
  36.8764801  0.0155267334
  37.1144218  0.0176116321
