  0.116266176 -1.70206E-08
  0.348799974 -1.53357234E-07
  0.581333458  3.24272122E-07
  0.813867331 -5.30464774E-07
  1.0464009  1.838591E-07
  1.27893436 -9.90840476E-09
  1.51146793 -4.41149041E-07
  1.74400139  2.02372505E-07
  1.97653484  1.58929211E-07
  2.20906854  7.23686355E-08
  2.44160223 -2.00475512E-08
  2.67413568 -8.2010601E-08
  2.90666914  9.23199117E-09
  3.13920307 -6.14144113E-08
  3.37173653 -1.04661048E-07
  3.60426998 -1.02857605E-07
  3.83680344  3.53150824E-08
  4.06933737  3.62939012E-08
  4.30187082  1.39387168E-10
  4.53440428  1.98975734E-08
  4.76693773  2.74492358E-08
  4.99947166  2.37192808E-08
  5.23200512  7.71249802E-08
  5.46453857  2.7531053E-08
  5.69707203  2.4347063E-08
  5.92960596  3.00011105E-09
  6.16213942 -2.14987121E-08
  6.39467287 -8.99301256E-09
  6.62720633  6.03749384E-10
  6.85973978  9.79810277E-09
  7.09227371 -2.13045759E-08
  7.32480717 -1.42794949E-08
  7.55734062 -9.5707291E-09
  7.78987408 -6.41448494E-09
  8.02240753 -4.29877245E-09
  8.25494099 -2.88038393E-09
  8.48747444 -1.92924032E-09
  8.72000885 -1.29104949E-09
  8.9525423 -8.62286409E-10
  9.18507576 -5.7339955E-10
  9.41760921 -3.77527232E-10
  9.65014267 -2.42895704E-10
  9.88267612 -1.47665477E-10
  10.1152096 -7.6389027E-11
  10.347743 -1.75039202E-11
  10.5802765  3.85416768E-11
  10.8128109  1.00839337E-10
  11.0453444  1.79494641E-10
  11.2778778  2.87267155E-10
  11.5104113  4.4163867E-10
  11.7429447  6.67650546E-10
  11.9754782  1.00196607E-09
  12.2080116  1.49881429E-09
  12.4405451  2.23879582E-09
  12.6730785  3.34194472E-09
  12.9056129  4.98720487E-09
  13.1381464  7.44147233E-09
  13.3706799  1.11028484E-08
  13.6032133  1.65653056E-08
  13.8357468  2.47148826E-08
  14.0682802  3.6873665E-08
  14.3008137  5.50138282E-08
  14.5333471  8.20781523E-08
  14.7658806  1.22456754E-07
  14.998415  1.82699722E-07
  15.2309484  2.30999618E-07
  15.4634819  3.1677078E-07
  15.6960154  4.12347106E-07
  15.9285488  5.33231855E-07
  16.1610832  6.57454962E-07
  16.3936157  8.46747639E-07
  16.6261501  1.04865615E-06
  16.8586826  1.33751485E-06
  17.0912189  1.71859585E-06
  17.3237514  2.17056322E-06
  17.5562859  2.72514626E-06
  17.7888184  3.43073611E-06
  18.0213547  4.3186169E-06
  18.2538891  5.40810652E-06
  18.4864235  6.83433746E-06
  18.7189598  8.53762504E-06
  18.9514942  1.07527057E-05
  19.1840305  1.34647134E-05
  19.4165668  1.67392918E-05
  19.6491051  2.08167512E-05
  19.8816433  2.5818008E-05
  20.1141834  3.205553E-05
  20.3467255  3.95849274E-05
  20.5792675  4.88378173E-05
  20.8118153  6.0151393E-05
  21.044363  7.38646995E-05
  21.2769165  9.04981498E-05
  21.5094738  0.000110631154
  21.7420387  0.000134745438
  21.9746075  0.000163804216
  22.2071877  0.000198450536
  22.4397793  0.00023973707
  22.6723804  0.000288715848
  22.9050007  0.000346526795
  23.1376362  0.000414582231
  23.3702965  0.00049426133
  23.6029835  0.000587131537
  23.8357029  0.000694713031
  24.0684605  0.00081876968
  24.3012657  0.000960978272
  24.5341244  0.00112303451
  24.7670441  0.0013062401
  25.000042  0.00151205075
  25.2331238  0.0017411618
  25.4663086  0.00199421821
  25.6996078  0.00227067689
  25.9330425  0.0025695744
  26.166626  0.00288848998
  26.4003868  0.0032237845
  26.6343403  0.00356977596
  26.8685074  0.00391911902
  27.1029186  0.00426185131
  27.3375893  0.00458501838
  27.5725498  0.0048727137
  27.8078136  0.00510553923
  28.0434055  0.00525991386
  28.2793331  0.00530836266
  28.5156078  0.00521913264
  28.7522278  0.00495695975
  28.9891739  0.00448272098
  29.2264271  0.00375519157
  29.4639359  0.00273279543
  29.7016411  0.00137680583
  29.9394493 -0.000344748318
  30.177248 -0.00245127897
  30.4148922 -0.00494209211
  30.6522102 -0.00778754102
  30.8889999 -0.01092014
  31.1250458 -0.0142255174
  31.3601151 -0.017537456
  31.5939693 -0.0206387136
  31.8263969 -0.0232705828
  32.0572166 -0.0251529049
  32.2863083 -0.026014857
  32.5136337 -0.0256302357
  32.7392464 -0.0238542706
  32.9633179 -0.0206519999
  33.1861115 -0.0161154829
  33.4080238 -0.0104691228
  33.6295242 -0.00406390056
  33.8511467  0.00263212016
  34.0734482  0.00904626958
  34.2969589  0.0145184631
  34.5221176  0.0183351822
  34.7491837  0.0198008791
  34.9781799  0.0183690339
  35.208828  0.0138439629
  35.4405098  0.00661963644
  35.6723366 -0.00215489883
  35.9032898 -0.0106527489
  36.1324539 -0.0168176349
  36.3592796 -0.0190995671
  36.583828 -0.0171511807
  36.8068619 -0.0121726859
  37.0297737 -0.00694622006
