  0.11626558 -1.18263138E-07
  0.348799437 -5.74011594E-08
  0.581332803  2.7877374E-07
  0.813866496 -3.49810506E-07
  1.04640031  6.92163695E-08
  1.27893388  4.73116472E-07
  1.51146758  7.01884488E-08
  1.74400127 -3.2794955E-07
  1.97653472  8.20932229E-08
  2.2090683  1.42973064E-07
  2.44160199 -1.33171525E-07
  2.67413545  1.25140867E-08
  2.9066689  1.71083698E-07
  3.13920283  1.68630365E-07
  3.37173629  2.72520246E-08
  3.60426998 -5.78124855E-08
  3.83680344  3.47180906E-09
  4.06933737  2.52219357E-09
  4.30187082  2.40423326E-08
  4.53440428 -4.45580639E-08
  4.76693773 -7.51645075E-08
  4.99947166 -1.3777796E-07
  5.23200512 -1.39222447E-08
  5.46453857 -1.48008423E-08
  5.69707203 -2.80397607E-08
  5.92960548 -6.7561059E-09
  6.16213942  3.0031579E-08
  6.39467287  2.52437662E-08
  6.62720633  2.34960531E-08
  6.85973978  2.51716159E-08
  7.09227371 -1.09382752E-08
  7.32480717 -7.23864213E-09
  7.55734062 -4.71319517E-09
  7.78987408 -2.9523155E-09
  8.02240753 -1.6703412E-09
  8.25494099 -6.59322263E-10
  8.48747444  2.44743004E-10
  8.72000885  1.1885094E-09
  8.9525423  2.32507191E-09
  9.18507576  3.83879151E-09
  9.41760921  5.97522831E-09
  9.65014267  9.08094044E-09
  9.88267612  1.36597125E-08
  10.1152096  2.04543049E-08
  10.347743  3.05668948E-08
  10.5802765  4.56379077E-08
  10.8128109  6.81120511E-08
  11.0453444  1.01635202E-07
  11.2778778  1.51645239E-07
  11.5104113  2.26254357E-07
  11.7429447  2.95985558E-07
  11.9754782  3.72149401E-07
  12.2080116  4.67101671E-07
  12.4405451  5.9624557E-07
  12.6730785  7.38949666E-07
  12.9056139  9.18361422E-07
  13.1381474  1.16358433E-06
  13.3706808  1.43124066E-06
  13.6032143  1.80632776E-06
  13.8357487  2.26652719E-06
  14.0682821  2.84490966E-06
  14.3008165  3.51056701E-06
  14.5333509  4.32989646E-06
  14.7658854  5.39422763E-06
  14.9984217  6.70990994E-06
  15.2309561  8.28245174E-06
  15.4634924  1.02837957E-05
  15.6960278  1.26644009E-05
  15.928565  1.55609923E-05
  16.1611042  1.91108429E-05
  16.3936405  2.34740437E-05
  16.6261806  2.87763487E-05
  16.8587227  3.52127026E-05
  17.0912666  4.29959255E-05
  17.3238106  5.22660011E-05
  17.5563583  6.3446234E-05
  17.7889099  7.6770928E-05
  18.0214653  9.27390211E-05
  18.2540264  0.000111821981
  18.4865932  0.000134455811
  18.7191677  0.000161113712
  18.9517479  0.000192631385
  19.1843433  0.000229678131
  19.4169464  0.000273074227
  19.6495686  0.000323674089
  19.882206  0.000382383645
  20.1148643  0.000450349267
  20.3475494  0.000528477482
  20.5802631  0.000617925718
  20.8130131  0.00071994547
  21.0458012  0.00083548465
  21.2786369  0.000965779764
  21.511528  0.00111167098
  21.7444839  0.00127385941
  21.9775124  0.00145309733
  22.2106247  0.00164939032
  22.4438343  0.00186246983
  22.6771507  0.00209153793
  22.910593  0.00233517308
  23.1441727  0.00259075593
  23.3779068  0.00285484199
  23.6118107  0.00312289735
  23.8459072  0.00338873896
  24.0802059  0.0036446508
  24.3147297  0.00388102559
  24.5494938  0.00408639573
  24.7845097  0.00424669124
  25.0197926  0.00434609503
  25.2553501  0.00436575338
  25.4911842  0.00428477209
  25.727293  0.0040796441
  25.963665  0.00372509309
  26.2002811  0.00319432165
  26.4371071  0.00246012537
  26.6741009  0.00149626355
  26.9111938  0.000279329106
  27.1483116 -0.00120822527
  27.3853531 -0.00297469716
  27.6222038 -0.00501534063
  27.8587246 -0.00730657857
  28.0947628 -0.00980195589
  28.3301468 -0.0124268802
  28.564703 -0.0150758214
  28.7982521 -0.0176121574
  29.0306282 -0.0198720545
  29.2616844 -0.0216740556
  29.4913101 -0.0228330698
  29.7194462 -0.0231784955
  29.9460869 -0.0225748308
  30.1713066 -0.0209408291
  30.3952408 -0.0182643477
  30.6181164 -0.0146103641
  30.8402157 -0.0101241162
  31.0618916 -0.00502609974
  31.2835331  0.000394516945
  31.5055447  0.00579041895
  31.7283306  0.0107688485
  31.9522457  0.0149098318
  32.1775742  0.017793281
  32.4044724  0.0190412253
  32.6329613  0.0183771793
  32.8628845  0.0157036278
  33.093895  0.0111820102
  33.325489  0.00529389456
  33.5570564 -0.00115376711
  33.7879524 -0.00710907811
  34.0176163 -0.0114518721
  34.2456627 -0.0132294018
  34.4720001 -0.0118741542
  34.6968575 -0.00732896058
  34.9208145 -5.00511414E-05
  35.1447372  0.00907610171
  35.3696632  0.0188380033
  35.5966682  0.0277956966
  35.8266449  0.0344137773
  36.0600815  0.037357796
  36.296875  0.0360174477
  36.5363808  0.0309866685
  36.7777672  0.0236998796
  37.0207672  0.0143994251
