  0.116267249 -9.79239303E-07
  0.348800123  2.5186003E-07
  0.581333518  3.46801926E-07
  0.81386739 -2.73298753E-07
  1.0464009 -7.18646788E-07
  1.27893424  5.58968395E-07
  1.51146781  6.1442833E-08
  1.74400115  8.07356244E-08
  1.97653496 -3.83836721E-07
  2.20906854 -1.6317582E-08
  2.44160199 -2.37243931E-08
  2.67413545  2.08133351E-08
  2.9066689  2.88961189E-07
  3.13920259  3.71939905E-07
  3.37173629  5.5609231E-08
  3.60426998 -9.18794854E-08
  3.83680367  9.06976041E-08
  4.06933737  1.41822156E-07
  4.30187082  1.69849969E-07
  4.53440428  2.10753655E-07
  4.76693773  3.34677367E-07
  4.99947166  3.20042318E-07
  5.2320056  4.67157321E-07
  5.46453905  5.22725145E-07
  5.69707251  7.04106014E-07
  5.92960644  8.81984136E-07
  6.16214037  1.19676179E-06
  6.39467382  1.375436E-06
  6.62720776  1.77836773E-06
  6.85974169  2.13294106E-06
  7.0922761  2.58461091E-06
  7.3248105  3.12290535E-06
  7.55734444  3.83514498E-06
  7.78987932  4.67054315E-06
  8.02241421  5.63989897E-06
  8.25494862  6.85886744E-06
  8.48748398  8.31727539E-06
  8.72002125  1.01685764E-05
  8.95255756  1.22557158E-05
  9.18509483  1.47925239E-05
  9.4176321  1.78578975E-05
  9.65017128  2.14502343E-05
  9.88271046  2.57780448E-05
  10.1152525  3.09614043E-05
  10.3477945  3.70927701E-05
  10.5803394  4.43354729E-05
  10.8128881  5.2866646E-05
  11.0454378  6.29481365E-05
  11.2779922  7.48020902E-05
  11.5105495  8.86473572E-05
  11.7431116  0.000104818566
  11.9756804  0.000123695034
  12.2082548  0.000145596889
  12.4408379  0.000170920088
  12.6734304  0.000200158975
  12.9060354  0.000233778439
  13.1386518  0.000272293313
  13.3712835  0.000316347345
  13.6039324  0.000366447435
  13.8366022  0.000423126767
  14.0692968  0.000487080979
  14.3020182  0.000558940694
  14.534771  0.000639301725
  14.767561  0.000728605373
  15.0003929  0.000827385986
  15.2332716  0.000936154451
  15.4662046  0.00105505669
  15.6991978  0.00118433277
  15.9322605  0.00132362905
  16.1653996  0.00147264544
  16.3986244  0.00163083698
  16.6319466  0.00179681554
  16.8653736  0.00196895562
  17.098917  0.00214537047
  17.3325882  0.00232327357
  17.5663986  0.00249925978
  17.8003559  0.00266892184
  18.0344772  0.00282731419
  18.2687683  0.0029683006
  18.5032368  0.00308479182
  18.737896  0.00316881994
  18.9727478  0.00321085216
  19.2077999  0.0032004884
  19.4430466  0.00312607735
  19.6784878  0.00297494326
  19.914114  0.0027334129
  20.1499119  0.00238698162
  20.3858604  0.0019211655
  20.6219292  0.00132127013
  20.8580837  0.00057333213
  21.0942707 -0.000334663026
  21.3304386 -0.00141200959
  21.566515 -0.00266311457
  21.8024216 -0.00408637151
  22.038063 -0.00567209907
  22.2733421 -0.00739952968
  22.5081463 -0.00923580304
  22.7423515 -0.0111331334
  22.9758453 -0.0130285108
  23.2085037 -0.0148432506
  23.4402161 -0.0164851882
  23.6708813 -0.0178522673
  23.900425 -0.018838115
  24.1287918 -0.0193400551
  24.3559704 -0.0192676298
  24.5819798 -0.0185520947
  24.8068848 -0.0171534568
  25.0308056 -0.0150688076
  25.2538929 -0.0123339212
  25.4763489 -0.00902559049
  25.6984081 -0.00525902584
  25.9203358 -0.00118460017
  26.1424046  0.00301843649
  26.3649006  0.00714868447
  26.5880947  0.0109917177
  26.8122253  0.0143298814
  27.0374966  0.0169551559
  27.2640476  0.0186843704
  27.491951  0.019376725
  27.7211952  0.0189538691
  27.951683  0.017418474
  28.1832352  0.0148693454
  28.415596  0.011510523
  28.6484566  0.00764781982
  28.8814774  0.0036723027
  29.1143265  2.65228264E-05
  29.3467102 -0.00284222024
  29.5784245 -0.00453779241
  29.8093681 -0.00477001257
  30.0395813 -0.00339708896
  30.2692451 -0.000450359366
  30.4986858  0.00386247737
  30.7283497  0.00917039253
  30.9587669  0.0149610005
  31.1905022  0.0206053704
  31.4240913  0.0253896248
  31.6599751  0.0285586584
  31.898407  0.0293898899
  32.1394005  0.0273098592
  32.3826408  0.0220503956
  32.6275101  0.0138159869
  32.8730965  0.00339643913
  33.1183052 -0.00785802118
  33.3620529 -0.0182567444
  33.6034241 -0.0261614341
  33.8418503 -0.0304186307
  34.0772285 -0.0306446161
  34.3098907 -0.0272516627
  34.5405464 -0.0212538876
  34.7700844 -0.0139825661
  34.9994278 -0.00681579346
  35.2293091 -0.00093412248
  35.4601212  0.00291995658
  35.691906  0.00462908065
  35.924427  0.00467011612
  36.1573982  0.00374479149
  36.3906174  0.00228453474
  36.6239471  0.000394891773
  36.8570175 -0.00126404501
  37.0889931 -2.9022638E-05
