  0.116267174 -2.14260353E-07
  0.34880054 -5.77310061E-07
  0.581333935  3.23089438E-07
  0.813867509 -9.69461553E-07
  1.04640079  4.84186216E-07
  1.27893448 -1.09373453E-07
  1.51146793  1.6239575E-07
  1.74400139  7.68625512E-07
  1.9765352  2.47442244E-09
  2.20906901  5.94331368E-07
  2.44160271  9.8288433E-07
  2.67413664  6.71823159E-07
  2.90667033  1.15203602E-06
  3.13920426  1.71243539E-06
  3.37173843  1.96922497E-06
  3.60427284  2.40154486E-06
  3.83680677  3.22700862E-06
  4.06934166  3.82600547E-06
  4.30187607  4.59292232E-06
  4.53441048  5.49041533E-06
  4.76694536  6.61224249E-06
  4.9994812  7.80519258E-06
  5.23201704  9.27057499E-06
  5.46455288  1.07877931E-05
  5.6970892  1.28977917E-05
  5.92962694  1.52666198E-05
  6.16216516  1.82295407E-05
  6.39470387  2.16964618E-05
  6.62724447  2.58749969E-05
  6.85978603  3.07526971E-05
  7.09232998  3.65457709E-05
  7.32487535  4.34031062E-05
  7.55742264  5.14391177E-05
  7.78997326  6.08768933E-05
  8.02252674  7.17927905E-05
  8.25508499  8.45025061E-05
  8.48764706  9.91979323E-05
  8.7202158  0.000116226984
  8.95279026  0.000135942028
  9.1853714  0.000158550392
  9.41796207  0.00018447914
  9.65056324  0.000214113839
  9.88317585  0.000247902732
  10.1158028  0.000286302471
  10.3484459  0.000329690229
  10.5811071  0.000378506695
  10.8137903  0.000433245586
  11.0464983  0.000494658307
  11.279233  0.000562923204
  11.512001  0.000638466037
  11.7448053  0.000721732504
  11.9776506  0.000813109044
  12.2105427  0.000912726042
  12.4434872  0.00102073583
  12.6764917  0.00113696489
  12.9095621  0.00126113475
  13.1427059  0.00139274402
  13.3759308  0.00153123611
  13.6092453  0.00167526433
  13.842659  0.00182341808
  14.0761795  0.00197365019
  14.3098173  0.00212368858
  14.543582  0.00227043382
  14.7774811  0.00241027586
  15.0115261  0.00253883819
  15.2457228  0.00265130191
  15.4800787  0.00274163368
  15.7146006  0.00280340062
  15.9492931  0.00282903155
  16.1841583  0.00281005958
  16.4191952  0.00273733959
  16.6543999  0.00260095624
  16.8897629  0.00238993182
  17.1252766  0.00209311582
  17.3609161  0.00169885729
  17.5966644  0.0011954119
  17.8324833  0.000571673445
  18.0683403 -0.00018234241
  18.304184 -0.00107482425
  18.5399551 -0.00211082469
  18.7755947 -0.00329155871
  19.0110226 -0.00461245747
  19.2461586 -0.00606167223
  19.4809055 -0.00761917839
  19.7151699 -0.00925385114
  19.948843 -0.01092357
  20.1818275 -0.0125742452
  20.4140186 -0.0141396932
  20.6453209 -0.0155435707
  20.8756523 -0.0167026408
  21.104948 -0.0175305065
  21.3331718 -0.0179439746
  21.5603046 -0.0178688541
  21.7863731 -0.0172472708
  22.0114307 -0.0160440654
  22.2355747 -0.0142512331
  22.4589386 -0.0118912822
  22.6816864 -0.0090184873
  22.9040241 -0.00571832433
  23.1261711 -0.00210361695
  23.3483734  0.0016883401
  23.5708733  0.00550186401
  23.7939205  0.00916882604
  24.0177422  0.0125165787
  24.2425385  0.0153762335
  24.4684734  0.0175921731
  24.6956577  0.0190337524
  24.9241486  0.0196062289
  25.1539307  0.0192629006
  25.3849335  0.0180151891
  25.6170082  0.015940275
  25.8499622  0.0131838787
  26.0835495  0.00995721854
  26.317503  0.00652792444
  26.5515461  0.00320064579
  26.7854195  0.000294074649
  27.0189209 -0.00189082185
  27.2519054 -0.00310320291
  27.4843235 -0.0031718628
  27.7162209 -0.00202967017
  27.9477558  0.000274661783
  28.1791763  0.00357383117
  28.4108219  0.00758951437
  28.6430817  0.0119468784
  28.8763695  0.0161915068
  29.1110802  0.0198138822
  29.3475342  0.0222801417
  29.5859413  0.0230764896
  29.8263302  0.0217732545
  30.068531  0.0181082301
  30.3121357  0.012078831
  30.5565262  0.00402464112
  30.8008976 -0.00533210486
  31.0443687 -0.0149281537
  31.2860718 -0.0235043094
  31.5252991 -0.029842522
  31.7616158 -0.0330311209
  31.9949226 -0.0326626413
  32.2254906 -0.0288952235
  32.453907 -0.0223735292
  32.6810074 -0.0140752746
  32.9077415 -0.0051573175
  33.1350327  0.00316794403
  33.3636513  0.00974867214
  33.5940628  0.0136536621
  33.8263321  0.0143988272
  34.0601349  0.0121730976
  34.2948456  0.00790307578
  34.5297241  0.00300632324
  34.7641449 -0.00111896498
  34.9977684 -0.00360099436
  35.2305946 -0.00431276392
  35.4628372 -0.00372223975
  35.6948051 -0.0025114154
  35.9267197 -0.00118392007
  36.1586876  9.51948314E-05
  36.3907967  0.00124975806
  36.6232796  0.00180095318
  36.856266  0.000977962627
  37.0889969 -1.86271976E-09
