  0.116264574  1.39492511E-06
  0.348799407  6.42853522E-08
  0.581333518  1.45939543E-06
  0.813867807  2.12343048E-06
  1.04640293  2.36027313E-06
  1.27893794  2.97206975E-06
  1.51147306  4.48462151E-06
  1.74400878  5.98199631E-06
  1.9765451  7.90259401E-06
  2.20908213  1.03323709E-05
  2.44161963  1.32583864E-05
  2.67415833  1.58850562E-05
  2.90669775  1.94897057E-05
  3.1392386  2.38886441E-05
  3.37178063  2.84950147E-05
  3.6043241  3.41525665E-05
  3.836869  4.0573068E-05
  4.06941605  4.74716435E-05
  4.30196524  5.51219091E-05
  4.53451633  6.37166304E-05
  4.76706982  7.35799549E-05
  4.99962711  8.44973983E-05
  5.23218775  9.70074398E-05
  5.46475267  0.000111140384
  5.69732332  0.000127692372
  5.92990208  0.000146743288
  6.16248846  0.000168904182
  6.39508533  0.000194599808
  6.62769318  0.000224174029
  6.86031437  0.000257775013
  7.09295082  0.000295718462
  7.32560396  0.000338309677
  7.5582757  0.000385817664
  7.79096937  0.000438690564
  8.02368832  0.000497295696
  8.25643539  0.000562016969
  8.48921394  0.000633078336
  8.72203064  0.000710739172
  8.95488739  0.000795422471
  9.18778896  0.000886877708
  9.42074299  0.000985215302
  9.65375328  0.00109029817
  9.88682747  0.00120177923
  10.1199713  0.00131906569
  10.3531923  0.00144132506
  10.5864973  0.00156751939
  10.8198967  0.00169625017
  11.0533943  0.00182585767
  11.2869997  0.00195386913
  11.5207205  0.00207780837
  11.7545652  0.00219467096
  11.9885406  0.00230053836
  12.2226543  0.00239131809
  12.4569111  0.00246210885
  12.6913157  0.00250730291
  12.9258728  0.00252079451
  13.1605806  0.00249561947
  13.3954401  0.00242430414
  13.6304474  0.00229869597
  13.8655939  0.00211017905
  14.1008701  0.00184927299
  14.3362579  0.00150667573
  14.5717392  0.00107293949
  14.8072844  0.00053893961
  15.0428629 -0.000103871651
  15.2784319 -0.000862568966
  15.5139456 -0.00174235844
  15.7493477 -0.0027453748
  15.9845753 -0.00386976986
  16.2195587 -0.00510879606
  16.4542179 -0.00644951453
  16.6884708 -0.00787066482
  16.9222279 -0.00934312958
  17.1553993 -0.0108281821
  17.3878899 -0.0122773889
  17.6196175 -0.0136330556
  17.8504982 -0.0148298275
  18.0804691 -0.0157973301
  18.309473 -0.0164635237
  18.5374794 -0.0167592131
  18.7644863 -0.0166238304
  18.9905128 -0.0160095356
  19.2156162 -0.0148870135
  19.4398804 -0.0132490154
  19.6634274 -0.0111126928
  19.8864021 -0.00852123648
  20.1089859 -0.00554291531
  20.331377 -0.00226893649
  20.5537853  0.00118957215
  20.7764378  0.00470600184
  20.9995537  0.00814315304
  21.2233448  0.0113594048
  21.4480019  0.0142137492
  21.6736927  0.0165751763
  21.9005394  0.018328879
  22.1286278  0.0193840694
  22.3579865  0.019682955
  22.5885925  0.0192064568
  22.8203754  0.0179797076
  23.0532017  0.0160750598
  23.2869072  0.0136119975
  23.5212803  0.0107536335
  23.7560978  0.00769916223
  23.9911213  0.0046725939
  24.2261333  0.00190843281
  24.4609375 -0.00036639598
  24.6953831 -0.00195364701
  24.9293919 -0.00270112697
  25.1629467 -0.00252248137
  25.3961163 -0.00140745519
  25.6290398  0.000570484903
  25.8619328  0.00325544784
  26.0950603  0.00641464768
  26.3287296  0.00974989869
  26.5632458  0.0129105868
  26.7988911  0.0155139482
  27.0359001  0.0171688236
  27.274395  0.0175077766
  27.514389  0.0162306707
  27.7557278  0.0131540066
  27.9980984  0.00826824456
  28.241024  0.00178892666
  28.4838924 -0.00581343845
  28.7260094 -0.0138213309
  28.9666729 -0.021338284
  29.205267 -0.0274138674
  29.4413357 -0.0312124752
  29.6746674 -0.0321757384
  29.9053249 -0.0301252007
  30.1336575 -0.0252794493
  30.3602562 -0.0181929637
  30.5858955 -0.00965910312
  30.8114471 -0.000616401434
  31.0377808  0.00792156719
  31.2656441  0.0149338851
  31.4955616  0.0194871575
  31.7277393  0.0208938364
  31.9620056  0.0189230107
  32.197834  0.0139859645
  32.434433  0.00716819335
  32.670929  1.23614445E-05
  32.9065552 -0.00591634167
  33.1408234 -0.00949262083
  33.3736191 -0.0103128348
  33.6051865 -0.00870045554
  33.8360214 -0.00550290104
  34.0667114 -0.00180434727
  34.2977791  0.00136397022
  34.5295258  0.00328217354
  34.7619629  0.00373099721
  34.9948959  0.00301593426
  35.228035  0.00175239728
  35.4611359  0.000504691387
  35.6940956 -0.000469043793
  35.9268837 -0.00115604582
  36.1594543 -0.00146946928
  36.3917007 -0.00106567924
  36.6237183  0.000194420849
  36.8560028  0.00124958344
  37.0889969 -5.1026061E-15
