  0.116266198  0.
  0.348800093 -7.4505806E-08
  0.581333637  5.96046448E-08
  0.81386745 -3.12924357E-07
  1.0464009  5.06639481E-07
  1.2789346 -5.51343021E-07
  1.51146817  1.34110451E-07
  1.74400163 -1.93715096E-07
  1.9765352  2.83122063E-07
  2.20906878 -1.93715096E-07
  2.44160247  1.49011568E-08
  2.67413592 -5.96046448E-08
  2.90666938  1.49011626E-07
  3.13920307 -1.93715096E-07
  3.37173653  7.4505806E-08
  3.60426998 -4.76837158E-07
  3.83680344  5.81145287E-07
  4.06933689 -1.49011647E-08
  4.30187082  7.4505806E-08
  4.53440428  7.4505806E-08
  4.76693773 -1.78813949E-07
  4.99947166  2.6822093E-07
  5.23200512  7.4505806E-08
  5.46453857 -2.01165676E-07
  5.69707203 -1.34110451E-07
  5.92960596  2.60770321E-08
  6.16213942  1.49011647E-08
  6.39467287  7.45057838E-09
  6.62720633  2.79397083E-09
  6.85973978 -2.55880877E-07
  7.09227371  2.56306521E-07
  7.32480717  0.
  7.55734062  0.
  7.78987408  0.
  8.02240753  0.
  8.25494099  0.
  8.48747444  0.
  8.72000885  0.
  8.9525423  0.
  9.18507576  0.
  9.41760921  0.
  9.65014267  0.
  9.88267612  0.
  10.1152096  0.
  10.347743  0.
  10.5802765  0.
  10.8128109  0.
  11.0453444  0.
  11.2778778  0.
  11.5104113  0.
  11.7429447  0.
  11.9754782  0.
  12.2080116  0.
  12.4405451  0.
  12.6730785  0.
  12.9056129  0.
  13.1381464  0.
  13.3706799  0.
  13.6032133  0.
  13.8357468  0.
  14.0682802  0.
  14.3008137  0.
  14.5333471  0.
  14.7658806  0.
  14.998415  0.
  15.2309484  0.
  15.4634819  0.
  15.6960154  0.
  15.9285488  0.
  16.1610832  0.
  16.3936157  0.
  16.6261501  0.
  16.8586826  0.
  17.091217  0.
  17.3237495  0.
  17.556284  0.
  17.7888165  0.
  18.0213509  0.
  18.2538853  0.
  18.4864178  0.
  18.7189522  0.
  18.9514847  2.5632707E-07
  19.1840191  2.5632707E-07
  19.4165516  2.5632707E-07
  19.649086  2.5632707E-07
  19.8816185  2.5632707E-07
  20.1141529  7.68980954E-07
  20.3466873  5.12653912E-07
  20.5792198  1.02530782E-06
  20.8117561  1.02530726E-06
  21.0442886  1.53796043E-06
  21.276823  1.7942865E-06
  21.5093555  2.81959183E-06
  21.7418919  2.81958978E-06
  21.9744244  4.10121947E-06
  22.2069607  5.38284394E-06
  22.439497  6.66446249E-06
  22.6720314  9.22769959E-06
  22.9045696  1.07656288E-05
  23.137104  1.40978027E-05
  23.3696442  1.79425933E-05
  23.6021824  2.35815824E-05
  23.8347244  2.92204768E-05
  24.0672665  3.74224219E-05
  24.2998142  4.74183435E-05
  24.5323639  5.86955175E-05
  24.7649155  7.48420061E-05
  24.9974747  9.43195773E-05
  25.2300396  0.000117383977
  25.4626141  0.000147109909
  25.6951962  0.000182727061
  25.9277935  0.000226283708
  26.1604042  0.000280339562
  26.3930359  0.000347195979
  26.6256905  0.0004250528
  26.8583717  0.000521330221
  27.0910892  0.000636270095
  27.3238487  0.000772670028
  27.5566597  0.000935879012
  27.7895317  0.00112713641
  28.0224781  0.00135125162
  28.2555103  0.00161275489
  28.4886494  0.0019135914
  28.7219124  0.00226001861
  28.9553146  0.00264956453
  29.1888885  0.00308814552
  29.4226551  0.00357498205
  29.6566448  0.00410465337
  29.8908882  0.00467476528
  30.1254215  0.00527474517
  30.3602753  0.00588971796
  30.5954857  0.00650082063
  30.8310833  0.00708046881
  31.0671024  0.00759021798
  31.3035641  0.00798698701
  31.5404797  0.00821012259
  31.7778549  0.00819111429
  32.0156708  0.00784793124
  32.2538872  0.00708596129
  32.4924355  0.00579567347
  32.7312088  0.00386911212
  32.9700584  0.00119227613
  33.208786 -0.00233173254
  33.4471474 -0.0067661861
  33.6848526 -0.0121102044
  33.921566 -0.0182656962
  34.1569405 -0.024983054
  34.3906403 -0.0318212882
  34.6223717 -0.0380998105
  34.8519211 -0.0428993553
  35.0792198 -0.0451146811
  35.3043747 -0.0435657836
  35.5276756 -0.0372339636
  35.7496376 -0.02556221
  35.970974 -0.00880583655
  36.1925507  0.0116148023
  36.4153023  0.0328436382
  36.6401253  0.0504309013
  36.8676109  0.0583837293
  37.0977516  0.0131650483
