  0.11626558 -1.49011697E-07
  0.348799437 -5.96046505E-07
  0.581332803  9.0897089E-07
  0.813866496 -5.21540699E-07
  1.04640031 -2.98023135E-08
  1.27893388  7.30156955E-07
  1.51146758  1.49011626E-07
  1.74400127 -6.2584877E-07
  1.97653472  1.1920929E-07
  2.2090683  4.91738319E-07
  2.44160199 -5.96046448E-07
  2.67413545 -5.96046448E-08
  2.9066689  4.02331352E-07
  3.13920283  4.61935997E-07
  3.37173629 -4.47034694E-08
  3.60426998 -4.17232513E-07
  3.83680344  1.63912773E-07
  4.06933737 -7.45057989E-08
  4.30187082  3.57627897E-07
  4.53440428 -1.63912773E-07
  4.76693773  8.94069743E-08
  4.99947166 -1.01327896E-06
  5.23200512  5.66244239E-07
  5.46453857  5.21540642E-08
  5.69707203 -2.16066866E-07
  5.92960548 -1.00582838E-07
  6.16213942  2.6822093E-07
  6.39467287  7.45057838E-09
  6.62720633  2.79396306E-09
  6.85973978  2.56928644E-07
  7.09227371 -2.56347448E-07
  7.32480717  0.
  7.55734062  0.
  7.78987408  0.
  8.02240753  0.
  8.25494099  0.
  8.48747444  0.
  8.72000885  0.
  8.9525423  0.
  9.18507576  0.
  9.41760921  0.
  9.65014267  0.
  9.88267612  0.
  10.1152096  0.
  10.347743  0.
  10.5802765  0.
  10.8128109  0.
  11.0453444  0.
  11.2778778  0.
  11.5104113  2.5632707E-07
  11.7429447  2.5632707E-07
  11.9754782  2.5632707E-07
  12.2080116  2.5632707E-07
  12.4405451  5.12654026E-07
  12.6730785  5.12653912E-07
  12.9056139  5.12653912E-07
  13.1381474  1.02530782E-06
  13.3706808  7.68980215E-07
  13.6032143  1.2816339E-06
  13.8357487  1.53796043E-06
  14.0682821  2.30693968E-06
  14.3008165  2.56326484E-06
  14.5333509  2.81958887E-06
  14.7658854  3.84489113E-06
  14.9984217  5.12651559E-06
  15.2309561  5.63916183E-06
  15.4634924  7.94607513E-06
  15.6960278  9.48400793E-06
  15.928565  1.15345774E-05
  16.1611042  1.40977709E-05
  16.3936405  1.76862377E-05
  16.6261806  2.17872894E-05
  16.8587227  2.69135508E-05
  17.0912666  3.38339487E-05
  17.3238106  4.04978528E-05
  17.5563583  5.02373186E-05
  17.7889099  6.04890556E-05
  18.0214653  7.35596841E-05
  18.2540264  8.99615552E-05
  18.4865932  0.000109694141
  18.7191677  0.000131219218
  18.9517479  0.000158636656
  19.1843433  0.000190663835
  19.4169464  0.000228836565
  19.6495686  0.000273921731
  19.882206  0.000325659668
  20.1148643  0.000388145796
  20.3475494  0.000459324481
  20.5802631  0.000541237998
  20.8130131  0.000637717952
  21.0458012  0.000745932804
  21.2786369  0.000871499011
  21.511528  0.00101362437
  21.7444839  0.00117176853
  21.9775124  0.00135178026
  22.2106247  0.00155054312
  22.4438343  0.00176953606
  22.6771507  0.00200843811
  22.910593  0.00226921495
  23.1441727  0.00254692789
  23.3779068  0.0028396959
  23.6118107  0.00314614712
  23.8459072  0.00345904147
  24.0802059  0.00377269043
  24.3147297  0.00407685526
  24.5494938  0.00436413474
  24.7845097  0.00461475365
  25.0197926  0.00482045906
  25.2553501  0.00495586172
  25.4911842  0.0050033303
  25.727293  0.00493475096
  25.963665  0.0047239447
  26.2002811  0.00433879858
  26.4371071  0.00374699896
  26.6741009  0.00291364454
  26.9111938  0.00180330197
  27.1483116  0.000382781029
  27.3853531 -0.00137220509
  27.6222038 -0.00348671852
  27.8587246 -0.00596034341
  28.0947628 -0.00878195278
  28.3301468 -0.0119079901
  28.564703 -0.0152600287
  28.7982521 -0.0187157243
  29.0306282 -0.0220987797
  29.2616844 -0.0251879394
  29.4913101 -0.0277127326
  29.7194462 -0.0293652248
  29.9460869 -0.0298334658
  30.1713066 -0.0288306344
  30.3952408 -0.0261496827
  30.6181164 -0.0216901824
  30.8402157 -0.0155323353
  31.0618916 -0.00793600734
  31.2835331  0.000629267364
  31.5055447  0.00951636769
  31.7283306  0.0179375336
  31.9522457  0.0250532702
  32.1775742  0.0300449859
  32.4044724  0.0322319567
  32.6329613  0.0311345458
  32.8628845  0.026580574
  33.093895  0.0187468603
  33.325489  0.00822177343
  33.5570564 -0.00397063512
  33.7879524 -0.0163397323
  34.0176163 -0.0269840546
  34.2456627 -0.0337700807
  34.4720001 -0.0346631482
  34.6968575 -0.0282485206
  34.9208145 -0.0143314712
  35.1447372  0.00556859095
  35.3696632  0.028075695
  35.5966682  0.0484212339
  35.8266449  0.0615193993
  36.0600815  0.0637284443
  36.296875  0.0549388789
  36.5363808  0.0405180641
  36.7777672  0.0322271399
  37.0207672  0.0143994251
