  0.116264269  4.47034864E-07
  0.348798692  5.06639481E-07
  0.581332624  1.4901218E-08
  0.813866436  4.76837158E-07
  1.04640043 -9.38773212E-07
  1.27893388  6.40749931E-07
  1.51146758  1.07288372E-06
  1.74400127 -1.20699417E-06
  1.97653484  8.94069601E-08
  2.20906854  3.87430191E-07
  2.44160223 -2.68220958E-07
  2.67413568 -4.32133703E-07
  2.90666914  3.42726736E-07
  3.13920283  7.15255794E-07
  3.37173629 -2.98023224E-07
  3.60426998 -9.53674316E-07
  3.83680344  1.04308128E-07
  4.06933737  1.49011612E-07
  4.30187082  5.96046448E-08
  4.53440428  5.96046448E-08
  4.76693773  5.96046448E-07
  4.99947166 -7.59959278E-07
  5.23200512  3.27825546E-07
  5.46453857  5.43892384E-07
  5.69707155  5.21540642E-08
  5.92960548  4.84287739E-08
  6.16213942  1.86264533E-08
  6.39467287 -5.0291419E-07
  6.62720633  2.79396795E-09
  6.85973978 -2.55880877E-07
  7.09227371  2.56306521E-07
  7.32480717  0.
  7.55734062  0.
  7.78987408  2.5632707E-07
  8.02240753  2.5632707E-07
  8.25494099  2.5632707E-07
  8.48747444  0.
  8.72000885  5.12654026E-07
  8.9525423  5.12653912E-07
  9.18507671  2.5632707E-07
  9.41761017  7.68980726E-07
  9.65014362  7.68980726E-07
  9.88267708  1.28163435E-06
  10.1152115  1.53796043E-06
  10.3477449  1.02530635E-06
  10.5802794  2.30693877E-06
  10.8128138  2.56326371E-06
  11.0453482  2.81958887E-06
  11.2778826  3.84489113E-06
  11.5104179  4.87018951E-06
  11.7429533  5.89548608E-06
  11.9754887  7.17710282E-06
  12.208024  8.71503562E-06
  12.4405613  1.07656087E-05
  12.6730986  1.28161664E-05
  12.9056377  1.5891992E-05
  13.1381769  2.0249392E-05
  13.370717  2.40940881E-05
  13.60326  2.89639866E-05
  13.835804  3.51153722E-05
  14.0683498  4.30607943E-05
  14.3008995  5.17749031E-05
  14.533453  6.25391403E-05
  14.7660093  7.5097043E-05
  14.9985723  9.04735571E-05
  15.2311401  0.000108411979
  15.4637146  0.000129424458
  15.6962986  0.000154791604
  15.9288921  0.000183487427
  16.1614971  0.000216792178
  16.3941154  0.000258035085
  16.6267529  0.000303113688
  16.8594074  0.000356637203
  17.0920868  0.00041834492
  17.324789  0.000488230929
  17.5575256  0.000569105963
  17.7902966  0.000660447171
  18.0231113  0.000763523509
  18.2559719  0.000880367064
  18.4888859  0.00100916589
  18.7218647  0.00115399214
  18.9549141  0.00131302315
  19.1880436  0.00148597034
  19.4212646  0.00167662639
  19.6545887  0.00188110885
  19.8880253  0.00209859735
  20.1215897  0.00232775742
  20.3552933  0.00256827287
  20.5891495  0.00281319325
  20.8231735  0.0030609346
  21.0573788  0.00330381119
  21.2917767  0.00353645091
  21.5263805  0.00374995708
  21.7612019  0.0039331913
  21.9962444  0.00407507969
  22.2315197  0.00416284055
  22.4670277  0.00417820457
  22.7027607  0.00410376163
  22.9387131  0.00392318703
  23.1748657  0.00361112808
  23.4111977  0.00314579206
  23.6476669  0.00250383234
  23.8842316  0.00166225317
  24.1208305  0.000594237237
  24.3573914 -0.000717181712
  24.5938244 -0.00228965608
  24.8300285 -0.00413318211
  25.0658875 -0.00624474138
  25.3012733 -0.00860554352
  25.5360489 -0.0111841941
  25.7700672 -0.0139146773
  26.0031891 -0.0167103708
  26.2352753 -0.0194461271
  26.4662113 -0.0219693985
  26.6959 -0.024087945
  26.9242821 -0.0255976114
  27.1513443 -0.0262815859
  27.3771172 -0.0259287991
  27.6016941 -0.0243801754
  27.8252182 -0.0215296894
  28.0478973 -0.0173694156
  28.2699795 -0.0120066879
  28.4917603 -0.00566862058
  28.7135563  0.00128625217
  28.9356995  0.00841517746
  29.158514  0.015190444
  29.3822899  0.0210683253
  29.6072693  0.0255418215
  29.8336163  0.0281749424
  30.0614052  0.0286715459
  30.2905865  0.0268840399
  30.5210075  0.0228657592
  30.752388  0.0168536976
  30.9843616  0.00930221751
  31.2164955  0.000864699832
  31.4483376 -0.00760171982
  31.6794891 -0.0150710233
  31.9096508 -0.0204246342
  32.1386871 -0.0225692783
  32.3666496 -0.0206217878
  32.5938263 -0.0141554326
  32.8206902 -0.00338999811
  33.0478935  0.0106550893
  33.2761955  0.0261868387
  33.5063858  0.0408355668
  33.7391586  0.0520327352
  33.9750099  0.0575035363
  34.2140961  0.0557533056
  34.4561424  0.0464650691
  34.7003975  0.0306994375
  34.9457474  0.0108621065
  35.1908913 -0.00953972619
  35.4346504 -0.0264947545
  35.6762428 -0.0365468413
  35.9154129 -0.0382759906
  36.1523972 -0.033566419
  36.3876648 -0.0273926966
  36.6216393 -0.024538314
  36.8545609 -0.0223901123
  37.0868378 -0.00753484573
