  0.116267249 -1.16229057E-06
  0.348800123  5.9604627E-08
  0.581333518  3.87430191E-07
  0.81386739 -2.38418636E-07
  1.0464009 -1.05798244E-06
  1.27893424  1.05798244E-06
  1.51146781 -1.1920929E-07
  1.74400115  4.17232513E-07
  1.97653496 -9.983778E-07
  2.20906854  2.83122034E-07
  2.44160199 -8.94069743E-08
  2.67413545 -3.42726736E-07
  2.9066689  5.21540699E-07
  3.13920259  1.17719185E-06
  3.37173629 -2.08616257E-07
  3.60426998 -9.23872051E-07
  3.83680367  4.91738319E-07
  4.06933737  1.1920929E-07
  4.30187082  1.04308128E-07
  4.53440428 -1.63912787E-07
  4.76693773  8.94069785E-07
  4.99947166 -5.21540699E-07
  5.2320056  8.64267349E-07
  5.46453905 -4.39584227E-07
  5.69707251  8.34465027E-07
  5.92960644  7.07804801E-08
  6.16214037  1.83656812E-06
  6.39467382  2.42143869E-08
  6.62720776  2.03587115E-06
  6.85974169  1.53796236E-06
  7.0922761  2.05059087E-06
  7.3248105  2.05061156E-06
  7.55734444  3.07591495E-06
  7.78987932  3.84489113E-06
  8.02241421  4.10121356E-06
  8.25494862  5.38283575E-06
  8.48748398  5.89547835E-06
  8.72002125  8.7150438E-06
  8.95255756  9.48399611E-06
  9.18509483  1.15345611E-05
  9.4176321  1.46104039E-05
  9.65017128  1.69172417E-05
  9.88271046  2.05056604E-05
  10.1152525  2.51193069E-05
  10.3477945  3.02454882E-05
  10.5803394  3.63968429E-05
  10.8128881  4.33169698E-05
  11.0454378  5.20310459E-05
  11.2779922  6.25389512E-05
  11.5105495  7.43278943E-05
  11.7431116  8.81665692E-05
  11.9756804  0.000105079911
  12.2082548  0.000124554834
  12.4408379  0.000146847015
  12.6734304  0.000173237102
  12.9060354  0.000203724092
  13.1386518  0.000238306529
  13.3712835  0.000279288623
  13.6039324  0.000326155452
  13.8366022  0.000378647441
  14.0692968  0.000438810122
  14.3020182  0.000507150195
  14.534771  0.000584941416
  14.767561  0.000671150163
  15.0003929  0.000767046702
  15.2332716  0.000875177095
  15.4662046  0.000992964953
  15.6991978  0.00112474116
  15.9322605  0.00126638729
  16.1653996  0.00141915679
  16.3986244  0.00158634107
  16.6319466  0.0017627913
  16.8653736  0.00194693671
  17.098917  0.00214078394
  17.3325882  0.00233969511
  17.5663986  0.00254260958
  17.8003559  0.00274209981
  18.0344772  0.00293713063
  18.2687683  0.00311979372
  18.5032368  0.00328272837
  18.737896  0.00342166261
  18.9727478  0.00352294324
  19.2077999  0.00357806729
  19.4430466  0.00357451988
  19.6784878  0.00349908392
  19.914114  0.0033378324
  20.1499119  0.0030713086
  20.3858604  0.00268740952
  20.6219292  0.00216690917
  20.8580837  0.00148999598
  21.0942707  0.000642230152
  21.3304386 -0.000396934367
  21.566515 -0.00163632759
  21.8024216 -0.00308510265
  22.038063 -0.00475105271
  22.2733421 -0.00662051653
  22.5081463 -0.00868182257
  22.7423515 -0.0108965514
  22.9758453 -0.013217085
  23.2085037 -0.0155666517
  23.4402161 -0.0178495068
  23.6708813 -0.0199479908
  23.900425 -0.0217165612
  24.1287918 -0.0230018124
  24.3559704 -0.0236375276
  24.5819798 -0.0234755427
  24.8068848 -0.0223741587
  25.0308056 -0.0202582888
  25.2538929 -0.0170921125
  25.4763489 -0.0129327429
  25.6984081 -0.00790885463
  25.9203358 -0.00224491581
  26.1424046  0.00376365846
  26.3649006  0.00975948013
  26.5880947  0.0153613174
  26.8122253  0.0201864373
  27.0374966  0.0238877032
  27.2640476  0.0261887163
  27.491951  0.0268973019
  27.7211952  0.0259373225
  27.951683  0.0233485904
  28.1832352  0.0192857273
  28.415596  0.0140245715
  28.6484566  0.00794524979
  28.8814774  0.0015409718
  29.1143265 -0.0046099755
  29.3467102 -0.00985738263
  29.5784245 -0.0135251135
  29.8093681 -0.0149901183
  30.0395813 -0.0137608023
  30.2692451 -0.00960176717
  30.4986858 -0.00262858067
  30.7283497  0.00662588794
  30.9587669  0.0172139946
  31.1905022  0.0278362017
  31.4240913  0.0370175503
  31.6599751  0.0433057621
  31.898407  0.0454915054
  32.1394005  0.042812556
  32.3826408  0.0350805148
  32.6275101  0.0227345172
  32.8730965  0.00685651368
  33.1183052 -0.0108679337
  33.3620529 -0.0282017235
  33.6034241 -0.0425312556
  33.8418503 -0.0512664504
  34.0772285 -0.0524637848
  34.3098907 -0.0455734357
  34.5405464 -0.0319658555
  34.7700844 -0.0148951579
  34.9994278  0.00128561445
  35.2293091  0.0125783617
  35.4601212  0.0169135928
  35.691906  0.0151142646
  35.924427  0.0105385687
  36.1573982  0.00691452762
  36.3906174  0.00481309788
  36.6239471 -0.000998373842
  36.8570175 -0.0189718325
  37.0889931 -2.9022638E-05
