  0.116267174  5.9604627E-08
  0.34880054 -6.25848713E-07
  0.581333935  4.02331352E-07
  0.813867509 -1.34110462E-06
  1.04640079  7.74860382E-07
  1.27893448 -2.5331974E-07
  1.51146793 -7.45058131E-08
  1.74400139  1.49011623E-06
  1.9765352 -9.0897089E-07
  2.20906901  7.89761657E-07
  2.44160271  1.43051159E-06
  2.67413664 -1.78813877E-07
  2.90667033  9.0897089E-07
  3.13920426  2.04145931E-06
  3.37173843  1.23679592E-06
  3.60427284  1.19209255E-06
  3.83680677  3.65078495E-06
  4.06934166  2.8461227E-06
  4.30187607  3.65078404E-06
  4.53441048  4.00841327E-06
  4.76694536  5.52833126E-06
  4.9994812  5.61774004E-06
  5.23201704  8.00192538E-06
  5.46455288  6.69062365E-06
  5.6970892  1.04010096E-05
  5.92962694  1.05537447E-05
  6.16216516  1.44466803E-05
  6.39470387  1.68699789E-05
  6.62724447  2.14930587E-05
  6.85978603  2.48540982E-05
  7.09232998  2.99889834E-05
  7.32487535  3.61404636E-05
  7.55742264  4.28042586E-05
  7.78997326  5.17746485E-05
  8.02252674  6.07446927E-05
  8.25508499  7.22773912E-05
  8.48764706  8.48346972E-05
  8.7202158  9.9697827E-05
  8.95279026  0.000118147924
  9.1853714  0.000138134128
  9.41796207  0.000161706135
  9.65056324  0.000188606748
  9.88317585  0.000219603695
  10.1158028  0.000255720341
  10.3484459  0.000296442362
  10.5811071  0.00034227944
  10.8137903  0.00039246073
  11.0464983  0.000452873617
  11.279233  0.000518645451
  11.512001  0.000591563294
  11.7448053  0.000672644412
  11.9776506  0.000763414544
  12.2105427  0.000862325833
  12.4434872  0.0009716684
  12.6764917  0.00108989014
  12.9095621  0.00121748331
  13.1427059  0.00135289319
  13.3759308  0.00149992993
  13.6092453  0.00165294274
  13.842659  0.0018139492
  14.0761795  0.00197832356
  14.3098173  0.00214731367
  14.543582  0.00231604767
  14.7774811  0.00248221075
  15.0115261  0.00263942266
  15.2457228  0.00278743124
  15.4800787  0.00291530741
  15.7146006  0.00302080531
  15.9492931  0.00309483684
  16.1841583  0.0031275868
  16.4191952  0.00311081437
  16.6543999  0.00303579401
  16.8897629  0.00288698869
  17.1252766  0.0026552286
  17.3609161  0.0023272892
  17.5966644  0.00188739446
  17.8324833  0.00132274325
  18.0683403  0.00062065915
  18.304184 -0.000233999774
  18.5399551 -0.00124880858
  18.7755947 -0.00243549934
  19.0110226 -0.00379767152
  19.2461586 -0.00532931648
  19.4809055 -0.00702927122
  19.7151699 -0.00887025334
  19.948843 -0.0108222207
  20.1818275 -0.0128413988
  20.4140186 -0.0148615707
  20.6453209 -0.016799679
  20.8756523 -0.01856195
  21.104948 -0.0200280752
  21.3331718 -0.0210809577
  21.5603046 -0.0215867311
  21.7863731 -0.0214225575
  22.0114307 -0.0204915218
  22.2355747 -0.0187187232
  22.4589386 -0.0160780791
  22.6816864 -0.0125987623
  22.9040241 -0.00837924331
  23.1261711 -0.00356753799
  23.3483734  0.00161564851
  23.5708733  0.00691351434
  23.7939205  0.0120319836
  24.0177422  0.0166796613
  24.2425385  0.0205800105
  24.4684734  0.0234898124
  24.6956577  0.0252390597
  24.9241486  0.0257140975
  25.1539307  0.0248897597
  25.3849335  0.0228159856
  25.6170082  0.0196246356
  25.8499622  0.0155154942
  26.0835495  0.0107483733
  26.317503  0.00565913133
  26.5515461  0.000610493124
  26.7854195 -0.00397359999
  27.0189209 -0.00765840011
  27.2519054 -0.0100235492
  27.4843235 -0.0106925936
  27.7162209 -0.009416149
  27.9477558 -0.0061047012
  28.1791763 -0.000897171325
  28.4108219  0.005813119
  28.6430817  0.0134011209
  28.8763695  0.0210243519
  29.1110802  0.0277444106
  29.3475342  0.0326215252
  29.5859413  0.0348311216
  29.8263302  0.0337753408
  30.068531  0.0291669723
  30.3121357  0.0210568309
  30.5565262  0.00985407736
  30.8008976 -0.00364936655
  31.0443687 -0.0182849132
  31.2860718 -0.032506194
  31.5252991 -0.0444625653
  31.7616158 -0.052206099
  31.9949226 -0.0540370233
  32.2254906 -0.0489966236
  32.453907 -0.0372912697
  32.6810074 -0.0205164477
  32.9077415 -0.00152510288
  33.1350327  0.0161223505
  33.3636513  0.0289889164
  33.5940628  0.034661632
  33.8263321  0.0324375108
  34.0601349  0.0235594027
  34.2948456  0.0109478012
  34.5297241 -0.00162052375
  34.7641449 -0.0106494175
  34.9977684 -0.0141252903
  35.2305946 -0.0123265842
  35.4628372 -0.00766676012
  35.6948051 -0.00330175133
  35.9267197 -0.000902410713
  36.1586876  0.000884426467
  36.3907967  0.00505229877
  36.6232796  0.0102588953
  36.856266  0.00191045413
  37.0889969 -1.86271976E-09
