  0.116264574  1.43051159E-06
  0.348799407 -1.49011569E-07
  0.581333518  1.77323807E-06
  0.813867807  1.77323807E-06
  1.04640293  2.50339485E-06
  1.27893794  2.05635979E-06
  1.51147306  4.52995255E-06
  1.74400878  5.30481293E-06
  1.9765451  6.83963253E-06
  2.20908213  9.04500394E-06
  2.44161963  1.27404965E-05
  2.67415833  1.35451519E-05
  2.90669775  1.65104848E-05
  3.1392386  2.15470845E-05
  3.37178063  2.3901468E-05
  3.6043241  2.91019733E-05
  3.836869  3.62247229E-05
  4.06941605  4.10079811E-05
  4.30196524  4.72068932E-05
  4.53451633  5.29438148E-05
  4.76706982  6.16609905E-05
  4.99962711  6.86943604E-05
  5.23218775  7.92443607E-05
  5.46475267  8.80062435E-05
  5.69732332  0.000103093706
  5.92990208  0.000119097524
  6.16248846  0.000139821321
  6.39508533  0.000165501682
  6.62769318  0.000196226843
  6.86031437  0.000230296238
  7.09295082  0.00026698329
  7.32560396  0.000308215473
  7.5582757  0.000353024341
  7.79096937  0.000403713639
  8.02368832  0.000460023177
  8.25643539  0.000523485302
  8.48921394  0.00059306965
  8.72203064  0.000668257591
  8.95488739  0.00075467315
  9.18778896  0.000845649687
  9.42074299  0.000945015403
  9.65375328  0.00105250161
  9.88682747  0.00116783567
  10.1199713  0.00129048969
  10.3531923  0.00141942117
  10.5864973  0.00155435584
  10.8198967  0.00169348367
  11.0533943  0.00183831598
  11.2869997  0.00198143115
  11.5207205  0.00212357962
  11.7545652  0.00226398278
  11.9885406  0.00239422778
  12.2226543  0.00251381053
  12.4569111  0.00261740386
  12.6913157  0.00269791856
  12.9258728  0.00275134365
  13.1605806  0.00276885065
  13.3954401  0.00274368795
  13.6304474  0.00266658119
  13.8655939  0.00253157387
  14.1008701  0.00232309196
  14.3362579  0.00203418615
  14.5717392  0.00165306381
  14.8072844  0.00116991415
  15.0428629  0.000571298122
  15.2784319 -0.000150787033
  15.5139456 -0.00100808532
  15.7493477 -0.00200727582
  15.9845753 -0.00315105449
  16.2195587 -0.00444071693
  16.4542179 -0.00587642845
  16.6884708 -0.00743669458
  16.9222279 -0.00910662394
  17.1553993 -0.0108536668
  17.3878899 -0.0126349051
  17.6196175 -0.0143912286
  17.8504982 -0.0160516296
  18.0804691 -0.0175323151
  18.309473 -0.0187374074
  18.5374794 -0.0195610039
  18.7644863 -0.0199053157
  18.9905128 -0.0196663532
  19.2156162 -0.0187651571
  19.4398804 -0.017148871
  19.6634274 -0.0147908907
  19.8864021 -0.0117193758
  20.1089859 -0.00800674595
  20.331377 -0.00377529743
  20.5537853  0.000808373152
  20.7764378  0.00553742703
  20.9995537  0.0101835225
  21.2233448  0.0145191085
  21.4480019  0.0183036067
  21.6736927  0.0213483237
  21.9005394  0.0234959219
  22.1286278  0.0246328525
  22.3579865  0.0247174408
  22.5885925  0.0237584226
  22.8203754  0.0218196604
  23.0532017  0.0190190449
  23.2869072  0.0155176017
  23.5212803  0.0115184933
  23.7560978  0.0072563258
  23.9911213  0.00299264817
  24.2261333 -0.000985642662
  24.4609375 -0.00437131058
  24.6953831 -0.0068833353
  24.9293919 -0.00823767576
  25.1629467 -0.00823884737
  25.3961163 -0.00676216651
  25.6290398 -0.00382749154
  25.8619328  0.00040246229
  26.0950603  0.00559266377
  26.3287296  0.0112740938
  26.5632458  0.0168397985
  26.7988911  0.021643918
  27.0359001  0.0250441507
  27.274395  0.0264725983
  27.514389  0.0255222078
  27.7557278  0.0219589379
  27.9980984  0.0157707985
  28.241024  0.00718519976
  28.4838924 -0.00333143165
  28.7260094 -0.0150328567
  28.9666729 -0.0269184094
  29.205267 -0.0377114862
  29.4413357 -0.0459648408
  29.6746674 -0.0502450578
  29.9053249 -0.0493828952
  30.1336575 -0.0428182706
  30.3602562 -0.0308569912
  30.5858955 -0.0148169696
  30.8114471  0.0031119443
  31.0377808  0.0201667435
  31.2656441  0.0335897207
  31.4955616  0.0411568284
  31.7277393  0.0416851044
  31.9620056  0.0352888852
  32.197834  0.02336853
  32.434433  0.00835118722
  32.670929 -0.00672599813
  32.9065552 -0.0187999029
  33.1408234 -0.0254093297
  33.3736191 -0.0253653452
  33.6051865 -0.0191884357
  33.8360214 -0.00910443813
  34.0667114  0.00155177095
  34.2977791  0.00947472081
  34.5295258  0.0125907753
  34.7619629  0.0108776959
  34.9948959  0.00628601201
  35.228035  0.00161673361
  35.4611359 -0.00116395613
  35.6940956 -0.00220678351
  35.9268837 -0.00342743471
  36.1594543 -0.00588552654
  36.3917007 -0.0064229439
  36.6237183  0.00149005908
  36.8560028  0.0154326614
  37.0889969 -5.1026061E-15
