  0.116266154  5.86595128E-08
  0.348800063 -1.49610116E-07
  0.581333458 -7.13869923E-08
  0.81386739 -1.36246882E-07
  1.0464009 -8.82489282E-09
  1.27893436 -2.28296187E-07
  1.51146793 -6.04567703E-08
  1.74400139 -9.76720571E-08
  1.97653484 -1.92854884E-07
  2.20906854 -2.32807409E-07
  2.44160223 -1.25091091E-07
  2.67413568 -5.04325151E-08
  2.90666914 -2.98110869E-08
  3.13920307  3.05137959E-08
  3.37173653 -1.94735179E-08
  3.60426998  1.74367472E-08
  3.83680344  6.05028632E-08
  4.06933737  6.80684948E-08
  4.30187082  6.52691199E-08
  4.53440428  2.43532838E-08
  4.76693773 -2.5572291E-09
  4.99947166 -6.56331167E-08
  5.23200512 -3.9001975E-09
  5.46453857  8.30072366E-09
  5.69707203 -1.24457458E-08
  5.92960596 -1.53682134E-08
  6.16213942 -1.33501699E-08
  6.39467287  4.97865926E-09
  6.62720633  8.93401619E-09
  6.85973978  8.814804E-09
  7.09227371 -5.49899681E-10
  7.32480717 -3.68509834E-10
  7.55734062 -2.46901055E-10
  7.78987408 -1.65343517E-10
  8.02240753 -1.10607176E-10
  8.25494099 -7.38130529E-11
  8.48747444 -4.89925878E-11
  8.72000885 -3.21194529E-11
  8.9525423 -2.04565878E-11
  9.18507576 -1.2112103E-11
  9.41760921 -5.73239373E-12
  9.65014267 -2.82558699E-13
  9.88267612  5.12143453E-12
  10.1152096  1.13562111E-11
  10.347743  1.94331357E-11
  10.5802765  3.06624032E-11
  10.8128109  4.68656156E-11
  11.0453444  7.06711634E-11
  11.2778778  1.05940617E-10
  11.5104113  1.58395325E-10
  11.7429447  2.36544284E-10
  11.9754782  3.53064133E-10
  12.2080116  5.26856891E-10
  12.4405451  7.86113619E-10
  12.6730785  1.17289045E-09
  12.9056129  1.74992842E-09
  13.1381464  2.61083155E-09
  13.3706799  3.89525301E-09
  13.6032133  5.81154325E-09
  13.8357468  8.67055761E-09
  14.0682802  1.29360664E-08
  14.3008137  1.9300014E-08
  14.5333471  2.87947195E-08
  14.7658806  4.29603801E-08
  14.998415  6.4094877E-08
  15.2309484  9.56265609E-08
  15.4634819  1.42670416E-07
  15.6960154  2.03262289E-07
  15.9285488  2.77635365E-07
  16.1610832  3.68259066E-07
  16.3936157  4.80238384E-07
  16.6261501  6.41333713E-07
  16.8586826  8.48890636E-07
  17.091217  1.10779206E-06
  17.3237514  1.41205896E-06
  17.5562859  1.81104792E-06
  17.7888184  2.30231444E-06
  18.0213528  2.92716823E-06
  18.2538891  3.76777871E-06
  18.4864216  4.80698509E-06
  18.7189579  6.1078108E-06
  18.9514923  7.73734428E-06
  19.1840267  9.7968059E-06
  19.4165611  1.23995942E-05
  19.6490974  1.56512797E-05
  19.8816357  1.97147492E-05
  20.1141739  2.47694297E-05
  20.3467121  3.107878E-05
  20.5792522  3.88987792E-05
  20.8117943  4.8624901E-05
  21.0443382  6.06357062E-05
  21.276886  7.54885841E-05
  21.5094357  9.3770308E-05
  21.741991  0.000116240408
  21.9745483  0.00014378161
  22.2071152  0.000177409151
  22.4396915  0.000218378176
  22.6722736  0.000268166652
  22.9048672  0.000328533875
  23.137476  0.000401355763
  23.3701  0.000488997204
  23.6027451  0.000594151032
  23.8354168  0.000719882897
  24.0681152  0.000869614538
  24.3008518  0.00104725081
  24.5336285  0.0012571956
  24.7664547  0.00150411308
  24.9993401  0.0017933991
  25.2322922  0.00213070353
  25.4653282  0.00252203853
  25.6984577  0.00297370856
  25.9316959  0.00349209644
  26.16506  0.00408354495
  26.3985672  0.00475406554
  26.6322422  0.00550915767
  26.8661003  0.00635307562
  27.1001682  0.00728867063
  27.3344669  0.00831671804
  27.5690231  0.00943500455
  27.8038578  0.0106378309
  28.0389996  0.0119147096
  28.2744637  0.0132495258
  28.5102711  0.0146192955
  28.7464275  0.0159929264
  28.9829369  0.0173300616
  29.2197952  0.0185795911
  29.4569798  0.0196789019
  29.6944542  0.0205534212
  29.9321594  0.0211164691
  30.1700153  0.0212706923
  30.407917  0.0209106002
  30.6457253  0.0199275762
  30.883276  0.0182168484
  31.1203747  0.0156880654
  31.3567982  0.0122776143
  31.59231  0.00796404295
  31.8266735  0.00278306566
  32.0596504 -0.0031584017
  32.2910461 -0.00967379287
  32.52071 -0.0164958015
  32.7485771 -0.0232860707
  32.9746819 -0.0296545066
  33.1991501 -0.0351886936
  33.4222488 -0.0394888669
  33.644352 -0.0422071107
  33.865921 -0.0430861972
  34.0875015 -0.0419995412
  34.3096809 -0.0389900282
  34.5330162 -0.0343075134
  34.7579727 -0.0284387134
  34.9848557 -0.0221166573
  35.2137299 -0.0162865259
  35.4443092 -0.0119964993
  35.6759796 -0.0101918001
  35.907814 -0.0114298407
  36.138752 -0.015598584
  36.3678398 -0.0217847675
  36.5945778 -0.0284202397
  36.8191872 -0.0337296128
