  0.116271257  7.8203484E-06
  0.348810047  1.20670111E-05
  0.581350446  1.82754229E-05
  0.813892901  2.58829405E-05
  1.04643893  3.68678702E-05
  1.27898753  4.95365894E-05
  1.5115397  6.49173016E-05
  1.74409604  8.31662619E-05
  1.97665668  0.000104545266
  2.20922256  0.000129617125
  2.44179416  0.000158613271
  2.67437196  0.000191459374
  2.90695667  0.000228806181
  3.13954926  0.000270751887
  3.37214947  0.000317792699
  3.60475898  0.000369821035
  3.83737779  0.000427155464
  4.07000685  0.000490330392
  4.30264711  0.000559473177
  4.53529835  0.000634694123
  4.76796389  0.000716695678
  5.00064516  0.000807152886
  5.23334551  0.000908065587
  5.46607113  0.00102218636
  5.69882536  0.001151926
  5.93161631  0.00130030653
  6.16444874  0.00146986998
  6.39732885  0.00166265911
  6.63025999  0.00188004691
  6.86324739  0.00212246832
  7.09629536  0.00238957559
  7.32940578  0.0026817671
  7.56258631  0.00300017581
  7.7958436  0.00334567833
  8.02918434  0.00371884438
  8.2626152  0.00411998387
  8.49614239  0.00454890914
  8.72977448  0.00500493962
  8.96351814  0.00548658241
  9.19737911  0.00599194132
  9.43136215  0.00651801564
  9.66547585  0.00706086587
  9.89972115  0.00761542842
  10.1341028  0.00817539822
  10.3686209  0.00873312261
  10.6032772  0.00927928928
  10.838069  0.00980297662
  11.0729895  0.0102913221
  11.3080292  0.0107298233
  11.5431767  0.0111017581
  11.7784157  0.011388327
  12.0137243  0.0115688723
  12.2490778  0.0116206557
  12.4844418  0.0115192151
  12.719779  0.0112388264
  12.9550447  0.0107527133
  13.1901855  0.0100339204
  13.4251442  0.00905615557
  13.6598568  0.00779485889
  13.894249  0.00622883253
  14.1282492  0.00434184261
  14.3617735  0.0021241745
  14.5947418 -0.000424938276
  14.8270731 -0.00329566561
  15.0586872 -0.00646528229
  15.2895136 -0.00989686698
  15.5194902 -0.0135381334
  15.7485685 -0.0173214432
  15.9767199 -0.021164095
  16.2039356 -0.0249701831
  16.4302311 -0.0286332108
  16.6556511 -0.0320405401
  16.8802662 -0.0350768641
  17.1041794 -0.037630152
  17.3275166 -0.0395968109
  17.5504341 -0.0408869796
  17.7731018 -0.0414297357
  17.9957161 -0.0411772504
  18.2184734 -0.0401083827
  18.4415779 -0.0382314101
  18.6652317 -0.0355851501
  18.8896198 -0.0322393775
  19.1149139 -0.0282933451
  19.3412476 -0.0238729902
  19.5687313 -0.0191267058
  19.7974281 -0.014219135
  20.0273647 -0.00932394527
  20.2585125 -0.00461607426
  20.4908066 -0.000262070447
  20.7241325  0.0035889633
  20.9583435  0.00681423396
  21.1932621  0.00932576973
  21.428688  0.0110779749
  21.6644173  0.0120715778
  21.9002399  0.0123571511
  22.1359825  0.0120344423
  22.3714905  0.0112478407
  22.6066475  0.0101789851
  22.8414097  0.00903526042
  23.075779  0.00803482626
  23.3098278  0.00739027606
  23.5436783  0.0072904285
  23.7775154  0.00788324513
  24.0115566  0.00925936457
  24.2460442  0.011437864
  24.4812183  0.0143557657
  24.7172909  0.0178622771
  24.9544315  0.0217172839
  25.1927223  0.0255997255
  25.4321537  0.0291229151
  25.6725883  0.0318629518
  25.9137707  0.0333971195
  26.1553097  0.0333540775
  26.3967228  0.0314690694
  26.6374531  0.0276397001
  26.8769302  0.0219664667
  27.1146374  0.0147712305
  27.3501701  0.00658066571
  27.5833035 -0.0019258298
  27.8140144 -0.00999289006
  28.0425224 -0.0168792233
  28.2692547 -0.0219415985
  28.4948215 -0.0247034822
  28.7199574 -0.0249061435
  28.9454441 -0.0225424003
  29.1720409 -0.0178786684
  29.400383 -0.0114580952
  29.630909 -0.00407513604
  29.86376  0.00329352543
  30.098772  0.00961712375
  30.3354435  0.013986988
  30.5730343  0.0158081688
  30.810667  0.0149440235
  31.0475082  0.0117599647
  31.282917  0.00703809969
  31.5165653  0.00179317407
  31.7484818 -0.00295306183
  31.9790249 -0.00637294911
  32.2087822 -0.00797349215
  32.438446 -0.0076659089
  32.668644 -0.00576630887
  32.8998375 -0.00292142108
  33.1321678  4.41782176E-05
  33.3654747  0.00235076062
  33.5993576  0.00349400239
  33.833313  0.0033910044
  34.066906  0.00236441568
  34.2999268  0.000966517255
  34.5323982 -0.000264835544
  34.7645149 -0.00100401882
  34.9965324 -0.00120560988
  35.2286339 -0.00102441642
  35.4608765 -0.000650050933
  35.6932755 -0.00018263422
  35.9258537  0.000329476083
  36.1586647  0.000715308357
  36.3916092  0.00062598451
  36.6243324 -7.13965856E-05
  36.8565331 -0.000636884244
