  0.1162671  2.5056093E-07
  0.348800957 -1.10670544E-06
  0.581333876 -3.70437192E-08
  0.813867569  2.29524559E-08
  1.04640079 -1.23949818E-07
  1.27893436  1.86813551E-07
  1.51146793  6.26006198E-08
  1.74400139  8.69335324E-08
  1.97653508  3.82715797E-07
  2.20906878  6.26358087E-07
  2.44160247  6.52655103E-07
  2.6741364  8.68589609E-07
  2.90666986  8.92382388E-07
  3.13920379  1.14649288E-06
  3.37173772  1.6627605E-06
  3.60427189  2.17739625E-06
  3.83680582  2.69589827E-06
  4.06933975  3.31659658E-06
  4.30187464  4.0212667E-06
  4.53440905  4.86442786E-06
  4.76694345  5.94662924E-06
  4.99947834  7.20148046E-06
  5.23201323  8.6526552E-06
  5.46454859  1.04104065E-05
  5.69708443  1.24934222E-05
  5.92962074  1.50397118E-05
  6.16215801  1.80699881E-05
  6.39469528  2.18258792E-05
  6.62723398  2.63324182E-05
  6.85977316  3.17756239E-05
  7.09231472  3.82476355E-05
  7.32485676  4.60306692E-05
  7.55740118  5.52359998E-05
  7.78994703  6.61671947E-05
  8.02249527  7.91296625E-05
  8.2550478  9.44514104E-05
  8.48760223  0.000112565023
  8.72016335  0.000133818772
  8.95272827  0.000158869298
  9.18529797  0.000188231337
  9.41787529  0.000222572751
  9.6504612  0.000262707763
  9.88305569  0.000309441384
  10.1156616  0.000363700761
  10.34828  0.000426560466
  10.5809145  0.000499207177
  10.8135653  0.000582988316
  11.046237  0.000679209712
  11.2789297  0.000789405836
  11.5116501  0.000915302371
  11.7444  0.00105865742
  11.9771843  0.00122128753
  12.2100077  0.00140523317
  12.4428749  0.0016125351
  12.6757927  0.00184523349
  12.9087658  0.00210551056
  13.1418028  0.00239546504
  13.3749084  0.00271704444
  13.6080923  0.00307218544
  13.841363  0.0034625791
  14.074728  0.00388951413
  14.308197  0.00435392419
  14.5417795  0.00485619996
  14.775485  0.00539613701
  15.0093231  0.00597267877
  15.2433023  0.00658367109
  15.4774313  0.00722594839
  15.7117186  0.00789482519
  15.9461708  0.00858425722
  16.1807938  0.00928622764
  16.4155903  0.00999052636
  16.6505642  0.0106850974
  16.8857059  0.0113551011
  17.1210175  0.0119828694
  17.3564835  0.0125479531
  17.5920906  0.0130269071
  17.8278179  0.0133932335
  18.0636349  0.0136172306
  18.299509  0.0136665665
  18.5353928  0.0135064013
  18.7712364  0.0131001007
  19.0069714  0.0124104451
  19.2425327  0.0114007201
  19.4778366  0.010036462
  19.7127934  0.00828786381
  19.9473019  0.00613216404
  20.1812668  0.0035568038
  20.4145775  0.000562177971
  20.6471291 -0.00283470005
  20.8788261 -0.00659760274
  21.1095753 -0.0106690265
  21.3393097 -0.0149691682
  21.5679703 -0.0193965044
  21.7955418 -0.0238294471
  22.0220222 -0.0281303823
  22.2474632 -0.0321513861
  22.4719429 -0.0357405096
  22.6955795 -0.0387502536
  22.9185371 -0.0410452299
  23.1409988 -0.0425107032
  23.3631897 -0.0430598781
  23.5853424 -0.0426406898
  23.8077087 -0.0412412733
  24.0305386 -0.0388937518
  24.2540684 -0.0356762223
  24.4785137 -0.0317124948
  24.7040501 -0.0271700397
  24.9308071 -0.0222528689
  25.1588573 -0.0171940178
  25.3882122 -0.0122421458
  25.6188068 -0.00764654204
  25.8505211 -0.00363859721
  26.0831623 -0.00041250512
  26.3164997  0.00189432409
  26.5502605  0.00321786478
  26.7841644  0.00358074042
  27.0179501  0.003097818
  27.2513885  0.00197353214
  27.4843216  0.000489642844
  27.7166824 -0.001016967
  27.9484978 -0.00218340522
  28.1799068 -0.00265437481
  28.4111519 -0.00211812998
  28.6425648 -0.000340539962
  28.8745365  0.00280310586
  29.1074963  0.00730186887
  29.3418522  0.0129878819
  29.5779533  0.0195246749
  29.8160267  0.026409585
  30.0561447  0.0329957381
  30.2981491  0.0385427661
  30.5416698  0.0422984511
  30.786087  0.0436104238
  31.0306072  0.0420521311
  31.2743282  0.0375390649
  31.516367  0.0303949043
  31.7559872  0.0213407241
  31.9927177  0.0113950484
  32.2264366  0.00170720741
  32.4573975 -0.00662975386
  32.6861649 -0.0127418675
  32.9135895 -0.0160899069
  33.1405869 -0.0165355001
  33.3681068 -0.0143658128
  33.5968933 -0.0102710351
  33.8273849 -0.00525302254
  34.059639 -0.000440107659
  34.2933235  0.0031819474
  34.5278168  0.00504333246
  34.7624283  0.00513985381
  34.9965897  0.00396516453
  35.2300453  0.00224916637
  35.4628143  0.000640052371
  35.6951141 -0.000510298647
  35.9271851 -0.00115680089
  36.159153 -0.00137074711
  36.3911171 -0.00111428299
  36.6232872 -0.000300556421
  36.855999  0.000625940505
