  0.116266236 -1.04953102E-07
  0.348800093  1.0239366E-09
  0.581333637  3.13809707E-08
  0.81386739  2.02029923E-07
  1.0464009 -1.36990167E-07
  1.2789346 -4.21769144E-08
  1.51146817  1.87742213E-08
  1.74400163  5.9991379E-08
  1.97653508 -7.84357468E-09
  2.20906878 -6.08759798E-09
  2.44160247 -3.8842817E-08
  2.67413592 -5.89713203E-08
  2.90666938 -1.14616697E-07
  3.13920307 -7.58107035E-08
  3.37173653 -3.99187705E-08
  3.60426998 -4.30070877E-08
  3.83680344 -2.98494136E-08
  4.06933689 -2.63316835E-08
  4.30187082 -2.50199612E-08
  4.53440428 -2.7734977E-08
  4.76693773 -1.05576561E-08
  4.99947166 -6.1125661E-08
  5.23200512  7.6567801E-09
  5.46453857 -1.28836533E-08
  5.69707203 -1.05581019E-08
  5.92960596  1.14621912E-09
  6.16213942  2.33746391E-08
  6.39467287  2.61473279E-08
  6.62720633  2.20304361E-08
  6.85973978  1.74172197E-08
  7.09227371  5.22258148E-09
  7.32480717  3.50050167E-09
  7.55734062  2.34625341E-09
  7.78987408  1.57260582E-09
  8.02240753  1.05405862E-09
  8.25494099  7.06495973E-10
  8.48747444  4.73538542E-10
  8.72000885  3.17395943E-10
  8.9525423  2.12740131E-10
  9.18507576  1.42593992E-10
  9.41760921  9.55788226E-11
  9.65014267  6.40680287E-11
  9.88267612  4.29500324E-11
  10.1152096  2.8799213E-11
  10.347743  1.93200837E-11
  10.5802765  1.29749666E-11
  10.8128109  8.73459291E-12
  11.0453444  5.91110494E-12
  11.2778778  4.04649144E-12
  11.5104113  2.83827909E-12
  11.7429447  2.09048122E-12
  11.9754782  1.68179121E-12
  12.2080116  1.54591422E-12
  12.4405451  1.66080853E-12
  12.6730785  2.04511191E-12
  12.9056129  2.76116413E-12
  13.1381464  3.92511848E-12
  13.3706799  5.72579137E-12
  13.6032133  8.45527294E-12
  13.8357468  1.25563362E-11
  14.0682802  1.86942267E-11
  14.3008137  2.78646134E-11
  14.5333471  4.15550788E-11
  14.7658806  6.19864299E-11
  14.998415  9.24729598E-11
  15.2309484  1.37959949E-10
  15.4634819  2.05826273E-10
  15.6960154  3.07080805E-10
  15.9285488  4.58148575E-10
  16.1610832  6.83535228E-10
  16.3936157  1.01980202E-09
  16.6261501  1.52149604E-09
  16.8586826  2.27000108E-09
  17.091217  3.38673534E-09
  17.3237495  5.05285058E-09
  17.556284  7.53861507E-09
  17.7888165  1.12472662E-08
  18.0213509  1.67803869E-08
  18.2538853  2.50355612E-08
  18.4864178  3.73518745E-08
  18.7189522  5.57272415E-08
  18.9514847  8.31424671E-08
  19.1840191  1.24044618E-07
  19.4165516  1.75473417E-07
  19.649086  2.36175879E-07
  19.8816185  3.35189497E-07
  20.1141529  4.59789987E-07
  20.3466873  6.10998427E-07
  20.5792198  7.94152356E-07
  20.8117542  1.06774883E-06
  21.0442886  1.38981045E-06
  21.276823  1.81258042E-06
  21.5093555  2.36625738E-06
  21.74189  3.06389484E-06
  21.9744244  3.98027942E-06
  22.2069588  5.13932491E-06
  22.4394951  6.63309311E-06
  22.6720276  8.5503807E-06
  22.9045639  1.10007059E-05
  23.1370983  1.41416731E-05
  23.3696365  1.8099001E-05
  23.6021729  2.31596641E-05
  23.8347111  2.95496975E-05
  24.0672512  3.76149255E-05
  24.2997932  4.7829024E-05
  24.5323372  6.07265029E-05
  24.764883  7.68646423E-05
  24.9974346  9.70964757E-05
  25.22999  0.000122392521
  25.4625511  0.000153921588
  25.695116  0.000193068161
  25.9276924  0.000241599861
  26.1602802  0.000301474909
  26.3928814  0.000375228177
  26.6255016  0.00046571251
  26.8581371  0.000576313527
  27.0908031  0.000711041794
  27.3234959  0.000874478719
  27.5562305  0.001071929
  27.7890091  0.00130953477
  28.0218449  0.00159403379
  28.2547455  0.00193307339
  28.4877281  0.00233504223
  28.720808  0.00280913594
  28.9539986  0.00336504634
  29.1873245  0.00401275791
  29.4208088  0.00476240786
  29.6544762  0.00562385377
  29.8883533  0.00660599861
  30.1224766  0.00771602895
  30.3568745  0.00895859394
  30.5915871  0.0103344889
  30.8266449  0.0118391113
  31.062088  0.013460895
  31.2979488  0.015179079
  31.5342541  0.0169613175
  31.7710266  0.0187609997
  32.0082703  0.0205145013
  32.2459869  0.0221383013
  32.4841423  0.0235268567
  32.7226753  0.0245510861
  32.9614983  0.0250593871
  33.2004662  0.0248813089
  33.4393997  0.0238361489
  33.6780586  0.0217473768
  33.9161491  0.0184652712
  34.153347  0.0138962809
  34.3892746  0.00803825259
  34.6235809  0.00101500005
  34.8559303 -0.00689642131
  35.086071 -0.0152566172
  35.3139038 -0.0234801583
  35.5394821 -0.0308790244
  35.7630844 -0.0367312394
  35.9852219 -0.0403674915
  36.2066383 -0.0412717909
  36.4282532 -0.0392029434
  36.6511002 -0.034355808
  36.8761864 -0.0275852494
