  0.116266862  1.26495138E-06
  0.348800004  3.47891472E-07
  0.581333339  4.66449194E-07
  0.813867211  5.20723972E-07
  1.0464009 -2.01933901E-08
  1.27893412  6.79357939E-08
  1.5114677  1.16707419E-07
  1.74400127 -2.32229354E-07
  1.97653496  6.84316461E-08
  2.20906854  5.78330344E-08
  2.44160199 -5.47448877E-08
  2.67413545  2.61661839E-08
  2.9066689 -1.07054888E-07
  3.13920259 -9.48409564E-08
  3.37173629  6.15983708E-10
  3.60426998  8.41775289E-08
  3.83680344  1.46082002E-07
  4.06933737  9.22691683E-08
  4.30187082  9.36045481E-08
  4.53440428  1.21810729E-07
  4.76693773  2.14022549E-07
  4.99947166  2.98135859E-07
  5.23200512  3.53959052E-07
  5.46453857  3.93547083E-07
  5.69707203  5.22194455E-07
  5.92960596  6.65257744E-07
  6.16213989  8.5974807E-07
  6.39467382  1.08745019E-06
  6.62720728  1.35017547E-06
  6.85974121  1.66869359E-06
  7.09227562  2.06463938E-06
  7.32480907  2.56527483E-06
  7.55734301  3.18458251E-06
  7.78987741  3.96545147E-06
  8.02241135  4.90980847E-06
  8.25494576  6.04610796E-06
  8.48748112  7.42433986E-06
  8.72001743  9.10496055E-06
  8.9525528  1.11974723E-05
  9.18508816  1.37150873E-05
  9.41762543  1.67399667E-05
  9.65016365  2.04173812E-05
  9.88270092  2.48641372E-05
  10.1152401  3.02450644E-05
  10.3477802  3.67134744E-05
  10.5803223  4.44167308E-05
  10.8128672  5.36738626E-05
  11.0454121  6.48160785E-05
  11.2779608  7.80870323E-05
  11.5105124  9.38840385E-05
  11.7430668  0.000112687943
  11.9756269  0.000134997579
  12.2081909  0.000161458549
  12.4407625  0.000192709049
  12.6733398  0.000229541256
  12.9059286  0.000272771023
  13.138525  0.000323437213
  13.3711338  0.000382731523
  13.6037569  0.00045187521
  13.8363962  0.000532260688
  14.0690536  0.00062541879
  14.301734  0.000733125315
  14.53444  0.000857208972
  14.7671757  0.00099970866
  14.9999456  0.00116281188
  15.2327547  0.00134885591
  15.4656076  0.00156025414
  15.6985111  0.00179957063
  15.9314737  0.00206946628
  16.1644993  0.00237252563
  16.3976002  0.00271125673
  16.6307812  0.00308830547
  16.8640556  0.00350578944
  17.0974312  0.0039657373
  17.3309174  0.00446969084
  17.5645275  0.00501850434
  17.7982693  0.00561244274
  18.0321617  0.00625071581
  18.2662106  0.00693143858
  18.5004234  0.0076513458
  18.7348194  0.00840535853
  18.9693966  0.00918659568
  19.2041721  0.00998594798
  19.4391441  0.0107914694
  19.6743183  0.0115886629
  19.9096889  0.0123597095
  20.1452579  0.0130831841
  20.3810043  0.013734038
  20.6169147  0.0142833758
  20.8529644  0.0146981869
  21.0891171  0.0149417343
  21.3253307  0.0149736349
  21.561552  0.0147507992
  21.7977142  0.0142283309
  22.033741  0.0133607853
  22.2695465  0.0121045522
  22.5050316  0.0104204938
  22.7400799  0.0082768593
  22.9745827  0.00565315224
  23.2084122  0.00254463777
  23.441452 -0.00103405677
  23.6735783 -0.0050448589
  23.9046898 -0.00942324102
  24.1346951 -0.0140767749
  24.3635311 -0.0188857689
  24.5911732 -0.0237056203
  24.8176193 -0.0283718929
  25.0429306 -0.0327080786
  25.2671947 -0.0365343541
  25.4905643 -0.0396778323
  25.7132225 -0.0419835672
  25.9353962 -0.0433247611
  26.1573391 -0.0436127335
  26.3793373 -0.0428051502
  26.6016712 -0.0409132391
  26.8246174 -0.0380057693
  27.0484371 -0.0342117958
  27.2733402 -0.0297193006
  27.4994926 -0.0247693025
  27.726984 -0.0196461491
  27.9558315 -0.014660785
  28.1859493 -0.010128798
  28.4171791 -0.00634334236
  28.6492767 -0.00354384165
  28.8819332 -0.00188618805
  29.1148148 -0.0014139812
  29.3475685 -0.00204116013
  29.579895 -0.00354707334
  29.8115559 -0.00558768213
  30.0424347 -0.00772421341
  30.2725449 -0.00946567673
  30.5020523 -0.0103206914
  30.7312717 -0.00985056814
  30.9606438 -0.00772249419
  31.1907043 -0.00375623815
  31.4220352  0.00203387439
  31.6551991  0.00940566137
  31.8906574  0.0178690627
  32.1287079  0.0266893767
  32.3693733  0.0349312425
  32.6123886  0.0415585861
  32.857132  0.0455945805
  33.1026917  0.0463249609
  33.3479652  0.0434946418
  33.5918617  0.0374264829
  33.8334351  0.0290000662
  34.0721207  0.019477088
  34.3078041  0.0102268346
  34.5408325  0.0024416931
  34.7718964 -0.00308009982
  35.0018845 -0.00605008751
  35.231678 -0.00669998955
  35.4619331 -0.00567909656
  35.6929855 -0.00383193605
  35.9248352 -0.00189834554
  36.157299 -0.000282612629
  36.3901749  0.000916415825
  36.6233788  0.00157680083
  36.8566399  0.00128650025
