  0.116264731 -6.68835526E-07
  0.348799527 -3.3727747E-07
  0.581333101  9.51272398E-07
  0.813867509  5.81065876E-07
  1.0464021  2.08542338E-06
  1.27893674  2.71193835E-06
  1.51147151  3.71697979E-06
  1.74400663  5.44158775E-06
  1.97654212  7.21253991E-06
  2.20907807  9.83475275E-06
  2.44161463  1.26743089E-05
  2.6741519  1.595506E-05
  2.90668964  1.98523794E-05
  3.13922882  2.44922994E-05
  3.37176847  3.01149721E-05
  3.60430956  3.64606385E-05
  3.83685184  4.3695989E-05
  4.06939554  5.21380935E-05
  4.30194092  6.17547339E-05
  4.53448772  7.26098806E-05
  4.76703644  8.48917116E-05
  4.99958801  9.90173285E-05
  5.23214245  0.000115255287
  5.4647007  0.00013430434
  5.69726229  0.000156465045
  5.92983103  0.000182655713
  6.16240549  0.000213470135
  6.39498854  0.000249792502
  6.62758017  0.000292372395
  6.86018229  0.000342003477
  7.0927968  0.000399237848
  7.32542467  0.00046498733
  7.5580678  0.000540323439
  7.79072905  0.00062637782
  8.0234108  0.0007245671
  8.25611591  0.00083620823
  8.48884773  0.000962743943
  8.72161007  0.00110570923
  8.95440674  0.00126675225
  9.18724155  0.0014476158
  9.42011929  0.00164995249
  9.65304565  0.00187556795
  9.88602734  0.00212614122
  10.1190691  0.00240337476
  10.3521776  0.0027088644
  10.5853605  0.00304407417
  10.8186255  0.00341018615
  11.0519781  0.00380800432
  11.285428  0.00423815427
  11.5189829  0.00470074359
  11.7526503  0.00519515947
  11.9864388  0.00572004588
  12.220355  0.00627342332
  12.4544077  0.00685212016
  12.6886024  0.00745200925
  12.922946  0.00806746352
  13.1574392  0.00869143847
  13.392087  0.00931508187
  13.6268883  0.00992790051
  13.8618412  0.0105172396
  14.09694  0.0110683609
  14.3321753  0.0115640387
  14.5675335  0.0119847152
  14.8029947  0.0123083536
  15.038537  0.0125104645
  15.2741289  0.0125642009
  15.5097313  0.0124407588
  15.7453022  0.0121096456
  15.9807873  0.0115395738
  16.2161274  0.0106993001
  16.451252  0.00955868512
  16.6860905  0.00809056405
  16.9205551  0.00627251528
  17.1545601  0.00408883672
  17.3880119  0.00153326988
  17.6208248 -0.00138858519
  17.8529015 -0.00465697423
  18.0841599 -0.00823584385
  18.3145275 -0.0120712072
  18.5439415 -0.0160907581
  18.7723656 -0.0202041063
  18.9997787 -0.0243048519
  19.2261944 -0.0282736253
  19.4516563 -0.0319823027
  19.6762371 -0.035300009
  19.9000435 -0.0380987599
  20.1232185 -0.0402602777
  20.3459282 -0.0416827016
  20.5683594 -0.0422863401
  20.7907333 -0.0420190506
  21.0132637 -0.0408610068
  21.2361794 -0.0388272963
  21.4596958 -0.0359703302
  21.6840191 -0.0323794112
  21.9093189 -0.0281789657
  22.1357384 -0.0235254057
  22.3633766 -0.0186006203
  22.5922794 -0.0136039741
  22.822443 -0.00874228217
  23.0538063 -0.00421853177
  23.2862568 -0.000218058005
  23.5196323  0.00310386531
  23.7537365  0.00563483592
  23.9883404  0.00731628947
  24.2232094  0.00815165136
  24.4581127  0.00821085274
  24.6928463  0.00762884319
  24.9272518  0.00660018669
  25.1612225  0.00536573213
  25.3947372  0.00419542752
  25.6278419  0.00336623937
  25.860672  0.00313835824
  26.0934277  0.00373057043
  26.3263779  0.00529621728
  26.5598221  0.00790323503
  26.7940788  0.0115156863
  27.0294514  0.0159824789
  27.2661839  0.021031836
  27.5044289  0.026275631
  27.7442169  0.0312278029
  27.9854259  0.0353378952
  28.2277603  0.0380440466
  28.4707546  0.0388432629
  28.71381  0.0373721533
  28.9562187  0.0334875062
  29.1972694  0.0273253433
  29.4363098  0.0193205811
  29.6728592  0.0101734884
  29.9066658  0.000763509423
  30.137764 -0.00797064602
  30.3664703 -0.0151562355
  30.5933666 -0.0200949013
  30.8192139 -0.0223423429
  31.0448914 -0.0217602588
  31.2712688 -0.0185457151
  31.4991074 -0.0132380053
  31.7289429 -0.00668776408
  31.9609871  3.33972275E-05
  32.1950836  0.00580132753
  32.4307022  0.009670984
  32.6670837  0.0111104362
  32.9033585  0.0101459455
  33.1387863  0.00734318793
  33.3729134  0.00362478197
  33.6056519 -3.88361514E-06
  33.8372536 -0.00272019766
  34.0682182 -0.00406719744
  34.2991028 -0.00402364274
  34.5303726 -0.00295243459
  34.7622643 -0.00143890548
  34.9947586 -5.67063689E-05
  35.2276459  0.00084481854
  35.4606857  0.00121392752
  35.6937065  0.00118490483
  35.9266396  0.00087709527
  36.1594238  0.000310818432
  36.3919029 -0.000413996167
  36.6239967 -0.000838296488
  36.8560753 -0.000394127797
