  0.116266437  2.14899885E-08
  0.348800093 -1.44546121E-07
  0.581333756 -9.70943717E-08
  0.81386745 -2.77789987E-08
  1.04640102 -3.40441453E-10
  1.2789346 -4.78942113E-08
  1.51146817  2.73779754E-08
  1.74400175 -1.40314498E-08
  1.9765352  1.78361592E-09
  2.20906878  1.48947921E-08
  2.44160247  4.76149644E-08
  2.67413592  2.45720457E-08
  2.90666938  5.1391801E-08
  3.13920307 -7.02933534E-09
  3.37173653 -1.79080875E-08
  3.60427022 -9.92260851E-09
  3.83680367  6.85487933E-09
  4.06933737  1.19110224E-08
  4.30187082  4.95136163E-08
  4.53440428  3.61578607E-08
  4.76693773  9.62471347E-09
  4.99947166 -2.71367782E-08
  5.23200512 -1.45040069E-08
  5.46453857 -6.59995436E-09
  5.69707203 -2.9598354E-08
  5.92960596 -3.83318017E-08
  6.16213942 -1.52817137E-08
  6.39467287 -3.04321901E-09
  6.62720633  4.78957674E-09
  6.85973978  1.19961037E-08
  7.09227371 -1.76921446E-08
  7.32480717 -1.18583579E-08
  7.55734062 -7.94821275E-09
  7.78987408 -5.32738831E-09
  8.02240753 -3.57074725E-09
  8.25494099 -2.39333664E-09
  8.48747444 -1.60416413E-09
  8.72000885 -1.07521037E-09
  8.9525423 -7.20673077E-10
  9.18507576 -4.8303983E-10
  9.41760921 -3.23763516E-10
  9.65014267 -2.17006468E-10
  9.88267612 -1.45451234E-10
  10.1152096 -9.74905018E-11
  10.347743 -6.53441884E-11
  10.5802765 -4.37977363E-11
  10.8128109 -2.93559829E-11
  11.0453444 -1.96762016E-11
  11.2778778 -1.31882161E-11
  11.5104113 -8.83956276E-12
  11.7429447 -5.92482573E-12
  11.9754782 -3.97118883E-12
  12.2080116 -2.66173585E-12
  12.4405451 -1.78406118E-12
  12.6730785 -1.19578869E-12
  12.9056129 -8.01491035E-13
  13.1381464 -5.37207973E-13
  13.3706799 -3.60068475E-13
  13.6032133 -2.4133744E-13
  13.8357468 -1.61755375E-13
  14.0682802 -1.08412397E-13
  14.3008137 -7.26556537E-14
  14.5333471 -4.86847569E-14
  14.7658806 -3.26112902E-14
  14.998415 -2.182789E-14
  15.2309484 -1.45853043E-14
  15.4634819 -9.70868317E-15
  15.6960154 -6.40696907E-15
  15.9285488 -4.14455847E-15
  16.1610832 -2.55446333E-15
  16.3936157 -1.37873925E-15
  16.6261501 -4.26668707E-16
  16.8586826  4.56189499E-16
  17.091217  1.41304831E-15
  17.3237495  2.59912568E-15
  17.556284  4.20681963E-15
  17.7888165  6.49692905E-15
  18.0213509  9.84093551E-15
  18.2538853  1.47813043E-14
  18.4864178  2.21194252E-14
  18.7189522  3.30456487E-14
  18.9514847  4.93324118E-14
  19.1840191  7.36216508E-14
  19.4165516  1.09853438E-13
  19.649086  1.63905239E-13
  19.8816185  2.4454489E-13
  20.1141529  3.64853655E-13
  20.3466873  5.44347228E-13
  20.5792198  8.12142237E-13
  20.8117542  1.21167985E-12
  21.0442867  1.80777051E-12
  21.2768211  2.69710903E-12
  21.5093536  4.02396172E-12
  21.741888  6.00356136E-12
  21.9744205  8.95703303E-12
  22.206955  1.3363477E-11
  22.4394894  1.99376765E-11
  22.6720219  2.97460875E-11
  22.9045563  4.43797568E-11
  23.1370888  6.62125493E-11
  23.3696232  9.87859933E-11
  23.6021557  1.47384105E-10
  23.8346901  2.19890189E-10
  24.0672226  3.28065852E-10
  24.299757  4.89458918E-10
  24.5322914  7.3024975E-10
  24.7648239  1.08949871E-09
  24.9973583  1.62548131E-09
  25.2298908  2.42514142E-09
  25.4624252  3.61819774E-09
  25.6949577  5.39818323E-09
  25.9274921  8.05383493E-09
  26.1600246  1.20159438E-08
  26.3925591  1.79272277E-08
  26.6250935  2.67465801E-08
  26.857626  3.99046556E-08
  27.0901604  5.95358784E-08
  27.3226929  8.88247342E-08
  27.5552273  1.32522388E-07
  27.7877598  1.88121788E-07
  28.0202942  2.74237436E-07
  28.2528267  3.85647809E-07
  28.4853611  5.30829936E-07
  28.7178955  7.52525807E-07
  28.950428  1.02912497E-06
  29.1829624  1.41509213E-06
  29.4154968  1.94425115E-06
  29.6480312  2.65446261E-06
  29.8805637  3.67053417E-06
  30.1131001  5.03254523E-06
  30.3456326  6.86548901E-06
  30.578167  9.36115248E-06
  30.8107014  1.27612693E-05
  31.0432396  1.73775334E-05
  31.2757778  2.36134001E-05
  31.5083122  3.19911524E-05
  31.7408524  4.32654633E-05
  31.9733925  5.84595546E-05
  32.2059402  7.88104953E-05
  32.438488  0.000105999046
  32.6710434  0.000142297722
  32.9036026  0.000190547027
  33.1361732  0.000254549814
  33.3687592  0.000339191582
  33.6013603  0.000450804713
  33.8339844  0.000597452628
  34.0666389  0.00078942359
  34.2993355  0.00103977416
  34.5320854  0.00136505533
  34.764904  0.00178579683
  34.9978142  0.00232752459
  35.2308464  0.00302169053
  35.4640312  0.00390658434
  35.6974144  0.00502828183
  35.9310608  0.00644170307
  36.1650391  0.00821131188
  36.3994331  0.0104114814
  36.6343613  0.0131263454
  36.869957  0.0164485648
