  0.116266482 -7.16177055E-08
  0.348800004 -3.33055219E-08
  0.581333578  5.77622679E-08
  0.813867271  7.73846836E-08
  1.0464009 -1.44787819E-07
  1.27893448 -5.40455929E-08
  1.51146805 -4.18233093E-08
  1.74400163  2.80335648E-08
  1.9765352 -1.71908319E-08
  2.20906878  9.2872483E-09
  2.44160271 -7.12756254E-09
  2.67413616 -1.70227388E-08
  2.90666938 -2.67441003E-08
  3.13920307 -4.90922076E-08
  3.37173653  7.75386155E-09
  3.60427022 -3.12989243E-08
  3.83680367 -4.72622759E-08
  4.06933737 -3.46320874E-08
  4.30187082 -2.80497137E-08
  4.53440428 -1.09519505E-09
  4.76693773  1.1191009E-08
  4.99947166 -5.31652518E-08
  5.23200512 -2.68050826E-09
  5.46453857 -1.57117483E-08
  5.69707203 -4.12778434E-09
  5.92960596 -1.15585053E-08
  6.16213942  3.75852949E-09
  6.39467287  4.07395495E-09
  6.62720633 -2.42345521E-09
  6.85973978 -1.20586598E-08
  7.09227371  2.40616913E-08
  7.32480717  1.61276859E-08
  7.55734062  1.08097815E-08
  7.78987408  7.24539007E-09
  8.02240753  4.85631269E-09
  8.25494099  3.25500205E-09
  8.48747444  2.18170593E-09
  8.72000885  1.46231471E-09
  8.9525423  9.80134862E-10
  9.18507576  6.56947385E-10
  9.41760921  4.40326886E-10
  9.65014267  2.95134583E-10
  9.88267612  1.9781754E-10
  10.1152096  1.32589689E-10
  10.347743  8.88698698E-11
  10.5802765  5.95661437E-11
  10.8128109  3.9924973E-11
  11.0453444  2.67602641E-11
  11.2778778  1.79364891E-11
  11.5104113  1.20222807E-11
  11.7429447  8.058278E-12
  11.9754782  5.40145359E-12
  12.2080116  3.62082846E-12
  12.4405451  2.42755815E-12
  12.6730785  1.62807615E-12
  12.9056129  1.09269234E-12
  13.1381464  7.34560633E-13
  13.3706799  4.95586428E-13
  13.6032133  3.37003591E-13
  13.8357468  2.33088153E-13
  14.0682802  1.66983235E-13
  14.3008137  1.27965509E-13
  14.5333471  1.09705857E-13
  14.7658806  1.09242185E-13
  14.998415  1.26499316E-13
  15.2309484  1.64276524E-13
  15.4634819  2.28702013E-13
  15.6960154  3.30226406E-13
  15.9285488  4.85318816E-13
  16.1610832  7.19137423E-13
  16.3936157  1.06961141E-12
  16.6261501  1.59359288E-12
  16.8586826  2.37607937E-12
  17.091217  3.54400407E-12
  17.3237495  5.28682046E-12
  17.556284  7.88724294E-12
  17.7888165  1.17670977E-11
  18.0213509  1.75557589E-11
  18.2538853  2.61922359E-11
  18.4864178  3.90774912E-11
  18.7189522  5.83017384E-11
  18.9514847  8.69834343E-11
  19.1840191  1.29775191E-10
  19.4165516  1.93618455E-10
  19.649086  2.8886965E-10
  19.8816185  4.30980085E-10
  20.1141529  6.43001985E-10
  20.3466873  9.59329061E-10
  20.5792198  1.43127421E-09
  20.8117542  2.13539408E-09
  21.0442867  3.18590754E-09
  21.2768211  4.75322626E-09
  21.5093536  7.09159043E-09
  21.741888  1.05803206E-08
  21.9744205  1.57853428E-08
  22.206955  2.35510029E-08
  22.4394894  3.5136992E-08
  22.6720219  5.24227488E-08
  22.9045563  7.82122811E-08
  23.1370888  1.16689037E-07
  23.3696232  1.64499284E-07
  23.6021557  2.38993778E-07
  23.8346901  3.33065941E-07
  24.0672226  4.52380107E-07
  24.299757  5.97100552E-07
  24.5322914  8.09893322E-07
  24.7648239  1.1060871E-06
  24.9973602  1.46655975E-06
  25.2298927  1.95938287E-06
  25.4624271  2.61652167E-06
  25.6949596  3.46781462E-06
  25.927496  4.60337696E-06
  26.1600285  6.07308175E-06
  26.3925648  8.04817864E-06
  26.6250992  1.05803974E-05
  26.8576336  1.39173935E-05
  27.0901718  1.82454787E-05
  27.3227081  2.38637804E-05
  27.5552464  3.11560216E-05
  27.7877865  4.05951541E-05
  28.0203304  5.28202654E-05
  28.2528725  6.85865962E-05
  28.4854221  8.88211798E-05
  28.7179737  0.000114802024
  28.950531  0.000147991581
  29.1830959  0.000190341379
  29.4156704  0.000244196999
  29.6482563  0.000312381977
  29.8808575  0.000398523116
  30.1134777  0.000506893091
  30.3461208  0.00064273359
  30.5787983  0.000812401762
  30.8115101  0.00102337275
  31.0442715  0.00128452748
  31.2770939  0.00160629652
  31.5099888  0.00200069323
  31.7429771  0.00248152576
  31.976078  0.00306445663
  32.2093163  0.00376664335
  32.4427261  0.00460677175
  32.6763306  0.00560448039
  32.9101906  0.0067797252
  33.1443329  0.00815156288
  33.3788185  0.00973662827
  33.6137085  0.0115467841
  33.8490562  0.0135859763
  34.0849342  0.0158461574
  34.3214035  0.0183018036
  34.5585365  0.0209029876
  34.7963715  0.0235666614
  35.0349503  0.0261662602
  35.2742653  0.0285203047
  35.5142708  0.0303811431
  35.7548447  0.0314265974
  35.9957733  0.0312606692
  36.2367249  0.0294318981
  36.4771957  0.0254823249
  36.7165527  0.0190413818
  36.9539948  0.00997247547
