 -0.115384616  0.
  0.115384616  0.000321178552
  0.346153855  0.00052422093
  0.576923072  0.000823704584
  0.807692289  0.00126505259
  1.03846157  0.00189983798
  1.26923084  0.00278631132
  1.5  0.00398999592
  1.73076928  0.00557809649
  1.96153855  0.00761045143
  2.19230771  0.0101286918
  2.42307687  0.0131442724
  2.65384626  0.0166245662
  2.88461542  0.0204765014
  3.11538458  0.0245407242
  3.34615397  0.0285888407
  3.57692313  0.0323276781
  3.80769229  0.0354172811
  4.03846169  0.0375014991
  4.26923084  0.0382430069
  4.5  0.0373632833
  4.73076916  0.0346897505
  4.96153831  0.0301874559
  5.19230795  0.0239772163
  5.42307711  0.0163377766
  5.65384626  0.00769041851
  5.88461542 -0.00143916509
  6.11538458 -0.0104787098
  6.34615374 -0.0188648254
  6.57692337 -0.0260991212
  6.80769253 -0.031804096
  7.03846169 -0.0357515663
  7.26923084 -0.0378728956
  7.5 -0.0382549725
  7.73076916 -0.0371183567
  7.96153879 -0.03477538
  8.19230747 -0.0315917991
  8.42307663 -0.0279497746
  8.65384579 -0.0242106039
  8.88461494 -0.0206913017
  9.1153841 -0.0176532138
  9.34615326 -0.0152966324
  9.57692242 -0.0137599772
  9.80769157 -0.0131266471
  10.0384607 -0.0134298122
  10.2692308 -0.0146541176
  10.5 -0.0167341828
  10.7307692 -0.0195508506
  10.9615383 -0.0229262374
  11.1923075 -0.0266213547
  11.4230766 -0.0303375553
  11.6538458 -0.033726085
  11.8846149 -0.0364097729
  12.1153841 -0.0380127467
  12.3461533 -0.0381975248
  12.5769224 -0.0367079154
  12.8076916 -0.0334077626
  13.0384607 -0.0283069611
  13.2692308 -0.0215759855
  13.5 -0.0135452058
  13.7307692 -0.00467526307
  13.9615383  0.00448906375
  14.1923075  0.013370825
  14.4230766  0.0214199405
  14.6538458  0.0281756949
  14.8846149  0.0333053581
  15.1153841  0.0366283022
  15.3461533  0.0381279625
  15.5769224  0.0379331373
  15.8076916  0.0362874418
  16.0384617  0.0335122868
  16.2692299  0.0299628787
  16.5  0.0259879213
  16.7307682  0.0218990501
  16.9615383  0.0179502554
  17.1923065  0.0143252527
  17.4230766  0.0111387828
  17.6538467  0.00844367966
  17.8846149  0.00624304498
  18.1153851  0.00450423453
  18.3461533  0.00317210006
  18.5769234  0.00218112953
  18.8076916  0.00146466878
  19.0384617  0.000961081241
  19.2692299  0.000616072502
  19.5  0.000385754538
  19.7307682  0.000236156615
  19.9615383  0.000141549404
  20.1923065  8.26893229E-05
  20.4230766  4.72673128E-05
  20.6538467  2.6589194E-05
  20.8846149  1.44516944E-05
  21.1153851  7.75416265E-06
  21.3461533  3.97880285E-06
  21.5769234  1.90954574E-06
  21.8076916  1.02006959E-06
  22.0384617  4.39177313E-07
  22.2692299  3.14237639E-07
  22.5  2.71213651E-07
  22.7307682 -2.61217559E-09
  22.9615383 -1.7581522E-08
  23.1923065  9.36826616E-09
  23.4230766 -2.70629985E-09
  23.6538467  2.31306668E-10
  23.8846149  2.63280397E-10
  24.1153851 -1.66578001E-10
  24.3461533  5.38053872E-11
  24.5769234 -7.3479868E-12
  24.8076916 -3.64797212E-12
  25.0384617  2.89747154E-12
  25.2692299 -1.04298634E-12
  25.5  1.8658889E-13
  25.7307682  4.40992559E-14
  25.9615383 -4.91669998E-14
  26.1923065  1.97745839E-14
  26.4230766 -4.27058088E-15
  26.6538467 -3.82930308E-16
  26.8846149  8.1020766E-16
  27.1153851 -3.67316843E-16
  27.3461533  9.18870672E-17
  27.5769234 -6.23906405E-19
  27.8076916 -1.28709188E-17
  28.0384617  6.68840293E-18
  28.2692299 -1.89504948E-18
  28.5  1.43518473E-19
  28.7307682  1.94648342E-19
  28.9615383 -1.19147225E-19
  29.1923065  3.7357958E-20
  29.4230766 -4.39925063E-21
  29.6538467 -9.72567703E-22
