 -0.116267189  0.
  0.116266437  2.92766487E-08
  0.348800063 -1.67340293E-08
  0.581333756 -3.6666524E-08
  0.81386745 -1.93526315E-08
  1.04640102  4.19250838E-08
  1.2789346 -7.96351287E-08
  1.51146817  5.11112113E-08
  1.74400175 -2.23089831E-08
  1.9765352 -2.08066915E-08
  2.20906878 -5.76945247E-08
  2.44160247  4.46939659E-08
  2.67413592 -5.67485117E-08
  2.90666938  1.3391579E-07
  3.13920307  2.68550497E-08
  3.37173653 -2.11208189E-08
  3.60427022 -4.73331632E-08
  3.83680367 -1.51560631E-08
  4.06933737 -1.19346382E-07
  4.30187082  4.47438246E-08
  4.53440428  9.3524001E-08
  4.76693773  1.35760814E-07
  4.99947166 -4.86146625E-08
  5.23200512 -3.14920712E-08
  5.46453857  9.42041538E-08
  5.69707203  3.65169264E-08
  5.92960596 -9.77351036E-08
  6.16213942 -5.23279873E-08
  6.39467287 -3.36283748E-08
  6.62720633 -3.09840011E-08
  6.85973978  1.27672408E-07
  7.09227371 -2.50878216E-08
  7.32480717 -1.68154219E-08
  7.55734062 -1.12707434E-08
  7.78987408 -7.55435448E-09
  8.02240753 -5.06339903E-09
  8.25494099 -3.39380568E-09
  8.48747444 -2.27473973E-09
  8.72000885 -1.52467239E-09
  8.9525423 -1.02193032E-09
  9.18507576 -6.84961421E-10
  9.41760921 -4.59103811E-10
  9.65014267 -3.07719961E-10
  9.88267612 -2.06253084E-10
  10.1152096 -1.38243653E-10
  10.347743 -9.26595051E-11
  10.5802765 -6.21061744E-11
  10.8128109 -4.16274237E-11
  11.0453444 -2.79012907E-11
  11.2778778 -1.8701183E-11
  11.5104113 -1.25346981E-11
  11.7429447 -8.40153554E-12
  11.9754782 -5.63123203E-12
  12.2080116 -3.7744031E-12
  12.4405451 -2.52984092E-12
  12.6730785 -1.69565805E-12
  12.9056129 -1.13653737E-12
  13.1381464 -7.61780721E-13
  13.3706799 -5.10596719E-13
  13.6032133 -3.42239556E-13
  13.8357468 -2.29398911E-13
  14.0682802 -1.53770348E-13
  14.3008137 -1.03085719E-13
  14.5333471 -6.91232011E-14
  14.7658806 -4.63735428E-14
  14.998415 -3.11463942E-14
  15.2309484 -2.09716769E-14
  15.4634819 -1.41988929E-14
  15.6960154 -9.7293872E-15
  15.9285488 -6.83814018E-15
  16.1610832 -5.05614507E-15
  16.3936157 -4.09433577E-15
  16.6261501 -3.79669135E-15
  16.8586826 -4.11492926E-15
  17.091217 -5.10067274E-15
  17.3237495 -6.91382427E-15
  17.556284 -9.84850459E-15
  17.7888165 -1.43807661E-14
  18.0213509 -2.12458106E-14
  18.2538853 -3.1557256E-14
  18.4864178 -4.69877806E-14
  18.7189522 -7.00404497E-14
  18.9514847 -1.04454768E-13
  19.1840191 -1.55813283E-13
  19.4165516 -2.32447118E-13
  19.649086 -3.46787513E-13
  19.8816185 -5.17382198E-13
  20.1141529 -7.71904296E-13
  20.3466873 -1.15164128E-12
  20.5792198 -1.71819232E-12
  20.8117542 -2.56346095E-12
  21.0442867 -3.82456263E-12
  21.2768211 -5.706068E-12
  21.5093536 -8.51318582E-12
  21.741888 -1.27012741E-11
  21.9744205 -1.89497064E-11
  22.206955 -2.82720757E-11
  22.4394894 -4.21806132E-11
  22.6720219 -6.29315003E-11
  22.9045563 -9.38908534E-11
  23.1370888 -1.40080766E-10
  23.3696232 -2.08993947E-10
  23.6021557 -3.1180919E-10
  23.8346901 -4.65204708E-10
  24.0672226 -6.9406364E-10
  24.299757 -1.03551057E-09
  24.5322914 -1.54493329E-09
  24.7648239 -2.30496822E-09
  24.9973583 -3.43890494E-09
  25.2298908 -5.13068521E-09
  25.4624252 -7.65474262E-09
  25.6949577 -1.14205179E-08
  25.9274921 -1.70388788E-08
  26.1600246 -2.54212082E-08
  26.3925591 -3.79272542E-08
  26.6250935 -5.65856872E-08
  26.857626 -8.44231991E-08
  27.0901604 -1.25955467E-07
  27.3226929 -1.87919667E-07
  27.5552273 -2.39102604E-07
  27.7877598 -3.70336494E-07
  28.0202942 -4.79115329E-07
  28.2528267 -6.24349354E-07
  28.4853611 -9.53392089E-07
  28.7178955 -1.18950163E-06
  28.950428 -1.65983192E-06
  29.1829624 -2.27561941E-06
  29.4154968 -3.054226E-06
  29.6480312 -4.3695436E-06
  29.8805637 -5.85723501E-06
  30.1131001 -7.88242596E-06
  30.3456326 -1.07323804E-05
  30.5781689 -1.46218345E-05
  30.8107033 -1.98516409E-05
  31.0432415 -2.68163112E-05
  31.2757797 -3.60267768E-05
  31.508316 -4.84821685E-05
  31.7408581 -6.53368043E-05
  31.9734001 -8.7509914E-05
  32.2059479 -0.00011690781
  32.4384995 -0.000156073467
  32.6710587 -0.000207444406
  32.9036255 -0.000275152648
  33.1362038 -0.000363840605
  33.3687973 -0.000479707494
  33.6014137 -0.00063016091
  33.834053 -0.00082470139
  34.0667305 -0.00107512344
  34.2994537 -0.00139626884
  34.5322418 -0.00180494646
  34.76511 -0.00232213736
  34.9980812 -0.00297251134
  35.2311935 -0.00378418644
  35.4644814 -0.00478860643
  35.6979942 -0.00602067215
  35.9318047 -0.00751661416
  36.1659851 -0.00931196939
  36.4006348 -0.0114383465
  36.6358757 -0.0139177851
  36.8718567 -0.0167549625
