 -0.116267078  0.
  0.116266474 -6.75547707E-09
  0.348800004 -3.2115409E-08
  0.581333578 -1.03798765E-08
  0.813867271  1.56699969E-07
  1.0464009 -8.00015485E-08
  1.27893448 -1.29307152E-08
  1.51146805 -8.62235439E-08
  1.74400163  6.37942108E-08
  1.9765352 -4.20191775E-08
  2.20906878  2.8943747E-08
  2.44160271  1.9192651E-08
  2.67413616  2.05696491E-08
  2.90666938  5.1227488E-08
  3.13920307 -1.4032895E-07
  3.37173653  1.03290859E-07
  3.60427022  4.50363338E-08
  3.83680367 -3.785971E-08
  4.06933737 -2.08917257E-08
  4.30187082 -9.03019099E-08
  4.53440428 -4.33063185E-08
  4.76693773  2.37668431E-07
  4.99947166 -1.94280645E-07
  5.23200512  5.19203809E-08
  5.46453857 -4.74494577E-08
  5.69707203  3.10698844E-08
  5.92960596 -6.49460361E-08
  6.16213942 -1.348615E-09
  6.39467287  2.78952133E-08
  6.62720633  4.14258956E-08
  6.85973978 -1.55333282E-07
  7.09227371  3.41201094E-08
  7.32480717  2.28694237E-08
  7.55734062  1.53285136E-08
  7.78987408  1.02741247E-08
  8.02240753  6.88635815E-09
  8.25494099  4.61566652E-09
  8.48747444  3.09370707E-09
  8.72000885  2.0735953E-09
  8.9525423  1.38985257E-09
  9.18507576  9.31565713E-10
  9.41760921  6.2439337E-10
  9.65014267  4.18507284E-10
  9.88267612  2.80509643E-10
  10.1152096  1.88014992E-10
  10.347743  1.2601932E-10
  10.5802765  8.44659412E-11
  10.8128109  5.6614248E-11
  11.0453444  3.79462711E-11
  11.2778778  2.54337662E-11
  11.5104113  1.70470148E-11
  11.7429447  1.14255549E-11
  11.9754782  7.65749703E-12
  12.2080116  5.13160521E-12
  12.4405451  3.43813888E-12
  12.6730785  2.302392E-12
  12.9056129  1.54012914E-12
  13.1381464  1.02769908E-12
  13.3706799  6.81977695E-13
  13.6032133  4.46883768E-13
  13.8357468  2.84281306E-13
  14.0682802  1.67793703E-13
  14.3008137  7.85248738E-14
  14.5333471  1.99399793E-15
  14.7658806 -7.42134219E-14
  14.998415 -1.62459415E-13
  15.2309484 -2.77058839E-13
  15.4634819 -4.36601493E-13
  15.6960154 -6.66967675E-13
  15.9285488 -1.00552639E-12
  16.1610832 -1.50719714E-12
  16.3936157 -2.25335874E-12
  16.6261501 -3.36504999E-12
  16.8586826 -5.02260473E-12
  17.091217 -7.494904E-12
  17.3237495 -1.11829938E-11
  17.556284 -1.66851394E-11
  17.7888165 -2.48938752E-11
  18.0213509 -3.71407835E-11
  18.2538853 -5.54125044E-11
  18.4864178 -8.26729865E-11
  18.7189522 -1.23344321E-10
  18.9514847 -1.84024018E-10
  19.1840191 -2.74555267E-10
  19.4165516 -4.09623641E-10
  19.649086 -6.11139306E-10
  19.8816185 -9.11791309E-10
  20.1141529 -1.36034994E-09
  20.3466873 -2.02957851E-09
  20.5792198 -3.02803627E-09
  20.8117542 -4.51768845E-09
  21.0442867 -6.74017997E-09
  21.2768211 -1.00560333E-08
  21.5093536 -1.50031312E-08
  21.741888 -2.23839702E-08
  21.9744205 -3.33958354E-08
  22.206955 -4.98250294E-08
  22.4394894 -7.43366186E-08
  22.6720219 -1.10906761E-07
  22.9045563 -1.65467696E-07
  23.1370888 -2.05605303E-07
  23.3696232 -3.2036013E-07
  23.6021557 -4.04552878E-07
  23.8346901 -5.13105704E-07
  24.0672226 -6.22362734E-07
  24.299757 -9.15106398E-07
  24.5322914 -1.27376529E-06
  24.7648239 -1.55019586E-06
  24.9973602 -2.11935799E-06
  25.2298927 -2.82599103E-06
  25.4624271 -3.66092877E-06
  25.6949596 -4.88340766E-06
  25.927496 -6.32035471E-06
  26.1600285 -8.49372555E-06
  26.3925648 -1.08895292E-05
  26.6251011 -1.43503376E-05
  26.8576355 -1.86122888E-05
  27.0901737 -2.41604812E-05
  27.32271 -3.13585806E-05
  27.5552502 -4.05903957E-05
  27.7877903 -5.25697433E-05
  28.0203362 -6.77961216E-05
  28.2528801 -8.70072254E-05
  28.4854317 -0.000111711495
  28.7179871 -0.00014270017
  28.9505482 -0.000182074131
  29.1831188 -0.000231522616
  29.415699 -0.000293093908
  29.6482925 -0.000370231195
  29.8809032 -0.000465693971
  30.1135368 -0.000583620509
  30.3461952 -0.000728763349
  30.5788918 -0.000905870285
  30.8116283 -0.00112088595
  31.0444202 -0.00138033519
  31.2772789 -0.00169081346
  31.5102196 -0.00205974304
  31.7432632 -0.00249467907
  31.9764309 -0.00300146989
  32.2097511 -0.00358593627
  32.4432564 -0.00425113132
  32.6769791 -0.00499717658
  32.9109726 -0.0058186478
  33.1452751 -0.00670344802
  33.3799438 -0.00762932096
  33.6150398 -0.00856087171
  33.8506241 -0.00944615994
  34.0867615 -0.0102115348
  34.3235168 -0.0107569043
  34.5609474 -0.0109498836
  34.7990913 -0.0106202895
  35.0379677 -0.00955780502
  35.2775574 -0.00751193333
  35.5177765 -0.0042003789
  35.7584724  0.000664694293
  35.999382  0.00732498011
  36.2401199  0.0158816464
  36.4801369  0.0261423588
  36.71875  0.0374048315
  36.9551468  0.048200015
