 -0.116267703  0.
  0.116266161  3.67234811E-08
  0.348800033 -2.75857239E-08
  0.581333458  3.43095863E-08
  0.81386739 -8.98718824E-08
  1.0464009  1.93493577E-07
  1.27893436 -1.77567713E-07
  1.51146793  4.59344776E-08
  1.74400139  1.34266472E-07
  1.97653484  6.34024033E-08
  2.20906854 -1.89933004E-07
  2.44160223 -1.44807487E-07
  2.67413568 -4.36333778E-08
  2.90666914 -1.38279603E-07
  3.13920307  1.23397683E-07
  3.37173653 -9.76240813E-08
  3.60426998 -1.21499497E-07
  3.83680344 -2.26784689E-08
  4.06933737  8.88494078E-09
  4.30187082  1.37074437E-07
  4.53440428  9.48541015E-08
  4.76693773  2.3294055E-07
  4.99947166 -2.37566752E-07
  5.23200512 -4.86119802E-08
  5.46453857  8.49799378E-08
  5.69707203  1.22196999E-08
  5.92960596 -8.55675975E-09
  6.16213942 -7.8368366E-08
  6.39467287 -1.69814633E-08
  6.62720633  5.12518472E-10
  6.85973978  4.02723188E-08
  7.09227371 -7.80045861E-10
  7.32480717 -5.22973165E-10
  7.55734062 -3.5073483E-10
  7.78987408 -2.35391096E-10
  8.02240753 -1.58231456E-10
  8.25494099 -1.06739423E-10
  8.48747444 -7.25621646E-11
  8.72000885 -5.01556123E-11
  8.9525423 -3.58850831E-11
  9.18507576 -2.74356735E-11
  9.41760921 -2.34367525E-11
  9.65014267 -2.32396376E-11
  9.88267612 -2.68123544E-11
  10.1152096 -3.47344549E-11
  10.347743 -4.82910205E-11
  10.5802765 -6.96811359E-11
  10.8128109 -1.02374616E-10
  11.0453444 -1.51674867E-10
  11.2778778 -2.25579111E-10
  11.5104113 -3.36075806E-10
  11.7429447 -5.01089226E-10
  11.9754782 -7.47387041E-10
  12.2080116 -1.11492271E-09
  12.4405451 -1.66331604E-09
  12.6730785 -2.48152521E-09
  12.9056129 -3.70227626E-09
  13.1381464 -5.52359447E-09
  13.3706799 -8.24092528E-09
  13.6032133 -1.22950619E-08
  13.8357468 -1.83436484E-08
  14.0682802 -2.73678573E-08
  14.3008137 -4.08315586E-08
  14.5333471 -6.09187722E-08
  14.7658806 -9.08879585E-08
  14.998415 -1.35600587E-07
  15.2309484 -2.02309749E-07
  15.4634819 -2.60571994E-07
  15.6960154 -3.19838392E-07
  15.9285488 -3.897228E-07
  16.1610832 -4.81561642E-07
  16.3936157 -6.92782123E-07
  16.6261501 -8.92588673E-07
  16.8586826 -1.11339295E-06
  17.091217 -1.30848377E-06
  17.3237514 -1.71583144E-06
  17.5562859 -2.1126616E-06
  17.7888184 -2.68714189E-06
  18.0213528 -3.61499292E-06
  18.2538891 -4.46902231E-06
  18.4864216 -5.59409455E-06
  18.7189579 -7.00765986E-06
  18.9514923 -8.85650206E-06
  19.1840286 -1.11929567E-05
  19.416563 -1.39834119E-05
  19.6490993 -1.74742363E-05
  19.8816376 -2.17365796E-05
  20.1141758 -2.71318404E-05
  20.3467159 -3.36275298E-05
  20.5792561 -4.18236523E-05
  20.8118 -5.16470936E-05
  21.0443459 -6.38666097E-05
  21.2768955 -7.86082892E-05
  21.5094471 -9.66140506E-05
  21.7420044 -0.000118413242
  21.9745655 -0.000144573685
  22.2071362 -0.000176124435
  22.4397163 -0.000214021929
  22.6723042 -0.000259470893
  22.9049053 -0.0003129658
  23.1375217 -0.000376601267
  23.3701572 -0.000451773172
  23.6028137 -0.000540069363
  23.8355007 -0.000642995175
  24.0682163 -0.000762596086
  24.300972 -0.000900972576
  24.5337734 -0.00105918862
  24.7666283 -0.00124030828
  24.9995461 -0.00144532952
  25.2325382 -0.00167568505
  25.46562 -0.0019324735
  25.698801 -0.0022158497
  25.9320984 -0.00252542528
  26.1655312 -0.00285951374
  26.3991165 -0.00321565941
  26.6328773 -0.00358822779
  26.8668327 -0.00397093641
  27.1010094 -0.00435467763
  27.3354263 -0.00472655986
  27.5701122 -0.00507172057
  27.8050861 -0.00537007954
  28.0403748 -0.00559830759
  28.2759933 -0.00572831975
  28.5119572 -0.00572739728
  28.7482719 -0.00555852149
  28.9849358 -0.00517912209
  29.2219391 -0.00454394706
  29.4592495 -0.0036059909
  29.696825 -0.00231713546
  29.9345951 -0.000633873162
  30.1724701  0.0014794725
  30.4103298  0.00404197723
  30.6480255  0.00704943156
  30.8853779  0.0104603115
  31.1221848  0.0141878333
  31.3582153  0.0180839561
  31.5932293  0.0219346136
  31.8269939  0.0254539642
  32.0592842  0.0282959994
  32.2899284  0.0300752465
  32.5188065  0.0304092355
  32.7458916  0.0289680287
  32.9712601  0.0255398508
  33.1950912  0.020089874
  33.4176941  0.0128138885
  33.6394806  0.00416387338
  33.8609505 -0.00514634885
  34.0826569 -0.0141767813
  34.3051834 -0.0218306929
  34.5290565 -0.0269676391
  34.7546921 -0.0285583138
  34.9823036 -0.0258817542
  35.2118492 -0.0187628716
  35.4429245 -0.00781892892
  35.6748047  0.00535622565
  35.9064941  0.0181767978
  36.1369514  0.0274098217
  36.3653259  0.0300125796
  36.5912971  0.0244722925
  36.8152962  0.012470183
