 -0.116268106  0.
  0.116265699 -3.92716224E-08
  0.348799497  2.08108499E-08
  0.581332862  8.22341235E-08
  0.813866675 -2.84627475E-07
  1.04640031  3.41665896E-08
  1.27893388 -7.76787612E-09
  1.51146758 -3.92820311E-07
  1.74400115  2.55918593E-07
  1.97653472  1.31723098E-07
  2.2090683 -8.99461199E-08
  2.44160199 -1.30846018E-07
  2.67413545  1.16007008E-07
  2.9066689 -2.59415529E-08
  3.13920283  1.87131533E-07
  3.37173629  4.58417517E-08
  3.60426998 -8.37987528E-08
  3.83680344  2.73034502E-08
  4.06933737 -1.30557979E-07
  4.30187082 -9.60015285E-08
  4.53440428 -1.93819076E-07
  4.76693773  1.47750512E-07
  4.99947166 -2.54572257E-08
  5.23200512  1.02264764E-07
  5.46453857  1.25273402E-07
  5.69707203  3.07178567E-08
  5.92960548 -7.65524604E-08
  6.16213942  1.54863642E-07
  6.39467287 -6.73001637E-08
  6.62720633 -1.38171545E-08
  6.85973978 -1.53140661E-07
  7.09227371  7.79336329E-09
  7.32480717  5.14569232E-09
  7.55734062  3.33273387E-09
  7.78987408  2.06039585E-09
  8.02240753  1.12228615E-09
  8.25494099  3.66228881E-10
  8.48747444 -3.30420497E-10
  8.72000885 -1.08066922E-09
  8.9525423 -2.00621919E-09
  9.18507576 -3.25720939E-09
  9.41760921 -5.03656894E-09
  9.65014267 -7.63293873E-09
  9.88267612 -1.1467491E-08
  10.1152096 -1.71622485E-08
  10.347743 -2.56409898E-08
  10.5802765 -3.82790972E-08
  10.8128109 -5.71266696E-08
  11.0453444 -8.52410693E-08
  11.2778778 -1.27182901E-07
  11.5104113 -1.89755767E-07
  11.7429447 -2.41845242E-07
  11.9754782 -2.91901074E-07
  12.2080116 -3.48043102E-07
  12.4405451 -4.19378352E-07
  12.6730785 -6.82537632E-07
  12.9056129 -8.08826769E-07
  13.1381474 -9.42526299E-07
  13.3706808 -1.10532437E-06
  13.6032143 -1.48868844E-06
  13.8357477 -1.86595378E-06
  14.0682821 -2.33958372E-06
  14.3008156 -2.98640953E-06
  14.53335 -3.58124043E-06
  14.7658844 -4.50942343E-06
  14.9984198 -5.71520377E-06
  15.2309542 -7.02280158E-06
  15.4634895 -8.68560346E-06
  15.6960249 -1.06845064E-05
  15.9285612 -1.33850463E-05
  16.1610985 -1.65238271E-05
  16.3936348 -2.01974162E-05
  16.6261749 -2.48780052E-05
  16.8587132 -3.05409631E-05
  17.0912552 -3.744485E-05
  17.3237972 -4.59258445E-05
  17.5563431 -5.58745633E-05
  17.7888889 -6.79563746E-05
  18.0214405 -8.24402086E-05
  18.2539978 -9.96549061E-05
  18.486557 -0.000120538025
  18.7191219 -0.000145013735
  18.9516945 -0.00017425057
  19.1842766 -0.000209035672
  19.4168682 -0.000249614706
  19.6494732 -0.000297135499
  19.8820915 -0.000352680509
  20.1147289 -0.000417609117
  20.3473873 -0.000492501771
  20.5800686 -0.000578908541
  20.8127823 -0.000677954289
  21.0455265 -0.00079089863
  21.2783146 -0.000919018756
  21.5111485 -0.00106366072
  21.7440376 -0.00122539874
  21.9769897 -0.00140567019
  22.2100182 -0.00160426286
  22.4431286 -0.00182202726
  22.6763363 -0.00205803034
  22.9096527 -0.00231107976
  23.1430931 -0.00257952837
  23.3766747 -0.00286004622
  23.6104107 -0.00314872153
  23.8443203 -0.00343917194
  24.0784187 -0.00372475083
  24.312727 -0.00399564113
  24.5472622 -0.00424083229
  24.7820377 -0.00444619125
  25.0170727 -0.00459616678
  25.2523746 -0.00467076525
  25.487957 -0.00464934064
  25.7238197 -0.00450688181
  25.9599628 -0.00421722513
  26.196373 -0.00375096034
  26.4330311 -0.00307904766
  26.6699028 -0.0021694568
  26.9069405 -0.00099440827
  27.144083  0.000471647887
  27.3812447  0.00224719266
  27.61833  0.00434006378
  27.8552132  0.00674074516
  28.0917587  0.0094195595
  28.3278046  0.0123173483
  28.5631809  0.0153418947
  28.7977066  0.0183599815
  29.0312004  0.0211997032
  29.2634945  0.0236508474
  29.4944401  0.0254774969
  29.7239342  0.0264322236
  29.9519138  0.0262830053
  30.1783924  0.0248451978
  30.4034405  0.0220101904
  30.6272202  0.0177788828
  30.8499603  0.012282934
  31.0719662  0.00579570327
  31.293602 -0.0012719892
  31.5152645 -0.0083920816
  31.7373753 -0.014954729
  31.9603348 -0.0203233212
  32.1844978 -0.0238932613
  32.4101334 -0.0251659565
  32.6373749 -0.023822343
  32.8662071 -0.0197968427
  33.0964203 -0.0133409137
  33.3276215 -0.0050674188
  33.5592651  0.00404009223
  33.7906952  0.0126729086
  34.0212593  0.019329302
  34.250412  0.0225379094
  34.4778404  0.02116419
  34.7035294  0.0147329662
  34.9278374  0.0036844851
  35.1514587 -0.0105168028
  35.3753433 -0.025491504
  35.6005936 -0.0383181497
  35.8282623 -0.0462098345
  36.059124 -0.047500968
  36.2934303 -0.0427645631
  36.5308342 -0.0354591385
  36.7706032 -0.0310041048
