 -0.116270028  0.
  0.116264284 -7.89728674E-08
  0.348798603 -2.21211529E-08
  0.581332564  2.6613688E-07
  0.813866496 -2.18834671E-07
  1.04640043  5.07324893E-09
  1.27893388  5.68709391E-09
  1.51146746  1.50866526E-07
  1.74400127 -8.18334485E-08
  1.97653484  1.47737239E-07
  2.20906854 -3.33418093E-08
  2.44160223 -2.51120611E-07
  2.67413568  2.12186578E-07
  2.90666914 -5.08248625E-08
  3.13920283  7.77052733E-08
  3.37173629  5.36024061E-08
  3.60427022 -1.11873078E-07
  3.83680344  1.47081295E-07
  4.06933737  7.3945138E-08
  4.30187082 -6.06471886E-08
  4.53440428 -1.65642518E-07
  4.76693773  1.81797063E-07
  4.99947166  4.84112626E-08
  5.23200512 -5.91742513E-08
  5.46453857 -7.32417718E-08
  5.69707155  2.56655728E-08
  5.92960548 -1.35419825E-07
  6.16213942  1.13950065E-07
  6.39467287 -7.2050959E-08
  6.62720633 -3.72226765E-08
  6.85973978 -3.76278351E-08
  7.09227371 -5.10619813E-08
  7.32480717 -7.25228588E-08
  7.55734062 -1.05748072E-07
  7.78987408 -1.56127243E-07
  8.02240753 -1.90567974E-07
  8.25494099 -2.14657035E-07
  8.48747444 -3.56096336E-07
  8.72000885 -4.31505782E-07
  8.9525423 -4.94382675E-07
  9.18507576 -6.37456196E-07
  9.41761017 -7.60140949E-07
  9.65014362 -8.8233827E-07
  9.88267708 -1.31272395E-06
  10.1152105 -1.4608778E-06
  10.3477449 -1.84601038E-06
  10.5802784 -2.32427215E-06
  10.8128138 -2.97324596E-06
  11.0453472 -3.5680896E-06
  11.2778816 -4.37035715E-06
  11.510416 -5.34513538E-06
  11.7429514 -6.65055222E-06
  11.9754858 -8.04446245E-06
  12.2080212 -9.87678686E-06
  12.4405575 -1.21146559E-05
  12.6730938 -1.4832267E-05
  12.905632 -1.80578518E-05
  13.1381702 -2.21909249E-05
  13.3707094 -2.68291442E-05
  13.6032495 -3.24361899E-05
  13.8357916 -3.92203292E-05
  14.0683355 -4.76221212E-05
  14.3008823 -5.74781225E-05
  14.5334311 -6.88609653E-05
  14.7659836 -8.26277392E-05
  14.9985409 -9.90735207E-05
  15.231102 -0.000118268334
  15.4636698 -0.000141059063
  15.6962442 -0.000167639169
  15.9288263 -0.000198529509
  16.1614208 -0.000234828665
  16.3940239 -0.000276658713
  16.6266422 -0.000324877939
  16.8592758 -0.000380809273
  17.0919304 -0.000444847363
  17.3246078 -0.00051809306
  17.5573101 -0.000600885134
  17.7900448 -0.000694716116
  18.0228157 -0.000800128444
  18.2556267 -0.000918169855
  18.4884853 -0.00104979007
  18.7213993 -0.00119468139
  18.9543743 -0.00135363778
  19.1874237 -0.00152675749
  19.4205513 -0.00171359978
  19.6537724 -0.00191366917
  19.8870945 -0.00212482712
  20.120533 -0.00234614732
  20.3540993 -0.00257418933
  20.5878048 -0.00280502439
  20.8216667 -0.00303435046
  21.0556946 -0.00325534609
  21.2899075 -0.00346165942
  21.524313 -0.003644638
  21.7589283 -0.00379240629
  21.993763 -0.00389473466
  22.2288246 -0.00393675175
  22.464119 -0.00390342018
  22.699646 -0.00377685437
  22.9354057 -0.00353912846
  23.1713867 -0.00316944253
  23.4075718 -0.00264660129
  23.6439342 -0.00194952101
  23.8804417 -0.00105707278
  24.1170406  4.96590837E-05
  24.3536758  0.00138631696
  24.590271  0.00296143349
  24.8267326  0.00477799913
  25.0629616  0.00682293763
  25.2988358  0.00907134451
  25.5342274  0.0114758257
  25.7689934  0.0139671713
  26.0029907  0.0164499376
  26.2360687  0.0188016556
  26.4680996  0.020874273
  26.6989574  0.0225017555
  26.9285507  0.0235082321
  27.1568241  0.0237236992
  27.3837624  0.0230004042
  27.6094112  0.0212361254
  27.8338623  0.0183889586
  28.0572777  0.014497852
  28.2798615  0.00969109219
  28.5018787  0.00418740651
  28.7236309 -0.00170887937
  28.9454422 -0.00762769114
  29.1676502 -0.0131559698
  29.3905773 -0.0178703815
  29.6145172 -0.0213755257
  29.8396969 -0.023342045
  30.0662766 -0.0235430319
  30.2943039 -0.0218868386
  30.5237141 -0.0184456818
  30.7543182 -0.0134688942
  30.9858208 -0.00739247026
  31.2178192 -0.000830371806
  31.4498634  0.0054563568
  31.6815014  0.0106169591
  31.9123363  0.0138016976
  32.1421013  0.0142866867
  32.3706932  0.0116100218
  32.5982361  0.00570405321
  32.8250694 -0.00301730889
  33.0517273 -0.0136378193
  33.2789192 -0.0247990489
  33.5074501 -0.0348442346
  33.738102 -0.0420496687
  33.9715462 -0.0449184217
  34.2082062 -0.0425033942
  34.4481087 -0.0347079225
  34.6908188 -0.0224706698
  34.9354401 -0.0077425912
  35.180748  0.00683860807
  35.4254494  0.0185955372
  35.668499  0.0256545376
  35.9093246  0.027689524
  36.1478844  0.0260608084
  36.3845062  0.0228617657
  36.6195831  0.0186593272
  36.8532982  0.00950352196
