 -0.116266012  0.
  0.116267011  1.61703213E-07
  0.348800033 -4.18099084E-08
  0.581333399 -2.87102448E-08
  0.813867271  3.81513416E-07
  1.0464009 -7.76979903E-08
  1.27893412 -5.15985406E-08
  1.5114677  4.30688971E-07
  1.74400127 -4.24117076E-07
  1.97653496  1.68194045E-08
  2.20906854  1.98505234E-07
  2.44160199 -1.56934746E-07
  2.67413545  2.81885804E-07
  2.9066689 -2.79974053E-08
  3.13920259 -2.35642545E-07
  3.37173629 -2.21012272E-07
  3.60426998 -1.74646814E-07
  3.83680344  1.61307085E-07
  4.06933737 -4.23834079E-09
  4.30187082 -9.44952845E-08
  4.53440428 -3.25028452E-07
  4.76693773 -3.10631691E-07
  4.99947166 -2.14824396E-07
  5.23200512 -1.57729986E-07
  5.46453857 -5.26954182E-07
  5.69707203 -5.98188251E-07
  5.92960596 -8.24662379E-07
  6.16213989 -9.73582246E-07
  6.39467382 -1.12795124E-06
  6.62720728 -1.36944539E-06
  6.85974121 -1.70273745E-06
  7.09227562 -2.15295495E-06
  7.32480955 -2.66328857E-06
  7.55734348 -3.35806499E-06
  7.78987789 -4.06113668E-06
  8.0224123 -4.88655633E-06
  8.25494671 -5.92695869E-06
  8.48748207 -7.22732602E-06
  8.72001839 -8.99860697E-06
  8.95255375 -1.08266495E-05
  9.18509007 -1.30080098E-05
  9.41762733 -1.58140465E-05
  9.65016556 -1.91222844E-05
  9.88270378 -2.3139326E-05
  10.1152439 -2.78154002E-05
  10.347784 -3.31251613E-05
  10.580327 -3.98063603E-05
  10.8128729 -4.79115006E-05
  11.0454197 -5.70639422E-05
  11.2779694 -6.79237128E-05
  11.5105228 -8.0850361E-05
  11.7430801 -9.59201061E-05
  11.9756422 -0.000113763679
  12.20821 -0.000134348316
  12.4407845 -0.000158334544
  12.6733665 -0.000185821904
  12.9059601 -0.00021776864
  13.1385622 -0.000254827319
  13.3711777 -0.000297121209
  13.6038094 -0.000345379871
  13.8364573 -0.000400192803
  14.0691261 -0.000462601252
  14.3018188 -0.000532826118
  14.5345392 -0.000611750467
  14.7672911 -0.00069999462
  15.0000801 -0.000798186287
  15.2329102 -0.000906613597
  15.4657879 -0.00102590024
  15.698719 -0.00115641055
  15.9317122 -0.00129778497
  16.1647739 -0.00144963246
  16.397913 -0.00161247398
  16.6311378 -0.00178399892
  16.86446 -0.00196374557
  17.0978889 -0.00214956445
  17.3314323 -0.00233844365
  17.5651073 -0.00252780458
  17.7989178 -0.0027131096
  18.0328827 -0.00288967718
  18.2670097 -0.00305162696
  18.5013065 -0.00319134677
  18.7357883 -0.00330131734
  18.9704571 -0.00337228505
  19.2053242 -0.003392566
  19.4403896 -0.00335175404
  19.6756554 -0.00323633314
  19.9111156 -0.00303168781
  20.1467667 -0.00272317487
  20.3825893 -0.00229524635
  20.6185627 -0.00173114683
  20.85466 -0.00101549947
  21.0908413 -0.000132947622
  21.3270588  0.000928610854
  21.5632534  0.00217833137
  21.7993565  0.00362118543
  22.0352821  0.00525351893
  22.2709427  0.00706196111
  22.5062332  0.00902222376
  22.7410355  0.0110945236
  22.975235  0.0132200951
  23.2087059  0.0153235151
  23.4413319  0.017308712
  23.6729965  0.0190617014
  23.9036026  0.0204547197
  24.13307  0.021354394
  24.3613529  0.0216286052
  24.588438  0.0211601797
  24.8143463  0.0198627356
  25.039156  0.0176902208
  25.2629795  0.0146505432
  25.4859867  0.0108148484
  25.7083778  0.00631822739
  25.930397  0.00135938404
  26.1523075 -0.00381048257
  26.3743992 -0.00889979396
  26.5969505 -0.0136018265
  26.8202324 -0.0176113509
  27.0444889 -0.0206528027
  27.2699108 -0.0225054752
  27.4966354 -0.0230190791
  27.7247181 -0.0221363083
  27.9541397 -0.0199008603
  28.1847801 -0.0164633766
  28.4164467 -0.0120845148
  28.6488686 -0.00712101348
  28.8817158 -0.00202467921
  29.1146507  0.00269200467
  29.3473339  0.00648773974
  29.5794849  0.00884167105
  29.8109112  0.00932028051
  30.041544  0.00764764007
  30.271452  0.00377453305
  30.5008621 -0.00208063773
  30.730135 -0.00940576475
  30.959753 -0.0174253639
  31.1902714 -0.0251598712
  31.4222698 -0.0315317512
  31.6562843 -0.0354979895
  31.8927193 -0.0361951031
  32.1317863 -0.0330881216
  32.3734055 -0.0260956753
  32.6171837 -0.0156683475
  32.8623924 -0.00281660561
  33.108036  0.0109395338
  33.3529854  0.0237223953
  33.59618  0.0335766301
  33.8367805  0.0388697833
  34.0743675  0.0387240276
  34.3089828  0.0333387479
  34.5411148  0.0240493622
  34.7715416  0.0130563891
  35.0011864  0.00286202389
  35.2309036 -0.00447762478
  35.461277 -0.00804566871
  35.692543 -0.00836423226
  35.9246178 -0.00695292233
  36.1572647 -0.0051409835
  36.3902817 -0.00282360753
  36.6235619  0.00124065182
  36.8567886  0.00547923055
