 -0.116270185  0.
  0.116264656 -5.84620778E-08
  0.348799497 -4.54412145E-07
  0.58133322  1.95830893E-07
  0.813867569 -1.06102766E-06
  1.04640234 -5.5235239E-07
  1.2789371 -1.06328525E-06
  1.51147199 -2.12863665E-06
  1.74400723 -2.49809227E-06
  1.97654295 -4.16121793E-06
  2.20907927 -5.00677788E-06
  2.44161606 -6.3631287E-06
  2.6741538 -8.24611834E-06
  2.90669203 -1.06353718E-05
  3.13923168 -1.38792611E-05
  3.37177205 -1.67826092E-05
  3.60431385 -2.04110911E-05
  3.83685684 -2.53034996E-05
  4.06940174 -3.05190624E-05
  4.30194807 -3.63622203E-05
  4.53449631 -4.32853121E-05
  4.76704645 -5.21581242E-05
  4.99959946 -6.24774184E-05
  5.2321558 -7.58810565E-05
  5.46471596 -9.07502545E-05
  5.69728041 -0.000109478075
  5.92985201 -0.000130610628
  6.16243029 -0.00015523762
  6.39501715 -0.000182715856
  6.62761402 -0.000213259438
  6.86022186 -0.00024596171
  7.09284306 -0.000282523892
  7.32547855 -0.000323673361
  7.55813026 -0.000369667221
  7.79080153 -0.000421721139
  8.02349472 -0.000479400478
  8.25621223 -0.000543234812
  8.48895836 -0.000613609154
  8.72173786 -0.000690995425
  8.95455265 -0.000775783556
  9.18740845 -0.000867566036
  9.42031002 -0.000966975815
  9.65326214 -0.00107343972
  9.88627243 -0.00118703512
  10.1193466 -0.00130726781
  10.3524904 -0.00143353944
  10.5857115 -0.00156459981
  10.8190193 -0.00169880514
  11.0524178 -0.0018353503
  11.2859173 -0.00197198894
  11.5195255 -0.00210562395
  11.7532501 -0.00223308196
  11.9870987 -0.00235171453
  12.2210789 -0.00245646434
  12.4551983 -0.00254333019
  12.6894627 -0.00260603754
  12.9238768 -0.00263869832
  13.1584425 -0.00263384054
  13.3931618 -0.00258473284
  13.6280336 -0.00248249923
  13.8630543 -0.00231863093
  14.098217 -0.00208295649
  14.3335094 -0.00176594232
  14.5689163 -0.0013573867
  14.8044147 -0.000847113028
  15.0399809 -0.00022512734
  15.2755785  0.000517115463
  15.5111666  0.00138745911
  15.7466993  0.00239049806
  15.9821186  0.00352789229
  16.2173615  0.00479758997
  16.4523544  0.00619035494
  16.6870232  0.00769016286
  16.921278  0.00927307084
  17.1550312  0.0109036146
  17.3881893  0.0125354165
  17.6206646  0.0141109414
  17.8523636  0.015560938
  18.08321  0.0168056153
  18.3131351  0.0177591648
  18.5420856  0.0183317754
  18.7700348  0.018438112
  18.9969749  0.0180022661
  19.2229328  0.0169652849
  19.4479656  0.0152961034
  19.6721649  0.0129927974
  19.895647  0.0100916382
  20.1185722  0.00666873809
  20.3411179  0.00283702184
  20.5634804 -0.0012569346
  20.7858849 -0.00543783233
  21.0085487 -0.00951688644
  21.231699 -0.0132974219
  21.4555454 -0.0165940449
  21.6802826 -0.0192423817
  21.9060669 -0.0211078282
  22.1330242 -0.0220997985
  22.3612309 -0.0221750103
  22.5907097 -0.0213404242
  22.821434 -0.0196515303
  23.0533199 -0.0172162093
  23.286232 -0.0141827706
  23.5199909 -0.0107388757
  23.7543869 -0.00710394792
  23.9891853 -0.00352136535
  24.2241497 -0.000249481702
  24.4590607  0.00245620613
  24.6937275  0.00435338868
  24.9280128  0.00524358312
  25.1618423  0.00499066617
  25.3952217  0.00354839349
  25.628231  0.000977506628
  25.8610344 -0.00254191668
  26.0938587 -0.00670906901
  26.3269882 -0.0111240903
  26.5607338 -0.01530727
  26.7954082 -0.0187487323
  27.0312958 -0.0209513195
  27.26861 -0.02148249
  27.5074615 -0.0200274177
  27.7478199 -0.0164268557
  27.9895039 -0.0107155014
  28.2321491 -0.00314739952
  28.4752369  0.00579069788
  28.7181225  0.0153722446
  28.960083  0.0246610194
  29.2004223  0.0325756259
  29.4385395  0.0380133204
  29.6740322  0.0400284603
  29.9067535  0.0380297564
  30.1368446  0.0319441147
  30.3647213  0.0223074257
  30.5910473  0.0102456268
  30.8166351 -0.002657654
  31.0423813 -0.0145861683
  31.2691288 -0.0237761773
  31.4975796 -0.0288346689
  31.7281704 -0.0290261656
  31.9609909 -0.0244752821
  32.1957512 -0.0162075721
  32.4318199 -0.00599054387
  32.6683655  0.00401745923
  32.9045296  0.0117585361
  33.1396332  0.0157739799
  33.373333  0.0155777261
  33.6056519  0.0117754051
  33.8369408  0.00587176858
  34.067749 -0.000189990344
  34.2986374 -0.00465720799
  34.5300331 -0.00654494343
  34.7620964 -0.00594613142
  34.994751 -0.0038650881
  35.2277451 -0.00158044929
  35.4608269  0.000124288999
  35.6938438  0.0013191679
  35.9267426  0.00243012584
  36.1594582  0.00311851525
  36.3918533  0.00183154584
  36.6239014 -0.0019176387
  36.8560295 -0.00168933719
