 -3.01009379E-07  0.
  0.232533246  0.
  0.232533246 -0.0410019755
  0.232533246  0.
  0.46506682 -2.23517418E-08
  0.697600424  5.96046448E-08
  0.697600424 -0.123005807
  0.697600424  5.96046448E-08
  0.930134118 -5.96046448E-08
  1.16266763  0.
  1.39520121 -1.49011612E-08
  1.62773478 -5.96046448E-08
  1.86026847 -8.94069672E-08
  2.09280205 -5.96046448E-08
  2.3253355  0.
  2.55786943 -2.98023224E-08
  2.55786943 -0.451021433
  2.55786943 -2.98023224E-08
  2.79040265  2.98023224E-08
  3.02293634  0.
  3.2554698 -5.96046448E-08
  3.48800349  0.
  3.72053695  0.
  3.9530704  0.
  4.1856041  0.
  4.41813755  5.96046448E-08
  4.65067101  5.96046448E-08
  4.88320494  0.
  5.11573839 -1.1920929E-07
  5.11573839 -0.894859493
  5.11573839 -1.1920929E-07
  5.34827185  5.96046448E-08
  5.5808053  5.96046448E-08
  5.81333876  5.96046448E-08
  6.04587269  0.
  6.27840614  0.
  6.5109396  0.
  6.74347305  0.
  6.97600698 -1.1920929E-07
  7.20854044  0.
  7.44107389  0.
  7.44107389 -1.
  7.44107389  0.
  7.67360735  0.
  7.9061408  0.
  8.13867474  0.
  8.37120819  0.
  8.60374165  0.
  8.8362751  0.
  9.06880856  0.
  9.30134201  0.
  9.53387547  0.
  9.76640987  0.
  9.99894333  0.
  10.2314768  0.
  10.4640102  0.
  10.6965437  0.
  10.9290771  0.
  11.1616106  0.
  11.3941441  0.
  11.6266775  0.
  11.8592119  0.
  12.0917454  0.
  12.3242788  0.
  12.5568123  0.
  12.7893457  0.
  13.0218792  0.
  13.2544127  0.
  13.4869461  0.
  13.7194796  0.
  13.952014  0.
  14.1845474  0.
  14.4170809  0.
  14.6496143  0.
  14.8821478  0.
  15.1146812  0.
  15.3472147  0.
  15.5797482  0.
  15.8122816  0.
  16.0448151  0.
  16.2773495  0.
  16.509882  0.
  16.7424164  0.
  16.9749489  0.
  17.2074833  0.
  17.4400177  0.
  17.6725502  0.
  17.9050846  0.
  18.1376171  0.
  18.3701515  0.
  18.602684  0.
  18.8352184  0.
  19.0677509  0.
  19.3002853  0.
  19.5328197  0.
  19.7653522  0.
  19.9978867  0.
  20.2304192  0.
  20.4629536  0.
  20.6954861  0.
  20.9280205  0.
  21.160553  0.
  21.3930874  0.
  21.6256218  0.
  21.8581543  0.
  22.0906887  0.
  22.3232212  0.
  22.5557556  0.
  22.7882881  0.
  23.0208225 -5.96046448E-08
  23.253355 -1.1920929E-07
  23.4858894 -1.1920929E-07
  23.7184238 -2.38418579E-07
  23.9509563 -2.98023224E-07
  24.1834908 -4.17232513E-07
  24.4160233 -6.55651093E-07
  24.6485577 -7.74860382E-07
  24.8810902 -1.07288361E-06
  25.1136265 -1.49011612E-06
  25.346159 -1.96695328E-06
  25.5786934 -2.62260437E-06
  25.8112278 -3.51667404E-06
  26.0437622 -4.58955765E-06
  26.2762985 -6.19888306E-06
  26.5088329 -8.22544098E-06
  26.7413692 -1.08480453E-05
  26.9739037 -1.43051147E-05
  27.2064419 -1.88350677E-05
  27.4389801 -2.46167183E-05
  27.6715202 -3.23057175E-05
  27.9040642 -4.22596931E-05
  28.1366081 -5.50150871E-05
  28.3691578 -7.17043877E-05
  28.6017094 -9.32216644E-05
  28.8342686 -0.000120937824
  29.0668335 -0.000156283379
  29.299408 -0.000201582909
  29.5319958 -0.000259399414
  29.7645988 -0.000332891941
  29.997221 -0.000426054001
  30.229866 -0.00054371357
  30.4625435 -0.000691711903
  30.6952591 -0.000876963139
  30.9280243 -0.00110822916
  31.1608486 -0.00139552355
  31.3937492 -0.00175076723
  31.6267414 -0.00218766928
  31.859848 -0.00272214413
  32.0930901 -0.00337207317
  32.3265076 -0.0041577816
  32.5601196 -0.00510025024
  32.7939758 -0.00622296333
  33.0281219 -0.00754898787
  33.2626114 -0.00910067558
  33.4974899 -0.0108968616
  33.73283 -0.0129511356
  33.968689 -0.0152671337
  34.2051392 -0.0178342462
  34.442234 -0.0206193924
  34.6800194 -0.0235604644
  34.9185295 -0.0265540481
  35.1577606 -0.0294421911
  35.3976669 -0.0319986939
  35.6381226 -0.0339124203
  35.8789291 -0.0347735882
  36.119751 -0.0340682864
  36.3601265 -0.0311900973
  36.5994453 -0.0254842639
  36.8369522 -0.0163442492
  37.0718117 -0.00338000059
