 -7.2355067E-07  0.
  0.232533172  0.
  0.232533172 -0.0410019159
  0.232533172  0.
  0.46506688  7.4505806E-09
  0.697600484 -7.4505806E-09
  0.697600484 -0.123005807
  0.697600484 -7.4505806E-09
  0.930134177  5.96046448E-08
  1.16266775 -5.96046448E-08
  1.39520133  4.47034836E-08
  1.62773478  2.98023224E-08
  1.86026835  8.94069672E-08
  2.09280205  0.
  2.3253355  5.96046448E-08
  2.5578692  2.98023224E-08
  2.5578692 -0.451021373
  2.5578692  2.98023224E-08
  2.79040265  5.96046448E-08
  3.02293634  0.
  3.2554698  5.96046448E-08
  3.48800325  5.96046448E-08
  3.72053671  1.78813934E-07
  3.95307016  5.96046448E-08
  4.1856041  0.
  4.41813755  0.
  4.65067101  0.
  4.88320494 -5.96046448E-08
  5.11573839 -5.96046448E-08
  5.11573839 -0.894859493
  5.11573839 -5.96046448E-08
  5.34827185 -5.96046448E-08
  5.5808053  0.
  5.81333876  5.96046448E-08
  6.04587269  0.
  6.27840614  0.
  6.5109396  0.
  6.74347305  0.
  6.97600698  0.
  7.20854044  0.
  7.44107389  0.
  7.44107389 -1.
  7.44107389  0.
  7.67360735  0.
  7.9061408  0.
  8.13867474  0.
  8.37120819  0.
  8.60374165  0.
  8.8362751  0.
  9.06880856  0.
  9.30134201  0.
  9.53387547  0.
  9.76640987  0.
  9.99894333  0.
  10.2314768  0.
  10.4640102  0.
  10.6965437  0.
  10.9290771  0.
  11.1616106  0.
  11.3941441  0.
  11.6266775  0.
  11.8592119  0.
  12.0917454  0.
  12.3242788  0.
  12.5568123  0.
  12.7893457  0.
  13.0218792  0.
  13.2544127  0.
  13.4869461  0.
  13.7194796  0.
  13.952014  0.
  14.1845474  0.
  14.4170809  0.
  14.6496143  0.
  14.8821478  0.
  15.1146812  0.
  15.3472147  0.
  15.5797482  0.
  15.8122816  0.
  16.0448151  0.
  16.2773495  0.
  16.509882  0.
  16.7424164  0.
  16.9749489  0.
  17.2074833  0.
  17.4400177  0.
  17.6725502  0.
  17.9050846  0.
  18.1376171  0.
  18.3701515  0.
  18.602684  0.
  18.8352184  0.
  19.0677509 -5.96046448E-08
  19.3002853 -1.1920929E-07
  19.5328197 -1.78813934E-07
  19.7653522 -2.38418579E-07
  19.9978867 -2.98023224E-07
  20.2304192 -4.76837158E-07
  20.4629536 -5.96046448E-07
  20.6954861 -8.34465027E-07
  20.9280205 -1.07288361E-06
  21.1605549 -1.43051147E-06
  21.3930893 -1.84774399E-06
  21.6256237 -2.50339508E-06
  21.8581562 -3.15904617E-06
  22.0906925 -4.11272049E-06
  22.323225 -5.36441803E-06
  22.5557613 -6.91413879E-06
  22.7882957 -9.05990601E-06
  23.0208321 -1.15633011E-05
  23.2533684 -1.48415565E-05
  23.4859066 -1.90138817E-05
  23.7184467 -2.4497509E-05
  23.950985 -3.12924385E-05
  24.1835289 -3.99947166E-05
  24.4160709 -5.10215759E-05
  24.6486187 -6.46710396E-05
  24.8811684 -8.20755959E-05
  25.1137238 -0.000104010105
  25.3462849 -0.000131309032
  25.5788536 -0.000165522099
  25.8114319 -0.00020802021
  26.0440178 -0.000260651112
  26.2766209 -0.000325858593
  26.5092392 -0.000406622887
  26.7418785 -0.000505506992
  26.9745426 -0.000626802444
  27.2072411 -0.000774860382
  27.4399738 -0.000954687595
  27.6727562 -0.00117254257
  27.9055939 -0.00143498182
  28.1384983 -0.00174969435
  28.3714848 -0.00212544203
  28.6045647 -0.00257146358
  28.837759 -0.00309848785
  29.0710869 -0.00371670723
  29.3045731 -0.00443774462
  29.5382404 -0.00527310371
  29.7721214 -0.00623309612
  30.0062428 -0.00732755661
  30.2406368 -0.00856393576
  30.4753437 -0.00994628668
  30.7103939 -0.0114743114
  30.9458256 -0.0131412745
  31.1816692 -0.0149313807
  31.4179554 -0.016818583
  31.6546993 -0.0187622905
  31.8919163 -0.0207053423
  32.1295929 -0.02257061
  32.3677025 -0.0242578387
  32.6061859 -0.0256400108
  32.8449516 -0.0265638232
  33.0838623 -0.0268486738
  33.3227463 -0.0262916684
  33.5613594 -0.0246771574
  33.7994232 -0.0217941403
  34.0366135 -0.0174617171
  34.2725754 -0.0115667582
  34.5069504 -0.00410884619
  34.7394142  0.00474786758
  34.9697227  0.0146276951
  35.1977539  0.0249149799
  35.4235535  0.0347520113
  35.6473808  0.0430858135
  35.8697052  0.048768878
  36.0912209  0.0507194996
  36.3128014  0.0481458902
  36.5354347  0.04083395
  36.7600746  0.0295054913
  36.9874153  0.0162328482
