 -7.691267E-07  0.
  0.232533097  3.7252903E-09
  0.232533097 -0.0410019159
  0.232533097  3.7252903E-09
  0.465066761  3.7252903E-08
  0.697600424 -5.96046448E-08
  0.697600424 -0.123005807
  0.697600424 -5.96046448E-08
  0.930134118  8.94069672E-08
  1.16266751  1.49011612E-08
  1.39520109 -1.49011612E-08
  1.62773454  2.08616257E-07
  1.86026812  8.94069672E-08
  2.09280181  0.
  2.32533526 -2.98023224E-08
  2.55786896  0.
  2.55786896 -0.451021314
  2.55786896  0.
  2.79040241  8.94069672E-08
  3.02293611  0.
  3.2554698  0.
  3.48800349  5.96046448E-08
  3.72053671  1.78813934E-07
  3.95307016  5.96046448E-08
  4.1856041  0.
  4.41813755  5.96046448E-08
  4.65067101  5.96046448E-08
  4.88320494 -5.96046448E-08
  5.11573839  5.96046448E-08
  5.11573839 -0.894859493
  5.11573839  5.96046448E-08
  5.34827185 -5.96046448E-08
  5.5808053  0.
  5.81333876  0.
  6.04587269 -5.96046448E-08
  6.27840614  0.
  6.5109396  0.
  6.74347305  0.
  6.97600698 -1.1920929E-07
  7.20854044  0.
  7.44107389  0.
  7.44107389 -1.
  7.44107389  0.
  7.67360735  0.
  7.9061408  0.
  8.13867474  0.
  8.37120819  0.
  8.60374165  0.
  8.8362751  0.
  9.06880856  0.
  9.30134201  0.
  9.53387547  0.
  9.76640987  0.
  9.99894333  0.
  10.2314768  0.
  10.4640102  0.
  10.6965437  0.
  10.9290771  0.
  11.1616106  0.
  11.3941441  0.
  11.6266775  0.
  11.8592119  0.
  12.0917454  0.
  12.3242788  0.
  12.5568123  0.
  12.7893457  0.
  13.0218792  0.
  13.2544127  0.
  13.4869461  0.
  13.7194796  0.
  13.952014  0.
  14.1845474  0.
  14.4170809  0.
  14.6496143  0.
  14.8821478  0.
  15.1146812 -5.96046448E-08
  15.3472147 -5.96046448E-08
  15.5797482 -1.1920929E-07
  15.8122816 -1.78813934E-07
  16.0448151 -2.98023224E-07
  16.2773495 -3.57627869E-07
  16.509882 -5.36441803E-07
  16.7424164 -6.55651093E-07
  16.9749489 -8.34465027E-07
  17.2074852 -1.13248825E-06
  17.4400196 -1.49011612E-06
  17.6725521 -1.90734863E-06
  17.9050865 -2.44379044E-06
  18.137619 -3.15904617E-06
  18.3701553 -3.93390656E-06
  18.6026878 -5.12599945E-06
  18.8352242 -6.37769699E-06
  19.0677586 -8.16583633E-06
  19.3002949 -1.04904175E-05
  19.5328331 -1.32322311E-05
  19.7653675 -1.67489052E-05
  19.9979076 -2.0980835E-05
  20.2304459 -2.65836716E-05
  20.462986 -3.33189964E-05
  20.695528 -4.17232513E-05
  20.9280739 -5.22732735E-05
  21.1606197 -6.5267086E-05
  21.3931713 -8.13007355E-05
  21.6257267 -0.000101327896
  21.8582859 -0.000125586987
  22.0908527 -0.000155687332
  22.3234253 -0.000192344189
  22.5560093 -0.000237107277
  22.7886047 -0.000291645527
  23.0212135 -0.000357627869
  23.2538395 -0.000437498093
  23.4864864 -0.000533699989
  23.7191582 -0.000649392605
  23.9518585 -0.000787675381
  24.1845951 -0.000952541828
  24.4173717 -0.00114822388
  24.6501999 -0.00137996674
  24.8830872 -0.00165253878
  25.1160431 -0.0019723773
  25.3490791 -0.00234508514
  25.5822105 -0.00277805328
  25.8154507 -0.0032774806
  26.0488148 -0.00385081768
  26.2823257 -0.00450462103
  26.5159969 -0.00524580479
  26.749855 -0.00607931614
  26.9839191 -0.00700974464
  27.2182178 -0.00803977251
  27.4527683 -0.0091688633
  27.6875992 -0.0103933811
  27.9227314 -0.0117058754
  28.1581841 -0.0130926371
  28.3939762 -0.0145338774
  28.6301136 -0.0160009861
  28.8666039 -0.0174573064
  29.1034374 -0.0188546181
  29.3405952 -0.0201329589
  29.5780373 -0.0212188959
  29.8157101 -0.0220258832
  30.0535336 -0.022454083
  30.291399 -0.0223913193
  30.5291786 -0.0217165351
  30.7667007 -0.0203059316
  31.0037823 -0.0180396438
  31.2401981 -0.0148151517
  31.4757233 -0.0105618834
  31.7101116 -0.00525975227
  31.9431381  0.00104081631
  32.1746063  0.00819838047
  32.4043694  0.0159670115
  32.6323509  0.0239890814
  32.8585739  0.0318037271
  33.0831718  0.0388700962
  33.3063965  0.0446090698
  33.5285873  0.0484622717
  33.7502136  0.0499637127
  33.9718018  0.0488173962
  34.193924  0.044973135
  34.4171219  0.038690567
  34.6418724  0.0305805206
  34.8684998  0.0216065645
  35.0970764  0.0130339861
  35.3273849  0.00630521774
  35.5588608  0.00282132626
  35.7906494  0.00362789631
  36.0217247  0.0090290308
  36.2511368  0.0182110071
  36.4783134  0.0290220976
  36.7032967  0.0381091833
  36.926918  0.0415980816
