 -5.00000000000000028E-002  0.31584158180778138     
   0.0000000000000000       0.29115121069109839     
  5.00000000000000028E-002  0.26891905923619280     
  0.10000000000000002       0.24932855214066357     
  0.15000000000000002       0.23182941531171400     
  0.20000000000000001       0.21616160291628933     
  0.25000000000000006       0.20206041490625318     
  0.30000000000000004       0.18932009902630179     
  0.35000000000000003       0.17776509379663843     
  0.40000000000000002       0.16724872917837788     
  0.45000000000000001       0.15764658171025481     
  0.50000000000000000       0.14885277246044129     
  0.55000000000000004       0.14077662265775009     
  0.59999999999999998       0.13334009185476320     
  0.65000000000000002       0.12647568572596629     
  0.69999999999999996       0.12012476790181480     
  0.75000000000000000       0.11423618016731439     
  0.80000000000000004       0.10876511007929832     
  0.84999999999999998       0.10367215559133383     
  0.90000000000000002       9.89225483447628562E-002
  0.94999999999999996       9.44855053243370685E-002
   1.0000000000000000       9.03336850253534246E-002
   1.0500000000000000       8.64427291653524082E-002
   1.1000000000000001       8.27908747856169608E-002
   1.1500000000000001       7.93586245584421424E-002
   1.2000000000000000       7.61284654523132487E-002
   1.2500000000000000       7.30846277533017952E-002
   1.3000000000000000       7.02128779089281341E-002
   1.3500000000000001       6.75003398340695004E-002
   1.4000000000000001       6.49353402612081188E-002
   1.4500000000000000       6.25072744785630519E-002
   1.5000000000000000       6.02064894172009771E-002
   1.5500000000000000       5.80241815514813825E-002
   1.6000000000000001       5.59523074891195016E-002
   1.6500000000000001       5.39835054656757421E-002
   1.7000000000000000       5.21110262376383720E-002
   1.7500000000000000       5.03286720996277900E-002
   1.8000000000000000       4.86307429436108260E-002
   1.8500000000000001       4.70119884384961814E-002
   1.9000000000000001       4.54675655428099443E-002
   1.9500000000000000       4.39930006759805675E-002
   2.0000000000000004       4.25841559688120014E-002
   2.0500000000000003       4.12371990940643626E-002
   2.1000000000000001       3.99485762461273472E-002
   2.1500000000000004       3.87149878966559294E-002
   2.2000000000000002       3.75333670023499169E-002
   2.2500000000000004       3.64008593832046840E-002
   2.3000000000000003       3.53148060256755214E-002
   2.3500000000000005       3.42727270962043112E-002
   2.4000000000000004       3.32723074772624874E-002
   2.4500000000000002       3.23113836611001876E-002
   2.5000000000000004       3.13879318563181561E-002
   2.5500000000000003       3.05000571796585525E-002
   2.6000000000000005       2.96459838204040024E-002
   2.6500000000000004       2.88240460778387900E-002
   2.7000000000000002       2.80326801836129451E-002
   2.7500000000000004       2.72704168308062385E-002
   2.8000000000000003       2.65358743401946998E-002
   2.8500000000000005       2.58277524018724232E-002
   2.9000000000000004       2.51448263370916900E-002
   2.9500000000000002       2.44859418310989924E-002
   3.0000000000000004       2.38500100929491601E-002
   3.0500000000000003       2.32360034028947886E-002
   3.1000000000000005       2.26429510120008184E-002
   3.1500000000000004       2.20699353622621948E-002
   3.2000000000000002       2.15160885986858501E-002
   3.2500000000000004       2.09805893476476546E-002
   3.3000000000000003       2.04626597383750566E-002
   3.3500000000000005       1.99615626466405245E-002
   3.4000000000000004       1.94765991417890465E-002
   3.4500000000000002       1.90071061199987429E-002
   3.5000000000000004       1.85524541082996396E-002
   3.5500000000000003       1.81120452253066486E-002
   3.6000000000000005       1.76853112859235682E-002
   3.6500000000000004       1.72717120384299934E-002
   3.7000000000000002       1.68707335234158547E-002
   3.7500000000000004       1.64818865449579376E-002
   3.8000000000000003       1.61047052452937267E-002
   3.8500000000000005       1.57387457749985533E-002
   3.9000000000000004       1.53835850513763753E-002
   3.9500000000000002       1.50388195983884726E-002
   4.0000000000000000       1.47040644620180586E-002
   4.0500000000000007       1.43789521954752041E-002
   4.1000000000000005       1.40631319091161743E-002
   4.1500000000000004       1.37562683803719565E-002
   4.2000000000000002       1.34580412193609084E-002
   4.2500000000000000       1.31681440862182891E-002
   4.3000000000000007       1.28862839564808235E-002
   4.3500000000000005       1.26121804311680880E-002
   4.4000000000000004       1.23455650884554211E-002
   4.4500000000000002       1.20861808740801557E-002
   4.5000000000000000       1.18337815278428422E-002
   4.5500000000000007       1.15881310437656957E-002
   4.6000000000000005       1.13490031616559160E-002
   4.6500000000000004       1.11161808879897527E-002
   4.7000000000000002       1.08894560441909170E-002
   4.7500000000000009       1.06686288405144492E-002
   4.8000000000000007       1.04535074738834194E-002
   4.8500000000000005       1.02439077481420171E-002
   4.9000000000000004       1.00396527152990644E-002
   4.9500000000000002       9.84057233644170144E-003
   5.0000000000000009       9.64650316108598208E-003
   5.0500000000000007       9.45728802382493454E-003
   5.1000000000000005       9.27277575720675956E-003
   5.1500000000000004       9.09282091985502000E-003
   5.2000000000000002       8.91728353890834137E-003
   5.2500000000000009       8.74602886591818902E-003
   5.3000000000000007       8.57892714540472653E-003
   5.3500000000000005       8.41585339532104244E-003
   5.4000000000000004       8.25668719872810729E-003
   5.4500000000000002       8.10131250602730626E-003
   5.5000000000000009       7.94961744714091541E-003
   5.5500000000000007       7.80149415306974695E-003
   5.6000000000000005       7.65683858629484862E-003
   5.6500000000000004       7.51555037952281613E-003
   5.7000000000000002       7.37753268230795928E-003
   5.7500000000000009       7.24269201511138199E-003
   5.8000000000000007       7.11093813038781667E-003
   5.8500000000000005       6.98218388031217677E-003
   5.9000000000000004       6.85634509078705476E-003
   5.9500000000000002       6.73334044138818814E-003
   6.0000000000000009       6.61309135093177299E-003
   6.0500000000000007       6.49552186836181798E-003
   6.1000000000000005       6.38055856867658384E-003
   6.1500000000000004       6.26813045362854988E-003
   6.2000000000000002       6.15816885694958540E-003
   6.2500000000000009       6.05060735386387782E-003
   6.3000000000000007       5.94538167467123166E-003
   6.3500000000000005       5.84242962218869087E-003
   6.4000000000000004       5.74169099285699609E-003
   6.4500000000000002       5.64310750132452667E-003
   6.5000000000000009       5.54662270833623447E-003
   6.5500000000000007       5.45218195176001407E-003
   6.6000000000000005       5.35973228059837686E-003
   6.6500000000000004       5.26922239183498422E-003
   6.7000000000000002       5.18060256997968961E-003
   6.7500000000000009       5.09382462918023422E-003
   6.8000000000000007       5.00884185777548171E-003
   6.8500000000000005       4.92560896517544883E-003
   6.9000000000000004       4.84408203095342514E-003
   6.9500000000000002       4.76421845604930137E-003
   7.0000000000000009       4.68597691598126188E-003
   7.0500000000000007       4.60931731597355020E-003
   7.1000000000000005       4.53420074791041541E-003
   7.1500000000000004       4.46058944903184387E-003
   7.2000000000000002       4.38844676229099059E-003
   7.2500000000000009       4.31773709829655957E-003
   7.3000000000000007       4.24842589876953721E-003
   7.3500000000000005       4.18047960144394062E-003
   7.4000000000000004       4.11386560634815438E-003
   7.4500000000000002       4.04855224340428584E-003
   7.5000000000000009       3.98450874128718126E-003
   7.5500000000000007       3.92170519748770690E-003
   7.6000000000000005       3.86011254952659455E-003
   7.6500000000000004       3.79970254726947265E-003
   7.7000000000000002       3.74044772629490490E-003
   7.7500000000000009       3.68232138226913617E-003
   7.8000000000000007       3.62529754628574145E-003
   7.8500000000000005       3.56935096112779519E-003
   7.9000000000000004       3.51445705841350051E-003
   7.9500000000000002       3.46059193658820267E-003
   8.0000000000000000       3.40773233972751230E-003
   8.0499999999999989       3.35585563711629812E-003
   8.0999999999999996       3.30493980357265526E-003
   8.1500000000000004       3.25496340048566594E-003
   8.1999999999999993       3.20590555753653018E-003
   8.2500000000000000       3.15774595507687696E-003
   8.2999999999999989       3.11046480713554575E-003
   8.3499999999999996       3.06404284503011262E-003
   8.4000000000000004       3.01846130155705153E-003
   8.4499999999999993       2.97370189573926665E-003
   8.5000000000000000       2.92974681810637431E-003
   8.5499999999999989       2.88657871648905851E-003
   8.5999999999999996       2.84418068230513858E-003
   8.6500000000000004       2.80253623731908496E-003
   8.6999999999999993       2.76162932085630012E-003
   8.7500000000000000       2.72144427745420279E-003
   8.7999999999999989       2.68196584493327669E-003
   8.8499999999999996       2.64317914287212977E-003
   8.9000000000000004       2.60506966147050706E-003
   8.9499999999999993       2.56762325078612992E-003
   9.0000000000000000       2.53082611033062822E-003
   9.0499999999999989       2.49466477901094750E-003
   9.0999999999999996       2.45912612540387897E-003
   9.1500000000000004       2.42419733835021189E-003
   9.1999999999999993       2.38986591785753880E-003
   9.2500000000000000       2.35611966629956744E-003
   9.2999999999999989       2.32294667990150857E-003
   9.3499999999999996       2.29033534050029517E-003
   9.4000000000000004       2.25827430757072345E-003
   9.4499999999999993       2.22675251050622391E-003
   9.5000000000000000       2.19575914114682018E-003
   9.5500000000000007       2.16528364654367889E-003
   9.5999999999999996       2.13531572195295102E-003
   9.6500000000000004       2.10584530405004281E-003
   9.6999999999999993       2.07686256435673459E-003
   9.7500000000000000       2.04835790287334141E-003
   9.8000000000000007       2.02032194190909092E-003
   9.8499999999999996       1.99274552010319118E-003
   9.9000000000000004       1.96561968663048646E-003
   9.9499999999999993       1.93893569558471388E-003
   10.000000000000000       1.91268500053359521E-003
   10.050000000000001       1.88685924923965936E-003
   10.100000000000000       1.86145027854109249E-003
   10.150000000000000       1.83645010938712381E-003
   10.199999999999999       1.81185094202271921E-003
   10.250000000000000       1.78764515131736579E-003
   10.300000000000001       1.76382528223335594E-003
   10.350000000000000       1.74038404542854177E-003
   10.400000000000000       1.71731431298921067E-003
   10.449999999999999       1.69460911428871426E-003
   10.500000000000000       1.67226163196761992E-003
   10.550000000000001       1.65026519803150454E-003
   10.600000000000000       1.62861329006217751E-003
   10.650000000000000       1.60729952753901027E-003
   10.699999999999999       1.58631766826636679E-003
   10.750000000000000       1.56566160490402952E-003
   10.800000000000001       1.54532536159703027E-003
   10.850000000000000       1.52530309070164649E-003
   10.900000000000000       1.50558906960477907E-003
   10.949999999999999       1.48617769763324868E-003
   11.000000000000000       1.46706349305053508E-003
   11.050000000000001       1.44824109013786295E-003
   11.100000000000000       1.42970523635731228E-003
   11.150000000000000       1.41145078959379797E-003
   11.199999999999999       1.39347271547424602E-003
   11.250000000000000       1.37576608476054651E-003
   11.300000000000001       1.35832607081492248E-003
   11.350000000000000       1.34114794713487313E-003
   11.400000000000000       1.32422708495564959E-003
   11.449999999999999       1.30755895091834483E-003
   11.500000000000000       1.29113910480124078E-003
   11.550000000000001       1.27496319731300821E-003
   11.600000000000000       1.25902696794520283E-003
   11.650000000000000       1.24332624288283505E-003
   11.699999999999999       1.22785693297084494E-003
   11.750000000000000       1.21261503173503149E-003
   11.800000000000001       1.19759661345567796E-003
   11.850000000000000       1.18279783129234678E-003
   11.900000000000000       1.16821491545828263E-003
   11.949999999999999       1.15384417144295554E-003
   12.000000000000000       1.13968197828122363E-003
   12.050000000000001       1.12572478686803453E-003
   12.100000000000000       1.11196911831684089E-003
   12.150000000000000       1.09841156236096648E-003
   12.199999999999999       1.08504877579612734E-003
   12.250000000000000       1.07187748096353283E-003
   12.300000000000001       1.05889446427171905E-003
   12.350000000000000       1.04609657475650654E-003
   12.400000000000000       1.03348072267771653E-003
   12.449999999999999       1.02104387815174849E-003
   12.500000000000000       1.00878306981867999E-003
   12.550000000000001       9.96695383543420247E-004
   12.600000000000000       9.84777961149414880E-004
   12.650000000000000       9.73027999184329574E-004
   12.699999999999999       9.61442747716618183E-004
   12.750000000000000       9.50019509162251721E-004
   12.800000000000001       9.38755637140578788E-004
   12.850000000000000       9.27648535358721648E-004
   12.900000000000000       9.16695656523509633E-004
   12.949999999999999       9.05894501280255231E-004
   13.000000000000000       8.95242617177733810E-004
   13.050000000000001       8.84737597658441424E-004
   13.100000000000000       8.74377081073578915E-004
   13.150000000000000       8.64158749722085157E-004
   13.199999999999999       8.54080328912958943E-004
   13.250000000000000       8.44139586050275518E-004
   13.300000000000001       8.34334329740377416E-004
   13.350000000000000       8.24662408920514081E-004
   13.400000000000000       8.15121712008368311E-004
   13.449999999999999       8.05710166071947165E-004
   13.500000000000000       7.96425736019309104E-004
   13.550000000000001       7.87266423807515673E-004
   13.600000000000000       7.78230267670355154E-004
   13.650000000000000       7.69315341364303594E-004
   13.699999999999999       7.60519753432323015E-004
   13.750000000000000       7.51841646484851058E-004
   13.800000000000001       7.43279196497740832E-004
   13.850000000000000       7.34830612126518429E-004
   13.900000000000000       7.26494134036685451E-004
   13.949999999999999       7.18268034249510009E-004
   14.000000000000000       7.10150615502997740E-004
   14.050000000000001       7.02140210627637371E-004
   14.100000000000000       6.94235181936423253E-004
   14.150000000000000       6.86433920629054184E-004
   14.199999999999999       6.78734846209564833E-004
   14.250000000000000       6.71136405917397588E-004
   14.300000000000001       6.63637074171384979E-004
   14.350000000000000       6.56235352026282928E-004
   14.400000000000000       6.48929766641710313E-004
   14.449999999999999       6.41718870763022557E-004
   14.500000000000000       6.34601242213813721E-004
   14.550000000000001       6.27575483399909735E-004
   14.600000000000000       6.20640220824382536E-004
   14.650000000000000       6.13794104613442229E-004
   14.699999999999999       6.07035808052810771E-004
   14.750000000000000       6.00364027134449784E-004
   14.800000000000001       5.93777480113324833E-004
   14.850000000000000       5.87274907073862137E-004
   14.900000000000000       5.80855069506061301E-004
   14.949999999999999       5.74516749890842740E-004
   15.000000000000000       5.68258751294501742E-004
   15.050000000000001       5.62079896971996620E-004
   15.100000000000000       5.55979029978889662E-004
   15.150000000000000       5.49955012791727288E-004
   15.199999999999999       5.44006726936587946E-004
   15.250000000000000       5.38133072625753494E-004
   15.300000000000001       5.32332968402107038E-004
   15.350000000000000       5.26605350791188066E-004
   15.400000000000000       5.20949173960832002E-004
   15.449999999999999       5.15363409387833223E-004
   15.500000000000000       5.09847045532005479E-004
   15.550000000000001       5.04399087516939327E-004
   15.600000000000000       4.99018556817661042E-004
   15.650000000000000       4.93704490954849124E-004
   15.699999999999999       4.88455943195527159E-004
   15.750000000000000       4.83271982260018618E-004
   15.800000000000001       4.78151692035099266E-004
   15.850000000000000       4.73094171293121201E-004
   15.900000000000000       4.68098533417033163E-004
   15.949999999999999       4.63163906131079130E-004
   16.000000000000000       4.58289431237169850E-004
   16.050000000000001       4.53474264356629295E-004
   16.100000000000001       4.48717574677357086E-004
   16.149999999999999       4.44018544706195151E-004
   16.199999999999999       4.39376370026285765E-004
   16.250000000000000       4.34790259059601573E-004
   16.300000000000001       4.30259432834155780E-004
   16.350000000000001       4.25783124756050812E-004
   16.399999999999999       4.21360580386184009E-004
   16.449999999999999       4.16991057221434208E-004
   16.500000000000000       4.12673824480355690E-004
   16.550000000000001       4.08408162893118452E-004
   16.600000000000001       4.04193364495756830E-004
   16.649999999999999       4.00028732428567583E-004
   16.699999999999999       3.95913580738465199E-004
   16.750000000000000       3.91847234185405135E-004
   16.800000000000001       3.87829028052597046E-004
   16.850000000000001       3.83858307960548281E-004
   16.899999999999999       3.79934429684760224E-004
   16.949999999999999       3.76056758977100507E-004
   17.000000000000000       3.72224671390673952E-004
   17.050000000000001       3.68437552108116708E-004
   17.100000000000001       3.64694795773362775E-004
   17.149999999999999       3.60995806326654828E-004
   17.199999999999999       3.57339996842760764E-004
   17.250000000000000       3.53726789372468332E-004
   17.300000000000001       3.50155614787039417E-004
   17.350000000000001       3.46625912625800597E-004
   17.399999999999999       3.43137130946599461E-004
   17.449999999999999       3.39688726179286019E-004
   17.500000000000000       3.36280162981870728E-004
   17.550000000000001       3.32910914099611335E-004
   17.600000000000001       3.29580460226661196E-004
   17.649999999999999       3.26288289870554254E-004
   17.699999999999999       3.23033899219096667E-004
   17.750000000000000       3.19816792009951223E-004
   17.800000000000001       3.16636479402637673E-004
   17.850000000000001       3.13492479852962771E-004
   17.899999999999999       3.10384318989921745E-004
   17.949999999999999       3.07311529494778805E-004
   18.000000000000000       3.04273650982615719E-004
   18.050000000000001       3.01270229885969439E-004
   18.100000000000001       2.98300819340722155E-004
   18.149999999999999       2.95364979074166630E-004
   18.199999999999999       2.92462275295066318E-004
   18.250000000000000       2.89592280585910004E-004
   18.300000000000001       2.86754573797051281E-004
   18.350000000000001       2.83948739942893049E-004
   18.399999999999999       2.81174370100003190E-004
   18.449999999999999       2.78431061307041411E-004
   18.500000000000000       2.75718416466660900E-004
   18.550000000000001       2.73036044249108385E-004
   18.600000000000001       2.70383558997656936E-004
   18.649999999999999       2.67760580635781722E-004
   18.699999999999999       2.65166734576018667E-004
   18.750000000000000       2.62601651630469150E-004
   18.800000000000001       2.60064967923017841E-004
   18.850000000000001       2.57556324803055964E-004
   18.899999999999999       2.55075368760845976E-004
   18.949999999999999       2.52621751344383322E-004
   19.000000000000000       2.50195129077780459E-004
   19.050000000000001       2.47795163381120951E-004
   19.100000000000001       2.45421520491764496E-004
   19.150000000000002       2.43073871387064510E-004
   19.199999999999999       2.40751891708474624E-004
   19.250000000000000       2.38455261687015447E-004
   19.300000000000001       2.36183666070078675E-004
   19.350000000000001       2.33936794049531034E-004
   19.400000000000002       2.31714339191115188E-004
   19.449999999999999       2.29515999365093054E-004
   19.500000000000000       2.27341476678092225E-004
   19.550000000000001       2.25190477406250360E-004
   19.600000000000001       2.23062711929416813E-004
   19.650000000000002       2.20957894666625620E-004
   19.699999999999999       2.18875744012634373E-004
   19.750000000000000       2.16815982275607021E-004
   19.800000000000001       2.14778335615888754E-004
   19.850000000000001       2.12762533985842787E-004
   19.900000000000002       2.10768311070752475E-004
   19.949999999999999       2.08795404230716509E-004
   20.000000000000000       2.06843554443628634E-004
   20.050000000000001       2.04912506249065637E-004
   20.100000000000001       2.03002007693184257E-004
   20.150000000000002       2.01111810274609662E-004
   20.199999999999999       1.99241668891160083E-004
   20.250000000000000       1.97391341787601877E-004
   20.300000000000001       1.95560590504211451E-004
   20.350000000000001       1.93749179826284537E-004
   20.400000000000002       1.91956877734481251E-004
   20.449999999999999       1.90183455355988557E-004
   20.500000000000000       1.88428686916594683E-004
   20.550000000000001       1.86692349693527818E-004
   20.600000000000001       1.84974223969063396E-004
   20.650000000000002       1.83274092985025530E-004
   20.699999999999999       1.81591742897920091E-004
   20.750000000000000       1.79926962734959446E-004
   20.800000000000001       1.78279544350753646E-004
   20.850000000000001       1.76649282384690632E-004
   20.900000000000002       1.75035974219185338E-004
   20.949999999999999       1.73439419938450229E-004
   21.000000000000000       1.71859422288075394E-004
   21.050000000000001       1.70295786635231720E-004
   21.100000000000001       1.68748320929560221E-004
   21.150000000000002       1.67216835664711698E-004
   21.199999999999999       1.65701143840511826E-004
   21.250000000000000       1.64201060925741986E-004
   21.300000000000001       1.62716404821594085E-004
   21.350000000000001       1.61246995825653039E-004
   21.400000000000002       1.59792656596549501E-004
   21.449999999999999       1.58353212119124125E-004
   21.500000000000000       1.56928489670204611E-004
   21.550000000000001       1.55518318784961127E-004
   21.600000000000001       1.54122531223743433E-004
   21.650000000000002       1.52740960939553439E-004
   21.699999999999999       1.51373444045968807E-004
   21.750000000000000       1.50019818785634035E-004
   21.800000000000001       1.48679925499239560E-004
   21.850000000000001       1.47353606595031661E-004
   21.900000000000002       1.46040706518799659E-004
   21.949999999999999       1.44741071724322433E-004
   22.000000000000000       1.43454550644357313E-004
   22.050000000000001       1.42180993662036466E-004
   22.100000000000001       1.40920253082740094E-004
   22.150000000000002       1.39672183106448759E-004
   22.199999999999999       1.38436639800514435E-004
   22.250000000000000       1.37213481072826122E-004
   22.300000000000001       1.36002566645525156E-004
   22.350000000000001       1.34803758028989666E-004
   22.400000000000002       1.33616918496359024E-004
   22.449999999999999       1.32441913058380843E-004
   22.500000000000000       1.31278608438693606E-004
   22.550000000000001       1.30126873049506137E-004
   22.600000000000001       1.28986576967624896E-004
   22.650000000000002       1.27857591910924943E-004
   22.699999999999999       1.26739791215103886E-004
   22.750000000000000       1.25633049810879998E-004
   22.800000000000001       1.24537244201519714E-004
   22.850000000000001       1.23452252440685051E-004
   22.900000000000002       1.22377954110699095E-004
   22.949999999999999       1.21314230301075029E-004
   23.000000000000000       1.20260963587439485E-004
   23.050000000000001       1.19218038010735709E-004
   23.100000000000001       1.18185339056808814E-004
   23.150000000000002       1.17162753636234393E-004
   23.199999999999999       1.16150170064519627E-004
   23.250000000000000       1.15147478042604512E-004
   23.300000000000001       1.14154568637601163E-004
   23.350000000000001       1.13171334263940872E-004
   23.400000000000002       1.12197668664694330E-004
   23.449999999999999       1.11233466893266626E-004
   23.500000000000000       1.10278625295324895E-004
   23.550000000000001       1.09333041491023784E-004
   23.600000000000001       1.08396614357486810E-004
   23.650000000000002       1.07469244011596055E-004
   23.699999999999999       1.06550831792958203E-004
   23.750000000000000       1.05641280247242080E-004
   23.800000000000001       1.04740493109672402E-004
   23.850000000000001       1.03848375288840585E-004
   23.900000000000002       1.02964832850706896E-004
   23.949999999999999       1.02089773002894392E-004
   24.000000000000000       1.01223104079187776E-004
   24.050000000000001       1.00364735524268353E-004
   24.100000000000001       9.95145778787039374E-005
   24.150000000000002       9.86725427641213873E-005
   24.199999999999999       9.78385428686426518E-005
   24.250000000000000       9.70124919325246894E-005
   24.300000000000001       9.61943047339837280E-005
   24.350000000000001       9.53838970753093183E-005
   24.400000000000002       9.45811857690768873E-005
   24.449999999999999       9.37860886246677170E-005
   24.500000000000000       9.29985244349223751E-005
   24.550000000000001       9.22184129630214758E-005
   24.600000000000001       9.14456749295559451E-005
   24.650000000000002       9.06802319997785928E-005
   24.699999999999999       8.99220067710640534E-005
   24.750000000000000       8.91709227605277531E-005
   24.800000000000001       8.84269043928564589E-005
   24.850000000000001       8.76898769882819015E-005
   24.900000000000002       8.69597667507703980E-005
   24.949999999999999       8.62365007563508333E-005
   25.000000000000000       8.55200069416475143E-005
   25.050000000000001       8.48102140925304431E-005
   25.100000000000001       8.41070518330065144E-005
   25.150000000000002       8.34104506141795314E-005
   25.199999999999999       8.27203417034523249E-005
   25.250000000000000       8.20366571738540706E-005
   25.300000000000001       8.13593298934898903E-005
   25.350000000000001       8.06882935152103436E-005
   25.400000000000002       8.00234824663780903E-005
   25.449999999999999       7.93648319387896083E-005
   25.500000000000000       7.87122778787646503E-005
   25.550000000000001       7.80657569773711993E-005
   25.600000000000001       7.74252066607494110E-005
   25.650000000000002       7.67905650806628194E-005
   25.699999999999999       7.61617711050650051E-005
   25.750000000000000       7.55387643089374636E-005
   25.800000000000001       7.49214849651321088E-005
   25.850000000000001       7.43098740354260895E-005
   25.900000000000002       7.37038731616853525E-005
   25.949999999999999       7.31034246571129082E-005
   26.000000000000000       7.25084714977041383E-005
   26.050000000000001       7.19189573137289651E-005
   26.100000000000001       7.13348263814047852E-005
   26.150000000000002       7.07560236146628492E-005
   26.199999999999999       7.01824945570080441E-005
   26.250000000000000       6.96141853735431906E-005
   26.300000000000001       6.90510428430675269E-005
   26.350000000000001       6.84930143502827720E-005
   26.400000000000002       6.79400478781476712E-005
   26.449999999999999       6.73920920002924563E-005
   26.500000000000000       6.68490958735692390E-005
   26.550000000000001       6.63110092307098609E-005
   26.600000000000001       6.57777823730553427E-005
   26.650000000000002       6.52493661634174425E-005
   26.699999999999999       6.47257120190239692E-005
   26.750000000000000       6.42067719045813251E-005
   26.800000000000001       6.36924983253820299E-005
   26.850000000000001       6.31828443205945654E-005
   26.900000000000002       6.26777634565541301E-005
   26.949999999999999       6.21772098202003017E-005
   27.000000000000000       6.16811380126071557E-005
   27.050000000000001       6.11895031425574567E-005
   27.100000000000001       6.07022608202722834E-005
   27.150000000000002       6.02193671511565916E-005
   27.199999999999999       5.97407787296857300E-005
   27.250000000000000       5.92664526333391804E-005
   27.300000000000001       5.87963464166535186E-005
   27.350000000000001       5.83304181053050628E-005
   27.400000000000002       5.78686261903342338E-005
   27.449999999999999       5.74109296223865710E-005
   27.500000000000000       5.69572878060986592E-005
   27.550000000000001       5.65076605944915495E-005
   27.600000000000001       5.60620082834940075E-005
   27.650000000000002       5.56202916065146711E-005
   27.699999999999999       5.51824717290811729E-005
   27.750000000000000       5.47485102435926827E-005
   27.800000000000001       5.43183691640728976E-005
   27.850000000000001       5.38920109210692570E-005
   27.900000000000002       5.34693983565714021E-005
   27.949999999999999       5.30504947190036597E-005
   28.000000000000000       5.26352636583142026E-005
   28.050000000000001       5.22236692210945876E-005
   28.100000000000001       5.18156758457774861E-005
   28.150000000000002       5.14112483579156604E-005
   28.199999999999999       5.10103519654923223E-005
   28.250000000000000       5.06129522543165807E-005
   28.300000000000001       5.02190151834827617E-005
   28.350000000000001       4.98285070808637942E-005
   28.400000000000002       4.94413946386962434E-005
   28.449999999999999       4.90576449092058328E-005
   28.500000000000000       4.86772253002842019E-005
   28.550000000000001       4.83001035712573529E-005
   28.600000000000001       4.79262478286614164E-005
   28.650000000000002       4.75556265221085340E-005
   28.699999999999999       4.71882084402039631E-005
   28.750000000000000       4.68239627064922855E-005
   28.800000000000001       4.64628587754977322E-005
   28.850000000000001       4.61048664287711204E-005
   28.900000000000002       4.57499557710320124E-005
   28.949999999999999       4.53980972263166529E-005
   29.000000000000000       4.50492615342266029E-005
   29.050000000000001       4.47034197461758685E-005
   29.100000000000001       4.43605432217254912E-005
   29.150000000000002       4.40206036249430412E-005
   29.199999999999999       4.36835729208267623E-005
   29.250000000000000       4.33494233717509071E-005
   29.300000000000001       4.30181275339973064E-005
   29.350000000000001       4.26896582542725321E-005
   29.400000000000002       4.23639886663493712E-005
   29.449999999999999       4.20410921876665847E-005
   29.500000000000000       4.17209425160350539E-005
   29.550000000000001       4.14035136263689042E-005
   29.600000000000001       4.10887797674332577E-005
   29.650000000000002       4.07767154586798604E-005
   29.699999999999999       4.04672954870712642E-005
   29.750000000000000       4.01604949040127313E-005
   29.800000000000001       3.98562890222329850E-005
   29.850000000000001       3.95546534127992578E-005
   29.900000000000002       3.92555639021041999E-005
   29.949999999999999       3.89589965689157369E-005
   30.000000000000000       3.86649277414724321E-005
   30.050000000000001       3.83733339945910445E-005
   30.100000000000001       3.80841921468449336E-005
   30.150000000000002       3.77974792577382017E-005
   30.199999999999999       3.75131726249452541E-005
   30.250000000000000       3.72312497815878047E-005
   30.300000000000001       3.69516884935120317E-005
   30.350000000000001       3.66744667566489376E-005
   30.400000000000002       3.63995627943604870E-005
   30.449999999999999       3.61269550548452191E-005
   30.500000000000000       3.58566222085911654E-005
   30.550000000000001       3.55885431458143002E-005
   30.600000000000001       3.53226969739684125E-005
   30.650000000000002       3.50590630152901203E-005
   30.699999999999999       3.47976208043237182E-005
   30.750000000000000       3.45383500855506642E-005
   30.800000000000001       3.42812308109743634E-005
   30.850000000000001       3.40262431378078226E-005
   30.900000000000002       3.37733674261163233E-005
   30.949999999999999       3.35225842365538112E-005
   31.000000000000000       3.32738743280852921E-005
   31.050000000000001       3.30272186557635806E-005
   31.100000000000001       3.27825983684966978E-005
   31.150000000000002       3.25399948069099185E-005
   31.199999999999999       3.22993895011596007E-005
   31.250000000000000       3.20607641688073895E-005
   31.300000000000001       3.18241007127492083E-005
   31.350000000000001       3.15893812191018100E-005
   31.400000000000002       3.13565879551892782E-005
   31.449999999999999       3.11257033674948130E-005
   31.500000000000000       3.08967100796782201E-005
   31.550000000000001       3.06695908905934948E-005
   31.600000000000001       3.04443287723377999E-005
   31.650000000000002       3.02209068683377812E-005
   31.699999999999999       2.99993084914266095E-005
   31.750000000000000       2.97795171219855633E-005
   31.800000000000001       2.95615164060761180E-005
   31.850000000000001       2.93452901536034291E-005
   31.900000000000002       2.91308223365192773E-005
   31.949999999999999       2.89180970870163133E-005
   32.000000000000007       2.87070986957736621E-005
   32.050000000000004       2.84978116102022881E-005
   32.100000000000001       2.82902204327187958E-005
   32.150000000000006       2.80843099190580487E-005
   32.200000000000003       2.78800649765546483E-005
   32.250000000000007       2.76774706625261745E-005
   32.300000000000004       2.74765121825900201E-005
   32.350000000000001       2.72771748890533192E-005
   32.400000000000006       2.70794442793281394E-005
   32.450000000000003       2.68833059943082947E-005
   32.500000000000007       2.66887458168439719E-005
   32.550000000000004       2.64957496701597168E-005
   32.600000000000001       2.63043036163586484E-005
   32.650000000000006       2.61143938548829160E-005
   32.700000000000003       2.59260067210376182E-005
   32.750000000000007       2.57391286845238103E-005
   32.800000000000004       2.55537463479585409E-005
   32.850000000000001       2.53698464454532257E-005
   32.900000000000006       2.51874158411935494E-005
   32.950000000000003       2.50064415280207869E-005
   33.000000000000007       2.48269106260488497E-005
   33.050000000000004       2.46488103812992649E-005
   33.100000000000001       2.44721281643361475E-005
   33.150000000000006       2.42968514689226611E-005
   33.200000000000003       2.41229679107215263E-005
   33.250000000000007       2.39504652259437938E-005
   33.300000000000004       2.37793312701077439E-005
   33.350000000000001       2.36095540167053355E-005
   33.400000000000006       2.34411215559921783E-005
   33.450000000000003       2.32740220937052640E-005
   33.500000000000007       2.31082439498349146E-005
   33.550000000000004       2.29437755574180851E-005
   33.600000000000001       2.27806054613249924E-005
   33.650000000000006       2.26187223170650093E-005
   33.700000000000003       2.24581148896189476E-005
   33.750000000000007       2.22987720522770582E-005
   33.800000000000004       2.21406827854698510E-005
   33.850000000000001       2.19838361756582309E-005
   33.900000000000006       2.18282214142022618E-005
   33.950000000000003       2.16738277962374686E-005
   34.000000000000007       2.15206447195987265E-005
   34.050000000000004       2.13686616837220957E-005
   34.100000000000001       2.12178682885721326E-005
   34.150000000000006       2.10682542336059545E-005
   34.200000000000003       2.09198093166856905E-005
   34.250000000000007       2.07725234330838778E-005
   34.300000000000004       2.06263865744347915E-005
   34.350000000000001       2.04813888277299683E-005
   34.400000000000006       2.03375203743325173E-005
   34.450000000000003       2.01947714889568254E-005
   34.500000000000007       2.00531325387366650E-005
   34.550000000000004       1.99125939822098483E-005
   34.600000000000001       1.97731463684059466E-005
   34.650000000000006       1.96347803358793235E-005
   34.700000000000003       1.94974866117814920E-005
   34.750000000000007       1.93612560109496899E-005
   34.800000000000004       1.92260794349650807E-005
   34.850000000000001       1.90919478713007914E-005
   34.900000000000006       1.89588523923755490E-005
   34.950000000000003       1.88267841547213593E-005
   35.000000000000007       1.86957343980715472E-005
   35.050000000000004       1.85656944445418179E-005
   35.100000000000001       1.84366556977322834E-005
   35.150000000000006       1.83086096419356767E-005
   35.200000000000003       1.81815478412565558E-005
   35.250000000000007       1.80554619388275986E-005
   35.300000000000004       1.79303436559798796E-005
   35.350000000000001       1.78061847914308538E-005
   35.400000000000006       1.76829772205078910E-005
   35.450000000000003       1.75607128943460077E-005
   35.500000000000007       1.74393838391220606E-005
   35.550000000000004       1.73189821552776551E-005
   35.600000000000001       1.71995000167574256E-005
   35.650000000000006       1.70809296702791775E-005
   35.700000000000003       1.69632634345564430E-005
   35.750000000000007       1.68464936995948447E-005
   35.800000000000004       1.67306129259433818E-005
   35.850000000000001       1.66156136439898590E-005
   35.900000000000006       1.65014884532455225E-005
   35.950000000000003       1.63882300216422293E-005
   36.000000000000007       1.62758310848366777E-005
   36.050000000000004       1.61642844455296774E-005
   36.100000000000001       1.60535829727737879E-005
   36.150000000000006       1.59437196013218621E-005
   36.200000000000003       1.58346873309387003E-005
   36.250000000000007       1.57264792257682212E-005
   36.300000000000004       1.56190884136582550E-005
   36.350000000000001       1.55125080855400306E-005
   36.400000000000006       1.54067314947886558E-005
   36.450000000000003       1.53017519565719789E-005
   36.500000000000007       1.51975628472705648E-005
   36.550000000000004       1.50941576038221487E-005
   36.600000000000001       1.49915297231332890E-005
   36.650000000000006       1.48896727614889308E-005
   36.700000000000003       1.47885803339233403E-005
   36.750000000000007       1.46882461136727908E-005
   36.800000000000004       1.45886638315635458E-005
   36.850000000000001       1.44898272754515860E-005
   36.900000000000006       1.43917302896436687E-005
   36.950000000000003       1.42943667743460670E-005
   37.000000000000007       1.41977306851029618E-005
   37.050000000000004       1.41018160322331542E-005
   37.100000000000001       1.40066168803121563E-005
   37.150000000000006       1.39121273476037265E-005
   37.200000000000003       1.38183416055532814E-005
   37.250000000000007       1.37252538782425304E-005
   37.300000000000004       1.36328584418691853E-005
   37.350000000000001       1.35411496242525982E-005
   37.400000000000006       1.34501218042882183E-005
   37.450000000000003       1.33597694114710220E-005
   37.500000000000007       1.32700869253959143E-005
   37.550000000000004       1.31810688752332311E-005
   37.600000000000001       1.30927098392867213E-005
   37.650000000000006       1.30050044444637129E-005
   37.700000000000003       1.29179473658380283E-005
   37.750000000000007       1.28315333261455532E-005
   37.800000000000004       1.27457570953328652E-005
   37.850000000000001       1.26606134900908146E-005
   37.900000000000006       1.25760973733961838E-005
   37.950000000000003       1.24922036540582271E-005
   38.000000000000007       1.24089272862732274E-005
   38.050000000000004       1.23262632691739464E-005
   38.100000000000001       1.22442066464062499E-005
   38.150000000000006       1.21627525056712361E-005
   38.200000000000003       1.20818959783185224E-005
   38.250000000000007       1.20016322389154646E-005
   38.300000000000004       1.19219565048149144E-005
   38.350000000000009       1.18428640357558319E-005
   38.400000000000006       1.17643501334421942E-005
   38.450000000000003       1.16864101411392546E-005
   38.500000000000007       1.16090394432659397E-005
   38.550000000000004       1.15322334650130579E-005
   38.600000000000009       1.14559876719189545E-005
   38.650000000000006       1.13802975695168596E-005
   38.700000000000003       1.13051587029075214E-005
   38.750000000000007       1.12305666564188509E-005
   38.800000000000004       1.11565170531979098E-005
   38.850000000000009       1.10830055548471982E-005
   38.900000000000006       1.10100278610625760E-005
   38.950000000000003       1.09375797092506778E-005
   39.000000000000007       1.08656568741788197E-005
   39.050000000000004       1.07942551676157343E-005
   39.100000000000009       1.07233704379755659E-005
   39.150000000000006       1.06529985699572579E-005
   39.200000000000003       1.05831354842173647E-005
   39.250000000000007       1.05137771370066759E-005
   39.300000000000004       1.04449195198398788E-005
   39.350000000000009       1.03765586591685053E-005
   39.400000000000006       1.03086906160094113E-005
   39.450000000000003       1.02413114856769214E-005
   39.500000000000007       1.01744173974024531E-005
   39.550000000000004       1.01080045140296789E-005
   39.600000000000009       1.00420690317131915E-005
   39.650000000000006       9.97660717956684060E-006
   39.700000000000003       9.91161521938755012E-006
   39.750000000000007       9.84708944532174701E-006
   39.800000000000004       9.78302618355759499E-006
   39.850000000000009       9.71942179205179090E-006
   39.900000000000006       9.65627266018362628E-006
   39.950000000000003       9.59357520849971195E-006
   40.000000000000007       9.53132588839491599E-006
   40.050000000000004       9.46952118182887023E-006
   40.100000000000009       9.40815760104453172E-006
   40.150000000000006       9.34723168826467558E-006
   40.200000000000003       9.28674001543657555E-006
   40.250000000000007       9.22667918393451078E-006
   40.300000000000004       9.16704582427172718E-006
   40.350000000000009       9.10783659587740516E-006
   40.400000000000006       9.04904818674542900E-006
   40.450000000000003       8.99067731325978281E-006
   40.500000000000007       8.93272071983855449E-006
   40.550000000000004       8.87517517875146785E-006
   40.600000000000009       8.81803748980089511E-006
   40.650000000000006       8.76130448008893976E-006
   40.700000000000003       8.70497300377819383E-006
   40.750000000000007       8.64903994180197635E-006
   40.800000000000004       8.59350220164574807E-006
   40.850000000000009       8.53835671709856485E-006
   40.900000000000006       8.48360044797761070E-006
   40.950000000000003       8.42923037993400364E-006
   41.000000000000007       8.37524352417624786E-006
   41.050000000000004       8.32163691724461809E-006
   41.100000000000009       8.26840762078667212E-006
   41.150000000000006       8.21555272130578194E-006
   41.200000000000003       8.16306932994705637E-006
   41.250000000000007       8.11095458226153723E-006
   41.300000000000004       8.05920563798355673E-006
   41.350000000000009       8.00781968081816441E-006
   41.400000000000006       7.95679391818518084E-006
   41.450000000000003       7.90612558105322494E-006
   41.500000000000007       7.85581192367518391E-006
   41.550000000000004       7.80585022340522527E-006
   41.600000000000009       7.75623778047414850E-006
   41.650000000000006       7.70697191777203978E-006
   41.700000000000003       7.65804998066293608E-006
   41.750000000000007       7.60946933675462959E-006
   41.800000000000004       7.56122737571150896E-006
   41.850000000000009       7.51332150904974764E-006
   41.900000000000006       7.46574916991858638E-006
   41.950000000000003       7.41850781294664250E-006
   42.000000000000007       7.37159491399040465E-006
   42.050000000000004       7.32500796999475270E-006
   42.100000000000009       7.27874449874825591E-006
   42.150000000000006       7.23280203874230453E-006
   42.200000000000003       7.18717814894788272E-006
   42.250000000000007       7.14187040864870144E-006
   42.300000000000004       7.09687641724606316E-006
   42.350000000000009       7.05219379408762317E-006
   42.400000000000006       7.00782017826461329E-006
   42.450000000000003       6.96375322846610898E-006
   42.500000000000007       6.91999062277008243E-006
   42.550000000000004       6.87653005848724270E-006
   42.600000000000009       6.83336925198518490E-006
   42.650000000000006       6.79050593849921981E-006
   42.700000000000003       6.74793787199050091E-006
   42.750000000000007       6.70566282495735460E-006
   42.800000000000004       6.66367858826758203E-006
   42.850000000000009       6.62198297100768051E-006
   42.900000000000006       6.58057380030068227E-006
   42.950000000000003       6.53944892116292290E-006
   43.000000000000007       6.49860619632975665E-006
   43.050000000000004       6.45804350609773055E-006
   43.100000000000009       6.41775874818099194E-006
   43.150000000000006       6.37774983752706222E-006
   43.200000000000003       6.33801470619577463E-006
   43.250000000000007       6.29855130318977455E-006
   43.300000000000004       6.25935759429421506E-006
   43.350000000000009       6.22043156194358392E-006
   43.400000000000006       6.18177120506240038E-006
   43.450000000000003       6.14337453892807630E-006
   43.500000000000007       6.10523959501694930E-006
   43.550000000000004       6.06736442085753851E-006
   43.600000000000009       6.02974707990052165E-006
   43.650000000000006       5.99238565136266239E-006
   43.700000000000003       5.95527823009919728E-006
   43.750000000000007       5.91842292645134945E-006
   43.800000000000004       5.88181786613247295E-006
   43.850000000000009       5.84546119006114161E-006
   43.900000000000006       5.80935105424733820E-006
   43.950000000000003       5.77348562965536478E-006
   44.000000000000007       5.73786310206854861E-006
   44.050000000000004       5.70248167196218299E-006
   44.100000000000009       5.66733955437068285E-006
   44.150000000000006       5.63243497874853752E-006
   44.200000000000003       5.59776618888372023E-006
   44.250000000000007       5.56333144270473488E-006
   44.300000000000004       5.52912901222668542E-006
   44.350000000000009       5.49515718337515908E-006
   44.400000000000006       5.46141425589387182E-006
   44.450000000000003       5.42789854320717119E-006
   44.500000000000007       5.39460837230903263E-006
   44.550000000000004       5.36154208364156363E-006
   44.600000000000009       5.32869803097614635E-006
   44.650000000000006       5.29607458129437699E-006
   44.700000000000003       5.26367011468370372E-006
   44.750000000000007       5.23148302420983892E-006
   44.800000000000004       5.19951171580348378E-006
   44.850000000000009       5.16775460816929433E-006
   44.900000000000006       5.13621013263590910E-006
   44.950000000000003       5.10487673309078098E-006
   45.000000000000007       5.07375286583607915E-006
   45.050000000000004       5.04283699949317507E-006
   45.100000000000009       5.01212761490316863E-006
   45.150000000000006       4.98162320500607162E-006
   45.200000000000003       4.95132227474886230E-006
   45.250000000000007       4.92122334096910645E-006
   45.300000000000004       4.89132493230503890E-006
   45.350000000000009       4.86162558908497491E-006
   45.400000000000006       4.83212386322278971E-006
   45.450000000000003       4.80281831813246976E-006
   45.500000000000007       4.77370752861380488E-006
   45.550000000000004       4.74479008075600855E-006
   45.600000000000009       4.71606457185412172E-006
   45.650000000000006       4.68752961028995553E-006
   45.700000000000003       4.65918381546450234E-006
   45.750000000000007       4.63102581766868355E-006
   45.800000000000004       4.60305425802642564E-006
   45.850000000000009       4.57526778837026573E-006
   45.900000000000006       4.54766507117019150E-006
   45.950000000000003       4.52024477943779603E-006
   46.000000000000007       4.49300559662180899E-006
   46.050000000000004       4.46594621654334604E-006
   46.100000000000009       4.43906534328353385E-006
   46.150000000000006       4.41236169110969198E-006
   46.200000000000003       4.38583398438882797E-006
   46.250000000000007       4.35948095748849385E-006
   46.300000000000004       4.33330135470822470E-006
   46.350000000000009       4.30729393018299304E-006
   46.400000000000006       4.28145744780204270E-006
   46.450000000000003       4.25579068112662333E-006
   46.500000000000007       4.23029241331444179E-006
   46.550000000000004       4.20496143701939976E-006
   46.600000000000009       4.17979655433622653E-006
   46.650000000000006       4.15479657669402649E-006
   46.700000000000003       4.12996032480211640E-006
   46.750000000000007       4.10528662855376016E-006
   46.800000000000004       4.08077432695039659E-006
   46.850000000000009       4.05642226803518546E-006
   46.900000000000006       4.03222930880017522E-006
   46.950000000000003       4.00819431513417916E-006
   47.000000000000007       3.98431616171538262E-006
   47.050000000000004       3.96059373196760815E-006
   47.100000000000009       3.93702591797512768E-006
   47.150000000000006       3.91361162039369701E-006
   47.200000000000003       3.89034974840875384E-006
   47.250000000000007       3.86723921963820044E-006
   47.300000000000004       3.84427896008020608E-006
   47.350000000000009       3.82146790402358923E-006
   47.400000000000006       3.79880499399438932E-006
   47.450000000000003       3.77628918068050149E-006
   47.500000000000007       3.75391942285799282E-006
   47.550000000000004       3.73169468733802807E-006
   47.600000000000009       3.70961394887952324E-006
   47.650000000000006       3.68767619014176504E-006
   47.700000000000003       3.66588040160594479E-006
   47.750000000000007       3.64422558151238222E-006
   47.800000000000004       3.62271073579914693E-006
   47.850000000000009       3.60133487803947579E-006
   47.900000000000006       3.58009702936169657E-006
   47.950000000000003       3.55899621841638803E-006
   48.000000000000007       3.53803148127699460E-006
   48.050000000000004       3.51720186141692004E-006
   48.100000000000009       3.49650640961128394E-006
   48.150000000000006       3.47594418390104603E-006
   48.200000000000003       3.45551424952729337E-006
   48.250000000000007       3.43521567886270567E-006
   48.300000000000004       3.41504755135942248E-006
   48.350000000000009       3.39500895349823820E-006
   48.400000000000006       3.37509897870922618E-006
   48.450000000000003       3.35531672733545479E-006
   48.500000000000007       3.33566130656233641E-006
   48.550000000000004       3.31613183037124517E-006
   48.600000000000009       3.29672741947067267E-006
   48.650000000000006       3.27744720125475593E-006
   48.700000000000003       3.25829030974035645E-006
   48.750000000000007       3.23925588550465758E-006
   48.800000000000004       3.22034307565210481E-006
   48.850000000000009       3.20155103374515406E-006
   48.900000000000006       3.18287891974555324E-006
   48.950000000000003       3.16432589998942592E-006
   49.000000000000007       3.14589114709413669E-006
   49.050000000000004       3.12757383994363959E-006
   49.100000000000009       3.10937316361981719E-006
   49.150000000000006       3.09128830934763862E-006
   49.200000000000003       3.07331847446013515E-006
   49.250000000000007       3.05546286233651684E-006
   49.300000000000004       3.03772068234993684E-006
   49.350000000000009       3.02009114983304216E-006
   49.400000000000006       3.00257348601449995E-006
   49.450000000000003       2.98516691798063246E-006
   49.500000000000007       2.96787067862086259E-006
   49.550000000000004       2.95068400658555830E-006
   49.600000000000009       2.93360614623572950E-006
   49.650000000000006       2.91663634761649766E-006
   49.700000000000003       2.89977386627893179E-006
   49.750000000000007       2.88301796382161625E-006
   49.800000000000004       2.86636790556517567E-006
   49.850000000000009       2.84982296908491167E-006
   49.900000000000006       2.83338241211253213E-006
   49.950000000000003       2.81704559210488861E-006
   50.000000000000007       2.80081151987783520E-006
   50.050000000000004       2.78468052515941686E-006
