   0.000000E+00  -0.197970E-01
   0.200000E+01  -0.204170E-01
   0.400000E+01  -0.210640E-01
   0.600000E+01  -0.217390E-01
   0.800000E+01  -0.224430E-01
   0.100000E+02  -0.231790E-01
   0.120000E+02  -0.239480E-01
   0.140000E+02  -0.247520E-01
   0.160000E+02  -0.255930E-01
   0.180000E+02  -0.264730E-01
   0.200000E+02  -0.273960E-01
   0.220000E+02  -0.283620E-01
   0.240000E+02  -0.293760E-01
   0.260000E+02  -0.304400E-01
   0.280000E+02  -0.315580E-01
   0.300000E+02  -0.327330E-01
   0.320000E+02  -0.339690E-01
   0.340000E+02  -0.352690E-01
   0.360000E+02  -0.366400E-01
   0.380000E+02  -0.380850E-01
   0.400000E+02  -0.396100E-01
   0.420000E+02  -0.412210E-01
   0.440000E+02  -0.429250E-01
   0.460000E+02  -0.447290E-01
   0.480000E+02  -0.466400E-01
   0.500000E+02  -0.486680E-01
   0.520000E+02  -0.508220E-01
   0.540000E+02  -0.531130E-01
   0.560000E+02  -0.555540E-01
   0.580000E+02  -0.581570E-01
   0.600000E+02  -0.609390E-01
   0.620000E+02  -0.639170E-01
   0.640000E+02  -0.671100E-01
   0.660000E+02  -0.705430E-01
   0.680000E+02  -0.742400E-01
   0.700000E+02  -0.782350E-01
   0.720000E+02  -0.825620E-01
   0.740000E+02  -0.872670E-01
   0.760000E+02  -0.924040E-01
   0.780000E+02  -0.980390E-01
   0.800000E+02  -0.104260E+00
   0.820000E+02  -0.111179E+00
   0.840000E+02  -0.118951E+00
   0.860000E+02  -0.127799E+00
   0.880000E+02  -0.138061E+00
   0.900000E+02  -0.150292E+00
   0.920000E+02  -0.165490E+00
   0.940000E+02  -0.185668E+00
   0.960000E+02  -0.215432E+00
   0.980000E+02  -0.271749E+00
   0.100000E+03  -0.254650E+00
   0.102000E+03   0.162435E+01
   0.104000E+03   0.310669E+01
   0.106000E+03   0.330173E+01
   0.108000E+03   0.335380E+01
   0.110000E+03   0.336763E+01
   0.112000E+03   0.336520E+01
   0.114000E+03   0.335344E+01
   0.116000E+03   0.333497E+01
   0.118000E+03   0.331079E+01
   0.120000E+03   0.328117E+01
   0.122000E+03   0.324594E+01
   0.124000E+03   0.320463E+01
   0.126000E+03   0.315658E+01
   0.128000E+03   0.310088E+01
   0.130000E+03   0.303639E+01
   0.132000E+03   0.296171E+01
   0.134000E+03   0.287511E+01
   0.136000E+03   0.277446E+01
   0.138000E+03   0.265717E+01
   0.140000E+03   0.252001E+01
   0.142000E+03   0.235905E+01
   0.144000E+03   0.216946E+01
   0.146000E+03   0.194543E+01
   0.148000E+03   0.168010E+01
   0.150000E+03   0.136576E+01
   0.152000E+03   0.994367E+00
   0.154000E+03   0.558873E+00
   0.156000E+03   0.557480E-01
   0.158000E+03  -0.510896E+00
   0.160000E+03  -0.112374E+01
   0.162000E+03  -0.174707E+01
   0.164000E+03  -0.232625E+01
   0.166000E+03  -0.279695E+01
   0.168000E+03  -0.310485E+01
   0.170000E+03  -0.322635E+01
   0.172000E+03  -0.317619E+01
   0.174000E+03  -0.299709E+01
   0.176000E+03  -0.274055E+01
   0.178000E+03  -0.245138E+01
   0.180000E+03  -0.216105E+01
   0.182000E+03  -0.188809E+01
   0.184000E+03  -0.164132E+01
   0.186000E+03  -0.142342E+01
   0.188000E+03  -0.123363E+01
   0.190000E+03  -0.106957E+01
   0.192000E+03  -0.928234E+00
   0.194000E+03  -0.806574E+00
   0.196000E+03  -0.701763E+00
   0.198000E+03  -0.611295E+00
   0.200000E+03  -0.533011E+00
   0.202000E+03  -0.465077E+00
   0.204000E+03  -0.405949E+00
   0.206000E+03  -0.354331E+00
   0.208000E+03  -0.309139E+00
   0.210000E+03  -0.269465E+00
   0.212000E+03  -0.234545E+00
   0.214000E+03  -0.203738E+00
   0.216000E+03  -0.176503E+00
   0.218000E+03  -0.152383E+00
   0.220000E+03  -0.130987E+00
   0.222000E+03  -0.111984E+00
   0.224000E+03  -0.950880E-01
   0.226000E+03  -0.800550E-01
   0.228000E+03  -0.666730E-01
   0.230000E+03  -0.547600E-01
   0.232000E+03  -0.441540E-01
   0.234000E+03  -0.347170E-01
   0.236000E+03  -0.263260E-01
   0.238000E+03  -0.188730E-01
   0.240000E+03  -0.122620E-01
   0.242000E+03  -0.640800E-02
   0.244000E+03  -0.123600E-02
   0.246000E+03   0.332300E-02
   0.248000E+03   0.732800E-02
   0.250000E+03   0.108350E-01
   0.252000E+03   0.138930E-01
   0.254000E+03   0.165450E-01
   0.256000E+03   0.188340E-01
   0.258000E+03   0.207940E-01
   0.260000E+03   0.224600E-01
   0.262000E+03   0.238610E-01
   0.264000E+03   0.250250E-01
   0.266000E+03   0.259760E-01
   0.268000E+03   0.267380E-01
   0.270000E+03   0.273300E-01
   0.272000E+03   0.277720E-01
   0.274000E+03   0.280800E-01
   0.276000E+03   0.282700E-01
   0.278000E+03   0.283560E-01
   0.280000E+03   0.283500E-01
   0.282000E+03   0.282640E-01
   0.284000E+03   0.281080E-01
   0.286000E+03   0.278910E-01
   0.288000E+03   0.276220E-01
   0.290000E+03   0.273080E-01
   0.292000E+03   0.269550E-01
   0.294000E+03   0.265710E-01
   0.296000E+03   0.261590E-01
   0.298000E+03   0.257250E-01
