   0.000000E+00   0.802300E-02
   0.200000E+01   0.840100E-02
   0.400000E+01   0.880200E-02
   0.600000E+01   0.922700E-02
   0.800000E+01   0.967700E-02
   0.100000E+02   0.101540E-01
   0.120000E+02   0.106600E-01
   0.140000E+02   0.111970E-01
   0.160000E+02   0.117670E-01
   0.180000E+02   0.123730E-01
   0.200000E+02   0.130170E-01
   0.220000E+02   0.137030E-01
   0.240000E+02   0.144320E-01
   0.260000E+02   0.152090E-01
   0.280000E+02   0.160370E-01
   0.300000E+02   0.169190E-01
   0.320000E+02   0.178610E-01
   0.340000E+02   0.188660E-01
   0.360000E+02   0.199390E-01
   0.380000E+02   0.210850E-01
   0.400000E+02   0.223110E-01
   0.420000E+02   0.236210E-01
   0.440000E+02   0.250230E-01
   0.460000E+02   0.265220E-01
   0.480000E+02   0.281280E-01
   0.500000E+02   0.298460E-01
   0.520000E+02   0.316860E-01
   0.540000E+02   0.336550E-01
   0.560000E+02   0.357630E-01
   0.580000E+02   0.380190E-01
   0.600000E+02   0.404310E-01
   0.620000E+02   0.430110E-01
   0.640000E+02   0.457650E-01
   0.660000E+02   0.487040E-01
   0.680000E+02   0.518350E-01
   0.700000E+02   0.551640E-01
   0.720000E+02   0.586980E-01
   0.740000E+02   0.624380E-01
   0.760000E+02   0.663850E-01
   0.780000E+02   0.705340E-01
   0.800000E+02   0.748790E-01
   0.820000E+02   0.794050E-01
   0.840000E+02   0.840930E-01
   0.860000E+02   0.889170E-01
   0.880000E+02   0.938430E-01
   0.900000E+02   0.988310E-01
   0.920000E+02   0.103830E+00
   0.940000E+02   0.108787E+00
   0.960000E+02   0.113638E+00
   0.980000E+02   0.118317E+00
   0.100000E+03   0.122753E+00
   0.102000E+03   0.126875E+00
   0.104000E+03   0.130612E+00
   0.106000E+03   0.133895E+00
   0.108000E+03   0.136661E+00
   0.110000E+03   0.138849E+00
   0.112000E+03   0.140408E+00
   0.114000E+03   0.141290E+00
   0.116000E+03   0.141455E+00
   0.118000E+03   0.140866E+00
   0.120000E+03   0.139493E+00
   0.122000E+03   0.137305E+00
   0.124000E+03   0.134276E+00
   0.126000E+03   0.130377E+00
   0.128000E+03   0.125578E+00
   0.130000E+03   0.119844E+00
   0.132000E+03   0.113136E+00
   0.134000E+03   0.105407E+00
   0.136000E+03   0.966010E-01
   0.138000E+03   0.341342E+01
   0.140000E+03   0.340205E+01
   0.142000E+03   0.338954E+01
   0.144000E+03   0.337560E+01
   0.146000E+03   0.336007E+01
   0.148000E+03   0.334280E+01
   0.150000E+03   0.332359E+01
   0.152000E+03   0.330220E+01
   0.154000E+03   0.327836E+01
   0.156000E+03   0.325174E+01
   0.158000E+03   0.322195E+01
   0.160000E+03   0.318852E+01
   0.162000E+03   0.315088E+01
   0.164000E+03   0.310837E+01
   0.166000E+03   0.306018E+01
   0.168000E+03   0.300531E+01
   0.170000E+03   0.294257E+01
   0.172000E+03   0.287052E+01
   0.174000E+03   0.278737E+01
   0.176000E+03   0.269094E+01
   0.178000E+03   0.257856E+01
   0.180000E+03   0.244691E+01
   0.182000E+03   0.229196E+01
   0.184000E+03   0.210880E+01
   0.186000E+03   0.189149E+01
   0.188000E+03   0.163308E+01
   0.190000E+03   0.132576E+01
   0.192000E+03   0.961389E+00
   0.194000E+03   0.532848E+00
   0.196000E+03   0.365400E-01
   0.198000E+03  -0.523472E+00
   0.200000E+03  -0.112991E+01
   0.202000E+03  -0.174707E+01
   0.204000E+03  -0.232033E+01
   0.206000E+03  -0.278536E+01
   0.208000E+03  -0.308782E+01
   0.210000E+03  -0.320409E+01
   0.212000E+03  -0.314885E+01
   0.214000E+03  -0.296482E+01
   0.216000E+03  -0.270344E+01
   0.218000E+03  -0.240950E+01
   0.220000E+03  -0.211446E+01
   0.222000E+03  -0.183686E+01
   0.224000E+03  -0.158555E+01
   0.226000E+03  -0.136326E+01
   0.228000E+03  -0.116936E+01
   0.230000E+03  -0.100156E+01
   0.232000E+03  -0.857024E+00
   0.234000E+03  -0.732844E+00
   0.236000E+03  -0.626336E+00
   0.238000E+03  -0.535110E+00
   0.240000E+03  -0.457079E+00
   0.242000E+03  -0.390431E+00
   0.244000E+03  -0.333596E+00
   0.246000E+03  -0.285204E+00
   0.248000E+03  -0.244060E+00
   0.250000E+03  -0.209121E+00
   0.252000E+03  -0.179476E+00
   0.254000E+03  -0.154335E+00
   0.256000E+03  -0.133016E+00
   0.258000E+03  -0.114931E+00
   0.260000E+03  -0.995780E-01
   0.262000E+03  -0.865300E-01
   0.264000E+03  -0.754240E-01
   0.266000E+03  -0.659560E-01
   0.268000E+03  -0.578680E-01
   0.270000E+03  -0.509450E-01
   0.272000E+03  -0.450050E-01
   0.274000E+03  -0.398950E-01
   0.276000E+03  -0.354900E-01
   0.278000E+03  -0.316820E-01
   0.280000E+03  -0.283810E-01
   0.282000E+03  -0.255120E-01
   0.284000E+03  -0.230110E-01
   0.286000E+03  -0.208270E-01
   0.288000E+03  -0.189120E-01
   0.290000E+03  -0.172300E-01
   0.292000E+03  -0.157480E-01
   0.294000E+03  -0.144390E-01
   0.296000E+03  -0.132790E-01
   0.298000E+03  -0.122490E-01
