     0    25    25    2.000000    2.000000    0.000000    0.000000     1
    0.000004    0.000007    0.000011    0.000016    0.000024    0.000034    0.000046    0.000061    0.000077    0.000093
    0.000107    0.000116    0.000119    0.000116    0.000107    0.000093    0.000077    0.000061    0.000046    0.000034
    0.000024    0.000016    0.000011    0.000007    0.000004
    0.000007    0.000011    0.000018    0.000027    0.000041    0.000060    0.000084    0.000113    0.000146    0.000178
    0.000207    0.000226    0.000233    0.000226    0.000207    0.000178    0.000146    0.000113    0.000084    0.000060
    0.000041    0.000027    0.000018    0.000011    0.000007
    0.000011    0.000018    0.000029    0.000045    0.000070    0.000104    0.000150    0.000207    0.000273    0.000340
    0.000401    0.000443    0.000458    0.000443    0.000401    0.000340    0.000273    0.000207    0.000150    0.000104
    0.000070    0.000045    0.000029    0.000018    0.000011
    0.000016    0.000027    0.000045    0.000073    0.000116    0.000178    0.000264    0.000375    0.000508    0.000649
    0.000778    0.000870    0.000904    0.000870    0.000778    0.000649    0.000508    0.000375    0.000264    0.000178
    0.000116    0.000073    0.000045    0.000027    0.000016
    0.000024    0.000041    0.000070    0.000116    0.000189    0.000299    0.000458    0.000673    0.000939    0.001234
    0.001513    0.001717    0.001793    0.001717    0.001513    0.001234    0.000939    0.000673    0.000458    0.000299
    0.000189    0.000116    0.000070    0.000041    0.000024
    0.000034    0.000060    0.000104    0.000178    0.000299    0.000491    0.000778    0.001186    0.001717    0.002336
    0.002947    0.003408    0.003581    0.003408    0.002947    0.002336    0.001717    0.001186    0.000778    0.000491
    0.000299    0.000178    0.000104    0.000060    0.000034
    0.000046    0.000084    0.000150    0.000264    0.000458    0.000778    0.001285    0.002043    0.003092    0.004389
    0.005742    0.006807    0.007217    0.006807    0.005742    0.004389    0.003092    0.002043    0.001285    0.000778
    0.000458    0.000264    0.000150    0.000084    0.000046
    0.000061    0.000113    0.000207    0.000375    0.000673    0.001186    0.002043    0.003408    0.005434    0.008133
    0.011163    0.013697    0.014706    0.013697    0.011163    0.008133    0.005434    0.003408    0.002043    0.001186
    0.000673    0.000375    0.000207    0.000113    0.000061
    0.000077    0.000146    0.000273    0.000508    0.000939    0.001717    0.003092    0.005434    0.009201    0.014706
    0.021519    0.027729    0.030332    0.027729    0.021519    0.014706    0.009201    0.005434    0.003092    0.001717
    0.000939    0.000508    0.000273    0.000146    0.000077
    0.000093    0.000178    0.000340    0.000649    0.001234    0.002336    0.004389    0.008133    0.014706    0.025419
    0.040467    0.055969    0.063004    0.055969    0.040467    0.025419    0.014706    0.008133    0.004389    0.002336
    0.001234    0.000649    0.000340    0.000178    0.000093
    0.000107    0.000207    0.000401    0.000778    0.001513    0.002947    0.005742    0.011163    0.021519    0.040467
    0.071369    0.108828    0.127893    0.108828    0.071369    0.040467    0.021519    0.011163    0.005742    0.002947
    0.001513    0.000778    0.000401    0.000207    0.000107
    0.000116    0.000226    0.000443    0.000870    0.001717    0.003408    0.006807    0.013697    0.027729    0.055969
    0.108828    0.184752    0.228854    0.184752    0.108828    0.055969    0.027729    0.013697    0.006807    0.003408
    0.001717    0.000870    0.000443    0.000226    0.000116
    0.000119    0.000233    0.000458    0.000904    0.001793    0.003581    0.007217    0.014706    0.030332    0.063004
    0.127893    0.228854    0.291561    0.228854    0.127893    0.063004    0.030332    0.014706    0.007217    0.003581
    0.001793    0.000904    0.000458    0.000233    0.000119
    0.000116    0.000226    0.000443    0.000870    0.001717    0.003408    0.006807    0.013697    0.027729    0.055969
    0.108828    0.184752    0.228854    0.184752    0.108828    0.055969    0.027729    0.013697    0.006807    0.003408
    0.001717    0.000870    0.000443    0.000226    0.000116
    0.000107    0.000207    0.000401    0.000778    0.001513    0.002947    0.005742    0.011163    0.021519    0.040467
    0.071369    0.108828    0.127893    0.108828    0.071369    0.040467    0.021519    0.011163    0.005742    0.002947
    0.001513    0.000778    0.000401    0.000207    0.000107
    0.000093    0.000178    0.000340    0.000649    0.001234    0.002336    0.004389    0.008133    0.014706    0.025419
    0.040467    0.055969    0.063004    0.055969    0.040467    0.025419    0.014706    0.008133    0.004389    0.002336
    0.001234    0.000649    0.000340    0.000178    0.000093
    0.000077    0.000146    0.000273    0.000508    0.000939    0.001717    0.003092    0.005434    0.009201    0.014706
    0.021519    0.027729    0.030332    0.027729    0.021519    0.014706    0.009201    0.005434    0.003092    0.001717
    0.000939    0.000508    0.000273    0.000146    0.000077
    0.000061    0.000113    0.000207    0.000375    0.000673    0.001186    0.002043    0.003408    0.005434    0.008133
    0.011163    0.013697    0.014706    0.013697    0.011163    0.008133    0.005434    0.003408    0.002043    0.001186
    0.000673    0.000375    0.000207    0.000113    0.000061
    0.000046    0.000084    0.000150    0.000264    0.000458    0.000778    0.001285    0.002043    0.003092    0.004389
    0.005742    0.006807    0.007217    0.006807    0.005742    0.004389    0.003092    0.002043    0.001285    0.000778
    0.000458    0.000264    0.000150    0.000084    0.000046
    0.000034    0.000060    0.000104    0.000178    0.000299    0.000491    0.000778    0.001186    0.001717    0.002336
    0.002947    0.003408    0.003581    0.003408    0.002947    0.002336    0.001717    0.001186    0.000778    0.000491
    0.000299    0.000178    0.000104    0.000060    0.000034
    0.000024    0.000041    0.000070    0.000116    0.000189    0.000299    0.000458    0.000673    0.000939    0.001234
    0.001513    0.001717    0.001793    0.001717    0.001513    0.001234    0.000939    0.000673    0.000458    0.000299
    0.000189    0.000116    0.000070    0.000041    0.000024
    0.000016    0.000027    0.000045    0.000073    0.000116    0.000178    0.000264    0.000375    0.000508    0.000649
    0.000778    0.000870    0.000904    0.000870    0.000778    0.000649    0.000508    0.000375    0.000264    0.000178
    0.000116    0.000073    0.000045    0.000027    0.000016
    0.000011    0.000018    0.000029    0.000045    0.000070    0.000104    0.000150    0.000207    0.000273    0.000340
    0.000401    0.000443    0.000458    0.000443    0.000401    0.000340    0.000273    0.000207    0.000150    0.000104
    0.000070    0.000045    0.000029    0.000018    0.000011
    0.000007    0.000011    0.000018    0.000027    0.000041    0.000060    0.000084    0.000113    0.000146    0.000178
    0.000207    0.000226    0.000233    0.000226    0.000207    0.000178    0.000146    0.000113    0.000084    0.000060
    0.000041    0.000027    0.000018    0.000011    0.000007
    0.000004    0.000007    0.000011    0.000016    0.000024    0.000034    0.000046    0.000061    0.000077    0.000093
    0.000107    0.000116    0.000119    0.000116    0.000107    0.000093    0.000077    0.000061    0.000046    0.000034
    0.000024    0.000016    0.000011    0.000007    0.000004
