   0.000000E+00  -0.563500E-02
   0.200000E+01  -0.572500E-02
   0.400000E+01  -0.581400E-02
   0.600000E+01  -0.590000E-02
   0.800000E+01  -0.598500E-02
   0.100000E+02  -0.606700E-02
   0.120000E+02  -0.614500E-02
   0.140000E+02  -0.621900E-02
   0.160000E+02  -0.628800E-02
   0.180000E+02  -0.635000E-02
   0.200000E+02  -0.640600E-02
   0.220000E+02  -0.645300E-02
   0.240000E+02  -0.648900E-02
   0.260000E+02  -0.651400E-02
   0.280000E+02  -0.652500E-02
   0.300000E+02  -0.652000E-02
   0.320000E+02  -0.649600E-02
   0.340000E+02  -0.645100E-02
   0.360000E+02  -0.638100E-02
   0.380000E+02  -0.628100E-02
   0.400000E+02  -0.614800E-02
   0.420000E+02  -0.597700E-02
   0.440000E+02  -0.576000E-02
   0.460000E+02  -0.549200E-02
   0.480000E+02  -0.516400E-02
   0.500000E+02  -0.476600E-02
   0.520000E+02  -0.428700E-02
   0.540000E+02  -0.371500E-02
   0.560000E+02  -0.303400E-02
   0.580000E+02  -0.222800E-02
   0.600000E+02  -0.127400E-02
   0.620000E+02  -0.149000E-03
   0.640000E+02   0.117500E-02
   0.660000E+02   0.273200E-02
   0.680000E+02   0.456200E-02
   0.700000E+02   0.671000E-02
   0.720000E+02   0.923100E-02
   0.740000E+02   0.121860E-01
   0.760000E+02   0.156490E-01
   0.780000E+02   0.197000E-01
   0.800000E+02   0.244280E-01
   0.820000E+02   0.303000E-01
   0.840000E+02   0.374550E-01
   0.860000E+02   0.454290E-01
   0.880000E+02   0.547990E-01
   0.900000E+02   0.657800E-01
   0.920000E+02   0.786260E-01
   0.940000E+02   0.936560E-01
   0.960000E+02   0.111321E+00
   0.980000E+02   0.132342E+00
   0.100000E+03   0.157972E+00
   0.102000E+03   0.190409E+00
   0.104000E+03   0.233423E+00
   0.106000E+03   0.293257E+00
   0.108000E+03   0.379844E+00
   0.110000E+03   0.508226E+00
   0.112000E+03   0.699337E+00
   0.114000E+03   0.976891E+00
   0.116000E+03   0.135317E+01
   0.118000E+03   0.180170E+01
   0.120000E+03   0.224758E+01
   0.122000E+03   0.261712E+01
   0.124000E+03   0.288335E+01
   0.126000E+03   0.305846E+01
   0.128000E+03   0.316605E+01
   0.130000E+03   0.322697E+01
   0.132000E+03   0.325627E+01
   0.134000E+03   0.326397E+01
   0.136000E+03   0.325650E+01
   0.138000E+03   0.323785E+01
   0.140000E+03   0.321036E+01
   0.142000E+03   0.317531E+01
   0.144000E+03   0.313320E+01
   0.146000E+03   0.308397E+01
   0.148000E+03   0.302715E+01
   0.150000E+03   0.296187E+01
   0.152000E+03   0.288689E+01
   0.154000E+03   0.280058E+01
   0.156000E+03   0.270086E+01
   0.158000E+03   0.258512E+01
   0.160000E+03   0.245012E+01
   0.162000E+03   0.229184E+01
   0.164000E+03   0.210541E+01
   0.166000E+03   0.188491E+01
   0.168000E+03   0.162342E+01
   0.170000E+03   0.131313E+01
   0.172000E+03   0.945907E+00
   0.174000E+03   0.514647E+00
   0.176000E+03   0.157510E-01
   0.178000E+03  -0.546724E+00
   0.180000E+03  -0.115551E+01
   0.182000E+03  -0.177492E+01
   0.184000E+03  -0.235034E+01
   0.186000E+03  -0.281749E+01
   0.188000E+03  -0.312204E+01
   0.190000E+03  -0.324041E+01
   0.192000E+03  -0.318734E+01
   0.194000E+03  -0.300556E+01
   0.196000E+03  -0.274658E+01
   0.198000E+03  -0.245517E+01
   0.200000E+03  -0.216284E+01
   0.202000E+03  -0.188809E+01
   0.204000E+03  -0.163974E+01
   0.206000E+03  -0.142045E+01
   0.208000E+03  -0.122948E+01
   0.210000E+03  -0.106442E+01
   0.212000E+03  -0.922255E+00
   0.214000E+03  -0.799938E+00
   0.216000E+03  -0.694629E+00
   0.218000E+03  -0.603817E+00
   0.220000E+03  -0.525335E+00
   0.222000E+03  -0.457341E+00
   0.224000E+03  -0.398285E+00
   0.226000E+03  -0.346866E+00
   0.228000E+03  -0.301993E+00
   0.230000E+03  -0.262753E+00
   0.232000E+03  -0.228378E+00
   0.234000E+03  -0.198221E+00
   0.236000E+03  -0.171734E+00
   0.238000E+03  -0.148452E+00
   0.240000E+03  -0.127979E+00
   0.242000E+03  -0.109972E+00
   0.244000E+03  -0.941380E-01
   0.246000E+03  -0.802200E-01
   0.248000E+03  -0.679960E-01
   0.250000E+03  -0.572700E-01
   0.252000E+03  -0.478690E-01
   0.254000E+03  -0.396410E-01
   0.256000E+03  -0.324520E-01
   0.258000E+03  -0.261810E-01
   0.260000E+03  -0.207220E-01
   0.262000E+03  -0.159790E-01
   0.264000E+03  -0.118690E-01
   0.266000E+03  -0.831600E-02
   0.268000E+03  -0.525300E-02
   0.270000E+03  -0.262100E-02
   0.272000E+03  -0.367000E-03
   0.274000E+03   0.155600E-02
   0.276000E+03   0.318800E-02
   0.278000E+03   0.456700E-02
   0.280000E+03   0.572500E-02
   0.282000E+03   0.669000E-02
   0.284000E+03   0.748700E-02
   0.286000E+03   0.813800E-02
   0.288000E+03   0.866300E-02
   0.290000E+03   0.907800E-02
   0.292000E+03   0.939800E-02
   0.294000E+03   0.963700E-02
   0.296000E+03   0.980500E-02
   0.298000E+03   0.991400E-02
