  0.110839E+00 -0.468700E-02
  0.332516E+00 -0.521317E-02
  0.554193E+00 -0.578763E-02
  0.775870E+00 -0.641209E-02
  0.997547E+00 -0.708742E-02
  0.121922E+01 -0.781354E-02
  0.144090E+01 -0.858914E-02
  0.166258E+01 -0.941123E-02
  0.188426E+01 -0.102750E-01
  0.210593E+01 -0.111732E-01
  0.232761E+01 -0.120961E-01
  0.254929E+01 -0.130308E-01
  0.277097E+01 -0.139612E-01
  0.299264E+01 -0.148679E-01
  0.321432E+01 -0.157278E-01
  0.343600E+01 -0.165150E-01
  0.365767E+01 -0.172004E-01
  0.387935E+01 -0.177530E-01
  0.410103E+01 -0.181405E-01
  0.432271E+01 -0.183210E-01
  0.454438E+01 -0.182682E-01
  0.476606E+01 -0.179575E-01
  0.498774E+01 -0.173675E-01
  0.520941E+01 -0.164843E-01
  0.543109E+01 -0.153023E-01
  0.565277E+01 -0.138257E-01
  0.587445E+01 -0.120688E-01
  0.609612E+01 -0.100567E-01
  0.631780E+01 -0.782372E-02
  0.653948E+01 -0.541362E-02
  0.676116E+01 -0.287699E-02
  0.698283E+01 -0.269640E-03
  0.720451E+01  0.234218E-02
  0.742619E+01  0.489643E-02
  0.764786E+01  0.733604E-02
  0.786954E+01  0.960900E-02
  0.809122E+01  0.116701E-01
  0.831289E+01  0.134826E-01
  0.853457E+01  0.150194E-01
  0.875625E+01  0.162639E-01
  0.897793E+01  0.172097E-01
  0.919960E+01  0.178603E-01
  0.942128E+01  0.182280E-01
  0.964296E+01  0.183197E-01
  0.986464E+01  0.181773E-01
  0.100863E+02  0.178316E-01
  0.103080E+02  0.173142E-01
  0.105297E+02  0.166575E-01
  0.107513E+02  0.158927E-01
  0.109730E+02  0.150493E-01
  0.111947E+02  0.141540E-01
  0.114164E+02  0.132302E-01
  0.116381E+02  0.122983E-01
  0.118597E+02  0.113749E-01
  0.120814E+02  0.104735E-01
  0.123031E+02  0.960441E-02
  0.125248E+02  0.877538E-02
  0.127464E+02  0.799175E-02
  0.129681E+02  0.725684E-02
  0.131898E+02  0.657234E-02
  0.134115E+02  0.593857E-02
  0.136331E+02  0.535493E-02
  0.138548E+02  0.481994E-02
  0.140765E+02  0.433164E-02
  0.142982E+02  0.388762E-02
  0.145199E+02  0.348529E-02
  0.147415E+02  0.312189E-02
  0.149632E+02  0.279468E-02
  0.151849E+02  0.250090E-02
  0.154066E+02  0.223792E-02
  0.156282E+02  0.200322E-02
  0.158499E+02  0.179440E-02
  0.160716E+02  0.160918E-02
  0.162933E+02  0.144553E-02
  0.165150E+02  0.130151E-02
  0.167366E+02  0.117536E-02
  0.169583E+02  0.106552E-02
  0.171800E+02  0.970564E-03
  0.174017E+02  0.889218E-03
  0.176233E+02  0.820349E-03
  0.178450E+02  0.762970E-03
  0.180667E+02  0.716196E-03
  0.182884E+02  0.679296E-03
  0.185100E+02  0.651678E-03
  0.187317E+02  0.632754E-03
  0.189534E+02  0.622088E-03
  0.191751E+02  0.619362E-03
  0.193968E+02  0.624339E-03
  0.196184E+02  0.636799E-03
  0.198401E+02  0.656636E-03
  0.200618E+02  0.683732E-03
  0.202835E+02  0.718075E-03
  0.205051E+02  0.759619E-03
  0.207268E+02  0.808384E-03
  0.209485E+02  0.864350E-03
  0.211702E+02  0.927506E-03
  0.213919E+02  0.997801E-03
  0.216135E+02  0.107511E-02
  0.218352E+02  0.115927E-02
  0.220569E+02  0.125009E-02
  0.222786E+02  0.134719E-02
  0.225002E+02  0.145020E-02
  0.227219E+02  0.155845E-02
  0.229436E+02  0.167128E-02
  0.231653E+02  0.178781E-02
  0.233869E+02  0.190708E-02
  0.236086E+02  0.202788E-02
  0.238303E+02  0.214891E-02
  0.240520E+02  0.226873E-02
  0.242737E+02  0.238570E-02
  0.244953E+02  0.249817E-02
  0.247170E+02  0.260430E-02
  0.249387E+02  0.270226E-02
  0.251604E+02  0.279023E-02
  0.253820E+02  0.286630E-02
  0.256037E+02  0.292873E-02
  0.258254E+02  0.297596E-02
  0.260471E+02  0.300655E-02
  0.262688E+02  0.301938E-02
  0.264904E+02  0.301352E-02
  0.267121E+02  0.298860E-02
  0.269338E+02  0.294448E-02
  0.271555E+02  0.288160E-02
  0.273771E+02  0.280082E-02
  0.275988E+02  0.270348E-02
  0.278205E+02  0.259139E-02
  0.280422E+02  0.246684E-02
  0.282638E+02  0.233245E-02
  0.284855E+02  0.219132E-02
  0.287072E+02  0.204672E-02
  0.289289E+02  0.190208E-02
  0.291506E+02  0.176097E-02
  0.293722E+02  0.162686E-02
  0.295939E+02  0.150307E-02
  0.298156E+02  0.139265E-02
  0.300373E+02  0.129820E-02
  0.302589E+02  0.122196E-02
  0.304806E+02  0.116550E-02
  0.307023E+02  0.112984E-02
  0.309240E+02  0.111528E-02
  0.311456E+02  0.112140E-02
  0.313673E+02  0.114728E-02
  0.315890E+02  0.119130E-02
  0.318107E+02  0.125125E-02
  0.320324E+02  0.132458E-02
  0.322540E+02  0.140841E-02
  0.324757E+02  0.149962E-02
  0.326974E+02  0.159511E-02
  0.329191E+02  0.169170E-02
  0.331407E+02  0.178650E-02
  0.333624E+02  0.187714E-02
  0.335841E+02  0.196170E-02
  0.338058E+02  0.203887E-02
