 -0.31221182E+01  0.55051351E+00
 -0.30049562E+01  0.52985477E+00
 -0.28877943E+01  0.50919580E+00
 -0.27706323E+01  0.48853707E+00
 -0.26534700E+01  0.46787834E+00
 -0.25363081E+01  0.44721937E+00
 -0.24191461E+01  0.42656052E+00
 -0.23019841E+01  0.40590179E+00
 -0.21848221E+01  0.38524294E+00
 -0.20676599E+01  0.36458409E+00
 -0.19504980E+01  0.34392524E+00
 -0.18333360E+01  0.32326639E+00
 -0.17161739E+01  0.30260754E+00
 -0.15990119E+01  0.28194880E+00
 -0.14818499E+01  0.26129007E+00
 -0.13646878E+01  0.24063110E+00
 -0.12475258E+01  0.21997225E+00
 -0.11303638E+01  0.19931352E+00
 -0.10132017E+01  0.17865467E+00
 -0.89603972E+00  0.15799582E+00
 -0.77887774E+00  0.13733697E+00
 -0.66171575E+00  0.11667824E+00
 -0.54455376E+00  0.96019387E-01
 -0.42739153E+00  0.75360537E-01
 -0.31022954E+00  0.54701805E-01
 -0.19306755E+00  0.34042954E-01
 -0.75905561E-01  0.13383985E-01
  0.41256428E-01 -0.72746873E-02
  0.15841842E+00 -0.27933478E-01
  0.27558064E+00 -0.48592389E-01
  0.39274263E+00 -0.69251180E-01
  0.50990462E+00 -0.89909971E-01
  0.62706661E+00 -0.11056882E+00
  0.74422860E+00 -0.13122767E+00
  0.86139059E+00 -0.15188646E+00
  0.97855258E+00 -0.17254525E+00
  0.10957148E+01 -0.19320416E+00
  0.12128766E+01 -0.21386296E+00
  0.13300388E+01 -0.23452175E+00
  0.14472010E+01 -0.25518066E+00
  0.15643628E+01 -0.27583945E+00
  0.16815250E+01 -0.29649824E+00
  0.17986867E+01 -0.31715703E+00
  0.19158490E+01 -0.33781588E+00
  0.20330107E+01 -0.35847467E+00
  0.21501729E+01 -0.37913352E+00
  0.22673352E+01 -0.39979237E+00
  0.23844969E+01 -0.42045116E+00
  0.25016592E+01 -0.44111001E+00
  0.26188209E+01 -0.46176881E+00
  0.27359831E+01 -0.48242766E+00
  0.28531449E+01 -0.50308645E+00
  0.29703071E+01 -0.52374530E+00
  0.30874693E+01 -0.54440415E+00
  0.32046311E+01 -0.56506288E+00
  0.33217933E+01 -0.58572173E+00
  0.34389551E+01 -0.60638058E+00
  0.35561173E+01 -0.62703943E+00
  0.36732795E+01 -0.64769828E+00
  0.37904413E+01 -0.66835701E+00
  0.39076035E+01 -0.68901587E+00
  0.40247650E+01 -0.70967460E+00
  0.41419277E+01 -0.73033357E+00
  0.42590895E+01 -0.75099236E+00
  0.43762512E+01 -0.77164692E+00
  0.44934139E+01 -0.79225230E+00
  0.46105757E+01 -0.81269991E+00
  0.47277374E+01 -0.83283478E+00
  0.48448992E+01 -0.85247171E+00
  0.49620619E+01 -0.87141097E+00
  0.50792236E+01 -0.88945121E+00
  0.51963863E+01 -0.90640241E+00
  0.53135481E+01 -0.92209435E+00
  0.54307098E+01 -0.93638611E+00
  0.55478716E+01 -0.94917154E+00
  0.56650343E+01 -0.96038437E+00
  0.57821960E+01 -0.97000039E+00
  0.58993578E+01 -0.97803897E+00
  0.60165205E+01 -0.98456234E+00
  0.61336823E+01 -0.98967230E+00
  0.62508440E+01 -0.99350673E+00
  0.63680058E+01 -0.99623263E+00
  0.64851685E+01 -0.99803871E+00
  0.66023302E+01 -0.99912536E+00
  0.67194920E+01 -0.99969316E+00
  0.68366547E+01 -0.99992961E+00
  0.69538164E+01 -0.99999386E+00
  0.70709782E+01 -0.10000000E+01
  0.71881399E+01 -0.10000000E+01
  0.73053026E+01 -0.10000000E+01
  0.74224644E+01 -0.10000000E+01
  0.75396261E+01 -0.10000000E+01
  0.76567888E+01 -0.10000000E+01
  0.77739506E+01 -0.10000000E+01
  0.78911123E+01 -0.10000000E+01
  0.80082741E+01 -0.10000000E+01
  0.81254368E+01 -0.10000000E+01
  0.82425985E+01 -0.10000000E+01
  0.83597603E+01 -0.10000000E+01
  0.84769230E+01 -0.10000000E+01
  0.85940847E+01 -0.10000000E+01
  0.87112465E+01 -0.10000000E+01
  0.88284082E+01 -0.10000000E+01
  0.89455709E+01 -0.10000000E+01
  0.90627327E+01 -0.10000000E+01
  0.91798944E+01 -0.10000000E+01
  0.92970572E+01 -0.10000000E+01
  0.94142189E+01 -0.10000000E+01
  0.95313807E+01 -0.10000000E+01
  0.96485434E+01 -0.10000000E+01
  0.97657051E+01 -0.10000000E+01
  0.98828669E+01 -0.10000000E+01
  0.10000029E+02 -0.10000000E+01
  0.10117191E+02 -0.10000000E+01
  0.10234353E+02 -0.10000000E+01
  0.10351515E+02 -0.10000000E+01
  0.10468678E+02 -0.10000000E+01
  0.10585839E+02 -0.10000000E+01
  0.10703001E+02 -0.10000000E+01
  0.10820163E+02 -0.10000000E+01
  0.10937325E+02 -0.10000000E+01
  0.11054487E+02 -0.10000000E+01
  0.11171649E+02 -0.10000000E+01
  0.11288812E+02 -0.10000000E+01
  0.11405973E+02 -0.10000000E+01
  0.11523135E+02 -0.10000000E+01
  0.11640297E+02 -0.10000000E+01
  0.11757460E+02 -0.10000000E+01
  0.11874621E+02 -0.10000000E+01
  0.11991783E+02 -0.10000000E+01
  0.12108946E+02 -0.10000000E+01
  0.12226108E+02 -0.10000000E+01
  0.12343269E+02 -0.10000000E+01
  0.12460431E+02 -0.10000000E+01
  0.12577594E+02 -0.10000000E+01
  0.12694756E+02 -0.10000000E+01
  0.12811917E+02 -0.10000000E+01
  0.12929079E+02 -0.10000000E+01
  0.13046242E+02 -0.10000000E+01
  0.13163404E+02 -0.10000000E+01
  0.13280565E+02 -0.10000000E+01
  0.13397728E+02 -0.10000000E+01
  0.13514891E+02 -0.10000000E+01
  0.13632051E+02 -0.10000000E+01
  0.13749214E+02 -0.10000000E+01
  0.13866375E+02 -0.10000000E+01
  0.13983538E+02 -0.10000000E+01
  0.14100700E+02 -0.10000000E+01
  0.14217861E+02 -0.10000000E+01
  0.14335024E+02 -0.10000000E+01
  0.14452187E+02 -0.10000000E+01
  0.14569347E+02 -0.10000000E+01
  0.14686510E+02 -0.10000000E+01
  0.14803673E+02 -0.10000000E+01
  0.14920834E+02 -0.10000000E+01
  0.15037996E+02 -0.10000000E+01
  0.15155159E+02 -0.10000000E+01
  0.15272320E+02 -0.10000000E+01
  0.15389482E+02 -0.10000000E+01
  0.15506643E+02 -0.10000000E+01
  0.15623806E+02 -0.10000000E+01
  0.15740969E+02 -0.10000000E+01
  0.15858130E+02 -0.10000000E+01
  0.15975292E+02 -0.10000000E+01
  0.16092455E+02 -0.10000000E+01
  0.16209616E+02 -0.10000000E+01
  0.16326778E+02 -0.10000000E+01
  0.16443941E+02 -0.10000000E+01
  0.16561102E+02 -0.10000000E+01
  0.16678265E+02 -0.10000000E+01
  0.16795427E+02 -0.10000000E+01
  0.16912588E+02 -0.10000000E+01
  0.17029751E+02 -0.10000000E+01
  0.17146914E+02 -0.10000000E+01
  0.17264074E+02 -0.10000000E+01
  0.17381237E+02 -0.10000000E+01
  0.17498398E+02 -0.10000000E+01
  0.17615561E+02 -0.10000000E+01
  0.17732723E+02 -0.10000000E+01
  0.17849884E+02 -0.10000000E+01
  0.17967047E+02 -0.10000000E+01
  0.18084209E+02 -0.10000000E+01
  0.18201370E+02 -0.10000000E+01
  0.18318533E+02 -0.10000000E+01
  0.18435696E+02 -0.10000000E+01
  0.18552856E+02 -0.10000000E+01
  0.18670019E+02 -0.10000000E+01
  0.18787182E+02 -0.10000000E+01
  0.18904343E+02 -0.10000000E+01
  0.19021505E+02 -0.10000000E+01
  0.19138666E+02 -0.10000000E+01
  0.19255829E+02 -0.10000000E+01
  0.19372992E+02 -0.10000000E+01
  0.19490152E+02 -0.10000000E+01
  0.19607315E+02 -0.10000000E+01
  0.19724478E+02 -0.10000000E+01
  0.19841639E+02 -0.10000000E+01
  0.19958801E+02 -0.10000000E+01
  0.20075964E+02 -0.10000000E+01
  0.20193125E+02 -0.10000000E+01
  0.20310287E+02 -0.10000000E+01
  0.20427450E+02 -0.10000000E+01
  0.20544611E+02 -0.10000000E+01
  0.20661774E+02 -0.10000000E+01
  0.20778934E+02 -0.10000000E+01
  0.20896097E+02 -0.10000000E+01
  0.21013260E+02 -0.10000000E+01
  0.21130421E+02 -0.10000000E+01
  0.21247583E+02 -0.10000000E+01
  0.21364746E+02 -0.10000000E+01
  0.21481907E+02 -0.10000000E+01
  0.21599070E+02 -0.10000000E+01
  0.21716232E+02 -0.10000000E+01
  0.21833393E+02 -0.10000000E+01
  0.21950556E+02 -0.10000000E+01
  0.22067719E+02 -0.10000000E+01
  0.22184879E+02 -0.10000000E+01
  0.22302042E+02 -0.10000000E+01
  0.22419205E+02 -0.10000000E+01
  0.22536366E+02 -0.10000000E+01
  0.22653528E+02 -0.10000000E+01
  0.22770689E+02 -0.10000000E+01
  0.22887852E+02 -0.10000000E+01
  0.23005014E+02 -0.10000000E+01
  0.23122175E+02 -0.10000000E+01
  0.23239338E+02 -0.10000000E+01
  0.23356501E+02 -0.10000000E+01
  0.23473661E+02 -0.10000000E+01
  0.23590824E+02 -0.10000000E+01
  0.23707987E+02 -0.10000000E+01
  0.23825148E+02 -0.10000000E+01
  0.23942310E+02 -0.10000000E+01
  0.24059473E+02 -0.10000000E+01
  0.24176634E+02 -0.10000000E+01
  0.24293797E+02 -0.10000000E+01
  0.24410957E+02 -0.10000000E+01
  0.24528120E+02 -0.10000000E+01
  0.24645283E+02 -0.10000000E+01
  0.24762444E+02 -0.10000000E+01
  0.24879606E+02 -0.10000000E+01
  0.24996769E+02 -0.10000000E+01
  0.25113930E+02 -0.10000000E+01
  0.25231092E+02 -0.10000000E+01
  0.25348255E+02 -0.10000000E+01
  0.25465416E+02 -0.10000000E+01
  0.25582579E+02 -0.10000000E+01
  0.25699741E+02 -0.10000000E+01
  0.25816902E+02 -0.10000000E+01
  0.25934065E+02 -0.10000000E+01
  0.26051226E+02 -0.10000000E+01
  0.26168388E+02 -0.10000000E+01
  0.26285551E+02 -0.10000000E+01
  0.26402712E+02 -0.10000000E+01
  0.26519875E+02 -0.10000000E+01
  0.26637037E+02 -0.10000000E+01
  0.26754198E+02 -0.10000000E+01
  0.26871361E+02 -0.10000000E+01
  0.26988523E+02 -0.10000000E+01
  0.27105684E+02 -0.10000000E+01
  0.27222847E+02 -0.10000000E+01
  0.27340010E+02 -0.10000000E+01
  0.27457170E+02 -0.10000000E+01
  0.27574333E+02 -0.10000000E+01
  0.27691496E+02 -0.10000000E+01
  0.27808657E+02 -0.10000000E+01
  0.27925819E+02 -0.10000000E+01
  0.28042980E+02 -0.10000000E+01
  0.28160143E+02 -0.10000000E+01
  0.28277306E+02 -0.10000000E+01
  0.28394466E+02 -0.10000000E+01
  0.28511629E+02 -0.10000000E+01
  0.28628792E+02 -0.10000000E+01
  0.28745953E+02 -0.10000000E+01
  0.28863115E+02 -0.10000000E+01
  0.28980276E+02 -0.10000000E+01
  0.29097441E+02 -0.10000000E+01
  0.29214602E+02 -0.10000000E+01
  0.29331762E+02 -0.10000000E+01
  0.29448927E+02 -0.10000000E+01
  0.29566088E+02 -0.10000000E+01
  0.29683249E+02 -0.10000000E+01
  0.29800413E+02 -0.10000000E+01
  0.29917574E+02 -0.10000000E+01
  0.30034735E+02 -0.10000000E+01
  0.30151899E+02 -0.10000000E+01
  0.30269060E+02 -0.10000000E+01
  0.30386221E+02 -0.10000000E+01
  0.30503382E+02 -0.10000000E+01
  0.30620546E+02 -0.10000000E+01
  0.30737707E+02 -0.10000000E+01
  0.30854868E+02 -0.10000000E+01
  0.30972033E+02 -0.10000000E+01
  0.31089193E+02 -0.10000000E+01
  0.31206354E+02 -0.10000000E+01
  0.31323519E+02 -0.10000000E+01
  0.31440680E+02 -0.10000000E+01
  0.31557840E+02 -0.10000000E+01
  0.31675005E+02 -0.10000000E+01
  0.31792166E+02 -0.10000000E+01
  0.31909327E+02 -0.10000000E+01
  0.32026489E+02 -0.10000000E+01
  0.32143650E+02 -0.10000000E+01
  0.32260811E+02 -0.10000000E+01
  0.32377975E+02 -0.10000000E+01
  0.32495136E+02 -0.10000000E+01
  0.32612297E+02 -0.10000000E+01
  0.32729462E+02 -0.10000000E+01
  0.32846622E+02 -0.10000000E+01
  0.32963783E+02 -0.10000000E+01
  0.33080948E+02 -0.10000000E+01
  0.33198109E+02 -0.10000000E+01
  0.33315269E+02 -0.10000000E+01
  0.33432434E+02 -0.10000000E+01
  0.33549595E+02 -0.10000000E+01
  0.33666756E+02 -0.10000000E+01
  0.33783920E+02 -0.10000000E+01
  0.33901081E+02 -0.10000000E+01
  0.34018242E+02 -0.10000000E+01
  0.34135403E+02 -0.10000000E+01
  0.34252567E+02 -0.10000000E+01
  0.34369728E+02 -0.10000000E+01
  0.34486889E+02 -0.10000000E+01
  0.34604053E+02 -0.10000000E+01
  0.34721214E+02 -0.10000000E+01
  0.34838375E+02 -0.10000000E+01
  0.34955540E+02 -0.10000000E+01
  0.35072701E+02 -0.10000000E+01
  0.35189861E+02 -0.10000000E+01
  0.35307026E+02 -0.10000000E+01
  0.35424187E+02 -0.10000000E+01
  0.35541348E+02 -0.10000000E+01
  0.35658512E+02 -0.10000000E+01
  0.35775673E+02 -0.10000000E+01
  0.35892834E+02 -0.10000000E+01
  0.36009998E+02 -0.10000000E+01
  0.36127159E+02 -0.10000000E+01
  0.36244320E+02 -0.10000000E+01
  0.36361485E+02 -0.10000000E+01
  0.36478645E+02 -0.10000000E+01
  0.36595806E+02 -0.10000000E+01
  0.36712971E+02 -0.10000000E+01
  0.36830132E+02 -0.10000000E+01
  0.36947292E+02 -0.10000000E+01
  0.37064457E+02 -0.10000000E+01
  0.37181618E+02 -0.10000000E+01
  0.37298779E+02 -0.10000000E+01
  0.37415943E+02 -0.10000000E+01
  0.37533104E+02 -0.10000000E+01
  0.37650265E+02 -0.10000000E+01
  0.37767426E+02 -0.10000000E+01
  0.37884590E+02 -0.10000000E+01
  0.38001751E+02 -0.10000000E+01
  0.38118912E+02 -0.10000000E+01
  0.38236076E+02 -0.10000000E+01
  0.38353237E+02 -0.10000000E+01
  0.38470398E+02 -0.10000000E+01
  0.38587563E+02 -0.10000000E+01
  0.38704723E+02 -0.10000000E+01
  0.38821884E+02 -0.10000000E+01
  0.38939049E+02 -0.10000000E+01
  0.39056210E+02 -0.10000000E+01
  0.39173370E+02 -0.10000000E+01
  0.39290535E+02 -0.10000000E+01
  0.39407696E+02 -0.10000000E+01
  0.39524857E+02 -0.10000000E+01
  0.39642021E+02 -0.10000000E+01
  0.39759182E+02 -0.10000000E+01
  0.39876343E+02 -0.10000000E+01
  0.39993507E+02 -0.10000000E+01
  0.40110668E+02 -0.10000000E+01
  0.40227829E+02 -0.10000000E+01
  0.40344994E+02 -0.10000000E+01
  0.40462154E+02 -0.10000000E+01
  0.40579315E+02 -0.10000000E+01
  0.40696480E+02 -0.10000000E+01
  0.40813641E+02 -0.10000000E+01
  0.40930801E+02 -0.10000000E+01
  0.41047962E+02 -0.10000000E+01
  0.41165127E+02 -0.10000000E+01
  0.41282288E+02 -0.10000000E+01
  0.41399448E+02 -0.10000000E+01
  0.41516613E+02 -0.10000000E+01
  0.41633774E+02 -0.10000000E+01
  0.41750935E+02 -0.10000000E+01
  0.41868099E+02 -0.10000000E+01
  0.41985260E+02 -0.10000000E+01
  0.42102421E+02 -0.10000000E+01
  0.42219585E+02 -0.10000000E+01
  0.42336746E+02 -0.10000000E+01
  0.42453907E+02 -0.10000000E+01
  0.42571072E+02 -0.10000000E+01
  0.42688232E+02 -0.10000000E+01
  0.42805393E+02 -0.10000000E+01
  0.42922558E+02 -0.10000000E+01
  0.43039719E+02 -0.10000000E+01
  0.43156879E+02 -0.10000000E+01
  0.43274044E+02 -0.10000000E+01
  0.43391205E+02 -0.10000000E+01
  0.43508366E+02 -0.10000000E+01
  0.43625530E+02 -0.10000000E+01
  0.43742691E+02 -0.10000000E+01
  0.43859852E+02 -0.10000000E+01
  0.43977016E+02 -0.10000000E+01
  0.44094177E+02 -0.10000000E+01
  0.44211338E+02 -0.10000000E+01
  0.44328503E+02 -0.10000000E+01
  0.44445663E+02 -0.10000000E+01
  0.44562824E+02 -0.10000000E+01
  0.44679985E+02 -0.10000000E+01
  0.44797150E+02 -0.10000000E+01
