 -0.117162026  1.
  0.117162026  1.
  0.351486087  1.
  0.585810125  1.
  0.820134163  1.
  1.05445826  1.
  1.28878236  1.
  1.52310634  1.
  1.75743043  1.
  1.99175453  1.
  2.22607851  1.
  2.46040249  1.
  2.69472671  1.
  2.92905068  1.
  3.16337466  1.
  3.39769888  1.
  3.63202286  1.
  3.86634684  1.
  4.10067081  1.
  4.33499479  1.
  4.56931877  1.
  4.80364275  1.
  5.03796673  1.
  5.27229118  1.
  5.50661516  1.
  5.74093914  1.
  5.97526312  1.
  6.2095871  1.
  6.44391108  1.
  6.67823553  1.
  6.91255951  1.
  7.14688349  1.
  7.38120747  1.
  7.61553144  1.
  7.84985542  1.
  8.08417988  1.
  8.31850433  1.
  8.55282784  1.
  8.78715229  1.
  9.02147675  1.
  9.25580025  1.
  9.4901247  1.
  9.7244482  1.
  9.95877266  1.
  10.1930962  1.
  10.4274206  1.
  10.6617451  1.
  10.8960686  1.
  11.130393  1.
  11.3647165  1.
  11.599041  1.
  11.8333645  1.
  12.0676889  1.
  12.3020134  1.
  12.5363369  1.
  12.7706614  1.
  13.0049849  1.
  13.2393093  1.
  13.4736338  1.
  13.7079573  1.
  13.9422817  1.
  14.1766052  1.
  14.4109297  1.
  14.6452532  1.
  14.8795776  1.
  15.1139021  1.
  15.3482256  1.
  15.58255  1.
  15.8168736  1.
  16.0511971  1.
  16.2855206  1.
  16.519846  1.
  16.7541695  1.
  16.988493  1.
  17.2228165  1.
  17.4571419  1.
  17.6914654  1.
  17.9257889  1.
  18.1601143  1.
  18.3944378  1.
  18.6287613  1.
  18.8630848  1.
  19.0974102  1.
  19.3317337  1.
  19.5660572  1.
  19.8003826  1.
  20.0347061  1.
  20.2690296  1.
  20.5033531  1.
  20.7376785  1.
  20.972002  1.
  21.2063255  1.
  21.4406509  1.
  21.6749744  1.
  21.9092979  1.
  22.1436214  1.
  22.3779469  1.
  22.6122704  1.
  22.8465939  1.
  23.0809193  1.
  23.3152428  1.
  23.5495663  1.
  23.7838898  1.
  24.0182152  1.
  24.2525387  1.
  24.4868622  1.
  24.7211876  1.
  24.9555111  1.
  25.1898346  1.
  25.42416  1.
  25.6584835  1.
  25.892807  1.
  26.1271305  1.
  26.3614559  1.
  26.5957794  1.
  26.8301029  1.
  27.0644283  1.
  27.2987518  1.
  27.5330753  1.
  27.7673988  1.
  28.0017242  1.
  28.2360477  1.
  28.4703712  1.
  28.7046967  1.
  28.9390202  1.
  29.1733437  1.
  29.4076672  1.
  29.6419926  1.
  29.8763161  1.
  30.1106396  1.
  30.344965  1.
  30.5792885  1.
  30.813612  1.
  31.0479355  1.
  31.2822609  1.
  31.5165844  1.
  31.7509079  1.
  31.9852314  1.
  32.2195587  1.
  32.4538841  1.
  32.6882057  1.
  32.9225311  1.
  33.1568565  1.
  33.3911781  1.
  33.6255035  1.
  33.8598251  1.
  34.0941505  1.
  34.328476  1.
  34.5627975  1.
  34.797123  1.
  35.0314484  1.
  35.26577  1.
  35.5000954  1.
  35.7344208  1.
  35.9687424  1.
  36.2030678  1.
  36.4373932  1.
  36.6717148  1.
  36.9060402  1.
  37.1403618  1.
