  0. -5.96046448E-08
  0.234324053  4.10154462E-06
  0.468648106  4.63426113E-06
  0.702972174  5.23775816E-06
  0.937296212  5.91576099E-06
  1.17162025  6.69062138E-06
  1.40594435  7.56978989E-06
  1.64026833  8.55326653E-06
  1.87459242  9.65595245E-06
  2.10891652  1.090765E-05
  2.3432405  1.23381615E-05
  2.57756448  1.39474869E-05
  2.81188869  1.57654285E-05
  3.04621267  1.78217888E-05
  3.28053665  2.01463699E-05
  3.51486087  2.27689743E-05
  3.74918485  2.56896019E-05
  3.98350883  2.9027462E-05
  4.21783304  3.28421593E-05
  4.45215702  3.71336937E-05
  4.686481  4.19616699E-05
  4.92080498  4.73856926E-05
  5.15512896  5.35845757E-05
  5.38945341  6.05583191E-05
  5.62377739  6.84261322E-05
  5.85810137  7.73072243E-05
  6.09242535  8.73804092E-05
  6.32674932  9.87648964E-05
  6.5610733  0.000111579895
  6.79539776  0.000126123428
  7.02972174  0.000142455101
  7.26404572  0.00016105175
  7.49836969  0.000182032585
  7.73269367  0.000205636024
  7.96701765  0.000232458115
  8.20134163  0.000262618065
  8.43566608  0.000296711922
  8.66998959  0.000335335732
  8.90431404  0.000378847122
  9.1386385  0.000428080559
  9.372962  0.000483632088
  9.60728645  0.000546455383
  9.84160995  0.000617384911
  10.0759344  0.000697493553
  10.3102579  0.000787973404
  10.5445824  0.000890016556
  10.7789068  0.00100529194
  11.0132303  0.00113546848
  11.2475548  0.00128233433
  11.4818783  0.00144803524
  11.7162027  0.00163495541
  11.9505262  0.00184583664
  12.1848507  0.00208353996
  12.4191751  0.00235152245
  12.6534986  0.00265359879
  12.8878231  0.0029938221
  13.1221466  0.00337684155
  13.3564711  0.00380802155
  13.5907955  0.00429296494
  13.825119  0.00483810902
  14.0594435  0.00545048714
  14.293767  0.00613796711
  14.5280914  0.00690889359
  14.7624149  0.00777256489
  14.9967394  0.00873923302
  15.2310638  0.00981962681
  15.4653873  0.011025548
  15.6997118  0.0123692751
  15.9340353  0.013863802
  16.1683598  0.0155229568
  16.4026833  0.0173603296
  16.6370087  0.019389987
  16.8713322  0.0216255188
  17.1056557  0.0240796804
  17.3399792  0.0267640352
  17.5743046  0.0296881199
  17.8086281  0.0328583717
  18.0429516  0.036277771
  18.277277  0.0399444103
  18.5116005  0.0438501835
  18.745924  0.0479798317
  18.9802475  0.0523102283
  19.2145729  0.0568084717
  19.4488964  0.0614316463
  19.6832199  0.0661261082
  19.9175453  0.0708278418
  20.1518688  0.0754625797
  20.3861923  0.0799475908
  20.6205158  0.0841939449
  20.8548412  0.088108778
  21.0891647  0.0915995836
  21.3234882  0.0945781469
  21.5578136  0.0969648361
  21.7921371  0.098692894
  22.0264606  0.0997128487
  22.2607841  0.0999943018
  22.4951096  0.0995291471
  22.7294331  0.0983309746
  22.9637566  0.0964351892
  23.198082  0.093895793
  23.4324055  0.0907831192
  23.666729  0.0871793032
  23.9010525  0.0831741095
  24.1353779  0.0788604021
  24.3697014  0.0743303299
  24.6040249  0.0696716309
  24.8383503  0.0649652481
  25.0726738  0.0602828264
  25.3069973  0.0556858778
  25.5413227  0.0512254238
  25.7756462  0.0469418764
  26.0099697  0.0428655148
  26.2442932  0.0390176773
  26.4786186  0.0354115963
  26.7129421  0.0320535898
  26.9472656  0.0289443731
  27.181591  0.0260802507
  27.4159145  0.0234535933
  27.650238  0.0210545063
  27.8845615  0.0188709497
  28.1188869  0.0168899298
  28.3532104  0.0150978565
  28.587534  0.0134805441
  28.8218594  0.0120244026
  29.0561829  0.0107158422
  29.2905064  0.00954210758
  29.5248299  0.00849080086
  29.7591553  0.00755047798
  29.9934788  0.00671052933
  30.2278023  0.00596106052
  30.4621277  0.00529289246
  30.6964512  0.00469768047
  30.9307747  0.0041680336
  31.1650982  0.00369691849
  31.3994236  0.00327813625
  31.6337471  0.00290608406
  31.8680706  0.00257575512
  32.1023941  0.00228250027
  32.3367195  0.00202226639
  32.5710449  0.00179135799
  32.8053665  0.00158667564
  33.0396919  0.00140523911
  33.2740173  0.00124442577
  33.5083389  0.00110185146
  33.7426643  0.000975608826
  33.9769859  0.000863671303
  34.2113113  0.000764608383
  34.4456367  0.000676870346
  34.6799583  0.000599145889
  34.9142838  0.00053024292
  35.1486092  0.000469326973
  35.3829308  0.000415444374
  35.6172562  0.000367641449
  35.8515816  0.000325322151
  36.0859032  0.000287890434
  36.3202286  0.000254869461
  36.554554  0.000225543976
  36.7888756  0.000199556351
  37.023201  0.000176548958
  37.2575226  0.000156283379
