 -0.0028801898  0.000507712364
  0.23080571  0.000737309456
  0.464445442  0.00100407004
  0.69799304  0.0013198629
  0.931445181  0.0016900301
  1.1647948  0.00212012231
  1.39803433  0.00261600316
  1.63115561  0.0031837225
  1.864151  0.00382864475
  2.09701204  0.00455740094
  2.32973075  0.00537618995
  2.56229806  0.00629150867
  2.79470634  0.0073094368
  3.02694631  0.00843626261
  3.25900984  0.00967782736
  3.49088883  0.0110405684
  3.72257471  0.0125297904
  3.95405984  0.0141505003
  4.18533707  0.0159076452
  4.41639614  0.0178044438
  4.64721012  0.0198392272
  4.87771749  0.0220071077
  5.10782814  0.0243097544
  5.33743525  0.0267550349
  5.56642532  0.0293567181
  5.79469013  0.0321332216
  6.02213383  0.0351050496
  6.24868488  0.0382917523
  6.47430658  0.0417071581
  6.69900274  0.0453560352
  6.92280388  0.0492301583
  7.14573717  0.0533013344
  7.36779785  0.0575169325
  7.58897018  0.0618323088
  7.80924511  0.0662010908
  8.02862549  0.0705677271
  8.24712753  0.0748730898
  8.46477509  0.0790516138
  8.68161106  0.0830338001
  8.89768791  0.0867506266
  9.11306953  0.0901323557
  9.32783794  0.0931116343
  9.54207993  0.0956282616
  9.75589752  0.097627759
  9.9693985  0.0990660191
  10.1826982  0.0999114513
  10.3959169  0.100144267
  10.6091766  0.0997582674
  10.8225994  0.0987613201
  11.0363064  0.0971761942
  11.2504148  0.0950365067
  11.4650345  0.092387557
  11.6802683  0.0892845392
  11.8962107  0.0857896805
  12.1129417  0.0819704533
  12.3305359  0.0778951645
  12.5490513  0.0736343861
  12.7685375  0.0692558289
  12.9890308  0.0648223162
  13.210556  0.0603923798
  13.4331312  0.0560195446
  13.656764  0.0517475605
  13.8814554  0.0476151705
  14.1071987  0.0436509848
  14.3339863  0.0398788452
  14.5618067  0.036315918
  14.7906456  0.0329713821
  15.0204916  0.029851079
  15.2513332  0.0269557238
  15.4831619  0.0242817402
  15.7159719  0.021823287
  15.9497643  0.019572854
  16.1845398  0.0175200701
  16.4203072  0.0156533718
  16.6570835  0.0139619112
  16.8948841  0.0124335289
  17.1337318  0.0110559464
  17.3736515  0.00981676579
  17.6146755  0.00870525837
  17.8568287  0.00771021843
  18.1001434  0.00682079792
  18.3446465  0.0060274601
  18.5903625  0.00532102585
  18.8373032  0.00469195843
  19.0854778  0.00413370132
  19.3348789  0.00363862514
  19.5854855  0.00319957733
  19.8372612  0.00281095505
  20.0901489  0.00246763229
  20.3440723  0.00216472149
  20.5989342  0.00189745426
  20.8546162  0.00166237354
  21.1109829  0.00145554543
  21.3678799  0.00127363205
  21.6251411  0.00111401081
  21.8825932  0.000974774361
  22.1400604  0.000852108002
  22.3973598  0.00074505806
  22.6543236  0.000651240349
  22.9107914  0.000568985939
  23.1666164  0.000497221947
  23.4216728  0.000433802605
  23.6758518  0.000378489494
  23.9290714  0.000330328941
  24.1812649  0.000287532806
  24.4323921  0.000249862671
  24.6824341  0.000217437744
  24.9313812  0.000188827515
  25.1792488  0.000163316727
  25.4260616  0.000141263008
  25.671854  0.000121235847
  25.9166718  0.000103592873
  26.1605663  8.73804092E-05
  26.4035931  7.29560852E-05
  26.6458035  5.98430634E-05
  26.8872604  4.72068787E-05
  27.1280231  3.61204147E-05
  27.3681431  2.51531601E-05
  27.6076756  1.52587891E-05
  27.8466759  5.7220459E-06
  28.0851898 -3.39746475E-06
  28.3232632 -1.09672546E-05
  28.5609379 -1.87158585E-05
  28.7982578 -2.46763229E-05
  29.0352516 -3.03387642E-05
  29.2719555 -3.43322754E-05
  29.5084 -3.67760658E-05
  29.7446136 -3.79085541E-05
  29.9806175 -3.68952751E-05
  30.2164345 -3.46302986E-05
  30.4520855 -3.05771828E-05
  30.6875858 -2.58684158E-05
  30.9229546 -2.01463699E-05
  31.1582031 -1.38878822E-05
  31.3933487 -7.80820847E-06
  31.628397 -2.68220901E-06
  31.8633633  1.1920929E-06
  32.0982552  2.62260437E-06
  32.3330841  2.02655792E-06
  32.5678558 -1.7285347E-06
  32.8025742 -6.97374344E-06
  33.0372543 -1.46627426E-05
  33.2718925 -2.25305557E-05
  33.5064964 -2.99215317E-05
  33.7410736 -3.52859497E-05
  33.9756203 -3.67164612E-05
  34.210144 -3.39150429E-05
  34.4446449 -2.61068344E-05
  34.6791191 -1.43051147E-05
  34.913578 -5.96046448E-08
  35.1480217  1.32322311E-05
  35.3824425  2.24113464E-05
  35.6168518  2.47955322E-05
  35.8512535  1.99079514E-05
  36.0856438  9.65595245E-06
  36.320034 -5.36441803E-07
  36.5544167 -3.21865082E-06
  36.788784  5.7220459E-06
  37.0231514  2.25305557E-05
  37.2575073  2.46763229E-05
