 -0.0230768323  0.00406897068
  0.206270516  0.00584729016
  0.435299456  0.0079132095
  0.663704276  0.0103120208
  0.891496837  0.0130496174
  1.11867535  0.0161294937
  1.34524035  0.0195481777
  1.5711987  0.0232951343
  1.79656458  0.0273529589
  2.02135897  0.0316975117
  2.24560905  0.0362984538
  2.46934891  0.0411194861
  2.69261885  0.0461192131
  2.91546321  0.0512518287
  3.13793278  0.0564677119
  3.36008143  0.0617148876
  3.58196688  0.0669387579
  3.8036499  0.072083652
  4.02519464  0.0770922303
  4.24666166  0.0819075704
  4.46805191  0.086488843
  4.68922138  0.0907548666
  4.90990257  0.0946139097
  5.1297884  0.0979887843
  5.348598  0.10082072
  5.56612444  0.10306716
  5.782269  0.104698062
  5.99706554  0.105696619
  6.21069241  0.1060552
  6.42347002  0.105778933
  6.63581324  0.104888022
  6.84813595  0.103417456
  7.06073046  0.101443887
  7.27375269  0.0989818573
  7.48730421  0.0960421562
  7.701478  0.0926744938
  7.91635609  0.0889393091
  8.13200951  0.0849003792
  8.34850216  0.0806236267
  8.56587887  0.0761774778
  8.78417778  0.0716273785
  9.00342369  0.0670353174
  9.22362709  0.0624588728
  9.44479179  0.0579491854
  9.66690731  0.0535495281
  9.88995934  0.0492982864
  10.1139221  0.0452244282
  10.3387642  0.0413502455
  10.5644531  0.0376918316
  10.7909489  0.0342595577
  11.0182133  0.0310577154
  11.2462025  0.0280865431
  11.4748793  0.0253430605
  11.7042007  0.0228201151
  11.9341297  0.0205100775
  12.1646318  0.0184016228
  12.3956718  0.0164837837
  12.627223  0.0147451162
  12.8592577  0.0131714344
  13.091754  0.0117512941
  13.3246956  0.0104732513
  13.5580673  0.00932407379
  13.7918606  0.00829422474
  14.0260696  0.00737130642
  14.2606964  0.00654602051
  14.4957428  0.00581002235
  14.7312183  0.00515305996
  14.9671373  0.00456809998
  15.203516  0.00404787064
  15.4403791  0.00358510017
  15.6777534  0.00317335129
  15.9156733  0.00280845165
  16.154171  0.00248432159
  16.3932896  0.00219595432
  16.6330738  0.0019402504
  16.8735752  0.00171375275
  17.1148376  0.00151264668
  17.3569164  0.00133371353
  17.5998669  0.00117528439
  17.8437386  0.00103509426
  18.088583  0.000910282135
  18.334446  0.000800013542
  18.5813713  0.00070297718
  18.8293839  0.00061583519
  19.0785084  0.000539541245
  19.3287525  0.000472545624
  19.5801048  0.00041270256
  19.8325405  0.000359654427
  20.0860081  0.000313162804
  20.3404465  0.00027179718
  20.5957603  0.000234723091
  20.851841  0.000202298164
  21.1085606  0.000173449516
  21.3657665  0.000147104263
  21.6233006  0.000123620033
  21.8809929  0.000102996826
  22.1386719  8.39233398E-05
  22.3961563  6.67572021E-05
  22.6532841  5.13792038E-05
  22.9098988  3.69548798E-05
  23.1658516  2.40802765E-05
  23.4210205  1.21593475E-05
  23.6753006  1.54972076E-06
  23.9286118 -7.92741776E-06
  24.1808872 -1.66296959E-05
  24.4320869 -2.46167183E-05
  24.6821938 -3.04579735E-05
  24.9312 -3.56435776E-05
  25.1791191 -3.97562981E-05
  25.4259796 -4.22596931E-05
  25.6718159 -4.38094139E-05
  25.9166718 -4.36306E-05
  26.1606007 -4.22596931E-05
  26.403656 -3.9100647E-05
  26.6458912 -3.43322754E-05
  26.8873692 -2.9027462E-05
  27.128149 -2.15172768E-05
  27.3682785 -1.37686729E-05
  27.6078205 -4.58955765E-06
  27.8468208  4.529953E-06
  28.0853348  1.33514404E-05
  28.3234005  2.25305557E-05
  28.5610657  2.96831131E-05
  28.7983723  3.63588333E-05
  29.0353508  4.04119492E-05
  29.2720375  4.25577164E-05
  29.5084648  4.30345535E-05
  29.7446594  4.05311584E-05
  29.9806442  3.69548798E-05
  30.216444  3.15904617E-05
  30.4520817  2.56299973E-05
  30.6875706  1.91926956E-05
  30.9229279  1.33514404E-05
  31.1581707  9.53674316E-06
  31.3933125  7.86781311E-06
  31.6283588  8.46385956E-06
  31.8633213  1.18017197E-05
  32.0982094  1.66893005E-05
  32.3330345  2.28881836E-05
  32.5678024  2.83718109E-05
  32.8025131  3.27825546E-05
  33.0371819  3.33786011E-05
  33.2718086  2.99215317E-05
  33.5064011  2.20537186E-05
  33.740963  1.01327896E-05
  33.975502 -3.75509262E-06
  34.2100182 -1.77025795E-05
  34.444519 -2.88486481E-05
  34.678997 -3.46899033E-05
  34.9134636 -3.40938568E-05
  35.1479149 -2.87890434E-05
  35.3823433 -2.15172768E-05
  35.6167679 -1.74641609E-05
  35.8511772 -1.98483467E-05
  36.0855751 -3.02791595E-05
  36.319973 -4.47630882E-05
  36.5543671 -5.41210175E-05
  36.7887497 -5.0842762E-05
  37.0231323 -3.65972519E-05
  37.2574997 -3.62992287E-05
