 -1.54316592  0.272101641
 -1.0896765  0.213490784
 -0.649437785  0.159864724
 -0.238628507  0.11568068
  0.136927426  0.0844957829
  0.474524975  0.0682213008
  0.778755665  0.0631759912
  1.05939269  0.0628043562
  1.32558334  0.0631954372
  1.58328938  0.0631361902
  1.83591092  0.0624986291
  2.08534312  0.0614343286
  2.33265948  0.0601127446
  2.57848787  0.0586598516
  2.82321286  0.0571556091
  3.06708241  0.0556445718
  3.31026363  0.0541511774
  3.55287647  0.0526891947
  3.79500794  0.0512686968
  4.03671789  0.0498998761
  4.27798176  0.0485791564
  4.5185504  0.0473433137
  4.75795841  0.0461725593
  4.99571419  0.0450891256
  5.23145199  0.0440783501
  5.46499777  0.0431163311
  5.69637203  0.042191267
  5.92577171  0.0412982702
  6.15354729  0.0404335856
  6.38016701  0.0395952463
  6.60614824  0.0387814045
  6.83194494  0.03798908
  7.05782175  0.0372374058
  7.28385782  0.036493063
  7.51006079  0.0357658863
  7.7364254  0.0350688696
  7.96294737  0.0343989134
  8.18962193  0.0337494612
  8.41644669  0.0331147909
  8.64341927  0.032495141
  8.87053871  0.0318924189
  9.09780121  0.0313102007
  9.32520485  0.0307536125
  9.55274582  0.0302244425
  9.78041935  0.0297218561
  10.0082245  0.0292432308
  10.2361584  0.0287821293
  10.4642191  0.0283327103
  10.6924124  0.0278894901
  10.9207382  0.0274461508
  11.1492043  0.0270011425
  11.3778143  0.0265535116
  11.606576  0.0261050463
  11.835495  0.0256589651
  12.0645771  0.0252206326
  12.2938309  0.0247963667
  12.5232582  0.0243914127
  12.7528667  0.0240123272
  12.9826632  0.0236593485
  13.2126522  0.0233362913
  13.4428444  0.0230436325
  13.6732464  0.0227770805
  13.9038744  0.0225342512
  14.1347418  0.022307992
  14.3658705  0.0220901966
  14.5972824  0.0218751431
  14.8290043  0.0216519833
  15.0610733  0.0214128494
  15.2935238  0.021150589
  15.5263996  0.0208559036
  15.7597485  0.0205233097
  15.9936237  0.0201485157
  16.2280788  0.0197272301
  16.4631748  0.019256711
  16.6989746  0.0187371969
  16.9355488  0.018171072
  17.1729584  0.0175595284
  17.4112759  0.0169057846
  17.6505699  0.0162160397
  17.8908997  0.0154957771
  18.1323318  0.0147508383
  18.3749199  0.0139878988
  18.6187134  0.013214469
  18.8637486  0.0124355555
  19.1100483  0.0116602182
  19.3576279  0.0108940601
  19.6064739  0.010142684
  19.8565617  0.00941050053
  20.1078415  0.00870227814
  20.3602428  0.00802206993
  20.6136703  0.00737178326
  20.8680115  0.00675475597
  21.1231289  0.00617158413
  21.3788681  0.00562274456
  21.6350632  0.00510847569
  21.8915367  0.00462889671
  22.1481075  0.00418245792
  22.4045925  0.00376915932
  22.6608181  0.00338804722
  22.9166222  0.00303781033
  23.1718483  0.00271773338
  23.4263668  0.00242626667
  23.6800671  0.00216317177
  23.9328613  0.00192654133
  24.1846733  0.00171506405
  24.435463  0.001527071
  24.6852016  0.00136172771
  24.9338779  0.00121557713
  25.1815033  0.00108683109
  25.4281006  0.000973343849
  25.6737003  0.000872135162
  25.9183426  0.00078189373
  26.1620789  0.000700116158
  26.4049644  0.000625610352
  26.647049  0.000557422638
  26.8883915  0.000494837761
  27.1290512  0.000437855721
  27.3690796  0.000386834145
  27.60853  0.000342488289
  27.8474541  0.000304460526
  28.0859013  0.000272750854
  28.3239098  0.000248193741
  28.5615253  0.000228047371
  28.7987862  0.000213265419
  29.0357246  0.000200152397
  29.272377  0.000187754631
  29.50877  0.000174641609
  29.744936  0.000159025192
  29.9808941  0.000142097473
  30.216671  0.000123381615
  30.4522877  0.000104904175
  30.6877594  8.76188278E-05
  30.9231033  7.30752945E-05
  31.1583309  6.31809235E-05
  31.3934593  5.8054924E-05
  31.6284943  5.50746918E-05
  31.8634472  5.41210175E-05
  32.0983276  5.13792038E-05
  32.3331451  4.66108322E-05
  32.5679092  3.70740891E-05
  32.8026199  2.56299973E-05
  33.0372887  1.28746033E-05
  33.2719231  3.09944153E-06
  33.5065193 -2.14576721E-06
  33.7410889 -1.13248825E-06
  33.9756279  4.41074371E-06
  34.2101402  1.07288361E-05
  34.4446335  1.2755394E-05
  34.6791  9.53674316E-06
  34.9135551  1.43051147E-06
  35.1479988 -6.07967377E-06
  35.3824272 -7.68899918E-06
  35.6168442 -1.37090683E-06
  35.8512497  9.53674316E-06
  36.08564  1.46627426E-05
  36.3200264  1.01327896E-05
  36.554409  0.
  36.7887802 -1.1920929E-07
  37.0231476  1.23977661E-05
  37.2575035  9.1791153E-06
