  0.22167721E+00 -0.77201796E+00  0.00000000E+00  0.14060269E+02  0.32946594E+01  0.96897192E+01
  0.44335443E+00 -0.77201629E+00  0.00000000E+00  0.14060239E+02  0.32946522E+01  0.96896982E+01
  0.66503167E+00 -0.77201438E+00  0.00000000E+00  0.14060205E+02  0.32946441E+01  0.96896744E+01
  0.88670886E+00 -0.77201217E+00  0.00000000E+00  0.14060164E+02  0.32946348E+01  0.96896467E+01
  0.11083860E+01 -0.77200961E+00  0.00000000E+00  0.14060118E+02  0.32946239E+01  0.96896143E+01
  0.13300633E+01 -0.77200675E+00  0.00000000E+00  0.14060066E+02  0.32946117E+01  0.96895790E+01
  0.15517405E+01 -0.77200377E+00  0.00000000E+00  0.14060011E+02  0.32945988E+01  0.96895409E+01
  0.17734177E+01 -0.77200019E+00  0.00000000E+00  0.14059946E+02  0.32945836E+01  0.96894960E+01
  0.19950949E+01 -0.77199632E+00  0.00000000E+00  0.14059875E+02  0.32945671E+01  0.96894474E+01
  0.22167721E+01 -0.77199185E+00  0.00000000E+00  0.14059794E+02  0.32945480E+01  0.96893921E+01
  0.24384494E+01 -0.77198690E+00  0.00000000E+00  0.14059704E+02  0.32945268E+01  0.96893291E+01
  0.26601267E+01 -0.77198124E+00  0.00000000E+00  0.14059601E+02  0.32945027E+01  0.96892586E+01
  0.28818038E+01 -0.77197504E+00  0.00000000E+00  0.14059488E+02  0.32944763E+01  0.96891804E+01
  0.31034811E+01 -0.77196783E+00  0.00000000E+00  0.14059357E+02  0.32944455E+01  0.96890898E+01
  0.33251581E+01 -0.77195966E+00  0.00000000E+00  0.14059209E+02  0.32944107E+01  0.96889877E+01
  0.35468354E+01 -0.77195048E+00  0.00000000E+00  0.14059042E+02  0.32943716E+01  0.96888723E+01
  0.37685127E+01 -0.77193987E+00  0.00000000E+00  0.14058848E+02  0.32943263E+01  0.96887388E+01
  0.39901898E+01 -0.77192795E+00  0.00000000E+00  0.14058631E+02  0.32942753E+01  0.96885900E+01
  0.42118669E+01 -0.77191424E+00  0.00000000E+00  0.14058381E+02  0.32942169E+01  0.96884174E+01
  0.44335442E+01 -0.77189857E+00  0.00000000E+00  0.14058095E+02  0.32941499E+01  0.96882210E+01
  0.46552215E+01 -0.77188075E+00  0.00000000E+00  0.14057771E+02  0.32940738E+01  0.96879969E+01
  0.48768988E+01 -0.77186048E+00  0.00000000E+00  0.14057403E+02  0.32939875E+01  0.96877432E+01
  0.50985761E+01 -0.77183735E+00  0.00000000E+00  0.14056981E+02  0.32938888E+01  0.96874523E+01
  0.53202534E+01 -0.77181113E+00  0.00000000E+00  0.14056503E+02  0.32937768E+01  0.96871233E+01
  0.55419302E+01 -0.77178133E+00  0.00000000E+00  0.14055961E+02  0.32936497E+01  0.96867495E+01
  0.57636075E+01 -0.77174729E+00  0.00000000E+00  0.14055341E+02  0.32935045E+01  0.96863222E+01
  0.59852848E+01 -0.77170879E+00  0.00000000E+00  0.14054639E+02  0.32933400E+01  0.96858387E+01
  0.62069621E+01 -0.77166486E+00  0.00000000E+00  0.14053840E+02  0.32931526E+01  0.96852875E+01
  0.64286394E+01 -0.77161503E+00  0.00000000E+00  0.14052932E+02  0.32929399E+01  0.96846619E+01
  0.66503162E+01 -0.77155828E+00  0.00000000E+00  0.14051898E+02  0.32926977E+01  0.96839495E+01
  0.68719935E+01 -0.77149391E+00  0.00000000E+00  0.14050726E+02  0.32924230E+01  0.96831417E+01
  0.70936708E+01 -0.77142072E+00  0.00000000E+00  0.14049393E+02  0.32921107E+01  0.96822233E+01
  0.73153481E+01 -0.77133763E+00  0.00000000E+00  0.14047880E+02  0.32917562E+01  0.96811800E+01
  0.75370255E+01 -0.77124333E+00  0.00000000E+00  0.14046163E+02  0.32913537E+01  0.96799965E+01
  0.77587023E+01 -0.77113640E+00  0.00000000E+00  0.14044215E+02  0.32908974E+01  0.96786547E+01
  0.79803796E+01 -0.77101529E+00  0.00000000E+00  0.14042009E+02  0.32903805E+01  0.96771345E+01
  0.82020569E+01 -0.77087820E+00  0.00000000E+00  0.14039513E+02  0.32897954E+01  0.96754141E+01
  0.84237337E+01 -0.77072304E+00  0.00000000E+00  0.14036687E+02  0.32891333E+01  0.96734667E+01
  0.86454115E+01 -0.77054769E+00  0.00000000E+00  0.14033493E+02  0.32883849E+01  0.96712656E+01
  0.88670883E+01 -0.77034968E+00  0.00000000E+00  0.14029887E+02  0.32875400E+01  0.96687803E+01
  0.90887661E+01 -0.77012610E+00  0.00000000E+00  0.14025815E+02  0.32865858E+01  0.96659746E+01
  0.93104429E+01 -0.76987380E+00  0.00000000E+00  0.14021220E+02  0.32855091E+01  0.96628075E+01
  0.95321198E+01 -0.76958901E+00  0.00000000E+00  0.14016033E+02  0.32842937E+01  0.96592331E+01
  0.97537975E+01 -0.76926780E+00  0.00000000E+00  0.14010183E+02  0.32829230E+01  0.96552019E+01
  0.99754744E+01 -0.76890540E+00  0.00000000E+00  0.14003583E+02  0.32813764E+01  0.96506529E+01
  0.10197152E+02 -0.76849657E+00  0.00000000E+00  0.13996138E+02  0.32796316E+01  0.96455221E+01
  0.10418829E+02 -0.76803505E+00  0.00000000E+00  0.13987732E+02  0.32776620E+01  0.96397295E+01
  0.10640507E+02 -0.76751447E+00  0.00000000E+00  0.13978251E+02  0.32754405E+01  0.96331949E+01
  0.10862184E+02 -0.76692700E+00  0.00000000E+00  0.13967551E+02  0.32729332E+01  0.96258221E+01
  0.11083860E+02 -0.76626414E+00  0.00000000E+00  0.13955479E+02  0.32701044E+01  0.96175022E+01
  0.11305538E+02 -0.76551622E+00  0.00000000E+00  0.13941858E+02  0.32669127E+01  0.96081152E+01
  0.11527215E+02 -0.76467216E+00  0.00000000E+00  0.13926486E+02  0.32633107E+01  0.95975208E+01
  0.11748893E+02 -0.76371992E+00  0.00000000E+00  0.13909143E+02  0.32592468E+01  0.95855694E+01
  0.11970570E+02 -0.76264548E+00  0.00000000E+00  0.13889575E+02  0.32546616E+01  0.95720835E+01
  0.12192246E+02 -0.76143318E+00  0.00000000E+00  0.13867496E+02  0.32494879E+01  0.95568686E+01
  0.12413924E+02 -0.76006556E+00  0.00000000E+00  0.13842588E+02  0.32436514E+01  0.95397024E+01
  0.12635601E+02 -0.75852287E+00  0.00000000E+00  0.13814493E+02  0.32370679E+01  0.95203400E+01
  0.12857279E+02 -0.75678301E+00  0.00000000E+00  0.13782805E+02  0.32296429E+01  0.94985027E+01
  0.13078956E+02 -0.75482082E+00  0.00000000E+00  0.13747070E+02  0.32212691E+01  0.94738750E+01
  0.13300632E+02 -0.75260866E+00  0.00000000E+00  0.13706781E+02  0.32118285E+01  0.94461098E+01
  0.13522310E+02 -0.75011516E+00  0.00000000E+00  0.13661368E+02  0.32011871E+01  0.94148140E+01
  0.13743987E+02 -0.74730510E+00  0.00000000E+00  0.13610190E+02  0.31891949E+01  0.93795443E+01
  0.13965665E+02 -0.74413931E+00  0.00000000E+00  0.13552534E+02  0.31756847E+01  0.93398104E+01
  0.14187342E+02 -0.74057400E+00  0.00000000E+00  0.13487602E+02  0.31604695E+01  0.92950611E+01
  0.14409019E+02 -0.73656023E+00  0.00000000E+00  0.13414501E+02  0.31433403E+01  0.92446833E+01
  0.14630696E+02 -0.73204333E+00  0.00000000E+00  0.13332237E+02  0.31240640E+01  0.91879911E+01
  0.14852373E+02 -0.72696304E+00  0.00000000E+00  0.13239714E+02  0.31023834E+01  0.91242275E+01
  0.15074051E+02 -0.72125232E+00  0.00000000E+00  0.13135708E+02  0.30780122E+01  0.90525522E+01
  0.15295728E+02 -0.71483719E+00  0.00000000E+00  0.13018873E+02  0.30506351E+01  0.89720345E+01
  0.15517405E+02 -0.70763683E+00  0.00000000E+00  0.12887738E+02  0.30199070E+01  0.88816614E+01
  0.15739082E+02 -0.69956267E+00  0.00000000E+00  0.12740688E+02  0.29854498E+01  0.87803211E+01
  0.15960759E+02 -0.69051880E+00  0.00000000E+00  0.12575978E+02  0.29468541E+01  0.86668100E+01
  0.16182436E+02 -0.68040204E+00  0.00000000E+00  0.12391727E+02  0.29036798E+01  0.85398331E+01
  0.16404114E+02 -0.66910237E+00  0.00000000E+00  0.12185934E+02  0.28554575E+01  0.83980093E+01
  0.16625792E+02 -0.65650403E+00  0.00000000E+00  0.11956489E+02  0.28016930E+01  0.82398863E+01
  0.16847467E+02 -0.64248705E+00  0.00000000E+00  0.11701206E+02  0.27418740E+01  0.80639563E+01
  0.17069145E+02 -0.62692904E+00  0.00000000E+00  0.11417859E+02  0.26754789E+01  0.78686852E+01
  0.17290823E+02 -0.60970801E+00  0.00000000E+00  0.11104222E+02  0.26019864E+01  0.76525416E+01
  0.17512501E+02 -0.59070629E+00  0.00000000E+00  0.10758156E+02  0.25208948E+01  0.74140477E+01
  0.17734177E+02 -0.56981397E+00  0.00000000E+00  0.10377658E+02  0.24317348E+01  0.71518250E+01
  0.17955854E+02 -0.54693389E+00  0.00000000E+00  0.99609575E+01  0.23340919E+01  0.68646536E+01
  0.18177532E+02 -0.52198654E+00  0.00000000E+00  0.95066071E+01  0.22276268E+01  0.65515356E+01
  0.18399208E+02 -0.49491441E+00  0.00000000E+00  0.90135603E+01  0.21120939E+01  0.62117491E+01
  0.18620886E+02 -0.46568656E+00  0.00000000E+00  0.84812517E+01  0.19873613E+01  0.58449054E+01
  0.18842564E+02 -0.43430161E+00  0.00000000E+00  0.79096580E+01  0.18534231E+01  0.54509883E+01
  0.19064240E+02 -0.40078956E+00  0.00000000E+00  0.72993245E+01  0.17104073E+01  0.50303731E+01
  0.19285917E+02 -0.36521178E+00  0.00000000E+00  0.66513691E+01  0.15585757E+01  0.45838308E+01
  0.19507595E+02 -0.32766008E+00  0.00000000E+00  0.59674640E+01  0.13983203E+01  0.41125135E+01
  0.19729273E+02 -0.28825372E+00  0.00000000E+00  0.52497811E+01  0.12301500E+01  0.36179180E+01
  0.19950949E+02 -0.24713565E+00  0.00000000E+00  0.45009241E+01  0.10546747E+01  0.31018386E+01
  0.20172626E+02 -0.20446877E+00  0.00000000E+00  0.37238591E+01  0.87258977E+00  0.25663199E+01
  0.20394304E+02 -0.16043203E+00  0.00000000E+00  0.29218462E+01  0.68465883E+00  0.20136077E+01
  0.20615980E+02 -0.11521724E+00  0.00000000E+00  0.20983779E+01  0.49170044E+00  0.14461098E+01
  0.20837658E+02 -0.69026619E-01  0.00000000E+00  0.12571377E+01  0.29457760E+00  0.86636400E+00
  0.21059336E+02 -0.22071481E-01  0.00000000E+00  0.40197378E+00  0.94192125E-01  0.27702263E+00
  0.21281013E+02  0.25428727E-01  0.00000000E+00 -0.46311718E+00 -0.10851949E+00 -0.31915998E+00
  0.21502689E+02  0.73246643E-01  0.00000000E+00 -0.13339944E+01 -0.31258696E+00 -0.91933018E+00
  0.21724367E+02  0.12114713E+00  0.00000000E+00 -0.22063754E+01 -0.51700681E+00 -0.15205367E+01
  0.21946045E+02  0.16888769E+00  0.00000000E+00 -0.30758436E+01 -0.72074413E+00 -0.21197360E+01
  0.22167721E+02  0.21621925E+00  0.00000000E+00 -0.39378631E+01 -0.92273605E+00 -0.27138019E+01
  0.22389399E+02  0.26288718E+00  0.00000000E+00 -0.47877960E+01 -0.11218958E+01 -0.32995386E+01
  0.22611076E+02  0.30863303E+00  0.00000000E+00 -0.56209364E+01 -0.13171206E+01 -0.38737018E+01
  0.22832752E+02  0.35319653E+00  0.00000000E+00 -0.64325428E+01 -0.15072995E+01 -0.44330254E+01
  0.23054430E+02  0.39631784E+00  0.00000000E+00 -0.72178836E+01 -0.16913238E+01 -0.49742479E+01
  0.23276108E+02  0.43774003E+00  0.00000000E+00 -0.79722795E+01 -0.18680968E+01 -0.54941444E+01
  0.23497786E+02  0.47721094E+00  0.00000000E+00 -0.86911383E+01 -0.20365427E+01 -0.59895501E+01
  0.23719461E+02  0.51448554E+00  0.00000000E+00 -0.93699961E+01 -0.21956155E+01 -0.64573894E+01
  0.23941139E+02  0.54932761E+00  0.00000000E+00 -0.10004553E+02 -0.23443074E+01 -0.68946977E+01
  0.24162817E+02  0.58151096E+00  0.00000000E+00 -0.10590688E+02 -0.24816530E+01 -0.72986360E+01
  0.24384493E+02  0.61082083E+00  0.00000000E+00 -0.11124490E+02 -0.26067355E+01 -0.76665087E+01
  0.24606171E+02  0.63705450E+00  0.00000000E+00 -0.11602266E+02 -0.27186902E+01 -0.79957719E+01
  0.24827848E+02  0.66002178E+00  0.00000000E+00 -0.12020555E+02 -0.28167052E+01 -0.82840376E+01
  0.25049524E+02  0.67954534E+00  0.00000000E+00 -0.12376125E+02 -0.29000239E+01 -0.85290813E+01
  0.25271202E+02  0.69546103E+00  0.00000000E+00 -0.12665988E+02 -0.29679456E+01 -0.87288408E+01
  0.25492880E+02  0.70761770E+00  0.00000000E+00 -0.12887389E+02 -0.30198252E+01 -0.88814211E+01
  0.25714558E+02  0.71587706E+00  0.00000000E+00 -0.13037811E+02 -0.30550728E+01 -0.89850864E+01
  0.25936234E+02  0.72011352E+00  0.00000000E+00 -0.13114967E+02 -0.30731523E+01 -0.90382586E+01
  0.26157911E+02  0.72021437E+00  0.00000000E+00 -0.13116804E+02 -0.30735826E+01 -0.90395241E+01
  0.26379589E+02  0.71607935E+00  0.00000000E+00 -0.13041495E+02 -0.30559361E+01 -0.89876251E+01
  0.26601265E+02  0.70762098E+00  0.00000000E+00 -0.12887449E+02 -0.30198393E+01 -0.88814631E+01
  0.26822943E+02  0.69476408E+00  0.00000000E+00 -0.12653295E+02 -0.29649713E+01 -0.87200937E+01
  0.27044621E+02  0.67744654E+00  0.00000000E+00 -0.12337901E+02 -0.28910670E+01 -0.85027390E+01
  0.27266296E+02  0.65561938E+00  0.00000000E+00 -0.11940377E+02 -0.27979176E+01 -0.82287827E+01
  0.27487974E+02  0.62924713E+00  0.00000000E+00 -0.11460075E+02 -0.26853714E+01 -0.78977799E+01
  0.27709652E+02  0.59830910E+00  0.00000000E+00 -0.10896621E+02 -0.25533404E+01 -0.75094719E+01
  0.27931330E+02  0.56280005E+00  0.00000000E+00 -0.10249918E+02 -0.24018023E+01 -0.70637922E+01
  0.28153006E+02  0.52273196E+00  0.00000000E+00 -0.95201836E+01 -0.22308080E+01 -0.65608916E+01
  0.28374683E+02  0.47813579E+00  0.00000000E+00 -0.87079821E+01 -0.20404897E+01 -0.60011578E+01
  0.28596361E+02  0.42906460E+00  0.00000000E+00 -0.78142796E+01 -0.18310736E+01 -0.53852577E+01
  0.28818037E+02  0.37559688E+00  0.00000000E+00 -0.68405061E+01 -0.16028951E+01 -0.47141757E+01
  0.29039715E+02  0.31784153E+00  0.00000000E+00 -0.57886448E+01 -0.13564187E+01 -0.39892793E+01
  0.29261393E+02  0.25594419E+00  0.00000000E+00 -0.46613479E+01 -0.10922660E+01 -0.32123959E+01
  0.29483070E+02  0.19009593E+00  0.00000000E+00 -0.34620957E+01 -0.81125230E+00 -0.23859241E+01
  0.29704746E+02  0.12054495E+00  0.00000000E+00 -0.21954083E+01 -0.51443696E+00 -0.15129787E+01
  0.29926424E+02  0.47612220E-01  0.00000000E+00 -0.86713094E+00 -0.20318964E+00 -0.59758848E+00
  0.30148102E+02 -0.28287560E-01  0.00000000E+00  0.51518327E+00  0.12071983E+00  0.35504162E+00
  0.30369778E+02 -0.10661838E+00  0.00000000E+00  0.19417725E+01  0.45500401E+00  0.13381841E+01
  0.30591455E+02 -0.18668824E+00  0.00000000E+00  0.34000340E+01  0.79670972E+00  0.23431537E+01
  0.30813133E+02 -0.26760885E+00  0.00000000E+00  0.48737888E+01  0.11420460E+01  0.33588009E+01
  0.31034809E+02 -0.34825778E+00  0.00000000E+00  0.63425970E+01  0.14862230E+01  0.43710384E+01
  0.31256487E+02 -0.42726374E+00  0.00000000E+00  0.77814817E+01  0.18233883E+01  0.53626547E+01
  0.31478165E+02 -0.50306076E+00  0.00000000E+00  0.91619244E+01  0.21468592E+01  0.63139949E+01
  0.31699842E+02 -0.57408977E+00  0.00000000E+00  0.10455530E+02  0.24499822E+01  0.72054915E+01
  0.31921518E+02 -0.63922876E+00  0.00000000E+00  0.11641865E+02  0.27279689E+01  0.80230608E+01
  0.32143196E+02 -0.69837153E+00  0.00000000E+00  0.12718995E+02  0.29803665E+01  0.87653713E+01
  0.32364872E+02 -0.75264764E+00  0.00000000E+00  0.13707491E+02  0.32119949E+01  0.94465990E+01
  0.32586552E+02 -0.80370402E+00  0.00000000E+00  0.14637348E+02  0.34298828E+01  0.10087416E+02
  0.32808228E+02 -0.85270506E+00  0.00000000E+00  0.15529773E+02  0.36389992E+01  0.10702435E+02
  0.33029903E+02 -0.90046382E+00  0.00000000E+00  0.16399572E+02  0.38428142E+01  0.11301864E+02
  0.33251583E+02 -0.94731033E+00  0.00000000E+00  0.17252758E+02  0.40427361E+01  0.11889842E+02
  0.33473259E+02 -0.99205744E+00  0.00000000E+00  0.18067709E+02  0.42336988E+01  0.12451469E+02
  0.33694935E+02 -0.10354711E+01  0.00000000E+00  0.18858374E+02  0.44189706E+01  0.12996361E+02
  0.33916615E+02 -0.10755312E+01  0.00000000E+00  0.19587963E+02  0.45899310E+01  0.13499163E+02
