 -0.11745654  0.
  0.116798222  0.0413340256
  0.351052999  0.0826723054
  0.585285425  0.1240144
  0.819503307  0.165361717
  1.05370677  0.206713974
  1.28789592  0.248071522
  1.52207077  0.289435297
  1.75623035  0.330806553
  1.99037325  0.372186154
  2.22449827  0.413574964
  2.45860338  0.454974234
  2.69268775  0.496384859
  2.92674851  0.537808001
  3.16078472  0.579244792
  3.39479446  0.620696187
  3.62877536  0.662163734
  3.86272573  0.703648329
  4.09664392  0.745151877
  4.33052683  0.786649525
  4.56437349  0.827681422
  4.79817438  0.867032111
  5.0319171  0.903150558
  5.26558495  0.934572935
  5.49915886  0.960231125
  5.73261786  0.979649305
  5.96594048  0.993023038
  6.19910622  1.00118577
  6.43209648  1.00546277
  6.66489649  1.00741553
  6.89749575  1.00847781
  7.12988281  1.00949991
  7.36203909  1.0106405
  7.59393883  1.01191151
  7.82555199  1.01332474
  8.05684853  1.01489127
  8.28779507  1.01662397
  8.51835537  1.01853502
  8.74849319  1.02063489
  8.97816658  1.02293551
  9.20733452  1.02544665
  9.43595409  1.02817523
  9.66398144  1.03112757
  9.89137268  1.03430474
  10.118083  1.0377053
  10.3440714  1.04132307
  10.5692959  1.04514539
  10.7937241  1.04915357
  11.0173235  1.05332255
  11.2400703  1.05761993
  11.4619493  1.06200528
  11.6829529  1.06643105
  11.9030857  1.07084274
  12.1223631  1.07517934
  12.3408155  1.07937574
  12.558485  1.08336246
  12.775425  1.08706903
  12.9917088  1.09042645
  13.2074194  1.09336722
  13.4226532  1.09583044
  13.6375198  1.0977639
  13.8521395  1.09912348
  14.0666399  1.09987879
  14.2811565  1.10001004
  14.4958324  1.09951377
  14.7108107  1.09839964
  14.9262381  1.09669018
  15.1422586  1.09442174
  15.3590145  1.09164178
  15.576643  1.08840644
  15.7952776  1.08477938
  16.0150375  1.08082986
  16.2360401  1.07662857
  16.4583931  1.07224607
  16.6821918  1.06775177
  16.9075203  1.06321108
  17.1344566  1.05868304
  17.3630657  1.05422127
  17.593401  1.0498718
  17.8255081  1.04567325
  18.0594234  1.04165614
  18.2951717  1.03784466
  18.5327606  1.03425539
  18.7721939  1.03089881
  19.0134602  1.02778065
  19.256525  1.02490115
  19.5013504  1.02225673
  19.7478714  1.01984107
  19.9960041  1.01764536
  20.2456512  1.01565838
  20.4966908  1.01386774
  20.7489815  1.01226044
  21.0023594  1.01082325
  21.2566528  1.00954163
  21.5116711  1.00840271
  21.7672119  1.00739372
  22.0230751  1.00650108
  22.2790565  1.00571394
  22.5349617  1.00502038
  22.7905979  1.00441051
  23.0457973  1.00387502
  23.3004093  1.00340462
  23.5542965  1.00299215
  23.8073521  1.00263083
  24.0594921  1.00231314
  24.3106537  1.00203419
  24.5607948  1.00179017
  24.8098946  1.00157499
  25.0579548  1.00138545
  25.304985  1.0012188
  25.551012  1.00107133
  25.796072  1.00094128
  26.0402126  1.000826
  26.2834778  1.00072396
  26.5259228  1.00063348
  26.7676067  1.00055289
  27.0085793  1.00048172
  27.2488976  1.00041807
  27.4886169  1.0003618
  27.7277908  1.00031161
  27.9664612  1.00026739
  28.2046776  1.00022852
  28.4424877  1.00019324
  28.679924  1.00016272
  28.9170265  1.00013506
  29.1538296  1.00011086
  29.3903637  1.00008929
  29.6266556  1.00006998
  29.8627319  1.00005293
  30.0986176  1.00003743
  30.3343296  1.00002372
  30.5698872  1.00001073
  30.8053112  0.999999106
  31.0406113  0.999988794
  31.2758026  0.999979794
  31.5109005  0.999972105
  31.7459126  0.999965847
  31.9808483  0.999961197
  32.2157173  0.999958754
  32.4505234  0.999957919
  32.685276  0.999960363
  32.9199829  0.999964714
  33.154644  0.999971986
  33.389267  0.999981523
  33.6238518  0.999992788
  33.8584061  1.00000525
  34.0929337  1.00001788
  34.3274307  1.00002885
  34.5619087  1.00003695
  34.7963638  1.00004125
  35.0307999  1.00003994
  35.2652245  1.00003302
  35.4996414  1.00002158
  35.7340431  1.00000763
  35.9684448  0.999995232
  36.2028389  0.999988496
  36.4372215  0.999991775
  36.6716003  1.00000501
  36.9059715  1.00002217
  37.1403313  1.00002444
