 -0.119723141  0.
  0.113962762  0.0414346457
  0.34764868  0.0828984082
  0.581242263  0.124394871
  0.814743757  0.16592896
  1.04814661  0.207504913
  1.28144312  0.249127284
  1.51462555  0.290800452
  1.74768579  0.33252877
  1.98061609  0.374317259
  2.21340799  0.416170627
  2.44605327  0.458093822
  2.67854333  0.500091612
  2.91086936  0.542168558
  3.14302325  0.584329188
  3.3749969  0.62657845
  3.60678101  0.6689201
  3.83836842  0.711357892
  4.06975126  0.753895462
  4.30092192  0.796521485
  4.53187037  0.838876843
  4.76255083  0.879862964
  4.99288511  0.918006897
  5.22277164  0.951880872
  5.45209837  0.980409861
  5.68075228  1.00306523
  5.90862799  1.01994348
  6.13563967  1.0317384
  6.36173058  1.03961182
  6.58688354  1.04497886
  6.81112146  1.04921639
  7.03448582  1.05330133
  7.25698805  1.05751693
  7.47860813  1.06183231
  7.69933224  1.06620109
  7.91915798  1.07056773
  8.13809395  1.07487309
  8.35616016  1.07905161
  8.57339096  1.0830338
  8.78983116  1.08675063
  9.00554276  1.09013236
  9.22059631  1.09311163
  9.43507767  1.09562826
  9.64908218  1.09762776
  9.86271286  1.09906602
  10.0760841  1.09991145
  10.2893124  1.10014427
  10.5025215  1.09975827
  10.7158318  1.09876132
  10.9293671  1.09717619
  11.1432467  1.09503651
  11.357584  1.09238756
  11.5724859  1.08928454
  11.7880516  1.08578968
  12.0043688  1.08197045
  12.2215157  1.07789516
  12.4395561  1.07363439
  12.6585464  1.06925583
  12.8785276  1.06482232
  13.0995321  1.06039238
  13.321579  1.05601954
  13.5446825  1.05174756
  13.7688456  1.04761517
  13.9940643  1.04365098
  14.2203331  1.03987885
  14.4476395  1.03631592
  14.6759729  1.03297138
  14.9053183  1.02985108
  15.1356649  1.02695572
  15.3670015  1.02428174
  15.5993233  1.02182329
  15.8326225  1.01957285
  16.0669041  1.01752007
  16.3021736  1.01565337
  16.5384426  1.01396191
  16.7757244  1.01243353
  17.0140419  1.01105595
  17.2534199  1.00981677
  17.4938831  1.00870526
  17.7354641  1.00771022
  17.9781914  1.0068208
  18.2220955  1.00602746
  18.4671993  1.00532103
  18.7135239  1.00469196
  18.9610825  1.0041337
  19.2098732  1.00363863
  19.4598827  1.00319958
  19.7110882  1.00281096
  19.9634361  1.00246763
  20.2168617  1.00216472
  20.4712811  1.00189745
  20.7265854  1.00166237
  20.9826469  1.00145555
  21.2393169  1.00127363
  21.4964409  1.00111401
  21.7538433  1.00097477
  22.0113468  1.00085211
  22.2687721  1.00074506
  22.5259476  1.00065124
  22.7827015  1.00056899
  23.0388813  1.00049722
  23.2943516  1.0004338
  23.5489941  1.00037849
  23.8027115  1.00033033
  24.0554295  1.00028753
  24.3071003  1.00024986
  24.5576859  1.00021744
  24.8071785  1.00018883
  25.055584  1.00016332
  25.3029156  1.00014126
  25.5492077  1.00012124
  25.7945004  1.00010359
  26.0388451  1.00008738
  26.2822895  1.00007296
  26.5248928  1.00005984
  26.7667141  1.00004721
  27.0078087  1.00003612
  27.2482357  1.00002515
  27.4880486  1.00001526
  27.7273045  1.00000572
  27.9660473  0.999996603
  28.2043304  0.999989033
  28.4421959  0.999981284
  28.6796818  0.999975324
  28.9168301  0.999969661
  29.1536713  0.999965668
  29.3902397  0.999963224
  29.6265621  0.999962091
  29.8626633  0.999963105
  30.0985699  0.99996537
  30.3342991  0.999969423
  30.56987  0.999974132
  30.8053017  0.999979854
  31.0406075  0.999986112
  31.2758007  0.999992192
  31.5108929  0.999997318
  31.7459011  1.00000119
  31.9808273  1.00000262
  32.2156868  1.00000203
  32.4504814  0.999998271
  32.6852264  0.999993026
  32.9199257  0.999985337
  33.1545792  0.999977469
  33.3892021  0.999970078
  33.6237907  0.999964714
  33.8583527  0.999963284
  34.0928879  0.999966085
  34.3273964  0.999973893
  34.5618858  0.999985695
  34.7963562  0.99999994
  35.0308037  1.00001323
  35.2652359  1.00002241
  35.4996529  1.0000248
  35.7340546  1.00001991
  35.9684525  1.00000966
  36.2028427  0.999999464
  36.4372215  0.999996781
  36.6716042  1.00000572
  36.9059715  1.00002253
  37.1403313  1.00002468
