 -0.137750506  0.
  0.0915968418  0.0422184616
  0.32094419  0.0846683159
  0.549654722  0.127341092
  0.77775377  0.170244589
  1.00523996  0.213382185
  1.23211074  0.256750345
  1.45836985  0.300339907
  1.68402767  0.344135791
  1.90910161  0.388117671
  2.13361621  0.432259917
  2.35760188  0.47653237
  2.58109617  0.520900607
  2.80414128  0.565326631
  3.02678514  0.609769881
  3.24908042  0.654187918
  3.47108245  0.698536158
  3.69285107  0.742769718
  3.91444874  0.786842644
  4.1359396  0.830708563
  4.35738373  0.874289513
  4.57872057  0.91701591
  4.79972267  0.957692504
  5.02008295  0.994899869
  5.23949385  1.02734292
  5.45770168  1.05409014
  5.67454672  1.07470393
  5.88999176  1.08927679
  6.10413933  1.09838164
  6.31724548  1.10296905
  6.52969408  1.10422003
  6.74193192  1.10335875
  6.9543395  1.10144389
  7.16712141  1.09898186
  7.38038445  1.09604216
  7.59422493  1.09267449
  7.80873203  1.08893931
  8.02398109  1.08490038
  8.24003983  1.08062363
  8.45696354  1.07617748
  8.6747942  1.07162738
  8.89356136  1.06703532
  9.11328506  1.06245887
  9.33397007  1.05794919
  9.55561352  1.05354953
  9.77820301  1.04929829
  10.0017166  1.04522443
  10.2261276  1.04135025
  10.4514017  1.03769183
  10.6775045  1.03425956
  10.9043951  1.03105772
  11.1320314  1.02808654
  11.3603754  1.02534306
  11.5893831  1.02282012
  11.8190184  1.02051008
  12.049243  1.01840162
  12.2800217  1.01648378
  12.5113239  1.01474512
  12.7431221  1.01317143
  12.9753933  1.01175129
  13.2081156  1.01047325
  13.4412756  1.00932407
  13.67486  1.00829422
  13.9088612  1.00737131
  14.1432791  1.00654602
  14.3781137  1.00581002
  14.6133718  1.00515306
  14.8490648  1.0045681
  15.0852089  1.00404787
  15.3218231  1.0035851
  15.5589352  1.00317335
  15.7965727  1.00280845
  16.034771  1.00248432
  16.2735691  1.00219595
  16.51301  1.00194025
  16.7531395  1.00171375
  16.9940071  1.00151265
  17.2356663  1.00133371
  17.4781666  1.00117528
  17.7215652  1.00103509
  17.96591  1.00091028
  18.211256  1.00080001
  18.4576397  1.00070298
  18.705101  1.00061584
  18.9536686  1.00053954
  19.203352  1.00047255
  19.4541531  1.0004127
  19.7060585  1.00035965
  19.9590244  1.00031316
  20.2129955  1.0002718
  20.4678974  1.00023472
  20.7236252  1.0002023
  20.9800587  1.00017345
  21.2370586  1.0001471
  21.4944725  1.00012362
  21.7521305  1.000103
  22.0098572  1.00008392
  22.2674828  1.00006676
  22.5248318  1.00005138
  22.7817383  1.00003695
  23.0380554  1.00002408
  23.2936478  1.00001216
  23.5483952  1.00000155
  23.8022079  0.999992073
  24.0550137  0.99998337
  24.3067589  0.999975383
  24.557415  0.999969542
  24.8069687  0.999964356
  25.0554295  0.999960244
  25.3028107  0.99995774
  25.5491486  0.999956191
  25.7944813  0.999956369
  26.0388622  0.99995774
  26.2823391  0.999960899
  26.5249691  0.999965668
  26.7668152  0.999970973
  27.0079269  0.999978483
  27.2483673  0.999986231
  27.4881897  0.99999541
  27.7274494  1.00000453
  27.9661942  1.00001335
  28.2044716  1.00002253
  28.4423294  1.00002968
  28.6798058  1.00003636
  28.9169369  1.00004041
  29.1537628  1.00004256
  29.3903141  1.00004303
  29.6266174  1.00004053
  29.8626995  1.00003695
  30.0985889  1.00003159
  30.3343029  1.00002563
  30.5698605  1.00001919
  30.8052807  1.00001335
  31.0405788  1.00000954
  31.2757664  1.00000787
  31.5108566  1.00000846
  31.7458591  1.0000118
  31.9807835  1.00001669
  32.215641  1.00002289
  32.4504318  1.00002837
  32.6851692  1.00003278
  32.919857  1.00003338
  33.1545029  1.00002992
  33.3891106  1.00002205
  33.6236877  1.00001013
  33.8582382  0.999996245
  34.0927658  0.999982297
  34.3272705  0.999971151
  34.5617638  0.99996531
  34.7962379  0.999965906
  35.0306892  0.999971211
  35.2651329  0.999978483
  35.4995613  0.999982536
  35.7339706  0.999980152
  35.96838  0.999969721
  36.2027779  0.999955237
  36.4371719  0.999945879
  36.6715622  0.999949157
  36.9059448  0.999963403
  37.140316  0.999963701
