 -0.290341228  0.
 -0.0878049955  0.0478072092
  0.114731252  0.0954725966
  0.317559421  0.142659679
  0.52116555  0.18920742
  0.725852489  0.235015258
  0.931839824  0.280023545
  1.13929427  0.324199647
  1.34834456  0.367531866
  1.55909109  0.410022199
  1.77161145  0.451685876
  1.98596406  0.49254787
  2.20219135  0.53264159
  2.4203198  0.572009444
  2.6403625  0.610701025
  2.86231875  0.648772478
  3.08617377  0.68628943
  3.3118999  0.723323941
  3.53945518  0.759953916
  3.76878309  0.796264529
  3.99980569  0.832344651
  4.23229647  0.868214071
  4.46572113  0.90376687
  4.69922972  0.938076794
  4.9319315  0.969700396
  5.16311026  0.997191668
  5.39232826  1.01945424
  5.61944914  1.03593278
  5.84462404  1.04665375
  6.06826258  1.05218029
  6.29096603  1.05350173
  6.51342154  1.05188096
  6.73622417  1.04868114
  6.95971155  1.04500067
  7.18399096  1.04142892
  7.4090457  1.03804076
  7.6348424  1.03484249
  7.86134338  1.03183651
  8.08851433  1.02902246
  8.3163147  1.02639985
  8.54471016  1.02396369
  8.77366066  1.02170956
  9.00313187  1.01963043
  9.23308659  1.01771939
  9.46349144  1.01596737
  9.69431496  1.01436663
  9.92552471  1.01290739
  10.1570959  1.01158106
  10.3889999  1.01037788
  10.6212149  1.00928926
  10.8537188  1.00830626
  11.0864916  1.00742006
  11.31952  1.00662339
  11.5527868  1.00590694
  11.7862825  1.00526524
  12.0199986  1.00469005
  12.2539263  1.00417566
  12.4880648  1.00371659
  12.7224092  1.00330544
  12.9569645  1.00293851
  13.1917315  1.00261199
  13.4267197  1.00231969
  13.6619368  1.00205994
  13.8973942  1.0018276
  14.1331091  1.00162029
  14.3690987  1.00143647
  14.6053839  1.00127184
  14.8419905  1.00112545
  15.0789461  1.0009954
  15.3162823  1.00087976
  15.5540361  1.00077629
  15.7922421  1.00068498
  16.0309467  1.00060391
  16.2701931  1.00053132
  16.5100327  1.00046682
  16.750515  1.00041032
  16.9916973  1.00035965
  17.2336349  1.000314
  17.4763832  1.00027335
  17.7199993  1.00023735
  17.9645405  1.00020468
  18.2100582  1.000175
  18.4565964  1.00014901
  18.704195  1.00012398
  18.9528847  1.00010228
  19.2026768  1.00008309
  19.453577  1.00006497
  19.7055683  1.00004852
  19.9586124  1.00003386
  20.212656  1.00002086
  20.4676208  1.0000087
  20.7234077  0.99999851
  20.9798946  0.999989808
  21.2369404  0.99998194
  21.4943981  0.999975681
  21.7520924  0.999971449
  22.0098534  0.99996841
  22.2675076  0.9999668
  22.5248833  0.999967337
  22.7818127  0.999968767
  23.0381451  0.999972284
  23.2937508  0.999976814
  23.5485077  0.999982655
  23.8023262  0.99998939
  24.0551319  0.999996483
  24.3068752  1.00000358
  24.5575237  1.00001132
  24.807066  1.00001836
  25.0555134  1.0000242
  25.3028793  1.00002909
  25.5491982  1.00003219
  25.7945137  1.00003374
  26.0388756  1.00003338
  26.2823334  1.00003147
  26.5249481  1.00002789
  26.766777  1.00002229
  27.0078773  1.00001621
  27.2483082  1.00000894
  27.4881248  1.00000238
  27.7273846  0.999996006
  27.9661312  0.999990702
  28.2044144  0.999987721
  28.4422798  0.999986053
  28.6797657  0.999987423
  28.9169102  0.999990284
  29.1537457  0.999995172
  29.3903084  1.00000167
  29.6266212  1.00000799
  29.8627129  1.00001454
  30.0986061  1.00001943
  30.334322  1.00002217
  30.5698814  1.0000217
  30.8053017  1.00001776
  31.0405979  1.00001192
  31.2757854  1.00000441
  31.5108757  0.999995947
  31.745882  0.999988616
  31.9808121  0.99998343
  32.2156754  0.999982119
  32.4504776  0.999984205
  32.6852264  0.999990821
  32.9199257  0.999999166
  33.1545753  1.00000763
  33.3891907  1.00001407
  33.6237679  1.00001609
  33.8583183  1.00001323
  34.0928421  1.00000584
  34.327343  0.999995589
  34.5618286  0.999986649
  34.7962952  0.999982655
  35.0307465  0.999984682
  35.2651863  0.999992311
  35.4996109  1.00000048
  35.7340164  1.00000429
  35.9684181  0.999998868
  36.2028122  0.999986112
  36.4371948  0.999975085
  36.6715775  0.999975979
  36.9059563  0.99998939
  37.1403236  0.999988437
