 -1.2467289  0.
 -1.0058676  0.0402002931
 -0.765006185  0.0796509758
 -0.521888793  0.118317753
 -0.276394129  0.156205058
 -0.0284618139  0.193380415
  0.221874714  0.229949608
  0.474504471  0.266039938
  0.729255915  0.301793188
  0.985908628  0.337360889
  1.2442019  0.372896612
  1.5038451  0.408552498
  1.76452708  0.44447422
  2.02592444  0.480794758
  2.28771281  0.517627239
  2.54957867  0.55505991
  2.8112278  0.593152642
  3.07239747  0.631931126
  3.33286262  0.671388328
  3.59244204  0.711486042
  3.85099292  0.75216192
  4.10826778  0.793247879
  4.36375189  0.83453238
  4.61663342  0.875079453
  4.86608696  0.913115323
  5.11159229  0.946791112
  5.35301208  0.974719107
  5.59055662  0.996206701
  5.82471132  1.0112772
  6.05617237  1.02058363
  6.28577089  1.0252552
  6.51435518  1.02670717
  6.74262047  1.02643073
  6.97095251  1.02559423
  7.19947624  1.02477014
  7.42818928  1.02401447
  7.65707874  1.02332306
  7.88612938  1.022686
  8.1153326  1.02208936
  8.34467888  1.02151954
  8.57416534  1.02096093
  8.80378914  1.02039981
  9.03355503  1.01982522
  9.26346588  1.01922798
  9.49352837  1.01860201
  9.72375584  1.01794469
  9.95415306  1.01725459
  10.1847343  1.01653445
  10.4155083  1.01578724
  10.6464863  1.01501799
  10.8776789  1.01423299
  11.1090918  1.01343822
  11.3407354  1.01264131
  11.5726156  1.0118475
  11.8047409  1.01106465
  12.037117  1.01029789
  12.2697468  1.00955248
  12.5026369  1.008834
  12.7357931  1.00814319
  12.969223  1.00748467
  13.2029305  1.00686157
  13.4369268  1.00627255
  13.6712198  1.00572073
  13.9058199  1.0052048
  14.1407433  1.00472391
  14.3760033  1.0042789
  14.6116199  1.00386703
  14.8476143  1.00348723
  15.084013  1.00313902
  15.3208418  1.00281954
  15.558136  1.00252724
  15.7959261  1.00226128
  16.0342541  1.00201917
  16.2731628  1.00179887
  16.512701  1.00159895
  16.7529106  1.00141966
  16.9938488  1.00125766
  17.2355709  1.00111127
  17.4781246  1.00098038
  17.7215691  1.00086355
  17.9659576  1.00075924
  18.211338  1.00066638
  18.457756  1.00058484
  18.705246  1.00051177
  18.9538383  1.00044847
  19.2035465  1.00039434
  19.4543667  1.00034678
  19.7062874  1.00030613
  19.9592667  1.00027144
  20.2132511  1.00024259
  20.4681587  1.0002178
  20.7238922  1.00019777
  20.9803276  1.00018108
  21.2373257  1.00016654
  21.4947338  1.00015438
  21.7523823  1.00014389
  22.0100994  1.00013387
  22.2677116  1.00012398
  22.5250454  1.00011456
  22.7819366  1.00010419
  23.0382366  1.00009382
  23.2938099  1.00008237
  23.5485401  1.00007069
  23.8023357  1.00005877
  24.0551243  1.00004673
  24.3068542  1.00003469
  24.5574951  1.00002468
  24.8070354  1.0000155
  25.0554829  1.00000846
  25.3028526  1.00000334
  25.5491791  1.0000006
  25.7945023  1.00000012
  26.0388718  1.00000191
  26.2823372  1.0000056
  26.5249577  1.00001013
  26.7667904  1.0000149
  27.0078926  1.00001919
  27.2483234  1.00002217
  27.4881363  1.00002384
  27.7273903  1.00002253
  27.9661312  1.0000186
  28.2044067  1.00001287
  28.4422665  1.00000453
  28.6797485  0.999995887
  28.9168911  0.99998647
  29.1537285  0.999978125
  29.390295  0.999971926
  29.6266136  0.999967813
  29.8627148  0.999967396
  30.0986195  0.99996984
  30.3343487  0.999974906
  30.5699177  0.999980688
  30.8053474  0.999985754
  31.0406513  0.999989986
  31.2758446  0.999991596
  31.5109367  0.999989331
  31.7459469  0.999984264
  31.9808769  0.999976873
  32.215744  0.99996978
  32.4505463  0.999964058
  32.6852989  0.999962986
  32.9200058  0.999966323
  33.1546631  0.999974251
  33.389286  0.99998492
  33.6238708  0.99999553
  33.8584251  1.00000358
  34.0929527  1.00000679
  34.3274498  1.00000465
  34.5619354  1.00000048
  34.7963982  0.999998093
  35.0308456  1.00000095
  35.2652817  1.00001156
  35.4997025  1.00002611
  35.7341042  1.00003946
  35.9684944  1.00004351
  36.202877  1.0000385
  36.437252  1.00003123
  36.6716194  1.00003421
  36.9059868  1.00004947
  37.1403351  1.00004864
