 -2.2297442  0.
 -1.86355352  0.026441643
 -1.49736273  0.0535944365
 -1.13604641  0.0816186145
 -0.780166626  0.110753097
 -0.430485845  0.141265601
 -0.0877965689  0.173431054
  0.247161508  0.207487345
  0.573803067  0.243577555
  0.891796589  0.281697094
  1.20112908  0.321676731
  1.5021143  0.363211006
  1.79533887  0.405921042
  2.081563  0.449424654
  2.36162424  0.493389159
  2.63635445  0.537559092
  2.90652204  0.581756592
  3.17280769  0.625874817
  3.4357934  0.669860363
  3.69596505  0.713694751
  3.95371556  0.757368326
  4.20922184  0.80082339
  4.46228933  0.843775928
  4.71240044  0.885034502
  4.95904827  0.922821403
  5.20197105  0.955494463
  5.44119215  0.98195523
  5.67698622  1.00180173
  5.90983295  1.01531398
  6.14037418  1.02335048
  6.36935139  1.02718329
  6.59750652  1.02828944
  6.82542086  1.02811074
  7.05338001  1.02762067
  7.28145266  1.02713776
  7.50963831  1.02667999
  7.73793364  1.02624428
  7.96633244  1.02582276
  8.19483566  1.02540696
  8.42343903  1.02499259
  8.65214825  1.02457726
  8.88096142  1.02416265
  9.10988235  1.02375412
  9.33891106  1.02335739
  9.56804657  1.02297831
  9.79728794  1.02262259
  10.0266323  1.02229154
  10.2560768  1.02198696
  10.4856195  1.02170587
  10.7152596  1.02144253
  10.9449978  1.021191
  11.1748333  1.02094257
  11.4047756  1.02068794
  11.6348276  1.02041733
  11.8650036  1.020123
  12.095315  1.01979649
  12.325778  1.01943183
  12.5564117  1.01902556
  12.7872362  1.01857221
  13.0182753  1.01807237
  13.2495537  1.01752782
  13.4810963  1.01693892
  13.7129316  1.01631129
  13.9450874  1.01564884
  14.1775942  1.01495659
  14.4104834  1.01424301
  14.6437855  1.01351249
  14.8775339  1.01277268
  15.1117649  1.01203108
  15.3465128  1.01129234
  15.5818186  1.01056278
  15.8177185  1.00984824
  16.0542564  1.00915277
  16.2914753  1.00847983
  16.5294266  1.00783265
  16.7681503  1.0072155
  17.0077019  1.00662851
  17.2481346  1.00607264
  17.4894924  1.00554967
  17.7318306  1.00505972
  17.9751987  1.00460196
  18.2196407  1.00417566
  18.4651985  1.00378084
  18.7119007  1.00341427
  18.959774  1.00307679
  19.2088261  1.00276697
  19.459053  1.00248194
  19.7104378  1.00222075
  19.9629345  1.00198162
  20.2164841  1.00176394
  20.4710045  1.00156498
  20.7263947  1.00138569
  20.9825249  1.00122356
  21.2392559  1.00107753
  21.4964294  1.00094712
  21.7538738  1.0008316
  22.0114155  1.00072932
  22.2688732  1.0006398
  22.5260754  1.00056267
  22.7828503  1.00049591
  23.0390491  1.00043905
  23.2945347  1.00039017
  23.5491886  1.00034869
  23.8029137  1.00031281
  24.0556355  1.00028098
  24.3073082  1.00025201
  24.5578938  1.0002259
  24.8073845  1.00020051
  25.0557861  1.00017583
  25.3031139  1.00015152
  25.5494041  1.00012743
  25.7946949  1.00010431
  26.0390396  1.00008237
  26.282486  1.00006282
  26.5250912  1.00004578
  26.7669163  1.00003195
  27.0080147  1.00002182
  27.2484455  1.00001514
  27.4882603  1.00001252
  27.7275162  1.00001192
  27.966259  1.00001287
  28.2045364  1.00001538
  28.4423962  1.00001645
  28.6798744  1.00001717
  28.9170113  1.00001538
  29.1538429  1.00001144
  29.3904018  1.00000608
  29.6267128  0.999999404
  29.8628063  0.999993861
  30.0987053  0.999990284
  30.3344288  0.999990046
  30.569994  0.999992967
  30.8054218  0.999999106
  31.0407219  1.00000834
  31.2759094  1.0000186
  31.5109978  1.00002718
  31.7459965  1.00003302
  31.980917  1.00003433
  32.2157669  1.00003219
  32.4505577  1.00002646
  32.6852951  1.00002074
  32.9199867  1.00001657
  33.1546364  1.00001633
  33.3892479  1.00001991
  33.6238251  1.0000267
  33.8583717  1.00003326
  34.0928917  1.000036
  34.3273849  1.00003219
  34.5618591  1.00002265
  34.7963219  1.00001049
  35.0307617  1.00000131
  35.2651978  0.999998987
  35.4996223  1.0000031
  35.7340279  1.00000942
  35.9684296  1.00000846
  36.2028198  0.99999845
  36.4372025  0.999985039
  36.6715813  0.999982655
  36.9059601  0.99999404
  37.1403236  0.999990642
