  1.07339954  0.
  1.05941963 -0.262927681
  1.04543972  0.265835553
  1.12531257  0.216390535
  1.2605257  0.259563893
  1.40966451  0.298432916
  1.57188237  0.336471409
  1.74453342  0.374118805
  1.92568946  0.411564827
  2.1138885  0.448946893
  2.30798316  0.486352086
  2.50705671  0.523832202
  2.71037054  0.561419129
  2.91731834  0.599130154
  3.1274004  0.636972964
  3.34020233  0.674948514
  3.55537534  0.713056087
  3.77262831  0.751293421
  3.99171209  0.78965795
  4.21241331  0.828147471
  4.43454218  0.866639912
  4.65783262  0.904404223
  4.88191605  0.940084338
  5.10640383  0.972259462
  5.33092451  0.999667227
  5.5551734  1.02145982
  5.77894545  1.03736401
  6.00214529  1.04770017
  6.22479105  1.05330813
  6.44701624  1.05539775
  6.66904068  1.05533636
  6.89110947  1.05436826
  7.11338663  1.0532757
  7.33589935  1.05216801
  7.55865097  1.05106592
  7.78164196  1.04998708
  8.00486946  1.04893053
  8.2283287  1.04789138
  8.45201874  1.04686761
  8.6759367  1.04586339
  8.90008163  1.04488218
  9.12444782  1.0439285
  9.34903526  1.0430057
  9.57383633  1.04211247
  9.79884815  1.04124522
  10.0240679  1.04040051
  10.2494926  1.03957283
  10.4751234  1.03876054
  10.7009602  1.03796387
  10.9270029  1.0371834
  11.1532545  1.03642452
  11.3797121  1.03569126
  11.6063795  1.03498757
  11.8332529  1.03431535
  12.0603361  1.03367698
  12.2876282  1.03307021
  12.51513  1.0324924
  12.7428465  1.03193951
  12.9707823  1.03140247
  13.198947  1.03087699
  13.427352  1.0303582
  13.6560116  1.02983904
  13.884943  1.02931929
  14.1141653  1.02879632
  14.3437014  1.02827013
  14.5735741  1.02774704
  14.8038111  1.02722859
  15.0344391  1.02672112
  15.2654877  1.02623165
  15.4969873  1.02576411
  15.7289734  1.02532446
  15.9614763  1.02491772
  16.1945362  1.02454472
  16.4281921  1.02420628
  16.6624889  1.0239011
  16.8974667  1.02362788
  17.1331787  1.02337992
  17.3696747  1.02315021
  17.6070042  1.02293253
  17.8452244  1.02271771
  18.0843906  1.02249646
  18.3245544  1.02225935
  18.5657673  1.02199793
  18.808073  1.02170205
  19.0515099  1.02136683
  19.2961006  1.02098644
  19.5418644  1.02055585
  19.7887974  1.02007294
  20.0368729  1.01953745
  20.2860565  1.01895106
  20.5362854  1.01831615
  20.7874737  1.0176388
  21.0395126  1.01692402
  21.2922802  1.01617849
  21.5456333  1.01540995
  21.7994118  1.01462543
  22.0534496  1.01383221
  22.3075809  1.01303792
  22.5616341  1.01224864
  22.8154469  1.01147008
  23.0688648  1.01070714
  23.3217564  1.00996435
  23.5739937  1.00924635
  23.8254814  1.00855577
  24.0761395  1.00789523
  24.3259106  1.00726795
  24.5747509  1.00667572
  24.8226433  1.00611937
  25.0695839  1.00559998
  25.3155766  1.0051173
  25.5606499  1.0046705
  25.8048325  1.00425863
  26.0481663  1.00387919
  26.2906914  1.00353014
  26.5324593  1.00320852
  26.7735233  1.00291133
  27.0139294  1.00263643
  27.2537308  1.00238192
  27.492981  1.0021466
  27.7317276  1.0019294
  27.9700127  1.00172997
  28.2078819  1.00154948
  28.4453773  1.00138581
  28.6825314  1.00124121
  28.9193783  1.00111318
  29.1559486  1.00099993
  29.3922749  1.00089991
  29.628376  1.00080919
  29.8642769  1.0007273
  30.1000042  1.00065064
  30.3355713  1.00057936
  30.5709972  1.00051224
  30.806303  1.00045085
  31.0414982  1.00039673
  31.2765942  1.00035143
  31.5116024  1.00031376
  31.7465363  1.00028515
  31.9813957  1.00026095
  32.2161942  1.00024068
  32.4509315  1.00021899
  32.685627  1.0001961
  32.9202766  1.00017095
  33.1548882  1.00014627
  33.389473  1.00012505
  33.6240234  1.00011027
  33.858551  1.00010276
  34.0930557  1.0000999
  34.3275299  1.00009525
  34.5619926  1.00008714
  34.7964401  1.00007296
  35.0308685  1.00005746
  35.2652893  1.00004613
  35.4997025  1.00004387
  35.7341003  1.00004852
  35.9684906  1.00005007
  36.2028694  1.00004292
  36.4372406  1.00002968
  36.6716118  1.00002658
  36.9059792  1.00003707
  37.1403313  1.00003207
