  0.221677E+00  0.982690E-02  0.100983E+01  0.488146E-02
  0.443354E+00  0.110233E-01  0.101102E+01  0.543866E-02
  0.665032E+00  0.123556E-01  0.101236E+01  0.604935E-02
  0.886709E+00  0.138365E-01  0.101384E+01  0.671597E-02
  0.110839E+01  0.154793E-01  0.101548E+01  0.744019E-02
  0.133006E+01  0.172976E-01  0.101730E+01  0.822278E-02
  0.155174E+01  0.193051E-01  0.101931E+01  0.906325E-02
  0.177342E+01  0.215150E-01  0.102152E+01  0.995967E-02
  0.199509E+01  0.239398E-01  0.102394E+01  0.109077E-01
  0.221677E+01  0.265909E-01  0.102659E+01  0.119008E-01
  0.243845E+01  0.294776E-01  0.102948E+01  0.129287E-01
  0.266013E+01  0.326065E-01  0.103261E+01  0.139783E-01
  0.288180E+01  0.359802E-01  0.103598E+01  0.150320E-01
  0.310348E+01  0.395974E-01  0.103960E+01  0.160681E-01
  0.332516E+01  0.434506E-01  0.104345E+01  0.170597E-01
  0.354684E+01  0.475254E-01  0.104753E+01  0.179760E-01
  0.376851E+01  0.517998E-01  0.105180E+01  0.187804E-01
  0.399019E+01  0.562427E-01  0.105624E+01  0.194333E-01
  0.421187E+01  0.608139E-01  0.106081E+01  0.198817E-01
  0.443354E+01  0.654626E-01  0.106546E+01  0.200853E-01
  0.465522E+01  0.701283E-01  0.107013E+01  0.200024E-01
  0.487690E+01  0.747414E-01  0.107474E+01  0.195943E-01
  0.509858E+01  0.792234E-01  0.107922E+01  0.188289E-01
  0.532025E+01  0.834899E-01  0.108349E+01  0.176840E-01
  0.554193E+01  0.874529E-01  0.108745E+01  0.161511E-01
  0.576361E+01  0.909921E-01  0.109099E+01  0.142353E-01
  0.598528E+01  0.940357E-01  0.109404E+01  0.119605E-01
  0.620696E+01  0.965111E-01  0.109651E+01  0.936788E-02
  0.642864E+01  0.983530E-01  0.109835E+01  0.651459E-02
  0.665032E+01  0.995111E-01  0.109951E+01  0.347284E-02
  0.687199E+01  0.999534E-01  0.109995E+01  0.323984E-03
  0.709367E+01  0.996673E-01  0.109967E+01 -0.283167E-02
  0.731535E+01  0.986607E-01  0.109866E+01 -0.590052E-02
  0.753703E+01  0.969616E-01  0.109696E+01 -0.879748E-02
  0.775870E+01  0.946163E-01  0.109462E+01 -0.114483E-01
  0.798038E+01  0.916752E-01  0.109168E+01 -0.137919E-01
  0.820206E+01  0.882057E-01  0.108821E+01 -0.157835E-01
  0.842373E+01  0.843250E-01  0.108432E+01 -0.173967E-01
  0.864541E+01  0.801210E-01  0.108012E+01 -0.186216E-01
  0.886709E+01  0.756830E-01  0.107568E+01 -0.194641E-01
  0.908877E+01  0.710959E-01  0.107110E+01 -0.199438E-01
  0.931044E+01  0.664396E-01  0.106644E+01 -0.200906E-01
  0.953212E+01  0.617859E-01  0.106179E+01 -0.199292E-01
  0.975380E+01  0.571973E-01  0.105720E+01 -0.195199E-01
  0.997547E+01  0.527265E-01  0.105273E+01 -0.189080E-01
  0.101972E+02  0.484161E-01  0.104842E+01 -0.181362E-01
  0.104188E+02  0.442992E-01  0.104430E+01 -0.172449E-01
  0.106405E+02  0.403998E-01  0.104040E+01 -0.162709E-01
  0.108622E+02  0.367333E-01  0.103673E+01 -0.152464E-01
  0.110839E+02  0.333089E-01  0.103331E+01 -0.141990E-01
  0.113055E+02  0.301292E-01  0.103013E+01 -0.131512E-01
  0.115272E+02  0.271925E-01  0.102719E+01 -0.121219E-01
  0.117489E+02  0.244926E-01  0.102449E+01 -0.111247E-01
  0.119706E+02  0.220208E-01  0.102202E+01 -0.101701E-01
  0.121922E+02  0.197680E-01  0.101977E+01 -0.926565E-02
  0.124139E+02  0.177224E-01  0.101772E+01 -0.841545E-02
  0.126356E+02  0.158678E-01  0.101587E+01 -0.762264E-02
  0.128573E+02  0.141912E-01  0.101419E+01 -0.688755E-02
  0.130790E+02  0.126789E-01  0.101268E+01 -0.621013E-02
  0.133006E+02  0.113180E-01  0.101132E+01 -0.558846E-02
  0.135223E+02  0.100956E-01  0.101010E+01 -0.502054E-02
  0.137440E+02  0.899971E-02  0.100900E+01 -0.450365E-02
  0.139657E+02  0.801909E-02  0.100802E+01 -0.403492E-02
  0.141873E+02  0.714290E-02  0.100714E+01 -0.361106E-02
  0.144090E+02  0.636125E-02  0.100636E+01 -0.322871E-02
  0.146307E+02  0.566494E-02  0.100566E+01 -0.288497E-02
  0.148524E+02  0.504565E-02  0.100505E+01 -0.257692E-02
  0.150741E+02  0.449586E-02  0.100450E+01 -0.230142E-02
  0.152957E+02  0.400817E-02  0.100401E+01 -0.205558E-02
  0.155174E+02  0.357676E-02  0.100358E+01 -0.183715E-02
  0.157391E+02  0.319564E-02  0.100320E+01 -0.164333E-02
  0.159608E+02  0.285959E-02  0.100286E+01 -0.147196E-02
  0.161824E+02  0.256443E-02  0.100256E+01 -0.132110E-02
  0.164041E+02  0.230575E-02  0.100231E+01 -0.118882E-02
  0.166258E+02  0.207996E-02  0.100208E+01 -0.107288E-02
  0.168475E+02  0.188386E-02  0.100188E+01 -0.972219E-03
  0.170691E+02  0.171471E-02  0.100171E+01 -0.885276E-03
  0.172908E+02  0.157011E-02  0.100157E+01 -0.811015E-03
  0.175125E+02  0.144792E-02  0.100145E+01 -0.748408E-03
  0.177342E+02  0.134635E-02  0.100135E+01 -0.696595E-03
  0.179559E+02  0.126386E-02  0.100126E+01 -0.654385E-03
  0.181775E+02  0.119925E-02  0.100120E+01 -0.621269E-03
  0.183992E+02  0.115144E-02  0.100115E+01 -0.596732E-03
  0.186209E+02  0.111985E-02  0.100112E+01 -0.580434E-03
  0.188426E+02  0.110376E-02  0.100110E+01 -0.571697E-03
  0.190642E+02  0.110292E-02  0.100110E+01 -0.570190E-03
  0.192859E+02  0.111711E-02  0.100112E+01 -0.576244E-03
  0.195076E+02  0.114632E-02  0.100115E+01 -0.589193E-03
  0.197293E+02  0.119066E-02  0.100119E+01 -0.609369E-03
  0.199509E+02  0.125051E-02  0.100125E+01 -0.636274E-03
  0.201726E+02  0.132620E-02  0.100133E+01 -0.670253E-03
  0.203943E+02  0.141835E-02  0.100142E+01 -0.711139E-03
  0.206160E+02  0.152767E-02  0.100153E+01 -0.759441E-03
  0.208377E+02  0.165486E-02  0.100165E+01 -0.815006E-03
  0.210593E+02  0.180089E-02  0.100180E+01 -0.877680E-03
  0.212810E+02  0.196660E-02  0.100197E+01 -0.947812E-03
  0.215027E+02  0.215316E-02  0.100215E+01 -0.102525E-02
  0.217244E+02  0.236154E-02  0.100236E+01 -0.111001E-02
  0.219460E+02  0.259304E-02  0.100259E+01 -0.120211E-02
  0.221677E+02  0.284874E-02  0.100285E+01 -0.130141E-02
  0.223894E+02  0.312960E-02  0.100313E+01 -0.140774E-02
  0.226111E+02  0.343692E-02  0.100344E+01 -0.152012E-02
  0.228328E+02  0.377154E-02  0.100377E+01 -0.163838E-02
  0.230544E+02  0.413442E-02  0.100413E+01 -0.176154E-02
  0.232761E+02  0.452626E-02  0.100453E+01 -0.188891E-02
  0.234978E+02  0.494766E-02  0.100495E+01 -0.201881E-02
  0.237195E+02  0.539887E-02  0.100540E+01 -0.215020E-02
  0.239411E+02  0.587964E-02  0.100588E+01 -0.228176E-02
  0.241628E+02  0.638986E-02  0.100639E+01 -0.241113E-02
  0.243845E+02  0.692880E-02  0.100693E+01 -0.253711E-02
  0.246062E+02  0.749552E-02  0.100750E+01 -0.265740E-02
  0.248278E+02  0.808847E-02  0.100809E+01 -0.276995E-02
  0.250495E+02  0.870574E-02  0.100871E+01 -0.287265E-02
  0.252712E+02  0.934482E-02  0.100934E+01 -0.296310E-02
  0.254929E+02  0.100031E-01  0.101000E+01 -0.303926E-02
  0.257146E+02  0.106771E-01  0.101068E+01 -0.309888E-02
  0.259362E+02  0.113633E-01  0.101136E+01 -0.314039E-02
  0.261579E+02  0.120575E-01  0.101206E+01 -0.316205E-02
  0.263796E+02  0.127558E-01  0.101276E+01 -0.316220E-02
  0.266013E+02  0.134530E-01  0.101345E+01 -0.314038E-02
  0.268229E+02  0.141448E-01  0.101414E+01 -0.309570E-02
  0.270446E+02  0.148258E-01  0.101483E+01 -0.302826E-02
  0.272663E+02  0.154916E-01  0.101549E+01 -0.293874E-02
  0.274880E+02  0.161376E-01  0.101614E+01 -0.282839E-02
  0.277097E+02  0.167595E-01  0.101676E+01 -0.269897E-02
  0.279313E+02  0.173538E-01  0.101735E+01 -0.255320E-02
  0.281530E+02  0.179170E-01  0.101792E+01 -0.239417E-02
  0.283747E+02  0.184469E-01  0.101845E+01 -0.222555E-02
  0.285964E+02  0.189420E-01  0.101894E+01 -0.205148E-02
  0.288180E+02  0.194012E-01  0.101940E+01 -0.187643E-02
  0.290397E+02  0.198249E-01  0.101982E+01 -0.170518E-02
  0.292614E+02  0.202138E-01  0.102021E+01 -0.154203E-02
  0.294831E+02  0.205703E-01  0.102057E+01 -0.139158E-02
  0.297047E+02  0.208969E-01  0.102090E+01 -0.125786E-02
  0.299264E+02  0.211973E-01  0.102120E+01 -0.114415E-02
  0.301481E+02  0.214758E-01  0.102148E+01 -0.105360E-02
  0.303698E+02  0.217369E-01  0.102174E+01 -0.988355E-03
  0.305915E+02  0.219858E-01  0.102199E+01 -0.950075E-03
  0.308131E+02  0.222278E-01  0.102223E+01 -0.938667E-03
  0.310348E+02  0.224681E-01  0.102247E+01 -0.954269E-03
  0.312565E+02  0.227122E-01  0.102271E+01 -0.994967E-03
  0.314782E+02  0.229648E-01  0.102296E+01 -0.105882E-02
  0.316998E+02  0.232302E-01  0.102323E+01 -0.114259E-02
  0.319215E+02  0.235124E-01  0.102351E+01 -0.124306E-02
  0.321432E+02  0.238141E-01  0.102381E+01 -0.135595E-02
  0.323649E+02  0.241380E-01  0.102414E+01 -0.147688E-02
  0.325866E+02  0.244852E-01  0.102449E+01 -0.160198E-02
  0.328082E+02  0.248567E-01  0.102486E+01 -0.172615E-02
  0.330299E+02  0.252523E-01  0.102525E+01 -0.184481E-02
  0.332516E+02  0.256710E-01  0.102567E+01 -0.195461E-02
  0.334733E+02  0.261117E-01  0.102611E+01 -0.205282E-02
  0.336949E+02  0.265722E-01  0.102657E+01 -0.213684E-02
  0.339166E+02  0.270509E-01  0.102705E+01 -0.220609E-02
