  0.  0.
  0.234324053  0.0413218029
  0.468648106  0.0826399773
  0.702972174  0.123958223
  0.937296212  0.165276602
  1.17162025  0.206595019
  1.40594435  0.247913539
  1.64026833  0.289232165
  1.87459242  0.330550909
  2.10891652  0.371869802
  2.3432405  0.413188875
  2.57756448  0.454508126
  2.81188869  0.495827645
  3.04621267  0.537147284
  3.28053665  0.57846725
  3.51486087  0.619787574
  3.74918485  0.661108077
  3.98350883  0.702429116
  4.21783304  0.743750572
  4.45215702  0.785044849
  4.686481  0.82583344
  4.92080498  0.864881516
  5.15512896  0.900622249
  5.38945341  0.931581259
  5.62377739  0.956686199
  5.85810137  0.975462556
  6.09242535  0.988113582
  6.32674932  0.995486498
  6.5610733  0.998923659
  6.79539776  0.999999523
  7.02972174  1.00014222
  7.26404572  1.00016105
  7.49836969  1.00018203
  7.73269367  1.00020564
  7.96701765  1.00023246
  8.20134163  1.00026262
  8.43566608  1.00029671
  8.66998959  1.00033534
  8.90431404  1.00037885
  9.1386385  1.00042808
  9.372962  1.00048363
  9.60728645  1.00054646
  9.84160995  1.00061738
  10.0759344  1.00069749
  10.3102579  1.00078797
  10.5445824  1.00089002
  10.7789068  1.00100529
  11.0132303  1.00113547
  11.2475548  1.00128233
  11.4818783  1.00144804
  11.7162027  1.00163496
  11.9505262  1.00184584
  12.1848507  1.00208354
  12.4191751  1.00235152
  12.6534986  1.0026536
  12.8878231  1.00299382
  13.1221466  1.00337684
  13.3564711  1.00380802
  13.5907955  1.00429296
  13.825119  1.00483811
  14.0594435  1.00545049
  14.293767  1.00613797
  14.5280914  1.00690889
  14.7624149  1.00777256
  14.9967394  1.00873923
  15.2310638  1.00981963
  15.4653873  1.01102555
  15.6997118  1.01236928
  15.9340353  1.0138638
  16.1683598  1.01552296
  16.4026833  1.01736033
  16.6370087  1.01938999
  16.8713322  1.02162552
  17.1056557  1.02407968
  17.3399792  1.02676404
  17.5743046  1.02968812
  17.8086281  1.03285837
  18.0429516  1.03627777
  18.277277  1.03994441
  18.5116005  1.04385018
  18.745924  1.04797983
  18.9802475  1.05231023
  19.2145729  1.05680847
  19.4488964  1.06143165
  19.6832199  1.06612611
  19.9175453  1.07082784
  20.1518688  1.07546258
  20.3861923  1.07994759
  20.6205158  1.08419394
  20.8548412  1.08810878
  21.0891647  1.09159958
  21.3234882  1.09457815
  21.5578136  1.09696484
  21.7921371  1.09869289
  22.0264606  1.09971285
  22.2607841  1.0999943
  22.4951096  1.09952915
  22.7294331  1.09833097
  22.9637566  1.09643519
  23.198082  1.09389579
  23.4324055  1.09078312
  23.666729  1.0871793
  23.9010525  1.08317411
  24.1353779  1.0788604
  24.3697014  1.07433033
  24.6040249  1.06967163
  24.8383503  1.06496525
  25.0726738  1.06028283
  25.3069973  1.05568588
  25.5413227  1.05122542
  25.7756462  1.04694188
  26.0099697  1.04286551
  26.2442932  1.03901768
  26.4786186  1.0354116
  26.7129421  1.03205359
  26.9472656  1.02894437
  27.181591  1.02608025
  27.4159145  1.02345359
  27.650238  1.02105451
  27.8845615  1.01887095
  28.1188869  1.01688993
  28.3532104  1.01509786
  28.587534  1.01348054
  28.8218594  1.0120244
  29.0561829  1.01071584
  29.2905064  1.00954211
  29.5248299  1.0084908
  29.7591553  1.00755048
  29.9934788  1.00671053
  30.2278023  1.00596106
  30.4621277  1.00529289
  30.6964512  1.00469768
  30.9307747  1.00416803
  31.1650982  1.00369692
  31.3994236  1.00327814
  31.6337471  1.00290608
  31.8680706  1.00257576
  32.1023941  1.0022825
  32.3367195  1.00202227
  32.5710449  1.00179136
  32.8053665  1.00158668
  33.0396919  1.00140524
  33.2740173  1.00124443
  33.5083389  1.00110185
  33.7426643  1.00097561
  33.9769859  1.00086367
  34.2113113  1.00076461
  34.4456367  1.00067687
  34.6799583  1.00059915
  34.9142838  1.00053024
  35.1486092  1.00046933
  35.3829308  1.00041544
  35.6172562  1.00036764
  35.8515816  1.00032532
  36.0859032  1.00028789
  36.3202286  1.00025487
  36.554554  1.00022554
  36.7888756  1.00019956
  37.023201  1.00017655
  37.2575226  1.00015628
