  0.22167721E+00  0.21999002E+02  0.10000136E+00  0.99999022E+00
  0.44335443E+00  0.21766077E+02  0.10000499E+00  0.99997622E+00
  0.66503167E+00  0.21533236E+02  0.10001057E+00  0.99994916E+00
  0.88670886E+00  0.21300644E+02  0.10001743E+00  0.99992895E+00
  0.11083860E+01  0.21068085E+02  0.10002489E+00  0.99991590E+00
  0.13300633E+01  0.20835691E+02  0.10003229E+00  0.99990934E+00
  0.15517405E+01  0.20603493E+02  0.10003871E+00  0.99990910E+00
  0.17734177E+01  0.20371187E+02  0.10004399E+00  0.99991429E+00
  0.19950949E+01  0.20139103E+02  0.10004758E+00  0.99992454E+00
  0.22167721E+01  0.19906820E+02  0.10004924E+00  0.99993873E+00
  0.24384494E+01  0.19674395E+02  0.10004971E+00  0.99995613E+00
  0.26601267E+01  0.19442091E+02  0.10004912E+00  0.99997616E+00
  0.28818038E+01  0.19209568E+02  0.10004748E+00  0.99999785E+00
  0.31034811E+01  0.18977003E+02  0.10004573E+00  0.99998146E+00
  0.33251581E+01  0.18744589E+02  0.10004365E+00  0.99996459E+00
  0.35468354E+01  0.18511963E+02  0.10004175E+00  0.99995160E+00
  0.37685127E+01  0.18279408E+02  0.10004022E+00  0.99994135E+00
  0.39901898E+01  0.18046919E+02  0.10003886E+00  0.99993348E+00
  0.42118669E+01  0.17814270E+02  0.10003762E+00  0.99992794E+00
  0.44335442E+01  0.17581724E+02  0.10003696E+00  0.99992383E+00
  0.46552215E+01  0.17349245E+02  0.10003625E+00  0.99992120E+00
  0.48768988E+01  0.17116608E+02  0.10003573E+00  0.99991971E+00
  0.50985761E+01  0.16884136E+02  0.10003541E+00  0.99991906E+00
  0.53202534E+01  0.16651482E+02  0.10003532E+00  0.99991906E+00
  0.55419302E+01  0.16418995E+02  0.10003513E+00  0.99991971E+00
  0.57636075E+01  0.16186398E+02  0.10003533E+00  0.99992061E+00
  0.59852848E+01  0.15954098E+02  0.10003514E+00  0.99992198E+00
  0.62069621E+01  0.15721336E+02  0.10003508E+00  0.99992359E+00
  0.64286394E+01  0.15488865E+02  0.10003534E+00  0.99992526E+00
  0.66503162E+01  0.15256371E+02  0.10003536E+00  0.99992722E+00
  0.68719935E+01  0.15023784E+02  0.10003548E+00  0.99992913E+00
  0.70936708E+01  0.14791313E+02  0.10003575E+00  0.99993116E+00
  0.73153481E+01  0.14558714E+02  0.10003604E+00  0.99993324E+00
  0.75370255E+01  0.14326035E+02  0.10003669E+00  0.99993509E+00
  0.77587023E+01  0.14093854E+02  0.10003738E+00  0.99993747E+00
  0.79803796E+01  0.13860991E+02  0.10003778E+00  0.99993944E+00
  0.82020569E+01  0.13628688E+02  0.10003904E+00  0.99994159E+00
  0.84237337E+01  0.13395947E+02  0.10003991E+00  0.99994367E+00
  0.86454115E+01  0.13163380E+02  0.10004181E+00  0.99994558E+00
  0.88670883E+01  0.12930706E+02  0.10004385E+00  0.99994761E+00
  0.90887661E+01  0.12698163E+02  0.10004685E+00  0.99994957E+00
  0.93104429E+01  0.12465629E+02  0.10004992E+00  0.99995166E+00
  0.95321198E+01  0.12232787E+02  0.10005412E+00  0.99995339E+00
  0.97537975E+01  0.12000234E+02  0.10005933E+00  0.99995548E+00
  0.99754744E+01  0.11767626E+02  0.10006537E+00  0.99995744E+00
  0.10197152E+02  0.11534753E+02  0.10007280E+00  0.99995917E+00
  0.10418829E+02  0.11301876E+02  0.10008245E+00  0.99996084E+00
  0.10640507E+02  0.11069205E+02  0.10009387E+00  0.99996269E+00
  0.10862184E+02  0.10836061E+02  0.10010776E+00  0.99996400E+00
  0.11083860E+02  0.10602804E+02  0.10012606E+00  0.99996531E+00
  0.11305538E+02  0.10369569E+02  0.10014901E+00  0.99996650E+00
  0.11527215E+02  0.10135905E+02  0.10017821E+00  0.99996722E+00
  0.11748893E+02  0.99017792E+01  0.10021583E+00  0.99996740E+00
  0.11970570E+02  0.96675644E+01  0.10026398E+00  0.99996746E+00
  0.12192246E+02  0.94327145E+01  0.10032476E+00  0.99996686E+00
  0.12413924E+02  0.91973104E+01  0.10040223E+00  0.99996555E+00
  0.12635601E+02  0.89612026E+01  0.10049991E+00  0.99996346E+00
  0.12857279E+02  0.87241306E+01  0.10062360E+00  0.99996042E+00
  0.13078956E+02  0.84860706E+01  0.10077938E+00  0.99995661E+00
  0.13300632E+02  0.82461176E+01  0.10097589E+00  0.99995148E+00
  0.13522310E+02  0.80043259E+01  0.10122513E+00  0.99994516E+00
  0.13743987E+02  0.77605677E+01  0.10153902E+00  0.99993873E+00
  0.13965665E+02  0.75137005E+01  0.10193332E+00  0.99993247E+00
  0.14187342E+02  0.72633924E+01  0.10242805E+00  0.99992716E+00
  0.14409019E+02  0.70058546E+01  0.10304389E+00  0.99992287E+00
  0.14630696E+02  0.67170677E+01  0.10387634E+00  0.99957371E+00
  0.14852373E+02  0.64625478E+01  0.10491034E+00  0.99763960E+00
  0.15074051E+02  0.62236366E+01  0.10605637E+00  0.99260432E+00
  0.15295728E+02  0.59989576E+01  0.10725019E+00  0.98343945E+00
  0.15517405E+02  0.57833056E+01  0.10844150E+00  0.96963072E+00
  0.15739082E+02  0.55736418E+01  0.10959496E+00  0.95112121E+00
  0.15960759E+02  0.53675098E+01  0.11068773E+00  0.92814338E+00
  0.16182436E+02  0.51620302E+01  0.11171082E+00  0.90096664E+00
  0.16404114E+02  0.49537511E+01  0.11267008E+00  0.86974871E+00
  0.16625792E+02  0.47391663E+01  0.11358906E+00  0.83464688E+00
  0.16847467E+02  0.45147600E+01  0.11450881E+00  0.79596919E+00
  0.17069145E+02  0.42735529E+01  0.11549236E+00  0.75353104E+00
  0.17290823E+02  0.40448561E+01  0.11658292E+00  0.71320236E+00
  0.17512501E+02  0.38308141E+01  0.11772016E+00  0.67541564E+00
  0.17734177E+02  0.36135664E+01  0.11891106E+00  0.63708067E+00
  0.17955854E+02  0.34009521E+01  0.12016317E+00  0.59957218E+00
  0.18177532E+02  0.31909313E+01  0.12147895E+00  0.56254184E+00
  0.18399208E+02  0.29839351E+01  0.12286408E+00  0.52607507E+00
  0.18620886E+02  0.27797525E+01  0.12432439E+00  0.49014336E+00
  0.18842564E+02  0.25788722E+01  0.12586631E+00  0.45463973E+00
  0.19064240E+02  0.23805847E+01  0.12749813E+00  0.41963238E+00
  0.19285917E+02  0.21848381E+01  0.12923029E+00  0.38513014E+00
  0.19507595E+02  0.19915686E+01  0.13107477E+00  0.35114604E+00
  0.19729273E+02  0.18009819E+01  0.13304585E+00  0.31745386E+00
  0.19950949E+02  0.16122873E+01  0.13516173E+00  0.28413388E+00
  0.20172626E+02  0.14247974E+01  0.13744542E+00  0.25114211E+00
  0.20394304E+02  0.12382925E+01  0.13992612E+00  0.21825208E+00
  0.20615980E+02  0.10520060E+01  0.14264141E+00  0.18531536E+00
  0.20837658E+02  0.86401951E+00  0.14563982E+00  0.15223555E+00
  0.21059336E+02  0.67325425E+00  0.14898679E+00  0.11861181E+00
  0.21281013E+02  0.47728974E+00  0.15276949E+00  0.83949193E-01
  0.21502689E+02  0.27178422E+00  0.15710934E+00  0.47759935E-01
  0.21724367E+02  0.51476464E-01  0.16217974E+00  0.90704560E-02
  0.21946045E+02 -0.19368403E+00  0.16824277E+00 -0.34271911E-01
  0.22167721E+02 -0.47986925E+00  0.17572978E+00 -0.84736601E-01
  0.22389399E+02 -0.89445704E+00  0.18550082E+00 -0.15784778E+00
  0.22611076E+02  0.00000000E+00  0.00000000E+00  0.10000000E+01
  0.22832752E+02  0.00000000E+00  0.00000000E+00  0.10000000E+01
  0.23054430E+02  0.00000000E+00  0.00000000E+00  0.10000000E+01
  0.23276108E+02  0.00000000E+00  0.00000000E+00  0.10000000E+01
  0.23497786E+02  0.00000000E+00  0.00000000E+00  0.10000000E+01
  0.23719461E+02  0.00000000E+00  0.00000000E+00  0.10000000E+01
  0.23941139E+02  0.00000000E+00  0.00000000E+00  0.10000000E+01
  0.24162817E+02  0.00000000E+00  0.00000000E+00  0.10000000E+01
  0.24384493E+02  0.00000000E+00  0.00000000E+00  0.10000000E+01
  0.24606171E+02  0.00000000E+00  0.00000000E+00  0.10000000E+01
  0.24827848E+02  0.00000000E+00  0.00000000E+00  0.10000000E+01
  0.25049524E+02  0.00000000E+00  0.00000000E+00  0.10000000E+01
  0.25271202E+02  0.00000000E+00  0.00000000E+00  0.10000000E+01
  0.25492880E+02  0.00000000E+00  0.00000000E+00  0.10000000E+01
  0.25714558E+02  0.00000000E+00  0.00000000E+00  0.10000000E+01
  0.25936234E+02  0.00000000E+00  0.00000000E+00  0.10000000E+01
  0.26157911E+02  0.00000000E+00  0.00000000E+00  0.10000000E+01
  0.26379589E+02  0.00000000E+00  0.00000000E+00  0.10000000E+01
  0.26601265E+02  0.00000000E+00  0.00000000E+00  0.10000000E+01
  0.26822943E+02  0.00000000E+00  0.00000000E+00  0.10000000E+01
  0.27044621E+02  0.00000000E+00  0.00000000E+00  0.10000000E+01
  0.27266296E+02  0.00000000E+00  0.00000000E+00  0.10000000E+01
  0.27487974E+02  0.00000000E+00  0.00000000E+00  0.10000000E+01
  0.27709652E+02  0.00000000E+00  0.00000000E+00  0.10000000E+01
  0.27931330E+02  0.00000000E+00  0.00000000E+00  0.10000000E+01
  0.28153006E+02  0.00000000E+00  0.00000000E+00  0.10000000E+01
  0.28374683E+02  0.00000000E+00  0.00000000E+00  0.10000000E+01
  0.28596361E+02  0.00000000E+00  0.00000000E+00  0.10000000E+01
  0.28818037E+02  0.00000000E+00  0.00000000E+00  0.10000000E+01
  0.29039715E+02  0.00000000E+00  0.00000000E+00  0.10000000E+01
  0.29261393E+02  0.00000000E+00  0.00000000E+00  0.10000000E+01
  0.29483070E+02  0.00000000E+00  0.00000000E+00  0.10000000E+01
  0.29704746E+02  0.00000000E+00  0.00000000E+00  0.10000000E+01
  0.29926424E+02  0.00000000E+00  0.00000000E+00  0.10000000E+01
  0.30148102E+02  0.14294168E+01  0.63244209E-01  0.25197214E+00
  0.30369778E+02  0.16035827E+01  0.63105837E-01  0.28272641E+00
  0.30591455E+02  0.17144825E+01  0.63170850E-01  0.30224881E+00
  0.30813133E+02  0.18093662E+01  0.63326918E-01  0.31895378E+00
  0.31034809E+02  0.19024036E+01  0.63533477E-01  0.33537567E+00
  0.31256487E+02  0.20017519E+01  0.63775741E-01  0.35295579E+00
  0.31478165E+02  0.21105542E+01  0.64050861E-01  0.37210065E+00
  0.31699842E+02  0.22247970E+01  0.64357281E-01  0.39224228E+00
  0.31921518E+02  0.23404295E+01  0.64687513E-01  0.41267481E+00
  0.32143196E+02  0.24547594E+01  0.65027907E-01  0.43279475E+00
  0.32364872E+02  0.25670223E+01  0.65362751E-01  0.45260262E+00
  0.32586552E+02  0.26798437E+01  0.65678239E-01  0.47250569E+00
  0.32808228E+02  0.27970438E+01  0.65965451E-01  0.49315324E+00
  0.33029903E+02  0.29223533E+01  0.66221654E-01  0.51528591E+00
  0.33251583E+02  0.30595410E+01  0.66449866E-01  0.53944373E+00
  0.33473259E+02  0.32084677E+01  0.66656567E-01  0.56572670E+00
  0.33694935E+02  0.10582687E+01  0.80330804E-01  0.17295484E+00
  0.33916615E+02  0.11146120E+01  0.11229490E+00  0.14009894E+00
