 -2.07624912  0.366098642
 -1.67814934  0.32022509
 -1.28424156  0.276135176
 -0.899249792  0.234945968
 -0.524409831  0.197304726
 -0.161102176  0.163932383
  0.189488411  0.135471255
  0.526663303  0.11227949
  0.85044086  0.0942442119
  1.16159284  0.0807653964
  1.46146154  0.0709348619
  1.75166607  0.063790381
  2.03383136  0.0585028231
  2.30941868  0.05445081
  2.57965851  0.0512125492
  2.8455441  0.0485213399
  3.10785866  0.0462194681
  3.36721396  0.0442150235
  3.62408733  0.0424534678
  3.87884808  0.0408982635
  4.13171864  0.0395075679
  4.38263273  0.0382932425
  4.6312027  0.0372028947
  4.87693119  0.0362254381
  5.11945105  0.0353517532
  5.35863829  0.0345627069
  5.59461308  0.0338384509
  5.82771111  0.0331591368
  6.05844164  0.0325120687
  6.28744221  0.0318883061
  6.5153985  0.031283617
  6.74291849  0.0306987762
  6.97039223  0.0301254392
  7.19796562  0.0296056271
  7.4256587  0.0290884972
  7.65347147  0.0285847187
  7.88140106  0.0281012058
  8.10944271  0.027641058
  8.33759499  0.0272016525
  8.56585312  0.026778698
  8.79421616  0.0263649225
  9.0226841  0.0259535313
  9.25125885  0.0255407095
  9.47994423  0.0251255035
  9.70874119  0.0247098207
  9.93765259  0.024296999
  10.1666813  0.0238940716
  10.3958244  0.0235061646
  10.6250849  0.023139596
  10.8544598  0.0227968693
  11.08395  0.0224808455
  11.3135538  0.0221909285
  11.5432711  0.0219231844
  11.7731056  0.0216734409
  12.0030594  0.0214338303
  12.2331409  0.0211979151
  12.4633589  0.0209554434
  12.6937275  0.0206980705
  12.9242611  0.0204180479
  13.1549797  0.0201067924
  13.3859062  0.0197592974
  13.6170654  0.0193701982
  13.8484859  0.0189366341
  14.0801973  0.0184570551
  14.3122339  0.0179321766
  14.544632  0.0173630714
  14.7774267  0.0167541504
  15.0106602  0.016108036
  15.2443714  0.0154306889
  15.4786072  0.0147283077
  15.7134094  0.0140066147
  15.9488306  0.0132718086
  16.1849136  0.0125310421
  16.4217129  0.0117889643
  16.6592808  0.0110533237
  16.8976707  0.0103284121
  17.1369362  0.00961911678
  17.3771324  0.00892877579
  17.6183167  0.00826120377
  17.8605328  0.007619977
  18.1038361  0.0070066452
  18.3482704  0.00642228127
  18.5938702  0.00586867332
  18.8406639  0.00534796715
  19.088665  0.00485789776
  19.337883  0.00439941883
  19.5882988  0.00397336483
  19.8398819  0.0035777092
  20.092577  0.00321257114
  20.3463173  0.00287759304
  20.6010017  0.00257098675
  20.8565178  0.00229227543
  21.11273  0.00203967094
  21.369482  0.00181233883
  21.6266117  0.00160944462
  21.8839417  0.00142800808
  22.1412983  0.00126826763
  22.3984947  0.00112593174
  22.655365  0.0010008812
  22.911747  0.000890612602
  23.1674919  0.000792503357
  23.4224758  0.000705599785
  23.6765881  0.000627756119
  23.9297485  0.000556588173
  24.1818886  0.000491857529
  24.4329662  0.000432372093
  24.6829662  0.000376105309
  24.9318752  0.000326037407
  25.1797123  0.000279307365
  25.4264984  0.000236988068
  25.6722698  0.000199437141
  25.9170704  0.00016772747
  26.1609497  0.00014102459
  26.403965  0.000119566917
  26.6461658  0.000103235245
  26.8876114  9.15527344E-05
  27.1283627  8.30888748E-05
  27.3684711  7.71284103E-05
  27.6079903  7.17639923E-05
  27.8469753  6.73532486E-05
  28.0854759  6.22272491E-05
  28.3235321  5.53131104E-05
  28.5611916  4.74452972E-05
  28.7984962  3.79085541E-05
  29.0354748  2.93254852E-05
  29.2721672  2.13384628E-05
  29.5085983  1.57356262E-05
  29.7448006  1.39474869E-05
  29.9807911  1.51395798E-05
  30.2165947  2.05039978E-05
  30.4522324  2.74181366E-05
  30.6877193  3.50475311E-05
  30.9230728  4.18424606E-05
  31.158308  4.64916229E-05
  31.3934383  4.63724136E-05
  31.6284771  4.29153442E-05
  31.8634319  3.6239624E-05
  32.0983162  2.86102295E-05
  32.3331413  2.0980835E-05
  32.5679092  1.74045563E-05
  32.8026237  1.74045563E-05
  33.0372925  2.15768814E-05
  33.2719231  2.68220901E-05
  33.5065155  3.01599503E-05
  33.7410774  3.02791595E-05
  33.975605  2.40802765E-05
  34.2101173  1.39474869E-05
  34.4446106  2.50339508E-06
  34.679081 -4.76837158E-06
  34.9135399 -5.12599945E-06
  35.1479836  2.38418579E-07
  35.3824081  7.15255737E-06
  35.6168251  9.41753387E-06
  35.8512306  2.74181366E-06
  36.0856247 -8.10623169E-06
  36.320015 -1.47819519E-05
  36.5543976 -1.01923943E-05
  36.7887726  1.31130219E-06
  37.02314 -5.96046448E-08
  37.2575035 -1.18017197E-05
