  0.117092609 -1.12964372E-05
  0.351419151 -9.46578893E-06
  0.585739017 -1.71140109E-05
  0.820055425 -2.30643018E-05
  1.05436873 -2.88030187E-05
  1.288679 -3.47002533E-05
  1.52298653 -4.02282021E-05
  1.75729144 -4.7334328E-05
  1.99159324 -5.52704369E-05
  2.22589231 -6.39505888E-05
  2.46018815 -7.28827872E-05
  2.69448066 -8.26007526E-05
  2.92876959 -9.29679372E-05
  3.16305494 -0.000103983301
  3.39733672 -0.000115773466
  3.63161421 -0.000128459884
  3.86588764 -0.000142440011
  4.10015678 -0.000157567556
  4.33442116 -0.000174155299
  4.56868124 -0.00019246935
  4.80293512 -0.000212764178
  5.0371809 -0.00023551975
  5.27141714 -0.000261556386
  5.50564098 -0.000291196367
  5.73984909 -0.000325373578
  5.97403908 -0.000364938111
  6.20820808 -0.000410580804
  6.44235229 -0.00046302483
  6.67647028 -0.000523096998
  6.91056061 -0.000591300428
  7.14462042 -0.000668303168
  7.37864733 -0.000754926703
  7.61263657 -0.000852465164
  7.84658384 -0.000962153659
  8.08048248 -0.00108519953
  8.31432819 -0.00122338452
  8.54811192 -0.00137827115
  8.78182888 -0.00155153091
  9.01546764 -0.00174554705
  9.24902058 -0.00196236116
  9.48247623 -0.00220433786
  9.71582317 -0.00247403304
  9.949049 -0.00277398387
  10.1821365 -0.00310688931
  10.4150734 -0.00347586861
  10.6478386 -0.00388342608
  10.880415 -0.0043324898
  11.1127796 -0.00482565444
  11.3449116 -0.00536528882
  11.5767841 -0.00595317455
  11.8083687 -0.0065906439
  12.0396385 -0.00727815414
  12.2705622 -0.00801502913
  12.5011063 -0.00879935268
  12.7312384 -0.00962722674
  12.9609203 -0.0104931649
  13.1901197 -0.0113894772
  13.4187984 -0.0123053342
  13.6469231 -0.0132274758
  13.8744593 -0.0141398795
  14.1013765 -0.0150230341
  14.3276501 -0.0158549994
  14.5532551 -0.0166108552
  14.7781811 -0.0172639992
  15.0024185 -0.0177863501
  15.2259741 -0.0181492213
  15.4488621 -0.018325137
  15.6711111 -0.0182880647
  15.8927641 -0.0180157553
  16.1138821 -0.0174901281
  16.3345337 -0.0166993849
  16.5548134 -0.0156380143
  16.7748318 -0.0143081984
  16.9947109 -0.0127204265
  17.2145901 -0.0108928801
  17.4346237 -0.00885167532
  17.6549797 -0.00663021952
  17.8758297 -0.00426837476
  18.0973568 -0.00181100995
  18.319746  0.00069287105
  18.5431862  0.00319171045
  18.7678509  0.00563351391
  18.9939117  0.00796702504
  19.2215233  0.0101441499
  19.450819  0.0121210245
  19.6819115  0.0138603449
  19.9148808  0.0153325321
  20.1497765  0.0165168829
  20.3866081  0.0174030457
  20.6253548  0.0179902129
  20.8659534  0.0182877276
  21.1083012  0.0183132719
  21.3522625  0.0180925876
  21.5976772  0.0176565144
  21.8443508  0.0170399547
  22.0920734  0.0162792597
  22.3406277  0.0154102715
  22.5897903  0.0144672748
  22.8393345  0.0134810219
  23.089056  0.012478401
  23.3387547  0.0114819808
  23.588253  0.0105095915
  23.8374004  0.00957498048
  24.0860653  0.00868813694
  24.3341446  0.00785524677
  24.5815544  0.00708009815
  24.8282413  0.00636432227
  25.0741673  0.00570748094
  25.319315  0.00510778138
  25.5636787  0.00456318911
  25.807272  0.004070275
  26.0501175  0.00362578849
  26.2922401  0.00322628883
  26.5336781  0.00286796177
  26.7744694  0.00254732184
  27.0146542  0.00226108613
  27.2542782  0.00200583902
  27.4933796  0.00177863822
  27.7320061  0.00157660409
  27.970192  0.00139707804
  28.2079792  0.00123789569
  28.445406  0.00109689741
  28.6825027  0.000971874804
  28.919302  0.000861205335
  29.1558342  0.000763119198
  29.3921261  0.00067649351
  29.6282024  0.000599893043
  29.8640862  0.000532153063
  30.0997982  0.00047219143
  30.3353519  0.000419312593
  30.5707703  0.000372673414
  30.8060665  0.00033138608
  31.041254  0.000295045757
  31.2763424  0.000263150607
  31.5113449  0.000235102256
  31.7462711  0.000210694663
  31.9811306  0.000189403756
  32.2159309  0.00017088934
  32.4506721  0.000154936846
  32.6853714  0.000141002791
  32.9200287  0.00012912965
  33.1546478  0.000118862969
  33.3892365  0.000109930967
  33.6237946  0.000102115053
  33.8583298  9.47946974E-05
  34.0928459  8.76825288E-05
  34.3273392  8.03591829E-05
  34.561821  7.22862387E-05
  34.7962875  6.2969928E-05
  35.0307388  5.21730253E-05
  35.2651787  3.94980198E-05
  35.4996109  2.5118321E-05
  35.7340279  9.55598534E-06
  35.968441 -5.98155384E-06
  36.2028427 -1.96955425E-05
  36.4372253 -2.91937358E-05
  36.6716042 -3.16829464E-05
  36.9059715 -2.56475159E-05
  37.1403275 -1.22736719E-05
  37.3746872  0.
