  0.116750658 -0.000122572281
  0.350993276 -0.000152881446
  0.58521229 -0.000182786374
  0.819415569 -0.000216396424
  1.05360317 -0.000249909441
  1.2877748 -0.000286297698
  1.52193034 -0.000327189831
  1.75606871 -0.000374491239
  1.99018824 -0.000427503459
  2.22428751 -0.000486441306
  2.45836473 -0.000551930978
  2.69241786 -0.00062381709
  2.92644477 -0.0007026862
  3.16044378 -0.000788491103
  3.39441299 -0.000881813059
  3.62834954 -0.0009830622
  3.86225176 -0.0010924493
  4.0961175 -0.00121076813
  4.32994413 -0.0013380273
  4.56372929 -0.00147539051
  4.79746342 -0.00162459817
  5.03113222 -0.00178944913
  5.26471663 -0.00197440526
  5.49819517 -0.00218409812
  5.73154449 -0.00242392696
  5.96474075 -0.00269884663
  6.19776154 -0.00301328534
  6.43058443 -0.00337049901
  6.66319513 -0.00377246691
  6.89558077 -0.00421948452
  7.12773037 -0.00471107755
  7.35962296 -0.00524822902
  7.59123039 -0.00583289284
  7.82252026 -0.00646632444
  8.05346012 -0.00714875944
  8.2840147 -0.00788010098
  8.51414394 -0.00865837559
  8.7438097 -0.00948001537
  8.97296906 -0.0103402054
  9.20158005 -0.0112313842
  9.42959595 -0.0121433083
  9.65697575 -0.0130635602
  9.88367367 -0.0139761148
  10.1096458 -0.0148627982
  10.3348551 -0.0157023091
  10.5592623 -0.016470518
  10.7828407 -0.0171416085
  11.0055618 -0.0176885966
  11.2274113 -0.0180838164
  11.4483824 -0.0183003657
  11.6684771 -0.0183131043
  11.8877115 -0.0181002188
  12.1061125 -0.0176441297
  12.3237238 -0.0169330761
  12.5405998 -0.0159612745
  12.7568083 -0.0147303408
  12.9724331 -0.0132495156
  13.1875687 -0.0115351351
  13.4023247 -0.00961119495
  13.6168165 -0.00750838267
  13.8311729 -0.00526252622
  14.0455275 -0.00291473023
  14.2600183 -0.000508889672
  14.4747887  0.00190851267
  14.6899796  0.0042907591
  14.905736  0.00659247534
  15.1221943  0.00877010357
  15.3394899  0.010784219
  15.5577497  0.0126004051
  15.7770977  0.0141905295
  15.9976387  0.0155329481
  16.2194805  0.0166141838
  16.4427147  0.0174282193
  16.6674252  0.0179763641
  16.8936825  0.018267395
  17.1215515  0.018316431
  17.3510895  0.0181437433
  17.5823364  0.0177738145
  17.8153324  0.0172339529
  18.0501041  0.0165530797
  18.2866726  0.0157601684
  18.5250378  0.01488367
  18.7652035  0.0139502352
  19.0071545  0.0129840299
  19.2508564  0.0120066749
  19.4962673  0.0110365972
  19.7433281  0.0100889029
  19.9919548  0.0091757942
  20.2420502  0.00830669701
  20.493494  0.00748826284
  20.746151  0.00672470592
  20.9998569  0.00601831917
  21.2544441  0.00536993938
  21.5097237  0.00477849087
  21.7654972  0.00424223859
  22.0215664  0.0037589136
  22.2777309  0.00332501205
  22.5337963  0.00293740002
  22.7895775  0.0025922081
  23.0449028  0.00228581484
  23.2996235  0.00201477716
  23.5536079  0.00177530665
  23.8067474  0.00156427128
  24.0589619  0.00137892342
  24.3101883  0.0012158748
  24.5603848  0.00107247604
  24.809536  0.000947070599
  25.0576401  0.000837029249
  25.3047066  0.0007403536
  25.5507679  0.0006556437
  25.7958565  0.000581107393
  26.0400219  0.000515617197
  26.2833099  0.000457874325
  26.5257759  0.000406937004
  26.7674751  0.000361941027
  27.0084629  0.000321936677
  27.2487946  0.000286563678
  27.4885254  0.000254947023
  27.7277069  0.000226819087
  27.9663887  0.000201607341
  28.2046127  0.000179183276
  28.4424286  0.00015949292
  28.6798725  0.000141690165
  28.9169807  0.000126114668
  29.1537895  0.000112137677
  29.3903294  9.98352843E-05
  29.626627  8.89794392E-05
  29.8627071  7.93389991E-05
  30.0985966  7.08910666E-05
  30.3343124  6.33099626E-05
  30.5698757  5.65873961E-05
  30.8053017  5.01029244E-05
  31.0406075  4.37406161E-05
  31.2758026  3.73653747E-05
  31.5109005  3.08411545E-05
  31.7459164  2.40087957E-05
  31.980854  1.67432336E-05
  32.2157249  8.97466907E-06
  32.450531  9.70982342E-07
  32.6852875 -7.45822945E-06
  32.9199944 -1.53976016E-05
  33.1546516 -2.28161316E-05
  33.3892746 -2.88828596E-05
  33.6238556 -3.3005359E-05
  33.8584099 -3.46478519E-05
  34.0929337 -3.32427626E-05
  34.3274307 -2.84329308E-05
  34.5619049 -2.05993456E-05
  34.79636 -1.04625042E-05
  35.0307961  9.66350285E-07
  35.2652245  1.16317497E-05
  35.4996414  1.93524593E-05
  35.7340469  2.22160252E-05
  35.9684448  1.89336952E-05
  36.2028427  1.00538664E-05
  36.4372253 -1.9052037E-06
  36.6716042 -1.18724765E-05
  36.9059715 -1.44914102E-05
  37.1403313 -7.42967404E-06
  37.3746872  0.
