  0.113534831 -0.000985330436
  0.347142309 -0.00116392213
  0.580644548 -0.00137946964
  0.814041793 -0.00162349315
  1.0473274 -0.00189510442
  1.28049314 -0.00219502347
  1.51353061 -0.00252376124
  1.74643111 -0.00288064964
  1.97918642 -0.00326830987
  2.21178722 -0.00368644181
  2.44422483 -0.00413490506
  2.67648983 -0.00461323047
  2.90857315 -0.0051204185
  3.14046597 -0.00565530127
  3.37215972 -0.00621638307
  3.6036458 -0.00680064783
  3.83491611 -0.00740515348
  4.06596327 -0.00802629627
  4.29677963 -0.00865952671
  4.52735567 -0.00930066314
  4.75764227 -0.00995019451
  4.9875536 -0.0106157828
  5.21697903 -0.0113065951
  5.44579792 -0.0120301265
  5.67388821 -0.0127894282
  5.90113831 -0.0135807423
  6.12745905 -0.0143920891
  6.35279465 -0.0152021749
  6.57713604 -0.0159809198
  6.80051565 -0.0166914705
  7.02299023 -0.0172925852
  7.24458313 -0.0177444555
  7.46528339 -0.0180179905
  7.68508768 -0.0180886723
  7.90400314 -0.0179340504
  8.12205124 -0.017536914
  8.33926296 -0.0168847442
  8.55568695 -0.0159713924
  8.77137947 -0.0147982668
  8.98641586 -0.0133734699
  9.20087719 -0.0117126964
  9.41486168 -0.00983907096
  9.62847042 -0.00778200198
  9.8418169 -0.00557681359
  10.0550184 -0.00326383766
  10.2681961 -0.00088619598
  10.481473  0.00151067064
  10.6949701  0.00388054829
  10.9088068  0.00617792923
  11.1230965  0.00836039707
  11.337945  0.0103886286
  11.5534506  0.0122282747
  11.7696991  0.0138509003
  11.9867706  0.0152349956
  12.2047272  0.0163666457
  12.4236221  0.017238792
  12.6434975  0.0178523101
  12.8643818  0.0182150304
  13.0862961  0.0183404293
  13.3092499  0.0182472952
  13.533247  0.0179590732
  13.7582808  0.0175011195
  13.9843407  0.0169010796
  14.2114172  0.0161859579
  14.4394922  0.0153825767
  14.6685505  0.0145165138
  14.8985767  0.0136105632
  15.1295595  0.0126851946
  15.3614864  0.0117582129
  15.5943537  0.0108440537
  15.8281555  0.00995442085
  16.0628967  0.00909891073
  16.2985859  0.00828432944
  16.5352364  0.00751515524
  16.7728653  0.00679450529
  17.0114937  0.00612403965
  17.2511539  0.00550400978
  17.4918728  0.00493341638
  17.7336807  0.00441107014
  17.9766121  0.00393512053
  18.2206974  0.00350308861
  18.4659653  0.00311249588
  18.7124348  0.00276072882
  18.9601212  0.00244445424
  19.2090263  0.00216122135
  19.4591389  0.0019083604
  19.7104321  0.00168289687
  19.9628601  0.00148222595
  20.2163582  0.00130407175
  20.4708385  0.00114630722
  20.7261982  0.00100669218
  20.9823055  0.000883526634
  21.2390194  0.000775003457
  21.4961815  0.000679377641
  21.7536163  0.000595222809
  22.0111485  0.000521756243
  22.2685986  0.00045724283
  22.5257969  0.000400912919
  22.782568  0.000351718336
  23.038765  0.000308709044
  23.2942524  0.000271320081
  23.5489063  0.000238450259
  23.8026352  0.000209715246
  24.0553627  0.0001848299
  24.3070431  0.000162921002
  24.5576382  0.000143538186
  24.8071365  0.000126828614
  25.0555477  0.000112396905
  25.3028851  9.97668831E-05
  25.5491829  8.90866359E-05
  25.7944813  7.98237234E-05
  26.0388298  7.19876261E-05
  26.2822781  6.51613736E-05
  26.5248852  5.93851364E-05
  26.7667103  5.45487383E-05
  27.0078087  5.01132636E-05
  27.2482376  4.63954129E-05
  27.4880543  4.28114472E-05
  27.7273102  3.94941308E-05
  27.9660568  3.61134807E-05
  28.20434  3.23774657E-05
  28.4422073  2.874645E-05
  28.6796951  2.4468176E-05
  28.9168415  2.00864979E-05
  29.1536827  1.50694104E-05
  29.3902512  9.75541298E-06
  29.6265717  4.3498253E-06
  29.8626709 -1.12498458E-06
  30.0985756 -6.06566073E-06
  30.3343029 -1.04120891E-05
  30.56987 -1.362495E-05
  30.8052998 -1.57762388E-05
  31.0406017 -1.65082747E-05
  31.2757931 -1.55643047E-05
  31.5108852 -1.29143637E-05
  31.7458897 -8.79184881E-06
  31.9808159 -3.39648523E-06
  32.2156754  2.44291505E-06
  32.45047  8.2649849E-06
  32.6852188  1.28079701E-05
  32.9199181  1.57738759E-05
  33.1545753  1.59325227E-05
  33.3891983  1.31845563E-05
  33.6237869  7.4119007E-06
  33.8583488 -9.1186115E-07
  34.0928879 -1.03920147E-05
  34.3273964 -1.96149522E-05
  34.5618858 -2.65795861E-05
  34.7963524 -2.96256858E-05
  35.0307961 -2.75373004E-05
  35.2652283 -2.06416626E-05
  35.4996452 -1.06946072E-05
  35.7340508 -8.34310242E-07
  35.9684486  5.45177727E-06
  36.2028427  5.42782482E-06
  36.4372253 -8.68683401E-07
  36.6716042 -9.19452123E-06
  36.9059715 -1.27487174E-05
  37.1403313 -6.58606677E-06
  37.3746872  0.
