  0.0882893577 -0.00777882151
  0.316999644 -0.0091890106
  0.545009613 -0.0106995301
  0.772351205 -0.0122668846
  0.999028087 -0.0138572948
  1.22504473 -0.0154278502
  1.45041323 -0.0169379823
  1.67515302 -0.0183481425
  1.89929187 -0.01962067
  2.12286496 -0.0207212809
  2.34591365 -0.0216200966
  2.56848645 -0.0222925004
  2.7906363 -0.0227191951
  3.01242185 -0.0228868425
  3.23390532 -0.0227877107
  3.4551518 -0.0224185716
  3.67622972 -0.021781357
  3.89720941 -0.0208818857
  4.11816216 -0.0197304729
  4.33915424 -0.0183406975
  4.56012774 -0.0167143419
  4.78084278 -0.014869486
  5.00097322 -0.01284065
  5.22019196 -0.0106667187
  5.4382329 -0.00838409271
  5.65492916 -0.006025373
  5.87024498 -0.00362117961
  6.08429289 -0.00120159262
  6.29734182  0.00120145816
  6.50979567  0.00355402683
  6.72212219  0.00582304085
  6.93472052  0.00797841884
  7.14780712  0.0100111542
  7.3614831  0.0119006103
  7.57583666  0.0136136133
  7.79094458  0.0151213938
  8.00687027  0.0164025743
  8.22367096  0.017442571
  8.44138622  0.0182334483
  8.66004562  0.0187752079
  8.87966728  0.0190744381
  9.10025597  0.0191436913
  9.32180882  0.0190011691
  9.54431057  0.018668782
  9.76774025  0.0181711018
  9.99206924  0.0175348632
  10.2172642  0.0167870745
  10.4432869  0.0159538966
  10.6700974  0.0150600383
  10.8976545  0.0141284941
  11.1259146  0.0131793804
  11.3548374  0.012230048
  11.5843821  0.0112951929
  11.8145113  0.0103862844
  12.0451889  0.0095128268
  12.2763815  0.00868123863
  12.5080614  0.00789620448
  12.740202  0.00716099329
  12.972784  0.00647634035
  13.2057867  0.00584230758
  13.4391985  0.00525851827
  13.6730108  0.00472290022
  13.9072161  0.00423401454
  14.1418171  0.00378892315
  14.3768148  0.00338492193
  14.6122189  0.00301982462
  14.8480415  0.00269036833
  15.0843019  0.00239393627
  15.3210192  0.00212804391
  15.5582237  0.00188994734
  15.7959423  0.00167680299
  16.034214  0.00148683903
  16.2730751  0.00131771748
  16.5125751  0.00116693857
  16.7527542  0.00103277469
  16.9936676  0.000913760974
  17.2353668  0.000808183919
  17.4779034  0.000714242808
  17.7213326  0.000630854745
  17.9657059  0.000557056279
  18.2110748  0.000491404848
  18.4574814  0.000433212437
  18.7049618  0.00038209316
  18.9535446  0.000336394267
  19.2032452  0.000296086888
  19.4540596  0.000260917266
  19.7059765  0.000229913043
  19.958952  0.000202551717
  20.2129345  0.00017876552
  20.4678421  0.000158034221
  20.7235794  0.0001397413
  20.9800205  0.000123978054
  21.2370262  0.000110472931
  21.4944439  9.85411025E-05
  21.7521057  8.80595617E-05
  22.0098381  7.91731145E-05
  22.2674656  7.13150948E-05
  22.5248184  6.43880776E-05
  22.7817307  5.8380283E-05
  23.0380497  5.28137825E-05
  23.293644  4.77559006E-05
  23.5483952  4.29167594E-05
  23.8022099  3.83259503E-05
  24.0550156  3.3928387E-05
  24.3067646  2.94410347E-05
  24.5574207  2.45281262E-05
  24.8069763  1.98561993E-05
  25.0554371  1.50247724E-05
  25.3028202  9.92633522E-06
  25.5491581  4.81014195E-06
  25.7944908 -5.555504E-07
  26.0388718 -5.86892384E-06
  26.2823467 -1.12069802E-05
  26.5249767 -1.62096567E-05
  26.7668209 -2.05850356E-05
  27.0079327 -2.47055814E-05
  27.2483692 -2.76879146E-05
  27.4881916 -2.9871122E-05
  27.7274494 -3.05965295E-05
  27.9661922 -3.00262236E-05
  28.2044697 -2.8270706E-05
  28.4423256 -2.4771176E-05
  28.6798 -2.0375981E-05
  28.9169331 -1.46781276E-05
  29.153759 -8.57949635E-06
  29.3903103 -2.40625263E-06
  29.6266136  3.69541431E-06
  29.8626995  8.63688638E-06
  30.0985889  1.24859835E-05
  30.3343048  1.46210741E-05
  30.5698643  1.49773768E-05
  30.8052864  1.32780015E-05
  31.0405846  9.6621161E-06
  31.2757721  4.9598857E-06
  31.5108624 -9.49549346E-08
  31.7458668 -4.74337321E-06
  31.9807892 -7.82309871E-06
  32.2156448 -8.75272508E-06
  32.4504318 -6.76351237E-06
  32.6851692 -2.03145464E-06
  32.919857  5.46890215E-06
  33.1544991  1.42905374E-05
  33.3891068  2.30374026E-05
  33.6236839  3.00497504E-05
  33.8582344  3.36331832E-05
  34.0927658  3.29952054E-05
  34.3272705  2.79885462E-05
  34.5617599  1.97579411E-05
  34.7962341  1.06777616E-05
  35.0306854  3.77866809E-06
  35.2651253  1.23449627E-06
  35.4995537  4.0083014E-06
  35.7339668  1.02930426E-05
  35.9683723  1.65977326E-05
  36.202774  1.83034426E-05
  36.4371681  1.28405136E-05
  36.6715584  2.91286483E-06
  36.9059448 -4.2291299E-06
  37.140316 -2.0506086E-06
  37.3746872  0.
