 -0.114302956 -0.0597190969
  0.0857460201 -0.0585449301
  0.286703348 -0.0551390909
  0.488952279 -0.050555151
  0.69273001 -0.0453115143
  0.898202538 -0.0397266671
  1.10549164 -0.0340039507
  1.31468678 -0.0282832552
  1.52585399 -0.0226592179
  1.7390399 -0.0172048472
  1.95427465 -0.0119746532
  2.17157388 -0.00701253396
  2.39093924 -0.00235606404
  2.61235952  0.00196269201
  2.83581018  0.00591445994
  3.06125379  0.00947171357
  3.28863883  0.0126109254
  3.51790047  0.0153118949
  3.74895906  0.0175574832
  3.98171425  0.0193363279
  4.2159152  0.0206518918
  4.45100307  0.0214898586
  4.68610096  0.0219104532
  4.92028284  0.0219809171
  5.15281057  0.021776082
  5.38323784  0.0213716179
  5.61143208  0.0208336227
  5.83755684  0.0202144571
  6.06203794  0.0195484236
  6.28549337  0.0188539997
  6.50862455  0.0181377865
  6.73203897  0.0173976421
  6.95608139  0.016641004
  7.18086052  0.015853256
  7.40636158  0.0150382295
  7.63255453  0.0142049985
  7.85940409  0.0133631891
  8.08687878  0.0125218332
  8.31494331  0.0116887959
  8.54356575  0.0108718695
  8.7727108  0.0100769838
  9.00234699  0.00930953678
  9.2324419  0.00857355725
  9.46296406  0.00787242968
  9.69388676  0.00720808329
  9.92517948  0.00658226339
  10.1568184  0.00599551667
  10.3887787  0.00544815557
  10.6210403  0.00493957615
  10.8535824  0.00446904032
  11.0863857  0.00403539138
  11.3194389  0.00363699417
  11.5527248  0.00327260094
  11.7862368  0.00293979119
  12.0199661  0.00263726292
  12.2539034  0.00236275047
  12.4880486  0.00211443123
  12.7223997  0.00189081486
  12.9569588  0.00168919296
  13.1917295  0.00150779297
  13.4267197  0.00134542421
  13.6619387  0.00119961891
  13.897397  0.00106942002
  14.1331129  0.000952799339
  14.3691034  0.000848259602
  14.6053896  0.000755183748
  14.8419952  0.00067179976
  15.0789518  0.000597250357
  15.316288  0.000530779769
  15.5540419  0.000471610867
  15.7922487  0.0004185609
  16.0309525  0.000371460104
  16.2701988  0.000329766248
  16.5100403  0.000292556389
  16.7505226  0.000259397289
  16.991703  0.000230449485
  17.2336426  0.000205035496
  17.4763889  0.000182466989
  17.7200069  0.000162534066
  17.9645481  0.000145214552
  18.2100658  0.000129972963
  18.456604  0.000116362513
  18.7042027  0.000104743398
  18.9528923  9.37865116E-05
  19.2026863  8.40383655E-05
  19.4535866  7.56357331E-05
  19.7055798  6.78752331E-05
  19.9586239  6.06046669E-05
  20.2126675  5.38410895E-05
  20.4676323  4.75950037E-05
  20.7234211  4.13248272E-05
  20.9799061  3.53393007E-05
  21.2369537  2.96271046E-05
  21.4944115  2.37155127E-05
  21.7521057  1.76823778E-05
  22.0098667  1.18991529E-05
  22.267519  6.13896964E-06
  22.5248947  3.63096774E-07
  22.7818222 -4.91727405E-06
  23.0381546 -1.00556717E-05
  23.2937584 -1.44563555E-05
  23.5485153 -1.81995747E-05
  23.80233 -2.10049802E-05
  24.0551338 -2.27262481E-05
  24.3068752 -2.34132185E-05
  24.5575218 -2.31861377E-05
  24.8070641 -2.15005803E-05
  25.0555096 -1.85704357E-05
  25.3028736 -1.47349183E-05
  25.5491924 -9.99187341E-06
  25.794508 -4.7948879E-06
  26.0388699  6.57192857E-07
  26.2823277  5.94505536E-06
  26.5249424  1.0878035E-05
  26.7667732  1.51122604E-05
  27.0078754  1.79208073E-05
  27.2483063  1.94486292E-05
  27.4881248  1.91008767E-05
  27.7273846  1.73318858E-05
  27.9661312  1.39654812E-05
  28.2044163  9.19448848E-06
  28.4422817  3.86709553E-06
  28.6797676 -1.98610246E-06
  28.9169121 -7.19078071E-06
  29.1537476 -1.15666589E-05
  29.3903084 -1.44115693E-05
  29.6266193 -1.50631904E-05
  29.862709 -1.37592751E-05
  30.0986023 -1.01146043E-05
  30.3343182 -4.70327268E-06
  30.5698776  1.85867805E-06
  30.8052979  8.38912729E-06
  31.040596  1.35332857E-05
  31.2757835  1.68002462E-05
  31.5108757  1.75554542E-05
  31.7458858  1.52524117E-05
  31.9808159  1.03086986E-05
  32.215683  3.4184186E-06
  32.4504814 -3.82841836E-06
  32.6852303 -1.02374661E-05
  32.9199295 -1.36785238E-05
  33.154583 -1.35042792E-05
  33.3891983 -9.60309353E-06
  33.6237755 -2.75789444E-06
  33.858326  5.05726121E-06
  34.0928497  1.16934398E-05
  34.3273506  1.50588912E-05
  34.5618401  1.36962235E-05
  34.7963066  8.30335466E-06
  35.0307579  1.47101377E-06
  35.2651939 -3.69282134E-06
  35.4996185 -4.09914537E-06
  35.734024  5.61195804E-07
  35.9684258  7.99597365E-06
  36.202816  1.29343607E-05
  36.4372025  1.10352375E-05
  36.6715851  3.2011269E-06
  36.9059601 -3.47598075E-06
  37.1403236 -1.29552927E-06
  37.3746872  0.
