 -1.07763922  0.00935999397
 -0.829476476  0.0134436134
 -0.579529583  0.0181132592
 -0.327638149  0.0227789376
 -0.07371521  0.0270808209
  0.182228804  0.030817518
  0.440098047  0.0338800661
  0.699729085  0.0362060815
  0.960902929  0.0377623625
  1.22335625  0.0385442339
  1.48679256  0.0385679267
  1.75089574  0.0378712229
  2.01533866  0.036518354
  2.27979827  0.0345998742
  2.54396796  0.0322287716
  2.80756855  0.029534582
  3.07035899  0.0266573224
  3.33214235  0.0237324722
  3.59277153  0.0208807047
  3.852139  0.0181980729
  4.11003542  0.0157698356
  4.36597919  0.0136063239
  4.61919403  0.0117376354
  4.86888695  0.0101718064
  5.11456585  0.0088882139
  5.35611868  0.00784599129
  5.59377146  0.00699820742
  5.8280201  0.00630274834
  6.05956745  0.00572317699
  6.28924656  0.00523067219
  6.51790619  0.00480345497
  6.74624014  0.00442421995
  6.97463083  0.00409337552
  7.20319986  0.0037922631
  7.43194723  0.00351800513
  7.66086102  0.00327504659
  7.88992786  0.00306972279
  8.11913967  0.00290742842
  8.34848404  0.00279079308
  8.57795906  0.00272039697
  8.80756092  0.00269345846
  9.03729248  0.00270468416
  9.2671566  0.00274736062
  9.49715996  0.00281339581
  9.72731304  0.00289426581
  9.95762444  0.00298191234
  10.1881065  0.00306835328
  10.4187708  0.00314719393
  10.6496277  0.00321284705
  10.8806906  0.0032609934
  11.1119671  0.00328885601
  11.3434706  0.00329450262
  11.5752048  0.00327764289
  11.8071833  0.00323808403
  12.0394106  0.00317734224
  12.2718935  0.00309714861
  12.5046406  0.00299971737
  12.7376556  0.00288838404
  12.9709473  0.00276475376
  13.204524  0.00263165799
  13.4383945  0.00249255868
  13.6725674  0.00234901649
  13.9070549  0.00220402051
  14.1418724  0.00205937354
  14.3770323  0.00191633543
  14.6125574  0.00177700713
  14.8484659  0.00164210796
  15.0847845  0.00151232479
  15.3215399  0.00138880685
  15.5587673  0.00127169269
  15.7964954  0.00116105052
  16.0347691  0.00105740561
  16.2736263  0.000960625941
  16.5131168  0.000870259595
  16.7532845  0.000785874727
  16.9941845  0.000708179374
  17.2358704  0.000636591518
  17.4783936  0.00057031936
  17.7218113  0.000509357837
  17.9661732  0.000453543646
  18.2115326  0.000402434584
  18.4579277  0.000355578755
  18.7054005  0.000313146855
  18.9539757  0.000273932616
  19.2036667  0.000238232446
  19.4544735  0.00020649629
  19.7063828  0.000177891648
  19.9593506  0.000152387933
  20.2133217  0.000129776381
  20.4682217  0.000110267065
  20.7239456  9.32660987E-05
  20.9803734  7.91811253E-05
  21.2373638  6.78662909E-05
  21.4947662  5.87795657E-05
  21.752409  5.1983774E-05
  22.0101223  4.74299741E-05
  22.2677288  4.4583001E-05
  22.5250607  4.29607571E-05
  22.7819481  4.25953149E-05
  23.0382462  4.26595943E-05
  23.2938194  4.31426415E-05
  23.5485477  4.32906854E-05
  23.8023434  4.29240135E-05
  24.0551319  4.17636293E-05
  24.3068619  3.94716808E-05
  24.5575027  3.55915254E-05
  24.8070431  3.08955059E-05
  25.0554905  2.51121419E-05
  25.3028603  1.87541664E-05
  25.5491848  1.20560435E-05
  25.794508  5.54843064E-06
  26.0388756 -2.87416754E-07
  26.282341 -4.84677184E-06
  26.5249596 -7.55777137E-06
  26.7667923 -8.30158206E-06
  27.0078926 -7.04422519E-06
  27.2483215 -3.91836829E-06
  27.4881363  6.66424114E-07
  27.7273884  6.55277654E-06
  27.9661293  1.26090463E-05
  28.2044067  1.79913968E-05
  28.4422684  2.23377538E-05
  28.6797504  2.45147676E-05
  28.916893  2.46790278E-05
  29.1537323  2.23072057E-05
  29.3903008  1.77630227E-05
  29.6266212  1.18060852E-05
  29.8627224  4.91663377E-06
  30.0986271 -1.44117826E-06
  30.3343544 -6.30619934E-06
  30.5699234 -8.63742025E-06
  30.8053532 -8.32027399E-06
  31.0406551 -5.80926962E-06
  31.2758465 -1.2777806E-06
  31.5109406  4.17489082E-06
  31.7459507  8.72059172E-06
  31.9808826  1.11382997E-05
  32.2157478  1.01910309E-05
  32.4505501  5.93314917E-06
  32.6853065 -1.37289965E-06
  32.9200096 -9.65986783E-06
  33.1546669 -1.71910688E-05
  33.3892899 -2.19798349E-05
  33.6238708 -2.28879962E-05
  33.8584251 -2.01082748E-05
  34.0929489 -1.49861326E-05
  34.3274498 -1.00727721E-05
  34.5619316 -8.33074046E-06
  34.7963982 -1.08975682E-05
  35.0308456 -1.69382201E-05
  35.2652779 -2.37590557E-05
  35.4996986 -2.70349137E-05
  35.7341003 -2.45399679E-05
  35.9684906 -1.6702239E-05
  36.2028732 -8.7675935E-06
  36.4372482 -5.79778998E-06
  36.6716194 -8.89601051E-06
  36.905983 -1.13648221E-05
  37.1403351 -4.97904148E-06
  37.3746872  0.
