 -1.87699163  0.104099676
 -1.50412393  0.101446114
 -1.13673043  0.0979342163
 -0.775454402  0.0934363753
 -0.421163559  0.0877768099
 -0.0747493505  0.0808300376
  0.26298058  0.0726179257
  0.591430545  0.0634013787
  0.910334349  0.0537080765
  1.2198174  0.0442196243
  1.52037764  0.0355767347
  1.81279469  0.028205784
  2.09799838  0.022256704
  2.37695599  0.0176527333
  2.65058613  0.0141857909
  2.91970897  0.0116079506
  3.18502998  0.00968355779
  3.44713807  0.0082204286
  3.70651674  0.00707753561
  3.96355176  0.00615991419
  4.21841288  0.00541077973
  4.47089529  0.00478296122
  4.7204833  0.00425822427
  4.96667624  0.00383591419
  5.20921421  0.00350317475
  5.44811916  0.00323954597
  5.6836586  0.00302597927
  5.91630507  0.00284846802
  6.14669037  0.00269619771
  6.3755455  0.0025619003
  6.60360146  0.00244098809
  6.83143044  0.00232911715
  7.05930996  0.00223535346
  7.28730297  0.00214825314
  7.51541042  0.0020655808
  7.7436285  0.00199162192
  7.97195148  0.00192991388
  8.20037937  0.00188072561
  8.42890739  0.00184062042
  8.65754032  0.00180471642
  8.88627625  0.00176714046
  9.11512184  0.00172284234
  9.34407425  0.0016692176
  9.57313538  0.00160605588
  9.80230522  0.00153549155
  10.0315809  0.00146233931
  10.2609606  0.00139190955
  10.4904423  0.00133110059
  10.7200251  0.00128634041
  10.949707  0.00126269564
  11.1794882  0.00126458623
  11.4093752  0.00129446562
  11.63937  0.0013529975
  11.8694849  0.00143870304
  12.0997314  0.0015491877
  12.330122  0.00168026681
  12.5606756  0.00182693265
  12.7914104  0.00198434526
  13.0223513  0.00214569038
  13.2535219  0.00230522873
  13.4849482  0.00245810417
  13.7166576  0.00259878743
  13.948679  0.00272359396
  14.1810446  0.00282907486
  14.413785  0.00291220937
  14.6469355  0.00297222007
  14.8805265  0.00300774164
  15.1145992  0.00301879947
  15.3491869  0.0030067123
  15.5843325  0.00297235465
  15.8200731  0.00291740219
  16.0564556  0.00284431293
  16.2935219  0.00275546894
  16.5313244  0.00265305908
  16.7699051  0.00253934576
  17.0093193  0.00241770688
  17.2496204  0.00229029753
  17.4908543  0.00215889909
  17.7330742  0.00202585803
  17.9763298  0.00189325376
  18.2206688  0.00176252739
  18.4661293  0.0016348334
  18.7127419  0.00151171884
  18.9605312  0.00139306067
  19.209507  0.00127995445
  19.4596653  0.00117329613
  19.7109871  0.0010728609
  19.9634247  0.000978655182
  20.2169228  0.000890326337
  20.4713955  0.000807989098
  20.7267437  0.000730634551
  20.9828358  0.000658765784
  21.2395325  0.000591877033
  21.4966755  0.000529469515
  21.7540932  0.000471432839
  22.01161  0.000417867879
  22.2690449  0.000368390232
  22.526228  0.000322997774
  22.7829857  0.000282182562
  23.0391693  0.000245758216
  23.2946396  0.000214026382
  23.5492802  0.000186750927
  23.8029919  0.00016411941
  24.055706  0.000145872706
  24.3073692  0.000131438894
  24.5579472  0.000120098593
  24.8074303  0.000111739348
  25.0558281  0.000105220504
  25.3031521  9.97693787E-05
  25.5494385  9.45652719E-05
  25.7947273  8.87655042E-05
  26.0390701  8.19648485E-05
  26.2825146  7.3769188E-05
  26.5251179  6.44205065E-05
  26.766943  5.40544679E-05
  27.0080395  4.31578228E-05
  27.2484665  3.24773464E-05
  27.4882793  2.26319007E-05
  27.7275333  1.48180898E-05
  27.9662743  9.13070653E-06
  28.2045498  5.69275016E-06
  28.4424076  5.01419845E-06
  28.679884  5.94976518E-06
  28.9170208  8.39706263E-06
  29.1538506  1.09844941E-05
  29.3904095  1.26221958E-05
  29.6267204  1.2570903E-05
  29.862812  9.89443197E-06
  30.098711  4.94971073E-06
  30.3344345 -1.69505063E-06
  30.5699978 -8.7860144E-06
  30.8054256 -1.52710872E-05
  31.0407238 -1.99558635E-05
  31.2759094 -2.14319334E-05
  31.510994 -1.92314928E-05
  31.7459927 -1.41679784E-05
  31.9809113 -7.33592515E-06
  32.2157631 -7.9616251E-07
  32.4505501  4.09892345E-06
  32.6852913  5.64133416E-06
  32.9199829  4.08710775E-06
  33.1546326  2.71210723E-07
  33.3892441 -3.66707218E-06
  33.6238174 -5.69343956E-06
  33.8583679 -3.8781609E-06
  34.0928841  1.90945411E-06
  34.3273773  9.94006314E-06
  34.5618553  1.69264549E-05
  34.7963181  1.99965398E-05
  35.0307617  1.78118371E-05
  35.2651978  1.21081575E-05
  35.4996223  6.76607033E-06
  35.7340279  5.43189071E-06
  35.9684258  9.43583109E-06
  36.2028198  1.43242705E-05
  36.4372025  1.45325112E-05
  36.6715851  7.70559018E-06
  36.9059601  4.72169404E-07
  37.1403236  1.32159016E-06
  37.3746872  0.
