 -1.2294246  0.129234374
 -0.773314357  0.121149547
 -0.34649545  0.106581748
  0.0440260768  0.0808758438
  0.391879976  0.0444936454
  0.699511409  0.0139204729
  0.979036808  0.00105885079
  1.24243546 -0.000862769783
  1.49701011  0.000697005074
  1.74663591  0.00266662077
  1.9933455  0.00418418134
  2.23823285  0.00515840203
  2.48190594  0.00570490165
  2.72471976  0.00596087566
  2.96689272  0.00603427971
  3.20856571  0.00599408243
  3.4498353  0.00588121964
  3.69076896  0.00571864797
  3.93141341  0.0055209538
  4.17179489  0.00530107692
  4.41179752  0.00505901733
  4.65101004  0.00482579693
  4.88890648  0.00460067717
  5.12503433  0.00440096622
  5.35911608  0.00423229439
  5.59107018  0.00408778805
  5.82099867  0.00395917892
  6.0491662  0.0038406027
  6.27597952  0.00372772338
  6.50193739  0.00361785223
  6.72754669  0.00350924139
  6.95317984  0.00339970621
  7.17897224  0.00329968287
  7.40493536  0.00320016337
  7.63106728  0.00309800566
  7.8573637  0.00299801584
  8.08381844  0.00290333643
  8.31042957  0.00281373202
  8.53719139  0.00272597605
  8.7641058  0.00263724569
  8.99116802  0.00254568341
  9.21837997  0.00245135697
  9.44573307  0.00235716463
  9.67322731  0.00226717372
  9.90085793  0.00218557706
  10.1286211  0.00211610505
  10.3565159  0.0020601023
  10.5845432  0.00201714039
  10.8127022  0.00198511826
  11.0410004  0.00195946544
  11.2694387  0.00193546794
  11.4980259  0.00190807576
  11.7267656  0.00187278516
  11.9556694  0.0018260252
  12.184742  0.00176600611
  12.4139891  0.00169303874
  12.6434183  0.00160896312
  12.8730354  0.00151823286
  13.1028481  0.00142448605
  13.3328638  0.00133345323
  13.5630903  0.00125156238
  13.79354  0.00118383812
  14.0242243  0.00113593542
  14.2551603  0.00111176143
  14.4863691  0.00111353432
  14.7178745  0.00114367413
  14.9497051  0.00120182789
  15.1818953  0.00128676894
  15.4144831  0.00139669899
  15.6475153  0.00152760162
  15.8810349  0.00167517492
  16.115099  0.00183497393
  16.3497658  0.00200173003
  16.5850964  0.00216955342
  16.8211536  0.00233309995
  17.0580044  0.00248810952
  17.295723  0.00262996065
  17.5343704  0.0027542843
  17.7740192  0.00285833259
  18.0147324  0.00293996697
  18.2565727  0.00299757882
  18.4995899  0.00303035718
  18.7438297  0.00303867972
  18.9893284  0.00302237039
  19.2361012  0.00298347115
  19.4841518  0.00292406534
  19.7334652  0.00284661097
  19.9840031  0.00275339349
  20.2357082  0.00264711026
  20.4884987  0.00253082789
  20.7422733  0.00240684673
  20.9969006  0.00227822107
  21.2522392  0.00214719446
  21.5081291  0.00201557321
  21.7643948  0.00188485754
  22.0208569  0.00175651128
  22.2773304  0.00163096515
  22.5336418  0.00150896178
  22.7896137  0.00139100419
  23.0450878  0.00127724884
  23.2999249  0.00116802566
  23.553997  0.00106333673
  23.8072071  0.000963877188
  24.0594711  0.000869945041
  24.3107357  0.000781964452
  24.5609608  0.000700320932
  24.8101292  0.000626061112
  25.0582428  0.000559129345
  25.305315  0.000499603804
  25.5513725  0.000447432656
  25.7964573  0.00040180306
  26.0406132  0.000362207298
  26.2838898  0.000327468675
  26.5263405  0.00029648206
  26.7680264  0.000268173753
  27.0089989  0.000241479618
  27.2493172  0.000215662381
  27.4890327  0.000190436214
  27.728199  0.000166160826
  27.9668617  0.00014312836
  28.2050705  0.000121863974
  28.4428654  0.000103805207
  28.6802864  8.89900693E-05
  28.9173698  7.86954188E-05
  29.15415  7.23414123E-05
  29.3906631  6.93415859E-05
  29.6269302  6.86665007E-05
  29.8629818  6.84158658E-05
  30.0988445  6.76096897E-05
  30.3345337  6.484201E-05
  30.5700722  5.98153056E-05
  30.8054771  5.25312498E-05
  31.0407581  4.37116323E-05
  31.2759304  3.51695635E-05
  31.5110073  2.88475094E-05
  31.7460003  2.52062691E-05
  31.9809132  2.50673966E-05
  32.2157593  2.71447043E-05
  32.4505424  3.03522156E-05
  32.6852798  3.18612219E-05
  32.9199715  3.05779249E-05
  33.1546211  2.53670569E-05
  33.3892365  1.74658162E-05
  33.6238174  8.75781188E-06
  33.8583679  2.20965512E-06
  34.0928955 -7.28983451E-08
  34.3273926  2.07745506E-06
  34.5618744  5.99560144E-06
  34.7963371  8.63834339E-06
  35.0307808  7.0040137E-06
  35.2652206  1.24254177E-06
  35.4996414 -5.44554905E-06
  35.7340508 -8.58760359E-06
  35.9684486 -5.47490845E-06
  36.2028389  3.39416516E-07
  36.4372177  3.02451008E-06
  36.6715965 -9.16653221E-07
  36.9059677 -5.09262736E-06
  37.1403275 -1.30713192E-06
  37.3746872  0.
