  0.116750658 -0.00012235342
  0.350993276 -0.000151529952
  0.58521229 -0.000179916664
  0.819415569 -0.000212490573
  1.05360317 -0.000244751602
  1.2877748 -0.000277981046
  1.52193034 -0.000315472513
  1.75606871 -0.000359460711
  1.99018824 -0.00040821734
  2.22428751 -0.000461742369
  2.45836473 -0.000521838432
  2.69241786 -0.000587060815
  2.92644477 -0.000658750534
  3.16044378 -0.000736400776
  3.39441299 -0.000819623412
  3.62834954 -0.000911265437
  3.86225176 -0.00100752723
  4.0961175 -0.00111468125
  4.32994413 -0.0012225653
  4.56372929 -0.00132985378
  4.79746342 -0.00142949808
  5.03113222 -0.00153711438
  5.26471663 -0.00166456366
  5.49819517 -0.00181913306
  5.73154449 -0.00201879349
  5.96474075 -0.00227289181
  6.19776154 -0.0025903217
  6.43058443 -0.0029731465
  6.66319513 -0.00341727166
  6.89558077 -0.00390261342
  7.12773037 -0.00439762603
  7.35962296 -0.00491576688
  7.59123039 -0.00548425131
  7.82252026 -0.00610583974
  8.05346012 -0.00677794823
  8.2840147 -0.00750891212
  8.51414394 -0.0082963109
  8.7438097 -0.0091336472
  8.97296906 -0.0100279599
  9.20158005 -0.0109707881
  9.42959595 -0.0119505208
  9.65697575 -0.0129654184
  9.88367367 -0.0139932558
  10.1096458 -0.0150235882
  10.3348551 -0.0160357542
  10.5592623 -0.0170012712
  10.7828407 -0.0178926084
  11.0055618 -0.0186805632
  11.2274113 -0.0193303786
  11.4483824 -0.0198037606
  11.6684771 -0.0200653635
  11.8877115 -0.0200801175
  12.1061125 -0.0198140945
  12.3237238 -0.0192443375
  12.5405998 -0.018346278
  12.7568083 -0.0171116125
  12.9724331 -0.0155438045
  13.1875687 -0.0136480639
  13.4023247 -0.0114541678
  13.6168165 -0.00900359266
  13.8311729 -0.00633660238
  14.0455275 -0.0035211225
  14.2600183 -0.000611601921
  14.4747887  0.00231008534
  14.6899796  0.00517712301
  14.905736  0.00792430714
  15.1221943  0.0104831737
  15.3394899  0.0127995778
  15.5577497  0.0148321455
  15.7770977  0.0165471323
  15.9976387  0.0179213118
  16.2194805  0.0189522989
  16.4427147  0.0196459107
  16.6674252  0.0200136714
  16.8936825  0.0200798996
  17.1215515  0.0198798869
  17.3510895  0.0194437802
  17.5823364  0.0188109353
  17.8153324  0.0180187467
  18.0501041  0.0171065368
  18.2866726  0.0161048397
  18.5250378  0.0150487116
  18.7652035  0.0139655108
  19.0071545  0.0128762256
  19.2508564  0.0118039306
  19.4962673  0.0107640699
  19.7433281  0.00976708718
  19.9919548  0.00882202294
  20.2420502  0.00793704484
  20.493494  0.00711522065
  20.746151  0.00635713385
  20.9998569  0.00566187641
  21.2544441  0.0050327722
  21.5097237  0.00446148962
  21.7654972  0.00394594297
  22.0215664  0.00348792621
  22.2777309  0.00307545136
  22.5337963  0.00271164766
  22.7895775  0.00238773925
  23.0449028  0.00210073264
  23.2996235  0.00185015413
  23.5536079  0.00162725546
  23.8067474  0.00143042766
  24.0589619  0.00126243837
  24.3101883  0.00111290207
  24.5603848  0.000977567513
  24.809536  0.000865607231
  25.0576401  0.000765690871
  25.3047066  0.000676004041
  25.5507679  0.00060055108
  25.7958565  0.000531714526
  26.0400219  0.000473017251
  26.2833099  0.000420179364
  26.5257759  0.000373784627
  26.7674751  0.000333925738
  27.0084629  0.000295736594
  27.2487946  0.000265219074
  27.4885254  0.000234988023
  27.7277069  0.000210056984
  27.9663887  0.000185479512
  28.2046127  0.000163277844
  28.4424286  0.000148495994
  28.6798725  0.000128619591
  28.9169807  0.000116717441
  29.1537895  0.000102250611
  29.3903294  9.12676769E-05
  29.626627  8.17661421E-05
  29.8627071  7.22387485E-05
  30.0985966  6.57224009E-05
  30.3343124  5.81791464E-05
  30.5698757  5.51776466E-05
  30.8053017  4.93831794E-05
  31.0406075  4.38331008E-05
  31.2758026  3.82755425E-05
  31.5109005  3.27115922E-05
  31.7459164  2.66348598E-05
  31.980854  1.97919326E-05
  32.2157249  1.04062965E-05
  32.450531  3.55422912E-06
  32.6852875 -1.0411105E-05
  32.9199944 -1.85404679E-05
  33.1546516 -3.09909046E-05
  33.3892746 -4.06503132E-05
  33.6238556 -4.77710309E-05
  33.8584099 -5.33682432E-05
  34.0929337 -5.38828608E-05
  34.3274307 -4.67711761E-05
  34.5619049 -3.4573186E-05
  34.79636 -1.83049069E-05
  35.0307961  5.59353657E-06
  35.2652245  2.94947677E-05
  35.4996414  4.88209625E-05
  35.7340469  5.95024685E-05
  35.9684448  5.28924902E-05
  36.2028427  2.87356015E-05
  36.4372253 -1.3986767E-05
  36.6716042 -5.64577058E-05
  36.9059715 -7.32453263E-05
  37.1403313 -9.66461903E-06
  37.3746872  0.
