  0.113534831 -0.00098250818
  0.347142309 -0.00115342415
  0.580644548 -0.00135883724
  0.814041793 -0.00159132527
  1.0473274 -0.00184744631
  1.28049314 -0.0021305827
  1.51353061 -0.00243838131
  1.74643111 -0.00277124252
  1.97918642 -0.00313292444
  2.21178722 -0.00352165196
  2.44422483 -0.00393816875
  2.67648983 -0.00438301405
  2.90857315 -0.00485481508
  3.14046597 -0.00535242027
  3.37215972 -0.00587974489
  3.6036458 -0.00643028179
  3.83491611 -0.00700364821
  4.06596327 -0.00760051608
  4.29677963 -0.00820581615
  4.52735567 -0.00875025708
  4.75764227 -0.00920912623
  4.9875536 -0.00964148622
  5.21697903 -0.0101081701
  5.44579792 -0.0106660966
  5.67388821 -0.0113669671
  5.90113831 -0.0122430632
  6.12745905 -0.0133058801
  6.35279465 -0.0145286471
  6.57713604 -0.0158473533
  6.80051565 -0.0171467848
  7.02299023 -0.0182439685
  7.24458313 -0.018984044
  7.46528339 -0.0195114706
  7.68508768 -0.019833371
  7.90400314 -0.0199044384
  8.12205124 -0.0197041556
  8.33926296 -0.0191985946
  8.55568695 -0.0183650646
  8.77137947 -0.0172015186
  8.98641586 -0.0157010667
  9.20087719 -0.0138721084
  9.41486168 -0.0117466431
  9.62847042 -0.00935142301
  9.8418169 -0.00673656166
  10.0550184 -0.00396359852
  10.2681961 -0.0010919231
  10.481473  0.00181000168
  10.6949701  0.00467122439
  10.9088068  0.00741726579
  11.1230965  0.00999347586
  11.337945  0.0123425489
  11.5534506  0.0144169945
  11.7696991  0.0161843449
  11.9867706  0.017621981
  12.2047272  0.0187289603
  12.4236221  0.0194988325
  12.6434975  0.0199492406
  12.8643818  0.020107409
  13.0862961  0.0199974719
  13.3092499  0.0196466334
  13.533247  0.0191027727
  13.7582808  0.0183915328
  13.9843407  0.0175606254
  14.2114172  0.0166329723
  14.4394922  0.0156392734
  14.6685505  0.0146152601
  14.8985767  0.0135756675
  15.1295595  0.0125426464
  15.3614864  0.0115343453
  15.5943537  0.0105599137
  15.8281555  0.00962584093
  16.0628967  0.00874361023
  16.2985859  0.00791750941
  16.5352364  0.00714374753
  16.7728653  0.00642718142
  17.0114937  0.0057676388
  17.2511539  0.00516496878
  17.4918728  0.00461163837
  17.7336807  0.00410911767
  17.9766121  0.00365542411
  18.2206974  0.00324468827
  18.4659653  0.00287502189
  18.7124348  0.00254743965
  18.9601212  0.00224945927
  19.2090263  0.00198506378
  19.4591389  0.00175193814
  19.7104321  0.00154352654
  19.9628601  0.00135760941
  20.2163582  0.00119292235
  20.4708385  0.00104867644
  20.7261982  0.000919426326
  20.9823055  0.000806769182
  21.2390194  0.000708117383
  21.4961815  0.000620460312
  21.7536163  0.000540822337
  22.0111485  0.000476438116
  22.2685986  0.000416050578
  22.5257969  0.000365100917
  22.782568  0.000320721214
  23.038765  0.000280519918
  23.2942524  0.000248648925
  23.5489063  0.000217614128
  23.8026352  0.00019019359
  24.0553627  0.000169695137
  24.3070431  0.000150003587
  24.5576382  0.000129678971
  24.8071365  0.000114924616
  25.0555477  0.00010292104
  25.3028851  8.93542019E-05
  25.5491829  8.14797022E-05
  25.7944813  7.2065508E-05
  26.0388298  6.64733088E-05
  26.2822781  5.93532859E-05
  26.5248852  5.41385234E-05
  26.7667103  5.23328963E-05
  27.0078087  4.60476258E-05
  27.2482376  4.56740272E-05
  27.4880543  4.13067755E-05
  27.7273102  3.99027995E-05
  27.9660568  3.82347534E-05
  28.20434  3.17960184E-05
  28.4422073  3.26015615E-05
  28.6796951  2.51160072E-05
  28.9168415  2.38926696E-05
  29.1536827  1.68712395E-05
  29.3902512  1.03355478E-05
  29.6265717  4.79437085E-06
  29.8626709 -4.2934862E-06
  30.0985756 -9.60479974E-06
  30.3343029 -1.7199709E-05
  30.56987 -1.99946589E-05
  30.8052998 -2.43110408E-05
  31.0406017 -2.66036132E-05
  31.2757931 -2.58551318E-05
  31.5108852 -2.1554557E-05
  31.7458897 -1.67424132E-05
  31.9808159 -6.09006429E-06
  32.2156754  2.538231E-06
  32.45047  1.59947213E-05
  32.6852188  2.23465759E-05
  32.9199181  3.2764161E-05
  33.1545753  3.35315817E-05
  33.3891983  3.15038997E-05
  33.6237869  2.28686604E-05
  33.8583488  6.09901645E-06
  34.0928879 -1.19451697E-05
  34.3273964 -3.32972668E-05
  34.5618858 -5.03318188E-05
  34.7963524 -6.07593101E-05
  35.0307961 -5.66962044E-05
  35.2652283 -3.91561189E-05
  35.4996452 -1.01709929E-05
  35.7340508  2.08514575E-05
  35.9684486  4.37386116E-05
  36.2028427  4.3485401E-05
  36.4372253  1.14438089E-05
  36.6716042 -3.81472055E-05
  36.9059715 -7.17194198E-05
  37.1403313 -9.15595501E-06
  37.3746872  0.
