  0.0882893577 -0.00775419408
  0.316999644 -0.00910648983
  0.545009613 -0.0105528813
  0.772351205 -0.0120540233
  0.999028087 -0.0135862213
  1.22504473 -0.0151128061
  1.45041323 -0.0166025218
  1.67515302 -0.0180227812
  1.89929187 -0.0193414874
  2.12286496 -0.020529367
  2.34591365 -0.0215580687
  2.56848645 -0.0224023871
  2.7906363 -0.0230393484
  3.01242185 -0.0234511551
  3.23390532 -0.0236252714
  3.4551518 -0.0235465243
  3.67622972 -0.0232104231
  3.89720941 -0.0226092748
  4.11816216 -0.0217430759
  4.33915424 -0.0206447002
  4.56012774 -0.0189445689
  4.78084278 -0.0166621786
  5.00097322 -0.0139939785
  5.22019196 -0.0111210588
  5.4382329 -0.00818239897
  5.65492916 -0.00527062593
  5.87024498 -0.00245551602
  6.08429289  0.000234430045
  6.29734182  0.00277447538
  6.50979567  0.00515117589
  6.72212219  0.00737925293
  6.93472052  0.00938123558
  7.14780712  0.0115581909
  7.3614831  0.0137657663
  7.57583666  0.0157240219
  7.79094458  0.0173828788
  8.00687027  0.0187287927
  8.22367096  0.0197549071
  8.44138622  0.0204537269
  8.66004562  0.020843504
  8.87966728  0.0209449548
  9.10025597  0.0207828544
  9.32180882  0.0203907769
  9.54431057  0.0198079944
  9.76774025  0.01905955
  9.99206924  0.0181900077
  10.2172642  0.0172306933
  10.4432869  0.0162100568
  10.6700974  0.0151538271
  10.8976545  0.0140886996
  11.1259146  0.0130320424
  11.3548374  0.0119972816
  11.5843821  0.0110017937
  11.8145113  0.0100467391
  12.0451889  0.00914726686
  12.2763815  0.00830088276
  12.5080614  0.00750881108
  12.740202  0.00678210752
  12.972784  0.00610821787
  13.2057867  0.00548654981
  13.4391985  0.0049242368
  13.6730108  0.00440495741
  13.9072161  0.00394056551
  14.1418171  0.00351745263
  14.3768148  0.0031312902
  14.6122189  0.00278993812
  14.8480415  0.00247950316
  15.0843019  0.00220082561
  15.3210192  0.00195374642
  15.5582237  0.0017345954
  15.7959423  0.00153371866
  16.034214  0.00135904516
  16.2730751  0.00120595563
  16.5125751  0.00106638786
  16.7527542  0.000941783306
  16.9936676  0.000833555299
  17.2353668  0.000739149982
  17.4779034  0.000652107294
  17.7213326  0.000574850943
  17.9657059  0.00050976011
  18.2110748  0.000448494247
  18.4574814  0.000392982271
  18.7049618  0.00035135966
  18.9535446  0.000306247617
  19.2032452  0.00026772212
  19.4540596  0.00023808422
  19.7059765  0.000210145998
  19.958952  0.000183420634
  20.2129345  0.000162577024
  20.4678421  0.00014520956
  20.7235794  0.000126619794
  20.9800205  0.000112375114
  21.2370262  0.000102428377
  21.4944439  9.11885727E-05
  21.7521057  8.00301714E-05
  22.0098381  7.40210307E-05
  22.2674656  6.66681444E-05
  22.5248184  5.98067745E-05
  22.7817307  5.62105633E-05
  23.0380497  5.03005322E-05
  23.293644  4.67176214E-05
  23.5483952  4.17239826E-05
  23.8022099  3.74133269E-05
  24.0550156  3.44951695E-05
  24.3067646  3.17953709E-05
  24.5574207  2.33551891E-05
  24.8069763  2.0825164E-05
  25.0554371  1.65888705E-05
  25.3028202  1.01409441E-05
  25.5491581  6.30388513E-06
  25.7944908 -7.30279908E-07
  26.0388718 -5.62013065E-06
  26.2823467 -1.29972886E-05
  26.5249767 -1.96847031E-05
  26.7668209 -2.19680696E-05
  27.0079327 -3.11914664E-05
  27.2483692 -3.22681371E-05
  27.4881916 -3.85684434E-05
  27.7274494 -3.79072662E-05
  27.9661922 -3.69855479E-05
  28.2044697 -3.85567764E-05
  28.4423256 -3.00949796E-05
  28.6798 -2.81314587E-05
  28.9169331 -1.71032534E-05
  29.153759 -9.06581681E-06
  29.3903103 -2.01684884E-06
  29.6266136  1.05989102E-05
  29.8626995  1.51546374E-05
  30.0985889  2.27498094E-05
  30.3343048  2.52952377E-05
  30.5698643  2.73358528E-05
  30.8052864  2.48184897E-05
  31.0405846  1.62159922E-05
  31.2757721  7.09761889E-06
  31.5108624 -2.53586791E-06
  31.7458668 -1.42058389E-05
  31.9807892 -2.08079637E-05
  32.2156448 -2.63980219E-05
  32.4504318 -2.33579558E-05
  32.6851692 -1.87920996E-05
  32.919857 -2.53997064E-06
  33.1544991  1.47343198E-05
  33.3891068  3.35381628E-05
  33.6236839  5.08217163E-05
  33.8582344  5.92135875E-05
  34.0927658  5.94731537E-05
  34.3272705  4.75315355E-05
  34.5617599  2.49114219E-05
  34.7962341 -2.54216161E-06
  35.0306854 -2.26267712E-05
  35.2651253 -3.10184441E-05
  35.4995537 -1.72899472E-05
  35.7339668  1.01710257E-05
  35.9683723  4.44997131E-05
  36.202774  6.17924452E-05
  36.4371681  3.99242817E-05
  36.6715584 -1.39865579E-05
  36.9059448 -6.07799666E-05
  37.140316 -1.27158341E-06
  37.3746872  0.
