 -0.114302956 -0.0597157702
  0.0857460201 -0.0587902181
  0.286703348 -0.0557848066
  0.488952279 -0.0515999533
  0.69273001 -0.0466825999
  0.898202538 -0.0413308069
  1.10549164 -0.0357412547
  1.31468678 -0.0300645865
  1.52585399 -0.0244005546
  1.7390399 -0.0188362785
  1.95427465 -0.0134370932
  2.17157388 -0.0082538873
  2.39093924 -0.00333673786
  2.61235952  0.0012764422
  2.83581018  0.00555248
  3.06125379  0.0094490936
  3.28863883  0.0129380515
  3.51790047  0.0159951206
  3.74895906  0.0185885392
  3.98171425  0.0206567999
  4.2159152  0.0223561898
  4.45100307  0.023342276
  4.68610096  0.0239561293
  4.92028284  0.0241149534
  5.15281057  0.0238226801
  5.38323784  0.0231786277
  5.61143208  0.022294499
  5.83755684  0.0213053394
  6.06203794  0.0202951562
  6.28549337  0.0193158686
  6.50862455  0.0184003059
  6.73203897  0.0174500737
  6.95608139  0.0167186856
  7.18086052  0.0158980042
  7.40636158  0.0150301382
  7.63255453  0.0141423326
  7.85940409  0.0132518094
  8.08687878  0.0123702604
  8.31494331  0.0114977229
  8.54356575  0.010653493
  8.7727108  0.00983432401
  9.00234699  0.00905101374
  9.2324419  0.00830240734
  9.46296406  0.00759719918
  9.69388676  0.00692911586
  9.92517948  0.00630639587
  10.1568184  0.00572338561
  10.3887787  0.00518478919
  10.6210403  0.00468507409
  10.8535824  0.00422543753
  11.0863857  0.00380506576
  11.3194389  0.00341704814
  11.5527248  0.00306985737
  11.7862368  0.00274695409
  12.0199661  0.00245992793
  12.2539034  0.00219792989
  12.4880486  0.00195983588
  12.7223997  0.00175369065
  12.9569588  0.00156364217
  13.1917295  0.00139014586
  13.4267197  0.0012432948
  13.6619387  0.00110376498
  13.897397  0.000986216008
  14.1331129  0.000878962048
  14.3691034  0.000778447662
  14.6053896  0.000696260249
  14.8419952  0.00061824586
  15.0789518  0.000548427051
  15.316288  0.000486784935
  15.5540419  0.000434800459
  15.7922487  0.000382940576
  16.0309525  0.000339207618
  16.2701988  0.000303070643
  16.5100403  0.000268537289
  16.7505226  0.000234624502
  16.991703  0.000209737264
  17.2336426  0.000188399266
  17.4763889  0.000167159596
  17.7200069  0.000147498024
  17.9645481  0.000133304056
  18.2100658  0.000120649551
  18.456604  0.000105183841
  18.7042027  0.000100885009
  18.9528923  8.70487274E-05
  19.2026863  7.6664488E-05
  19.4535866  7.20626995E-05
  19.7055798  6.51473893E-05
  19.9586239  5.78309846E-05
  20.2126675  5.10553436E-05
  20.4676323  4.76136483E-05
  20.7234211  3.97928779E-05
  20.9799061  3.38917089E-05
  21.2369537  3.05841531E-05
  21.4944115  2.42977148E-05
  21.7521057  1.6420081E-05
  22.0098667  1.17956479E-05
  22.267519  6.24946597E-06
  22.5248947 -2.08608731E-06
  22.7818222 -5.5741798E-06
  23.0381546 -1.37386796E-05
  23.2937584 -1.77519287E-05
  23.5485153 -2.2971004E-05
  23.80233 -2.65890649E-05
  24.0551338 -2.81160719E-05
  24.3068752 -2.82367691E-05
  24.5575218 -3.09824536E-05
  24.8070641 -2.82469846E-05
  25.0555096 -2.35623884E-05
  25.3028736 -1.98003363E-05
  25.5491924 -1.26086816E-05
  25.794508 -6.32957699E-06
  26.0388699  1.46622995E-06
  26.2823277  7.84799431E-06
  26.5249424  1.4764516E-05
  26.7667732  2.32035491E-05
  27.0078754  2.52513582E-05
  27.2483063  3.02833159E-05
  27.4881248  2.73715614E-05
  27.7273846  2.66847001E-05
  27.9661312  2.22409617E-05
  28.2044163  1.2518075E-05
  28.4422817  7.02188527E-06
  28.6797676 -5.77673018E-06
  28.9169121 -1.20722871E-05
  29.1537476 -2.06489094E-05
  29.3903084 -2.74783579E-05
  29.6266193 -2.67486412E-05
  29.862709 -2.77827367E-05
  30.0986023 -2.0727246E-05
  30.3343182 -1.16357214E-05
  30.5698776  2.02487377E-06
  30.8052979  1.67145554E-05
  31.040596  2.48308297E-05
  31.2757835  3.1939293E-05
  31.5108757  3.60089871E-05
  31.7458858  3.12015582E-05
  31.9808159  2.20761194E-05
  32.215683  5.5839937E-06
  32.4504814 -8.88580234E-06
  32.6852303 -2.81869361E-05
  32.9199295 -3.55582124E-05
  33.154583 -3.60726517E-05
  33.3891983 -2.74399008E-05
  33.6237755 -8.63968489E-06
  33.858326  1.21986404E-05
  34.0928497  3.15163234E-05
  34.3273506  4.37199051E-05
  34.5618401  3.8130609E-05
  34.7963066  1.70328076E-05
  35.0307579 -8.64406684E-06
  35.2651939 -3.25443834E-05
  35.4996185 -3.48347094E-05
  35.734024 -1.62739889E-05
  35.9684258  2.31404647E-05
  36.202816  5.44196737E-05
  36.4372025  4.70459527E-05
  36.6715851 -3.81462496E-06
  36.9059601 -5.72211502E-05
  37.1403236  4.06917206E-06
  37.3746872  0.
