 -1.2294246  0.129244596
 -0.773314357  0.121214218
 -0.34649545  0.106904134
  0.0440260768  0.0821169987
  0.391879976  0.0470059291
  0.699511409  0.0155278398
  0.979036808  0.000702517107
  1.24243546 -0.001778509
  1.49701011  7.64292345E-05
  1.74663591  0.00244412222
  1.9933455  0.00422108546
  2.23823285  0.00531549565
  2.48190594  0.00589173986
  2.72471976  0.0061338665
  2.96689272  0.00618623104
  3.20856571  0.00613440434
  3.4498353  0.00602019718
  3.69076896  0.0058614905
  3.93141341  0.00565946056
  4.17179489  0.00546953036
  4.41179752  0.00505624432
  4.65101004  0.00454932079
  4.88890648  0.0038993028
  5.12503433  0.00336243259
  5.35911608  0.00302705495
  5.59107018  0.00285520684
  5.82099867  0.00281190011
  6.0491662  0.00287283515
  6.27597952  0.00300060376
  6.50193739  0.00315875583
  6.72754669  0.00330561493
  6.95317984  0.00328738149
  7.17897224  0.0032930111
  7.40493536  0.00321471668
  7.63106728  0.00307916733
  7.8573637  0.00295758294
  8.08381844  0.00286513846
  8.31042957  0.00279806973
  8.53719139  0.00273005967
  8.7641058  0.00265376503
  8.99116802  0.00256186677
  9.21837997  0.0024475758
  9.44573307  0.0023256049
  9.67322731  0.00220748247
  9.90085793  0.00210103928
  10.1286211  0.00202297163
  10.3565159  0.00197059871
  10.5845432  0.00194230757
  10.8127022  0.0019416858
  11.0410004  0.00194781122
  11.2694387  0.00195805379
  11.4980259  0.00196040655
  11.7267656  0.00194864301
  11.9556694  0.00191342819
  12.184742  0.00185065297
  12.4139891  0.00176505663
  12.6434183  0.00165100931
  12.8730354  0.00153605454
  13.1028481  0.0014046561
  13.3328638  0.00127137545
  13.5630903  0.00115689123
  13.79354  0.00105291023
  14.0242243  0.000980035285
  14.2551603  0.000942316372
  14.4863691  0.000929309288
  14.7178745  0.000963045342
  14.9497051  0.00103045034
  15.1818953  0.00112823874
  15.4144831  0.00126541813
  15.6475153  0.00142530946
  15.8810349  0.00160255202
  16.115099  0.00179686851
  16.3497658  0.00200138567
  16.5850964  0.00220318022
  16.8211536  0.0023930266
  17.0580044  0.00257589039
  17.295723  0.00274316757
  17.5343704  0.00288244779
  17.7740192  0.00299695716
  18.0147324  0.00308550266
  18.2565727  0.00314499671
  18.4995899  0.00317248981
  18.7438297  0.00317878742
  18.9893284  0.00314791664
  19.2361012  0.00309461518
  19.4841518  0.00301943813
  19.7334652  0.00292771193
  19.9840031  0.00281846267
  20.2357082  0.00269495416
  20.4884987  0.00256595877
  20.7422733  0.0024259896
  20.9969006  0.00228590099
  21.2522392  0.00214608735
  21.5081291  0.00200733449
  21.7643948  0.00186989678
  22.0208569  0.00174002547
  22.2773304  0.00161138934
  22.5336418  0.00148740399
  22.7896137  0.00136917341
  23.0450878  0.00125408731
  23.2999249  0.00114516343
  23.553997  0.00103702839
  23.8072071  0.000936070166
  24.0594711  0.000839816756
  24.3107357  0.000749606348
  24.5609608  0.000662067963
  24.8101292  0.00058771047
  25.0582428  0.00051992113
  25.305315  0.000460215495
  25.5513725  0.000412089052
  25.7964573  0.000368868903
  26.0406132  0.000335515651
  26.2838898  0.00030675545
  26.5263405  0.000281668181
  26.7680264  0.000259318535
  27.0089989  0.00023677526
  27.2493172  0.000212564613
  27.4890327  0.000185197772
  27.728199  0.000159162199
  27.9668617  0.000132985224
  28.2050705  0.000103176921
  28.4428654  8.47855335E-05
  28.6802864  6.23027809E-05
  28.9173698  5.53433347E-05
  29.15415  5.23882773E-05
  29.3906631  5.54710132E-05
  29.6269302  6.61252998E-05
  29.8629818  7.17399816E-05
  30.0988445  7.93793733E-05
  30.3345337  7.84219446E-05
  30.5700722  7.34072892E-05
  30.8054771  6.17969563E-05
  31.0407581  4.2062642E-05
  31.2759304  2.18009864E-05
  31.5110073  1.26799305E-05
  31.7460003  4.05898709E-06
  31.9809132  1.16732126E-05
  32.2157593  2.03067684E-05
  32.4505424  4.06231848E-05
  32.6852798  4.87579237E-05
  32.9199715  5.43545866E-05
  33.1546211  4.16615585E-05
  33.3892365  2.23582119E-05
  33.6238174 -4.31976832E-06
  33.8583679 -2.36345713E-05
  34.0928955 -2.69413249E-05
  34.3273926 -8.64240064E-06
  34.5618744  1.372729E-05
  34.7963371  3.45747758E-05
  35.0307808  3.20343424E-05
  35.2652206  6.86486374E-06
  35.4996414 -2.66981169E-05
  35.7340508 -4.67877762E-05
  35.9684486 -2.18692476E-05
  36.2028389  1.93269971E-05
  36.4372177  4.32324669E-05
  36.6715965  7.62943273E-07
  36.9059677 -5.36619737E-05
  37.1403275  1.37337574E-05
  37.3746872  0.
