 -0.969751775 -0.325841337
 -0.73244071 -0.293809652
 -0.492623359 -0.264036566
 -0.250212431 -0.236214593
 -0.00516971387 -0.210144281
  0.242454886 -0.185676947
  0.492540121 -0.162719831
  0.744908929 -0.141223252
  0.999339283 -0.121173166
  1.25557184 -0.10258092
  1.51331902 -0.0854743943
  1.7722733 -0.0698871091
  2.03211451 -0.055848591
  2.29252028 -0.0433735885
  2.55317593 -0.0324539728
  2.81378317 -0.0230538603
  3.07407165 -0.0151053211
  3.3338058 -0.00850965176
  3.59279037 -0.00314307306
  3.85086703  0.00113635045
  4.1077714  0.00447827484
  4.36297274  0.00703130662
  4.61564159  0.0089487303
  4.86493683  0.0103747137
  5.11032391  0.0114454329
  5.35165167  0.0122756874
  5.58912134  0.0129509028
  5.82321167  0.0135292262
  6.0546155  0.0140464827
  6.28416157  0.0145205148
  6.5126977  0.0149556473
  6.74091959  0.0153472451
  6.96921396  0.0156855788
  7.19770765  0.0159570891
  7.42639685  0.0161721986
  7.65526772  0.0163375977
  7.88430548  0.0164558608
  8.1135006  0.0165262744
  8.34284496  0.0165461954
  8.57233524  0.0165113639
  8.80196953  0.0164176635
  9.03175259  0.0162616186
  9.26168823  0.0160411708
  9.49178219  0.015755808
  9.72204781  0.015406874
  9.95249081  0.0149975372
  10.1831236  0.0145323016
  10.4139547  0.0140172597
  10.6449947  0.013459133
  10.8762531  0.0128658488
  11.1077347  0.0122452043
  11.3394489  0.0116051063
  11.5714016  0.0109536108
  11.8035994  0.0102979355
  12.0360479  0.009645015
  12.2687492  0.00900063477
  12.501709  0.00837041903
  12.7349329  0.00775861461
  12.9684286  0.00716908835
  13.202198  0.00660513621
  13.4362545  0.00606840476
  13.6706038  0.00556072732
  13.9052563  0.00508308224
  14.1402292  0.00463590445
  14.375536  0.00421904214
  14.6111956  0.0038320967
  14.847229  0.00347419363
  15.0836649  0.00314459438
  15.3205271  0.00284188055
  15.5578518  0.00256479718
  15.7956696  0.00231188117
  16.0340233  0.00208156696
  16.2729549  0.00187218993
  16.5125141  0.00168262515
  16.7527428  0.00151113863
  16.9936981  0.00135593652
  17.2354355  0.00121570018
  17.4780045  0.00108939921
  17.7214603  0.00097575743
  17.9658604  0.00087319134
  18.2112522  0.00078069279
  18.4576778  0.000697482144
  18.7051773  0.000622340885
  18.9537773  0.000554323138
  19.2034912  0.00049266353
  19.454319  0.000436671311
  19.7062454  0.000385657011
  19.9592285  0.00033914196
  20.2132187  0.000296741753
  20.4681301  0.00025764131
  20.7238674  0.000222021015
  20.9803066  0.000189363171
  21.2373085  0.000159776188
  21.4947186  0.000133275724
  21.7523708  0.000109575616
  22.0100899  8.89557778E-05
  22.267704  7.11035391E-05
  22.5250397  5.64557195E-05
  22.7819309  4.4629749E-05
  23.0382328  3.56188866E-05
  23.2938061  2.93911398E-05
  23.5485382  2.55636187E-05
  23.8023338  2.35530861E-05
  24.0551224  2.33191749E-05
  24.3068523  2.41165872E-05
  24.5574932  2.55491759E-05
  24.8070316  2.7338363E-05
  25.055479  2.83453574E-05
  25.3028488  2.85751466E-05
  25.5491753  2.77877843E-05
  25.7945004  2.57330648E-05
  26.0388699  2.22947419E-05
  26.2823353  1.76787962E-05
  26.5249557  1.22274378E-05
  26.7667904  6.3937805E-06
  27.0078926  6.82262908E-07
  27.2483234 -4.38674579E-06
  27.4881363 -8.14285704E-06
  27.7273922 -1.00409197E-05
  27.9661331 -9.97091684E-06
  28.2044067 -7.8509338E-06
  28.4422665 -3.81277459E-06
  28.6797485  1.7941602E-06
  28.9168911  8.4577041E-06
  29.1537266  1.51528438E-05
  29.3902931  2.13488747E-05
  29.6266098  2.62023495E-05
  29.862711  2.91027318E-05
  30.0986156  2.98490722E-05
  30.3343449  2.84672606E-05
  30.5699158  2.56049389E-05
  30.8053455  2.21522405E-05
  31.0406494  1.89657367E-05
  31.2758427  1.66858827E-05
  31.5109348  1.61855296E-05
  31.745945  1.75772584E-05
  31.980875  2.04694206E-05
  32.2157402  2.39376604E-05
  32.4505424  2.70344844E-05
  32.6852951  2.83548197E-05
  32.920002  2.6981721E-05
  33.1546593  2.24738105E-05
  33.389286  1.54750887E-05
  33.6238708  7.61308911E-06
  33.8584251  2.2239692E-07
  34.0929527 -4.90438833E-06
  34.3274498 -6.94664777E-06
  34.5619354 -6.10906591E-06
  34.7963982 -4.0546629E-06
  35.0308456 -3.06276206E-06
  35.2652817 -4.62298249E-06
  35.4997025 -8.768513E-06
  35.7341042 -1.35794362E-05
  35.9684944 -1.59840893E-05
  36.202877 -1.38955238E-05
  36.437252 -8.45341492E-06
  36.6716194 -3.63716936E-06
  36.9059868 -3.31517322E-06
  37.1403351 -4.73138516E-06
