  0.946670651  1.0172354
  1.02562118  0.178805858
  1.10287118  0.202468693
  1.23773015  0.205664784
  1.38814497  0.194151789
  1.5514251  0.184568241
  1.72515404  0.174842849
  1.90739036  0.165097371
  2.09664035  0.1556146
  2.29173803  0.146565214
  2.49175906  0.138017684
  2.69596338  0.129982591
  2.90374684  0.122442886
  3.11461282  0.115370952
  3.32815003  0.108738154
  3.54401255  0.102516636
  3.76191235  0.0966802016
  3.98160315  0.0912040472
  4.20287418  0.0860652775
  4.42553711  0.0812432691
  4.64932632  0.0767468587
  4.8738656  0.0726304725
  5.0987606  0.0689568073
  5.32363558  0.0657623261
  5.54818583  0.0630424693
  5.7722106  0.0607642941
  5.99561977  0.0588749126
  6.2184391  0.0573068634
  6.44081116  0.0559812114
  6.66296482  0.0548150688
  6.88515425  0.0537305996
  7.10754871  0.0526694469
  7.33017874  0.0516130589
  7.55304718  0.0505577363
  7.77615356  0.0495149121
  7.99949503  0.0484879538
  8.22306633  0.0474768542
  8.44686699  0.0464815646
  8.67089272  0.0455038697
  8.89514446  0.0445458554
  9.1196146  0.043610137
  9.34430218  0.0426984727
  9.56920242  0.0418111198
  9.79430962  0.0409469604
  10.0196228  0.0401038118
  10.2451391  0.0392798781
  10.4708586  0.0384737477
  10.6967831  0.0376854017
  10.9229116  0.0369157754
  11.1492462  0.0361675695
  11.3757839  0.0354434997
  11.6025286  0.034745954
  11.8294754  0.0340773501
  12.0566301  0.0334384032
  12.2839899  0.0328285284
  12.5115557  0.0322453603
  12.7393341  0.0316855386
  12.96733  0.0311447605
  13.1955528  0.0306183454
  13.424015  0.0301021319
  13.6527319  0.0295922086
  13.8817196  0.0290861409
  14.1109972  0.028582532
  14.3405886  0.0280818976
  14.5705166  0.0275858659
  14.800808  0.0270971991
  15.0314884  0.0266194642
  15.2625885  0.0261568297
  15.4941378  0.0257132445
  15.7261696  0.0252923407
  15.9587164  0.0248969253
  16.1918182  0.0245288592
  16.4255104  0.0241884738
  16.6598434  0.0238751937
  16.8948517  0.023586411
  17.1305943  0.0233180001
  17.3671188  0.023064971
  17.604475  0.0228214934
  17.8427219  0.0225807112
  18.0819149  0.0223349445
  18.3221073  0.0220765788
  18.5633507  0.021798728
  18.8056908  0.0214941613
  19.0491657  0.0211565699
  19.2937965  0.0207808651
  19.539608  0.0203627646
  19.7865925  0.0198990498
  20.0347233  0.0193887111
  20.2839699  0.0188314337
  20.5342655  0.0182285681
  20.7855244  0.0175829083
  21.0376396  0.0168981701
  21.2904873  0.0161796361
  21.5439224  0.0154335331
  21.7977867  0.0146662742
  22.0519104  0.0138854571
  22.3061295  0.0130982921
  22.5602684  0.0123126172
  22.8141689  0.0115352776
  23.0676708  0.0107727982
  23.3206444  0.0100310184
  23.5729618  0.0093145594
  23.8245258  0.00862713158
  24.0752563  0.00797160342
  24.3250961  0.00734955771
  24.5740013  0.0067616161
  24.8219547  0.00620835135
  25.0689526  0.00568835251
  25.3150005  0.00520130433
  25.5601234  0.00474646967
  25.8043537  0.00432275701
  26.0477314  0.0039290227
  26.2902966  0.00356470351
  26.5321007  0.00322905253
  26.7731991  0.00292129628
  27.0136375  0.00264039822
  27.2534657  0.00238545635
  27.4927425  0.00215494493
  27.7315121  0.00194696779
  27.9698181  0.0017592198
  28.2077065  0.00158945122
  28.445219  0.00143527705
  28.6823883  0.00129466492
  28.9192486  0.00116585463
  29.1558323  0.00104730553
  29.39217  0.000938769022
  29.6282825  0.000839988876
  29.864193  0.000750860665
  30.0999298  0.000671699643
  30.3355045  0.000601799868
  30.5709381  0.000540679204
  30.8062496  0.000487171346
  31.0414486  0.000439511641
  31.2765503  0.000395572773
  31.5115623  0.000354358519
  31.7465019  0.000314931502
  31.9813652  0.000277190702
  32.2161674  0.000242176378
  32.4509087  0.000211432416
  32.6856079  0.000185438679
  32.9202576  0.000164774334
  33.1548729  0.000148092513
  33.3894577  0.000134049231
  33.6240082  0.00012077127
  33.8585396  0.00010650279
  34.0930443  9.15651617E-05
  34.3275223  7.7074088E-05
  34.561985  6.54451724E-05
  34.7964325  5.76049024E-05
  35.0308609  5.3135569E-05
  35.2652855  4.97765359E-05
  35.4996986  4.45584774E-05
  35.7340965  3.64178559E-05
  35.9684868  2.75801649E-05
  36.2028656  2.12647537E-05
  36.4372368  1.86905927E-05
  36.6716118  1.67307735E-05
  36.9059792  1.07531105E-05
  37.1403313  3.20017352E-06
