 -0.0760233328 -0.106295653
  0.127785385 -0.117776111
  0.331632674 -0.126970604
  0.536030054 -0.134109259
  0.741300404 -0.139373183
  0.947682381 -0.142933443
  1.1553601 -0.144948065
  1.36447847 -0.145562619
  1.57515287 -0.144911245
  1.78747439 -0.14311792
  2.00151467 -0.140298605
  2.21732783 -0.13656275
  2.43495226 -0.132015258
  2.65441227 -0.126758426
  2.87571836 -0.120892361
  3.09886646 -0.114515752
  3.32384038 -0.107728153
  3.55060887 -0.100629129
  3.77912641 -0.0933187455
  4.00932646 -0.0858975872
  4.24099445 -0.0784761757
  4.47360802 -0.0711565167
  4.70633268 -0.064082168
  4.93829584 -0.0574192889
  5.16879511 -0.0512889363
  5.39739847 -0.0457453057
  5.62396955 -0.0407841764
  5.84865427 -0.0363617837
  6.07185507 -0.0324128121
  6.29416561 -0.0288667753
  6.51626539 -0.0256585218
  6.73874426 -0.0227354802
  6.96193552 -0.0200646762
  7.18594599 -0.0176364314
  7.41075706 -0.0154404752
  7.63633537 -0.0134690339
  7.86264133 -0.0117110917
  8.08963966 -0.0101528252
  8.31728745 -0.00877883658
  8.54554939 -0.00757327816
  8.77438354 -0.00652000867
  9.00375271 -0.00560336607
  9.23361969 -0.0048082862
  9.46394825 -0.0041208351
  9.69470596 -0.00352795376
  9.92585945 -0.00301767653
  10.157382 -0.00257955049
  10.3892441 -0.002203946
  10.6214237 -0.00188252109
  10.8538971 -0.00160762074
  11.0866442 -0.0013728746
  11.3196497 -0.00117279473
  11.5528975 -0.00100221485
  11.7863779 -0.000857070903
  12.0200796 -0.000733510067
  12.2539959 -0.000628692622
  12.4881248 -0.000539453351
  12.7224607 -0.000463730248
  12.9570084 -0.000399349577
  13.1917696 -0.000344270229
  13.426753 -0.000297453778
  13.6619654 -0.000257321313
  13.897419 -0.000222824485
  14.1331301 -0.000192892243
  14.3691168 -0.000166917307
  14.6054001 -0.000144242382
  14.8420038 -0.000124399332
  15.0789576 -0.000106892039
  15.3162928 -9.14883713E-05
  15.5540447 -7.78895555E-05
  15.7922497 -6.58147837E-05
  16.0309525 -5.5101078E-05
  16.2701988 -4.56584421E-05
  16.5100365 -3.71078095E-05
  16.7505188 -2.92864788E-05
  16.9916992 -2.24616342E-05
  17.2336369 -1.62510405E-05
  17.4763851 -1.03470084E-05
  17.7199993 -4.67202153E-06
  17.9645405  5.22217306E-07
  18.2100582  5.45895819E-06
  18.4565945  1.03899874E-05
  18.7041931  1.51832573E-05
  18.9528828  1.97168265E-05
  19.2026749  2.41449161E-05
  19.4535732  2.85199621E-05
  19.7055645  3.26483787E-05
  19.9586086  3.6661997E-05
  20.2126522  4.05675855E-05
  20.4676151  4.38629941E-05
  20.723402  4.70935265E-05
  20.9798889  4.96570465E-05
  21.2369347  5.17365552E-05
  21.4943924  5.32367376E-05
  21.7520866  5.38963031E-05
  22.0098476  5.37412452E-05
  22.2675018  5.24372845E-05
  22.5248775  5.033462E-05
  22.7818069  4.6989051E-05
  23.0381413  4.25265025E-05
  23.2937469  3.72366048E-05
  23.5485039  3.10781325E-05
  23.8023243  2.40408153E-05
  24.05513  1.65997262E-05
  24.3068733  8.72097371E-06
  24.5575237  8.62775778E-07
  24.807066 -6.43210296E-06
  25.0555153 -1.33699541E-05
  25.3028812 -1.93509586E-05
  25.5492001 -2.39536912E-05
  25.7945175 -2.70624059E-05
  26.0388794 -2.85897822E-05
  26.2823372 -2.83328445E-05
  26.5249519 -2.64119953E-05
  26.7667789 -2.29165835E-05
  27.0078793 -1.81865926E-05
  27.2483101 -1.26890518E-05
  27.4881248 -6.7600231E-06
  27.7273846 -9.01061867E-07
  27.9661312  4.15872273E-06
  28.2044144  8.01033093E-06
  28.4422779  1.01450887E-05
  28.6797638  1.04821902E-05
  28.9169083  9.01669864E-06
  29.1537457  5.6500985E-06
  29.3903084  1.01551632E-06
  29.6266212 -4.45242767E-06
  29.8627148 -1.00387988E-05
  30.098608 -1.49302632E-05
  30.3343239 -1.84338387E-05
  30.5698833 -1.97883928E-05
  30.8053036 -1.84779674E-05
  31.0405998 -1.45419708E-05
  31.2757854 -8.49619391E-06
  31.5108757 -7.59617251E-07
  31.745882  7.71617488E-06
  31.9808102  1.57404575E-05
  32.2156715  2.22904855E-05
  32.4504738  2.68275198E-05
  32.6852226  2.90975695E-05
  32.9199219  2.94202382E-05
  33.1545715  2.84992675E-05
  33.3891869  2.76725768E-05
  33.623764  2.84789894E-05
  33.8583145  3.14329227E-05
  34.0928383  3.66773493E-05
  34.3273392  4.34159956E-05
  34.5618248  5.01227369E-05
  34.7962875  5.46245501E-05
  35.0307388  5.50825171E-05
  35.2651825  5.12754559E-05
  35.4996071  4.43604149E-05
  35.7340126  3.69060836E-05
  35.9684143  3.15760226E-05
  36.2028084  2.94547626E-05
  36.437191  2.86157228E-05
  36.6715736  2.51211968E-05
  36.9059563  1.60085729E-05
  37.1403236  4.70935629E-06
