 -1.85427666 -0.0836966261
 -1.49148953 -0.0529885069
 -1.13329804 -0.0247958135
 -0.780227005  0.00054459041
 -0.432990313  0.0225955397
 -0.0923341289  0.0409384407
  0.241036206  0.0552632883
  0.566547096  0.065464057
  0.883847356  0.0717191845
  1.19287145  0.0745014548
  1.49385679  0.0745004937
  1.78730404  0.072491616
  2.07389212  0.0692070499
  2.35439229  0.0652485713
  2.62958717  0.0610554591
  2.90021372  0.0569139421
  3.16693449  0.0529881008
  3.43032312  0.0493539236
  3.69086313  0.0460306145
  3.94894886  0.0430055521
  4.20475912  0.0402616151
  4.45810413  0.0377614498
  4.70846367  0.035518676
  4.95532846  0.0335598774
  5.19843531  0.0318985879
  5.43780851  0.0305294301
  5.67372417  0.0294297002
  5.90666676  0.0285653025
  6.13728237  0.0278950334
  6.36631727  0.0273735393
  6.59451914  0.0269542355
  6.82247353  0.0265931133
  7.05046988  0.0262552723
  7.27858019  0.0259153843
  7.50680304  0.0255796593
  7.73513508  0.0252486803
  7.96357012  0.0249202438
  8.19211006  0.0245912522
  8.42074966  0.0242596269
  8.64949608  0.0239245445
  8.8783474  0.0235873815
  9.10730553  0.0232514106
  9.33637047  0.0229207706
  9.56554127  0.0225997325
  9.79481697  0.0222918708
  10.0241938  0.0219996218
  10.2536688  0.0217232667
  10.4832411  0.0214613061
  10.7129087  0.0212098826
  10.9426737  0.0209642127
  11.1725368  0.0207176954
  11.4025078  0.020462973
  11.6325893  0.020192923
  11.8627977  0.0199002698
  12.0931454  0.019578645
  12.3236475  0.0192224048
  12.5543251  0.0188275408
  12.7851982  0.018391218
  13.0162897  0.017912358
  13.2476263  0.0173915103
  13.4792309  0.0168299638
  13.711133  0.0162308719
  13.9433584  0.0155981174
  14.1759386  0.0149365496
  14.4089041  0.0142515898
  14.6422834  0.0135490354
  14.876111  0.0128347408
  15.1104221  0.0121149141
  15.3452501  0.0113952458
  15.5806351  0.0106811486
  15.8166122  0.0099777095
  16.0532265  0.00928954408
  16.2905197  0.00862035342
  16.5285435  0.00797399972
  16.7673359  0.00735303992
  17.0069523  0.00675937673
  17.247448  0.00619471632
  17.4888649  0.00566061493
  17.7312584  0.00515784323
  17.9746799  0.00468637235
  18.2191696  0.00424627215
  18.4647732  0.00383762293
  18.7115173  0.00345970271
  18.9594288  0.00311146071
  19.2085171  0.00279220613
  19.4587765  0.00250081974
  19.7101898  0.00223578047
  19.9627132  0.00199594069
  20.2162876  0.00177984091
  20.470829  0.00158551964
  20.7262383  0.00141171529
  20.9823856  0.0012563077
  21.2391319  0.00111785531
  21.4963188  0.000994603382
  21.7537766  0.000884538866
  22.0113277  0.000786345336
  22.268795  0.000698114163
  22.5260067  0.000619056518
  22.7827892  0.000547644624
  23.0389957  0.000482973177
  23.294487  0.000424590457
  23.5491467  0.00037182332
  23.8028774  0.000324247812
  24.0556049  0.000282086432
  24.3072815  0.00024501601
  24.5578709  0.000213041785
  24.8073635  0.0001865167
  25.0557671  0.00016446496
  25.3030968  0.00014700531
  25.5493889  0.000133681518
  25.7946815  0.000123904218
  26.0390263  0.000116598778
  26.2824745  0.000111089816
  26.5250797  0.000106461288
  26.7669048  0.000101921753
  27.0080032  9.67331216E-05
  27.248436  9.05100751E-05
  27.4882507  8.31272046E-05
  27.7275085  7.48000457E-05
  27.9662514  6.5744629E-05
  28.2045307  5.6554185E-05
  28.4423904  4.79107657E-05
  28.6798706  4.05023457E-05
  28.9170074  3.49420006E-05
  29.1538391  3.11658951E-05
  29.390398  2.93112753E-05
  29.626709  2.87966741E-05
  29.8628025  2.87428084E-05
  30.0987015  2.83288919E-05
  30.334425  2.64313221E-05
  30.5699921  2.26305183E-05
  30.8054199  1.67932121E-05
  31.04072  9.15773126E-06
  31.2759094  2.43682734E-07
  31.5109978 -8.46851981E-06
  31.7459984 -1.58032635E-05
  31.9809189 -2.08117017E-05
  32.2157707 -2.29414018E-05
  32.4505615 -2.22132967E-05
  32.6852989 -1.98000816E-05
  32.9199867 -1.7023609E-05
  33.1546364 -1.54994177E-05
  33.3892479 -1.59768533E-05
  33.6238289 -1.81407668E-05
  33.8583755 -2.14909414E-05
  34.0928955 -2.3939032E-05
  34.3273888 -2.39337078E-05
  34.5618629 -2.04678854E-05
  34.7963219 -1.45570284E-05
  35.0307617 -8.40175926E-06
  35.2651978 -4.43381577E-06
  35.4996223 -3.95882944E-06
  35.7340279 -6.1071114E-06
  35.9684296 -7.86012151E-06
  36.2028198 -6.45626278E-06
  36.4372025 -2.05172728E-06
  36.6715813  1.7878956E-06
  36.9059601  7.53810127E-07
  37.1403236 -2.27733108E-06
