  0.116818994 -0.000187423313
  0.351079106 -0.00023557985
  0.585317492 -0.000289312185
  0.819541872 -0.000347712863
  1.05375242 -0.000412081281
  1.28794944 -0.000483070442
  1.52213299 -0.000561129651
  1.756302 -0.000646411325
  1.99045527 -0.000739953131
  2.22459173 -0.000842517475
  2.45870924 -0.000954996445
  2.6928072 -0.00107863708
  2.92688322 -0.00121438818
  3.16093588 -0.00136321515
  3.3949635 -0.00152583024
  3.62896419 -0.00170326186
  3.86293602 -0.00189635134
  4.09687757 -0.00210588519
  4.33078527 -0.00233292859
  4.56465912 -0.00257860776
  4.79849005 -0.00284716394
  5.03226566 -0.00314485747
  5.26597071 -0.00348035665
  5.49958706 -0.00386326108
  5.73309469 -0.00430389866
  5.96647406 -0.00481274072
  6.19970465 -0.00539968861
  6.43276978 -0.00607313029
  6.66565466 -0.00683929259
  6.89834929 -0.00770228356
  7.13084316 -0.00866570324
  7.36311817 -0.00973675493
  7.59514999 -0.0109256646
  7.82690907 -0.0122432904
  8.05836678 -0.0137008941
  8.28949165 -0.0153096505
  8.52024841 -0.0170807522
  8.75060177 -0.0190249607
  8.98051071 -0.0211520083
  9.20993614 -0.0234707929
  9.43883419 -0.0259882752
  9.66716385 -0.0287092458
  9.89487934 -0.0316355526
  10.1219368 -0.0347657502
  10.3482933 -0.0380941033
  10.5739079 -0.0416100509
  10.7987452 -0.0452977046
  11.0227699 -0.0491354614
  11.2459555 -0.0530957803
  11.4682827 -0.057144545
  11.6897411 -0.061242044
  11.9103279 -0.0653428137
  12.1300545 -0.0693963021
  12.3489456 -0.0733482093
  12.5670357 -0.0771414787
  12.7843714 -0.0807177797
  13.0010214 -0.0840189084
  13.217061 -0.0869887993
  13.4325819 -0.089574948
  13.647687 -0.0917300358
  13.8624935 -0.0934136957
  14.0771246 -0.0945932046
  14.2917137 -0.0952451304
  14.5064011 -0.0953555778
  14.7213316 -0.094921127
  14.9366512 -0.0939486325
  15.1525059 -0.0924550369
  15.3690414 -0.0904669389
  15.5863991 -0.0880198032
  15.8047161 -0.085156925
  16.0241184 -0.0819277614
  16.2447281 -0.0783869401
  16.4666615 -0.0745922476
  16.6900177 -0.0706027597
  16.9148884 -0.0664778948
  17.1413593 -0.0622752123
  17.3694992 -0.0580491945
  17.599369 -0.0538500622
  17.8310184 -0.0497229025
  18.0644894 -0.0457071513
  18.2998085 -0.0418358706
  18.5369873 -0.0381357297
  18.7760315 -0.034627337
  19.0169315 -0.031325765
  19.259655 -0.0282401964
  19.5041637 -0.0253753103
  19.750391 -0.0227314662
  19.9982548 -0.0203053243
  20.2476559 -0.0180907138
  20.4984722 -0.0160793439
  20.7505627 -0.0142607223
  21.0037594 -0.0126233995
  21.2578888 -0.0111549087
  21.5127621 -0.00984243117
  21.7681732 -0.00867331028
  22.023922 -0.00763468444
  22.2798004 -0.00671430025
  22.5356159 -0.00590054784
  22.791172 -0.00518252421
  23.0463009 -0.00455001742
  23.3008518 -0.00399364438
  23.5546856 -0.00350471819
  23.8076935 -0.00307580177
  24.0597916 -0.00269966573
  24.3109169 -0.00237019267
  24.5610256 -0.002081702
  24.8100967 -0.0018292747
  25.0581322 -0.00160855695
  25.3051414 -0.00141563453
  25.5511494 -0.00124694814
  25.7961941 -0.00109949149
  26.0403194 -0.000970797322
  26.2835732 -0.000858280982
  26.5260067 -0.000759820978
  26.7676811 -0.000673596165
  27.008646 -0.000598029699
  27.2489567 -0.000531707774
  27.4886684 -0.00047306373
  27.7278366 -0.000421118835
  27.9665031 -0.000374928786
  28.2047138 -0.000333624776
  28.4425201 -0.000296394486
  28.6799526 -0.00026255913
  28.9170513 -0.000231609127
  29.1538525 -0.000203129734
  29.3903828 -0.000176589441
  29.6266727 -0.000151840301
  29.8627453 -0.000128544008
  30.098629 -0.000106572828
  30.3343391 -8.58445055E-05
  30.5698948 -6.62805687E-05
  30.8053169 -4.77554931E-05
  31.0406151 -3.05075955E-05
  31.2758045 -1.46914972E-05
  31.5109005 -3.0323281E-07
  31.7459106  1.24383296E-05
  31.9808464  2.32090242E-05
  32.2157135  3.18417624E-05
  32.4505196  3.80587007E-05
  32.6852722  4.18275667E-05
  32.9199791  4.28593667E-05
  33.1546402  4.11097353E-05
  33.3892632  3.67754692E-05
  33.623848  3.01938962E-05
  33.8584023  2.19997382E-05
  34.0929337  1.27840576E-05
  34.3274307  3.63207437E-06
  34.5619087 -4.30542059E-06
  34.7963638 -1.00310317E-05
  35.0307999 -1.26932246E-05
  35.2652245 -1.16155588E-05
  35.4996414 -6.99176235E-06
  35.7340431  1.11136615E-07
  35.9684448  7.76962042E-06
  36.2028389  1.35512564E-05
  36.4372215  1.50761443E-05
  36.6716003  1.10728179E-05
  36.9059715  3.04795321E-06
  37.1403313 -3.69739428E-06
