  0.  0.
  0.234324053 -3.80068082E-06
  0.468648106 -4.29541842E-06
  0.702972174 -4.8545553E-06
  0.937296212 -5.48647313E-06
  1.17162025 -6.20064475E-06
  1.40594435 -7.00777673E-06
  1.64026833 -7.91996717E-06
  1.87459242 -8.9508967E-06
  2.10891652 -1.01160067E-05
  2.3432405 -1.14327531E-05
  2.57756448 -1.29209038E-05
  2.81188869 -1.46027323E-05
  3.04621267 -1.65034526E-05
  3.28053665 -1.86515463E-05
  3.51486087 -2.10792114E-05
  3.74918485 -2.38228058E-05
  3.98350883 -2.69234479E-05
  4.21783304 -3.04275854E-05
  4.45215702 -3.43877291E-05
  4.686481 -3.88631051E-05
  4.92080498 -4.3920827E-05
  5.15512896 -4.96366338E-05
  5.38945341 -5.60959888E-05
  5.62377739 -6.33956224E-05
  5.85810137 -7.16447612E-05
  6.09242535 -8.09668127E-05
  6.32674932 -9.15011478E-05
  6.5610733 -0.000103405277
  6.79539776 -0.000116857213
  7.02972174 -0.000132057539
  7.26404572 -0.000149233587
  7.49836969 -0.000168641534
  7.73269367 -0.000190570732
  7.96701765 -0.000215348016
  8.20134163 -0.000243342482
  8.43566608 -0.000274970254
  8.66998959 -0.00031070158
  8.90431404 -0.000351066847
  9.1386385 -0.000396664458
  9.372962 -0.000448169652
  9.60728645 -0.000506342913
  9.84160995 -0.000572043413
  10.0759344 -0.000646237284
  10.3102579 -0.00073001429
  10.5445824 -0.000824601564
  10.7789068 -0.000931378745
  11.0132303 -0.00105190091
  11.2475548 -0.00118791242
  11.4818783 -0.00134137727
  11.7162027 -0.00151449605
  11.9505262 -0.00170973875
  12.1848507 -0.00192987488
  12.4191751 -0.00217799796
  12.6534986 -0.00245757424
  12.8878231 -0.00277246255
  13.1221466 -0.00312696863
  13.3564711 -0.00352587784
  13.5907955 -0.00397449452
  13.825119 -0.00447869906
  14.0594435 -0.005044966
  14.293767 -0.00568042882
  14.5280914 -0.00639289105
  14.7624149 -0.00719085429
  14.9967394 -0.00808356423
  15.2310638 -0.00908095576
  15.4653873 -0.0101936841
  15.6997118 -0.0114330444
  15.9340353 -0.012810898
  16.1683598 -0.014339542
  16.4026833 -0.0160315391
  16.6370087 -0.0178994276
  16.8713322 -0.0199554786
  17.1056557 -0.0222112313
  17.3399792 -0.0246770401
  17.5743046 -0.0273613837
  17.8086281 -0.0302703008
  18.0429516 -0.0334065184
  18.277277 -0.0367685296
  18.5116005 -0.040349815
  18.745924 -0.0441377573
  18.9802475 -0.0481128693
  19.2145729 -0.0522477962
  19.4488964 -0.0565070026
  19.6832199 -0.060846325
  19.9175453 -0.0652128756
  20.1518688 -0.0695459023
  20.3861923 -0.0737775937
  20.6205158 -0.0778346136
  20.8548412 -0.0816403776
  21.0891647 -0.085117586
  21.3234882 -0.0881910026
  21.5578136 -0.090790689
  21.7921371 -0.0928550884
  22.0264606 -0.0943337902
  22.2607841 -0.0951900333
  22.4951096 -0.0954024568
  22.7294331 -0.0949662179
  22.9637566 -0.093893066
  23.198082 -0.0922108963
  23.4324055 -0.0899620503
  23.666729 -0.0872014314
  23.9010525 -0.0839938149
  24.1353779 -0.0804108977
  24.3697014 -0.0765281767
  24.6040249 -0.0724221244
  24.8383503 -0.0681675002
  25.0726738 -0.0638349131
  25.3069973 -0.0594889708
  25.5413227 -0.0551871732
  25.7756462 -0.0509788357
  26.0099697 -0.0469048694
  26.2442932 -0.0429978371
  26.4786186 -0.0392823815
  26.7129421 -0.0357757621
  26.9472656 -0.0324886777
  27.181591 -0.0294262376
  27.4159145 -0.026588764
  27.650238 -0.0239726827
  27.8845615 -0.0215714201
  28.1188869 -0.019376127
  28.3532104 -0.0173762776
  28.587534 -0.015560274
  28.8218594 -0.0139159523
  29.0561829 -0.0124308662
  29.2905064 -0.0110926572
  29.5248299 -0.00988923851
  29.7591553 -0.00880901143
  29.9934788 -0.00784092117
  30.2278023 -0.00697457092
  30.4621277 -0.00620026886
  30.6964512 -0.00550901564
  30.9307747 -0.00489252619
  31.1650982 -0.00434321119
  31.3994236 -0.00385414087
  31.6337471 -0.00341901276
  31.8680706 -0.00303211971
  32.1023941 -0.00268831151
  32.3367195 -0.00238293386
  32.5710449 -0.00211181818
  32.8053665 -0.00187120505
  33.0396919 -0.00165773975
  33.2740173 -0.00146842049
  33.5083389 -0.00130055449
  33.7426643 -0.00115175277
  33.9769859 -0.00101987203
  34.2113113 -0.000903013221
  34.4456367 -0.000799484085
  34.6799583 -0.000707773957
  34.9142838 -0.00062654604
  35.1486092 -0.000554611266
  35.3829308 -0.00049091113
  35.6172562 -0.00043450878
  35.8515816 -0.00038457301
  36.0859032 -0.00034036435
  36.3202286 -0.000301228749
  36.554554 -0.000266586634
  36.7888756 -0.000235922533
  37.023201 -0.000208781232
  37.2575226 -0.000184759614
  37.491848 -0.000163498727
