 -1.35674429  0.363799155
 -0.904764116  0.377414823
 -0.478048652  0.379878759
 -0.0819963664  0.367044657
  0.27790609  0.336186796
  0.601408482  0.292975157
  0.895952165  0.249710158
  1.17149484  0.213472992
  1.43552828  0.184795544
  1.69259918  0.162114322
  1.94531119  0.143838644
  2.19515872  0.128777742
  2.44301748  0.116109937
  2.68941998  0.10527847
  2.9347074  0.0959014967
  3.17910576  0.0877106264
  3.42277646  0.0805070177
  3.6658361  0.0741371512
  3.90837216  0.0684777722
  4.15044403  0.063427344
  4.39196062  0.058909975
  4.63252974  0.0548642538
  4.8716197  0.0513075218
  5.10877371  0.0482518226
  5.34371853  0.0456811376
  5.5763855  0.0435582325
  5.80689478  0.0418307781
  6.03553152  0.0404372886
  6.26272535  0.0393100977
  6.48899794  0.038379468
  6.71487904  0.0375774316
  6.94076157  0.0368446894
  7.16679239  0.036143031
  7.39298868  0.0354545936
  7.61934757  0.034786962
  7.8458643  0.0341406316
  8.07253265  0.0335132927
  8.29935074  0.0329025239
  8.52631474  0.0323078074
  8.7534256  0.031729646
  8.98067856  0.0311699528
  9.20807362  0.030630989
  9.4356041  0.0301138591
  9.66326714  0.029618239
  9.89105988  0.0291419979
  10.1189804  0.0286818929
  10.3470278  0.0282335132
  10.575202  0.0277926102
  10.8035097  0.0273552034
  11.0319529  0.0269192625
  11.2605371  0.0264838263
  11.4892693  0.0260495134
  11.7181549  0.0256189685
  11.9472017  0.0251955707
  12.1764145  0.0247836839
  12.405797  0.0243871212
  12.6353559  0.0240097977
  12.8650951  0.0236544106
  13.0950232  0.0233224519
  13.3251457  0.0230140537
  13.5554724  0.0227271691
  13.7860136  0.0224586148
  14.0167847  0.0222035982
  14.2478046  0.0219564121
  14.4790955  0.021710379
  14.7106829  0.0214583091
  14.9425993  0.0211929157
  15.17488  0.0209075026
  15.4075661  0.0205956399
  15.6407051  0.0202518161
  15.8743448  0.0198716316
  16.1085415  0.0194518771
  16.3433514  0.0189904366
  16.5788422  0.0184871331
  16.8150711  0.017942246
  17.0521107  0.0173573364
  17.2900276  0.0167352222
  17.5288887  0.0160798319
  17.7687588  0.0153956488
  18.0097027  0.0146874273
  18.2517834  0.0139605347
  18.4950447  0.0132210534
  18.7395325  0.0124745118
  18.985281  0.0117264353
  19.2323036  0.0109825842
  19.4805984  0.0102482885
  19.7301579  0.009528175
  19.9809322  0.00882713124
  20.2328682  0.00814922526
  20.4858818  0.00749785174
  20.7398663  0.00687634246
  20.9946976  0.00628697965
  21.250227  0.00573177449
  21.5062962  0.00521225948
  21.7627296  0.00472877361
  22.0193462  0.00428173598
  22.2759647  0.0038702013
  22.5324059  0.00349363359
  22.7884979  0.00315023167
  23.0440807  0.00283792103
  23.2990189  0.00255468115
  23.5531807  0.00229791692
  23.8064728  0.00206497172
  24.0588112  0.0018536899
  24.3101444  0.00166178704
  24.5604324  0.0014872069
  24.8096561  0.00132879324
  25.0578213  0.00118446536
  25.3049412  0.0010535745
  25.5510406  0.00093547022
  25.7961617  0.00082964747
  26.04035  0.00073513441
  26.2836552  0.000651601993
  26.5261326  0.000578182517
  26.7678413  0.000513958628
  27.0088348  0.000457580347
  27.2491703  0.000408089603
  27.4889011  0.000363986415
  27.7280827  0.000324011809
  27.9667587  0.000286900962
  28.2049789  0.000251930032
  28.4427872  0.000218771922
  28.6802197  0.000187440717
  28.9173145  0.00015856103
  29.1541023  0.000132385423
  29.3906231  0.000109965418
  29.6268978  9.17250654E-05
  29.8629532  7.7767123E-05
  30.0988178  6.80361554E-05
  30.3345108  6.12708172E-05
  30.5700512  5.66503149E-05
  30.8054562  5.30381803E-05
  31.0407391  4.91895116E-05
  31.2759132  4.40947515E-05
  31.510994  3.80663514E-05
  31.7459869  3.15492143E-05
  31.9809036  2.54773477E-05
  32.2157516  2.10637918E-05
  32.4505348  1.94718159E-05
  32.6852722  2.03343607E-05
  32.9199638  2.30390015E-05
  33.1546097  2.57333795E-05
  33.389225  2.69484881E-05
  33.623806  2.56969033E-05
  33.8583603  2.15315285E-05
  34.0928917  1.59411848E-05
  34.3273888  1.07767464E-05
  34.5618706  8.22784386E-06
  34.7963333  8.52621724E-06
  35.0307808  1.0440941E-05
  35.2652168  1.16304891E-05
  35.4996414  9.9126737E-06
  35.7340508  5.33096136E-06
  35.9684486  6.0502316E-07
  36.2028389 -1.02735521E-06
  36.4372177  1.06838161E-06
  36.6715965  3.54073291E-06
  36.9059677  1.78157825E-06
  37.1403275 -1.54495865E-06
