 -0.110838607  0.
  0.110838607  0.
  0.332515836  0.
  0.554193079  0.
  0.775870264  0.
  0.997547448  0.
  1.21922469  0.
  1.44090188  0.
  1.66257906  0.
  1.88425624  0.
  2.10593343  0.
  2.32761073  0.
  2.54928803  0.
  2.7709651  0.
  2.9926424  0.
  3.21431947  0.
  3.43599677  0.
  3.65767407  0.
  3.87935114  0.
  4.10102844  0.
  4.32270575  0.
  4.54438305  0.
  4.76606035  0.
  4.98773766  0.
  5.20941496  0.
  5.43109179  0.
  5.65276909  0.
  5.87444639  0.
  6.0961237  0.
  6.317801  0.
  6.53947783  0.
  6.76115513  0.
  6.98283243  0.
  7.20450974  0.
  7.42618704  0.
  7.64786386  0.
  7.86954117  0.
  8.09121799  0.
  8.31289482  0.
  8.5345726  0.
  8.75624943  0.
  8.97792721  0.
  9.19960403  0.
  9.42128086  0.
  9.64295864  0.
  9.86463547  0.
  10.0863132  0.
  10.3079901  0.
  10.5296679  0.
  10.7513447  0.
  10.9730215  0.
  11.1946993  0.
  11.4163761  0.
  11.6380539  0.
  11.8597307  0.
  12.0814075  0.
  12.3030853  0.
  12.5247622  0.
  12.7464399  0.
  12.9681168  0.
  13.1897936  0.
  13.4114714  0.
  13.6331482  0.
  13.854826  0.
  14.0765028  0.
  14.2981796  0.
  14.5198574  0.
  14.7415342  0.
  14.963212  0.
  15.1848888  0.
  15.4065657  0.
  15.6282434  0.
  15.8499203  0.
  16.0715981  0.
  16.2932758  0.
  16.5149536  0.
  16.7366295  0.
  16.9583073  0.
  17.179985  0.
  17.4016628  0.
  17.6233387  0.
  17.8450165  0.
  18.0666943  0.
  18.2883701  0.
  18.5100479  0.
  18.7317257  0.
  18.9534016  0.
  19.1750793  0.
  19.3967571  0.
  19.6184349  0.
  19.8401108  0.
  20.0617886  0.
  20.2834663  0.
  20.5051422  0.
  20.72682  0.
  20.9484978  0.
  21.1701756  0.
  21.3918514  0.
  21.6135292  0.
  21.835207  0.
  22.0568829  0.
  22.2785606  0.
  22.5002384  0.
  22.7219143  0.
  22.9435921  0.
  23.1652699  0.
  23.3869476  0.
  23.6086235  0.
  23.8303013  0.
  24.0519791  0.
  24.2736549  0.
  24.4953327  0.
  24.7170105  0.
  24.9386864  0.
  25.1603642  0.
  25.3820419  0.
  25.6037197  0.
  25.8253956  0.
  26.0470734  0.
  26.2687511  0.
  26.490427  0.
  26.7121048  0.
  26.9337826  0.
  27.1554585  0.
  27.3771362  0.
  27.598814  0.
  27.8204918  0.
  28.0421677  0.
  28.2638454  0.
  28.4855232  0.
  28.7071991  0.
  28.9288769  0.
  29.1505547  0.
  29.3722324  0.
  29.5939083  0.
  29.8155861  0.
  30.0372639  0.
  30.2589397  0.
  30.4806175  0.
  30.7022953  0.
  30.9239712  0.
  31.145649  0.
  31.3673267  0.
  31.5890045  0.
  31.8106804  0.
  32.0323563  0.
  32.2540321  0.
  32.4757118  0.
  32.6973877  0.
  32.9190636  0.
  33.1407433  0.
  33.3624191  0.
  33.584095  0.
  33.8057747  0.
  34.0274506  0.
  34.2491264  0.
  34.4708061  0.
  34.692482  0.
  34.9141617  0.
  35.1358376  0.
  35.3575134  0.
  35.5791931  0.
  35.800869  0.
  36.0225449  0.
  36.2442245  0.
  36.4659004  0.
  36.6875763  0.
  36.909256  0.
  37.1309319  0.
  37.3526077  0.
