  0.  0.
  0.234324053  8.72443096E-08
  0.468648106  1.9719289E-07
  0.702972174  3.34286483E-07
  0.937296212  5.03728813E-07
  1.17162025  7.11618441E-07
  1.40594435  9.65091658E-07
  1.64026833  1.27250144E-06
  1.87459242  1.64356902E-06
  2.10891652  2.08966003E-06
  2.3432405  2.62408594E-06
  2.57756448  3.26216446E-06
  2.81188869  4.02190017E-06
  3.04621267  4.92412255E-06
  3.28053665  5.99307486E-06
  3.51486087  7.25679365E-06
  3.74918485  8.74794205E-06
  3.98350883  1.05042564E-05
  4.21783304  1.25695515E-05
  4.45215702  1.49935768E-05
  4.686481  1.78249556E-05
  4.92080498  2.1096721E-05
  5.15512896  2.48263186E-05
  5.38945341  2.90203025E-05
  5.62377739  3.3678898E-05
  5.85810137  3.88062253E-05
  6.09242535  4.44214566E-05
  6.32674932  5.05721291E-05
  6.5610733  5.73448851E-05
  6.79539776  6.48678615E-05
  7.02972174  7.33096458E-05
  7.26404572  8.28370612E-05
  7.49836969  9.36000142E-05
  7.73269367  0.000105758656
  7.96701765  0.000119493627
  8.20134163  0.000135005903
  8.43566608  0.000152526874
  8.66998959  0.000172313783
  8.90431404  0.000194657434
  9.1386385  0.000219886642
  9.372962  0.000248366239
  9.60728645  0.000280518841
  9.84160995  0.000316802587
  10.0759344  0.000357747282
  10.3102579  0.000403942016
  10.5445824  0.00045604122
  10.7789068  0.000514798099
  11.0132303  0.00058102631
  11.2475548  0.000655670301
  11.4818783  0.000739749346
  11.7162027  0.000834424864
  11.9505262  0.000940989819
  12.1848507  0.0010608458
  12.4191751  0.00119560747
  12.6534986  0.00134698022
  12.8878231  0.00151690887
  13.1221466  0.00170748692
  13.3564711  0.00192098925
  13.5907955  0.00215994753
  13.825119  0.00242698938
  14.0594435  0.00272504054
  14.293767  0.00305710174
  14.5280914  0.00342632411
  14.7624149  0.0038360958
  14.9967394  0.00428961311
  15.2310638  0.00479026139
  15.4653873  0.00534114009
  15.6997118  0.00594510417
  15.9340353  0.0066045234
  16.1683598  0.00732112629
  16.4026833  0.00809547119
  16.6370087  0.00892716181
  16.8713322  0.00981387589
  17.1056557  0.0107513843
  17.3399792  0.0117324954
  17.5743046  0.0127475485
  17.8086281  0.0137829902
  18.0429516  0.0148210628
  18.277277  0.0158402938
  18.5116005  0.0168140009
  18.745924  0.0177114978
  18.9802475  0.0184969138
  19.2145729  0.0191320609
  19.4488964  0.0195757281
  19.6832199  0.0197851751
  19.9175453  0.0197204836
  20.1518688  0.01934449
  20.3861923  0.0186264142
  20.6205158  0.0175457187
  20.8548412  0.0160938464
  21.0891647  0.0142760156
  21.3234882  0.0121139027
  21.5578136  0.00964544341
  21.7921371  0.00692361547
  22.0264606  0.00401520589
  22.2607841  0.000996985589
  22.4951096 -0.00204782863
  22.7294331 -0.00503522251
  22.9637566 -0.00788365398
  23.198082 -0.010520678
  23.4324055 -0.0128843859
  23.666729 -0.0149274841
  23.9010525 -0.0166185349
  24.1353779 -0.0179424919
  24.3697014 -0.0188988633
  24.6040249 -0.0195005294
  24.8383503 -0.019771954
  25.0726738 -0.0197459515
  25.3069973 -0.0194598213
  25.5413227 -0.0189549215
  25.7756462 -0.0182725936
  26.0099697 -0.0174528603
  26.2442932 -0.0165328365
  26.4786186 -0.0155463303
  26.7129421 -0.0145227509
  26.9472656 -0.0134866051
  27.181591 -0.012458439
  27.4159145 -0.0114545673
  27.650238 -0.010487196
  27.8845615 -0.00956527982
  28.1188869 -0.00869514514
  28.3532104 -0.00788051356
  28.587534 -0.00712297577
  28.8218594 -0.0064229765
  29.0561829 -0.00577944797
  29.2905064 -0.0051906174
  29.5248299 -0.0046538692
  29.7591553 -0.00416642614
  29.9934788 -0.00372509472
  30.2278023 -0.00332654151
  30.4621277 -0.00296754297
  30.6964512 -0.00264482875
  30.9307747 -0.00235524867
  31.1650982 -0.00209583947
  31.3994236 -0.00186380476
  31.6337471 -0.00165650714
  31.8680706 -0.00147149176
  32.1023941 -0.00130658003
  32.3367195 -0.00115964899
  32.5710449 -0.00102891296
  32.8053665 -0.000912613003
  33.0396919 -0.000809218036
  33.2740173 -0.000717389456
  33.5083389 -0.00063581462
  33.7426643 -0.000563432928
  33.9769859 -0.000499191869
  34.2113113 -0.000442201475
  34.4456367 -0.000391680514
  34.6799583 -0.000346882152
  34.9142838 -0.0003071721
  35.1486092 -0.000271990313
  35.3829308 -0.000240815207
  35.6172562 -0.000213194027
  35.8515816 -0.000188733917
  36.0859032 -0.000167069127
  36.3202286 -0.000147881015
  36.554554 -0.000130895249
  36.7888756 -0.000115854156
  37.023201 -0.000102534941
  37.2575226 -9.07488429E-05
  37.491848 -0.000697950716
