 -0.11745654  0.
  0.116798222  8.49678599E-06
  0.351052999  1.89638613E-05
  0.585285425  3.09204515E-05
  0.819503307  4.54452056E-05
  1.05370677  6.26564579E-05
  1.28789592  8.26854011E-05
  1.52207077  0.000105404688
  1.75623035  0.000132147892
  1.99037325  0.000163029705
  2.22449827  0.000198686437
  2.45860338  0.000240284513
  2.69268775  0.000287857139
  2.92674851  0.000341951905
  3.16078472  0.000402460078
  3.39479446  0.000470604806
  3.62877536  0.000546412193
  3.86272573  0.00063017325
  4.09664392  0.000723204343
  4.33052683  0.00082626153
  4.56437349  0.00095047825
  4.79817438  0.00110393716
  5.0319171  0.00129632629
  5.26558495  0.00153151434
  5.49915886  0.00181160856
  5.73261786  0.00213543419
  5.96594048  0.00249834382
  6.19910622  0.00289200735
  6.43209648  0.00330663961
  6.66489649  0.00373464776
  6.89749575  0.00417706463
  7.12988281  0.00465255324
  7.36203909  0.00517549971
  7.59393883  0.0057494319
  7.82555199  0.00637693843
  8.05684853  0.00705876714
  8.28779507  0.00779613806
  8.51835537  0.00858854502
  8.74849319  0.00943290442
  8.97816658  0.0103271659
  9.20733452  0.011264381
  9.43595409  0.0122364899
  9.66398144  0.0132318959
  9.89137268  0.0142370965
  10.118083  0.0152335959
  10.3440714  0.0161998048
  10.5692959  0.0171108078
  10.7937241  0.0179389063
  11.0173235  0.0186539609
  11.2400703  0.0192213338
  11.4619493  0.0196093898
  11.6829529  0.0197844692
  11.9030857  0.0197143108
  12.1223631  0.0193728264
  12.3408155  0.0187377241
  12.558485  0.0177943222
  12.775425  0.0165359378
  12.9917088  0.0149672562
  13.2074194  0.0131024783
  13.4226532  0.010966653
  13.6375198  0.0085968608
  13.8521395  0.00603656285
  14.0666399  0.00334034534
  14.2811565  0.000565850234
  14.4958324 -0.00222298899
  14.7108107 -0.00496344129
  14.9262381 -0.00759432046
  15.1422586 -0.0100585623
  15.3590145 -0.0123056518
  15.576643 -0.0142936166
  15.7952776 -0.0159917884
  16.0150375 -0.0173783153
  16.2360401 -0.0184436124
  16.4583931 -0.0191899948
  16.6821918 -0.019625891
  16.9075203 -0.0197710227
  17.1344566 -0.0196512025
  17.3630657 -0.0192969907
  17.593401 -0.0187418163
  17.8255081 -0.018020181
  18.0594234 -0.0171679314
  18.2951717 -0.0162189808
  18.5327606 -0.0152041847
  18.7721939 -0.0141502321
  19.0134602 -0.0130838184
  19.256525 -0.0120243663
  19.5013504 -0.01098949
  19.7478714 -0.00999319833
  19.9960041 -0.00904525816
  20.2456512 -0.00815210771
  20.4966908 -0.00732012978
  20.7489815 -0.00655055325
  21.0023594 -0.00584476907
  21.2566528 -0.00520167546
  21.5116711 -0.00461819721
  21.7672119 -0.00409299321
  22.0230751 -0.00362177286
  22.2790565 -0.00320034754
  22.5349617 -0.00282461382
  22.7905979 -0.00249077147
  23.0457973 -0.00219472684
  23.3004093 -0.00193313847
  23.5542965 -0.00170065346
  23.8073521 -0.00149619556
  24.0594921 -0.00131521712
  24.3106537 -0.00115595572
  24.5607948 -0.00101539411
  24.8098946 -0.000891355099
  25.0579548 -0.000782183022
  25.304985 -0.000686580432
  25.551012 -0.000602439512
  25.796072 -0.000527692842
  26.0402126 -0.000462953205
  26.2834778 -0.000406441424
  26.5259228 -0.000357023644
  26.7676067 -0.000313784054
  27.0085793 -0.000276123203
  27.2488976 -0.00024475166
  27.4886169 -0.000217276393
  27.7277908 -0.000193598535
  27.9664612 -0.000173440189
  28.2046776 -0.00015659786
  28.4424877 -0.000142534467
  28.679924 -0.000130559056
  28.9170265 -0.000120285433
  29.1538296 -0.000112220441
  29.3903637 -0.000104751205
  29.6266556 -9.86901359E-05
  29.8627319 -9.31510222E-05
  30.0986176 -8.79442086E-05
  30.3343296 -8.30566278E-05
  30.5698872 -7.86910605E-05
  30.8053112 -7.33025372E-05
  31.0406113 -6.72476162E-05
  31.2758026 -6.12009826E-05
  31.5109005 -5.42158668E-05
  31.7459126 -4.58441282E-05
  31.9808483 -3.67545799E-05
  32.2157173 -2.647578E-05
  32.4505234 -1.60539494E-05
  32.685276 -4.39600126E-06
  32.9199829  7.45569741E-06
  33.154644  1.84727978E-05
  33.389267  2.80553777E-05
  33.6238518  3.49344809E-05
  33.8584061  3.92949478E-05
  34.0929337  3.90281602E-05
  34.3274307  3.38528189E-05
  34.5619087  2.44216371E-05
  34.7963638  1.13560327E-05
  35.0307999 -4.59725061E-06
  35.2652245 -1.97256904E-05
  35.4996414 -3.03026627E-05
  35.7340431 -3.2673408E-05
  35.9684448 -2.46664749E-05
  36.2028389 -6.50580841E-06
  36.4372215  1.70803705E-05
  36.6716003  3.42400781E-05
  36.9059715  2.8782446E-05
  37.1403313 -1.57773393E-05
