 -0.137750506  0.
  0.0915968418  0.000470308267
  0.32094419  0.0010430793
  0.549654722  0.00170862372
  0.77775377  0.00246039801
  1.00523996  0.00328520662
  1.23211074  0.00416435581
  1.45836985  0.0050761085
  1.68402767  0.00599507987
  1.90910161  0.00689349929
  2.13361621  0.00774205616
  2.35760188  0.00851202849
  2.58109617  0.00917403679
  2.80414128  0.00970114488
  3.02678514  0.0100675393
  3.24908042  0.0102487914
  3.47108245  0.0102261342
  3.69285107  0.00998304319
  3.91444874  0.00950477831
  4.1359396  0.00878248457
  4.35738373  0.00788284279
  4.57872057  0.00705712009
  4.79972267  0.00645533996
  5.02008295  0.00610075938
  5.23949385  0.00592511008
  5.45770168  0.00579583412
  5.67454672  0.00555066671
  5.88999176  0.00502341194
  6.10413933  0.00406615157
  6.31724548  0.00258020544
  6.52969408  0.000537956075
  6.74193192 -0.00198939955
  6.9543395 -0.00478100544
  7.16712141 -0.00745882792
  7.38038445 -0.00992514845
  7.59422493 -0.0121380165
  7.80873203 -0.014063606
  8.02398109 -0.0156797245
  8.24003983 -0.0169762075
  8.45696354 -0.0179498587
  8.6747942 -0.0186099857
  8.89356136 -0.01897352
  9.11328506 -0.0190635547
  9.33397007 -0.0189089291
  9.55561352 -0.0185425263
  9.77820301 -0.017997779
  10.0017166 -0.0173082668
  10.2261276 -0.0165069811
  10.4514017 -0.0156246927
  10.6775045 -0.0146897165
  10.9043951 -0.0137250731
  11.1320314 -0.0127521604
  11.3603754 -0.0117893033
  11.5893831 -0.0108490596
  11.8190184 -0.00994300377
  12.049243 -0.00907780789
  12.2800217 -0.00826099142
  12.5113239 -0.00749398489
  12.7431221 -0.00677938759
  12.9753933 -0.00611825846
  13.2081156 -0.00550707523
  13.4412756 -0.00494754035
  13.67486 -0.00443533389
  13.9088612 -0.00397017831
  14.1432791 -0.00354687637
  14.3781137 -0.00316398917
  14.6133718 -0.00281814975
  14.8490648 -0.00250760745
  15.0852089 -0.00222836202
  15.3218231 -0.00197814871
  15.5589352 -0.00175520335
  15.7965727 -0.00155530171
  16.034771 -0.00137748756
  16.2735691 -0.00122011418
  16.51301 -0.00107978308
  16.7531395 -0.000954328745
  16.9940071 -0.000843788672
  17.2356663 -0.000746357196
  17.4781666 -0.000660054153
  17.7215652 -0.000582099659
  17.96591 -0.000513319857
  18.211256 -0.000453541375
  18.4576397 -0.000399274606
  18.705101 -0.000351253897
  18.9536686 -0.000309597177
  19.203352 -0.000272790465
  19.4541531 -0.000240044596
  19.7060585 -0.000211729304
  19.9590244 -0.000187362864
  20.2129955 -0.000164262659
  20.4678974 -0.000146144579
  20.7236252 -0.000129055654
  20.9800587 -0.000114928145
  21.2370586 -0.000103056191
  21.4944725 -9.16106655E-05
  21.7521305 -8.27698241E-05
  22.0098572 -7.43454439E-05
  22.2674828 -6.77849021E-05
  22.5248318 -6.11531723E-05
  22.7817383 -5.57690546E-05
  23.0380554 -5.1421528E-05
  23.2936478 -4.74309782E-05
  23.5483952 -4.2586511E-05
  23.8022079 -3.88907065E-05
  24.0550137 -3.43635147E-05
  24.3067589 -3.00618613E-05
  24.557415 -2.63413549E-05
  24.8069687 -2.02456649E-05
  25.0554295 -1.47897999E-05
  25.3028107 -9.70369456E-06
  25.5491486 -3.6982758E-06
  25.7944813  2.74522495E-06
  26.0388622  8.22483526E-06
  26.2823391  1.35989467E-05
  26.5249691  1.85387507E-05
  26.7668152  2.26060947E-05
  27.0079269  2.6425223E-05
  27.2483673  2.80860095E-05
  27.4881897  2.84313464E-05
  27.7274494  2.79045998E-05
  27.9661942  2.52998561E-05
  28.2044716  2.11227034E-05
  28.4423294  1.50246333E-05
  28.6798058  7.68329028E-06
  28.9169369  4.10985137E-07
  29.1537628 -8.65346829E-06
  29.3903141 -1.62979104E-05
  29.6266174 -2.33939445E-05
  29.8626995 -2.86884588E-05
  30.0985889 -3.10633732E-05
  30.3343029 -3.14019708E-05
  30.5698605 -2.84217331E-05
  30.8052807 -2.213466E-05
  31.0405788 -1.19713559E-05
  31.2757664 -1.1494584E-06
  31.5108566  1.08276863E-05
  31.7458591  2.26466127E-05
  31.9807835  3.23746535E-05
  32.215641  3.81211757E-05
  32.4504318  3.89536508E-05
  32.6851692  3.49280999E-05
  32.919857  2.7082815E-05
  33.1545029  1.57315517E-05
  33.3891106  2.96194366E-06
  33.6236877 -7.18594265E-06
  33.8582382 -1.26178093E-05
  34.0927658 -1.21000166E-05
  34.3272705 -5.58317106E-06
  34.5617638  5.47334912E-06
  34.7962379  1.7460492E-05
  35.0306892  2.3245484E-05
  35.2651329  2.00168834E-05
  35.4995613  6.6445732E-06
  35.7339706 -1.29251302E-05
  35.96838 -3.03187899E-05
  36.2027779 -3.52806019E-05
  36.4371719 -2.31888753E-05
  36.6715622 -2.08111351E-06
  36.9059448  3.10610721E-06
  37.140316 -2.99278126E-05
