 -1.2467289  0.
 -1.0058676 -0.0055085565
 -0.765006185 -0.0100265592
 -0.521888793 -0.0137545317
 -0.276394129 -0.0168170892
 -0.0284618139 -0.019319145
  0.221874714 -0.0213257186
  0.474504471 -0.0228770506
  0.729255915 -0.0239920318
  0.985908628 -0.0246773977
  1.2442019 -0.0249323323
  1.5038451 -0.0247572791
  1.76452708 -0.024158407
  2.02592444 -0.023155909
  2.28771281 -0.0217860844
  2.54957867 -0.0201013666
  2.8112278 -0.0181748569
  3.07239747 -0.016092509
  3.33286262 -0.0139442766
  3.59244204 -0.0118196029
  3.85099292 -0.00979856495
  4.10826778 -0.00794444792
  4.36375189 -0.00633834442
  4.61663342 -0.00500866259
  4.86608696 -0.00398621336
  5.11159229 -0.00325854588
  5.35301208 -0.00277237012
  5.59055662 -0.00246181455
  5.82471132 -0.00226106402
  6.05617237 -0.00210808241
  6.28577089 -0.00195250078
  6.51435518 -0.00176202203
  6.74262047 -0.0015214287
  6.97095251 -0.0012188385
  7.19947624 -0.000964015897
  7.42818928 -0.000740092131
  7.65707874 -0.000528419681
  7.88612938 -0.000314202334
  8.1153326 -8.87744245E-05
  8.34467888  0.000155042624
  8.57416534  0.000416572002
  8.80378914  0.000692903996
  9.03355503  0.000977635151
  9.26346588  0.0012638676
  9.49352837  0.00154328928
  9.72375584  0.00180782273
  9.95415306  0.00205156393
  10.1847343  0.00226757582
  10.4155083  0.00245319307
  10.6464863  0.00260326476
  10.8776789  0.00271852966
  11.1090918  0.00279870583
  11.3407354  0.00284336042
  11.5726156  0.00285633886
  11.8047409  0.0028390896
  12.037117  0.00279679289
  12.2697468  0.00273027108
  12.5026369  0.0026456425
  12.7357931  0.00254464475
  12.969223  0.00242981967
  13.2029305  0.0023083298
  13.4369268  0.00217939657
  13.6712198  0.00204671035
  13.9058199  0.00191261002
  14.1407433  0.00177959306
  14.3760033  0.00164869067
  14.6116199  0.00152192416
  14.8476143  0.00139868434
  15.084013  0.00128184329
  15.3208418  0.00117067771
  15.558136  0.00106604223
  15.7959261  0.000968350156
  16.0342541  0.000877987244
  16.2731628  0.0007926689
  16.512701  0.000714926224
  16.7529106  0.000644978718
  16.9938488  0.000580815424
  17.2355709  0.000521228125
  17.4781246  0.000467215257
  17.7215691  0.000420008757
  17.9659576  0.000377214223
  18.211338  0.000337881182
  18.457756  0.000303769193
  18.705246  0.000273736106
  18.9538383  0.000247025193
  19.2035465  0.000223311727
  19.4543667  0.0002025633
  19.7062874  0.000183917306
  19.9592667  0.000166979749
  20.2132511  0.000153422399
  20.4681587  0.00013931343
  20.7238922  0.000127374762
  20.9803276  0.000115142982
  21.2373257  0.000102966318
  21.4947338  9.19982267E-05
  21.7523823  8.00194466E-05
  22.0100994  6.93071415E-05
  22.2677116  5.69279546E-05
  22.5250454  4.60396368E-05
  22.7819366  3.51609597E-05
  23.0382366  2.43699778E-05
  23.2938099  1.5026907E-05
  23.5485401  7.9224119E-06
  23.8023357  9.25377435E-07
  24.0551243 -3.16787191E-06
  24.3068542 -5.71590544E-06
  24.5574951 -7.17011335E-06
  24.8070354 -4.0532359E-06
  25.0554829 -9.28931115E-07
  25.3028526  3.19641981E-06
  25.5491791  8.37554762E-06
  25.7945023  1.40701841E-05
  26.0388718  1.89592556E-05
  26.2823372  2.24687028E-05
  26.5249577  2.41228063E-05
  26.7667904  2.36893502E-05
  27.0078926  2.10833277E-05
  27.2483234  1.56628812E-05
  27.4881363  7.93350137E-06
  27.7273903 -2.93225753E-07
  27.9661312 -8.89731473E-06
  28.2044067 -1.69774175E-05
  28.4422665 -2.36101805E-05
  28.6797485 -2.80993809E-05
  28.9168911 -2.82686251E-05
  29.1537285 -2.61912173E-05
  29.390295 -2.05372235E-05
  29.6266136 -1.22841411E-05
  29.8627148 -3.1636423E-06
  30.0986195  5.86171245E-06
  30.3343487  1.21502417E-05
  30.5699177  1.46651901E-05
  30.8053474  1.35418286E-05
  31.0406513  9.69344819E-06
  31.2758446  2.12828741E-06
  31.5109367 -5.92200377E-06
  31.7459469 -1.23105265E-05
  31.9808769 -1.47667124E-05
  32.215744 -1.31885372E-05
  32.4505463 -5.6241829E-06
  32.6852989  5.85011821E-06
  32.9200058  1.92095486E-05
  33.1546631  2.98288451E-05
  33.389286  3.35136465E-05
  33.6238708  3.15092038E-05
  33.8584251  2.18602327E-05
  34.0929527  8.70897202E-06
  34.3274498 -3.57207023E-06
  34.5619354 -8.76211652E-06
  34.7963982 -4.23078382E-06
  35.0308456  6.65526613E-06
  35.2652817  1.76844642E-05
  35.4997025  2.05244924E-05
  35.7341042  1.02595141E-05
  35.9684944 -8.91137825E-06
  36.202877 -2.32206912E-05
  36.437252 -2.05504948E-05
  36.6716194 -1.3739691E-06
  36.9059868  6.04333445E-06
  37.1403351 -2.01905514E-05
