 -1.76991045  0.
 -1.31642127 -0.000645359105
 -0.862931967 -0.000262030691
 -0.435943425  0.00237661274
 -0.0413136482  0.00922701973
  0.31516856  0.0199930146
  0.63388145  0.0289780963
  0.923629701  0.0323542617
  1.19515586  0.0318669863
  1.45601082  0.0299096089
  1.71056771  0.0277085304
  1.96125412  0.0256968737
  2.20943236  0.02395829
  2.45588684  0.022455154
  2.70108891  0.0211259611
  2.94533706  0.0199158117
  3.18882751  0.0187948011
  3.43169975  0.0177471638
  3.67405343  0.0167672969
  3.91596222  0.015854599
  4.15747404  0.0149865299
  4.39848995  0.0141673628
  4.63861084  0.0131307552
  4.87730646  0.0118601229
  5.11412191  0.0104400748
  5.34878159  0.00896373577
  5.58121347  0.00752759632
  5.81153107  0.00621817959
  6.04001331  0.00511156069
  6.26708221  0.00425922312
  6.4932518  0.00368393143
  6.71904421  0.00336568197
  6.9448452  0.00321876048
  7.1707983  0.0031535367
  7.3969183  0.00305392314
  7.62320328  0.00295247068
  7.84964848  0.00286198617
  8.07624722  0.00278282119
  8.30299759  0.0027062844
  8.52989578  0.00262770499
  8.75694275  0.00254071713
  8.98413372  0.00244373968
  9.2114687  0.00234209537
  9.43894196  0.0022422492
  9.66654968  0.00215232186
  9.89428997  0.00207728404
  10.122159  0.0020223232
  10.3501568  0.00198660977
  10.5782824  0.00196889089
  10.8065414  0.0019602736
  11.0349369  0.00195594854
  11.2634726  0.00194878574
  11.492157  0.00192974845
  11.7209949  0.00189556729
  11.9499941  0.00184192334
  12.1791611  0.00177134888
  12.4084997  0.00168347277
  12.6380167  0.00158379099
  12.8677168  0.00147767738
  13.0976086  0.00137121323
  13.3276968  0.00127408502
  13.557991  0.00119127089
  13.7885027  0.00112981035
  14.0192461  0.00109372253
  14.2502384  0.00108711375
  14.4815016  0.00111211673
  14.7130613  0.00116898492
  14.9449482  0.0012548801
  15.1771975  0.00136841135
  15.4098492  0.001505277
  15.6429501  0.00166031905
  15.8765478  0.0018280712
  16.1106968  0.00200348347
  16.3454571  0.00217791786
  16.5808907  0.00234920532
  16.8170605  0.00251171202
  17.0540352  0.00265999371
  17.2918835  0.00278936373
  17.5306702  0.00289762369
  17.7704659  0.00298392377
  18.0113316  0.00304600527
  18.2533302  0.00308133569
  18.4965096  0.00309278094
  18.7409153  0.00308091147
  18.9865799  0.00304536498
  19.2335205  0.00298855291
  19.4817352  0.00291391811
  19.7312145  0.00282092951
  19.9819107  0.00271339202
  20.2337723  0.00259437668
  20.4867134  0.00246440247
  20.7406292  0.00232779002
  20.9953938  0.00218563923
  21.2508621  0.00203976128
  21.5068741  0.00189466495
  21.7632542  0.00174976757
  22.0198212  0.00161010574
  22.2763939  0.00147373579
  22.532793  0.00134527963
  22.788847  0.00122549164
  23.0443954  0.00111390965
  23.2993011  0.00101256906
  23.5534363  0.000921566214
  23.8067017  0.000838824315
  24.0590172  0.000764790166
  24.3103294  0.000698530988
  24.5605965  0.000636444835
  24.809803  0.000582252513
  25.0579529  0.0005302137
  25.3050575  0.000480343559
  25.5511436  0.000432070607
  25.7962532  0.000387335836
  26.040432  0.000343550899
  26.2837276  0.000302967033
  26.5261974  0.000265849987
  26.7678986  0.000234050851
  27.0088863  0.00020600915
  27.2492161  0.000184036093
  27.4889412  0.000167185935
  27.7281189  0.000155530099
  27.9667912  0.000146838094
  28.2050076  0.000139465701
  28.442812  0.000131986671
  28.6802406  0.000121831225
  28.9173317  0.000110563982
  29.1541176  9.48087691E-05
  29.3906345  7.72127241E-05
  29.6269073  5.91384596E-05
  29.8629627  4.12624031E-05
  30.0988255  2.87075381E-05
  30.3345184  1.96186284E-05
  30.5700569  1.53456785E-05
  30.8054619  1.63587083E-05
  31.0407448  2.16649296E-05
  31.275919  2.56455241E-05
  31.5109978  2.77348227E-05
  31.7459908  2.58483087E-05
  31.9809055  1.87942114E-05
  32.2157555  6.78082824E-06
  32.4505386 -3.67469329E-06
  32.685276 -1.15246376E-05
  32.9199677 -1.14827153E-05
  33.1546135 -5.17918488E-06
  33.3892288  5.33536195E-06
  33.6238098  1.77587008E-05
  33.8583641  2.38368193E-05
  34.0928917  2.20232596E-05
  34.3273888  1.08705735E-05
  34.5618706 -1.27260319E-06
  34.7963333 -8.16696684E-06
  35.0307808 -5.07406776E-06
  35.2652168  7.32776607E-06
  35.4996414  1.95455705E-05
  35.7340508  2.01621278E-05
  35.9684486  6.96451798E-06
  36.2028389 -8.94167442E-06
  36.4372177 -1.05486552E-05
  36.6715965  7.5058565E-06
  36.9059677  1.41941109E-05
  37.1403275 -6.59235093E-06
