  1.07339954  0.
  1.05941963 -1.44018996
  1.04543972  0.0280703753
  1.12531257  0.00199505803
  1.2605257  0.0191947054
  1.40966451  0.0174272712
  1.57188237  0.0187194832
  1.74453342  0.0198882259
  1.92568946  0.0205081962
  2.1138885  0.0207173303
  2.30798316  0.0206853002
  2.50705671  0.0205224063
  2.71037054  0.0202902742
  2.91731834  0.0200189631
  3.1274004  0.0197175331
  3.34020233  0.0193911456
  3.55537534  0.0190426297
  3.77262831  0.0186756309
  3.99171209  0.0182918012
  4.21241331  0.0178915337
  4.43454218  0.0173739959
  4.65783262  0.0165463667
  4.88191605  0.0153285358
  5.10640383  0.013789827
  5.33092451  0.0120921899
  5.5551734  0.0103758471
  5.77894545  0.00876482483
  6.00214529  0.00736724492
  6.22479105  0.00627504615
  6.44701624  0.00553683611
  6.66904068  0.00514813839
  6.89110947  0.00502824783
  7.11338663  0.00499522826
  7.33589935  0.0049795853
  7.55865097  0.00491023902
  7.78164196  0.00482555293
  8.00486946  0.00474139024
  8.2283287  0.00465790927
  8.45201874  0.00456653815
  8.6759367  0.00446588034
  8.90008163  0.004353642
  9.12444782  0.00423379941
  9.34903526  0.00411343807
  9.57383633  0.00399883557
  9.79884815  0.00389485201
  10.0240679  0.0037995968
  10.2494926  0.00371124572
  10.4751234  0.00362328044
  10.7009602  0.00353136938
  10.9270029  0.0034274254
  11.1532545  0.00331148319
  11.3797121  0.00318508106
  11.6063795  0.00304813078
  11.8332529  0.00290846569
  12.0603361  0.00277193682
  12.2876282  0.0026466113
  12.51513  0.00253691827
  12.7428465  0.00244699139
  12.9707823  0.0023784074
  13.198947  0.00232868991
  13.427352  0.00229661982
  13.6560116  0.00227541244
  13.884943  0.00226034666
  14.1141653  0.00224280125
  14.3437014  0.00221778778
  14.5735741  0.00218031532
  14.8038111  0.00212688535
  15.0344391  0.00205492275
  15.2654877  0.00196555583
  15.4969873  0.00186036492
  15.7289734  0.00174309674
  15.9614763  0.0016180611
  16.1945362  0.00149205048
  16.4281921  0.0013690748
  16.6624889  0.00125800946
  16.8974667  0.00116533472
  17.1331787  0.00109467271
  17.3696747  0.00104941777
  17.6070042  0.0010336939
  17.8452244  0.00105070323
  18.0843906  0.00109973142
  18.3245544  0.00117722421
  18.5657673  0.00128424785
  18.808073  0.001416435
  19.0515099  0.00156833325
  19.2961006  0.00173628761
  19.5418644  0.00191571424
  19.7887974  0.00209750584
  20.0368729  0.00227896683
  20.2860565  0.00245361682
  20.5362854  0.00261602015
  20.7874737  0.0027630413
  21.0395126  0.00288895797
  21.2922802  0.00299063115
  21.5456333  0.00306787342
  21.7994118  0.00311643304
  22.0534496  0.00313816848
  22.3075809  0.00313074118
  22.5616341  0.00309806573
  22.8154469  0.00304124691
  23.0688648  0.00296270452
  23.3217564  0.00286690216
  23.5739937  0.00275704125
  23.8254814  0.0026360685
  24.0761395  0.0025087595
  24.3259106  0.00237864535
  24.5747509  0.00224566483
  24.8226433  0.00211767876
  25.0695839  0.00199012179
  25.3155766  0.00186464714
  25.5606499  0.0017426596
  25.8048325  0.00162440224
  26.0481663  0.0015075102
  26.2906914  0.00139278965
  26.5324593  0.00128040486
  26.7735233  0.00117152859
  27.0139294  0.00106568157
  27.2537308  0.000965562824
  27.492981  0.000872828357
  27.7317276  0.000789291342
  27.9700127  0.000714823313
  28.2078819  0.000650084403
  28.4453773  0.00059365842
  28.6825314  0.000544462411
  28.9193783  0.000501615054
  29.1559486  0.00045968272
  29.3922749  0.000418718089
  29.628376  0.000378092285
  29.8642769  0.00033603856
  30.1000042  0.000296902872
  30.3355713  0.000259750232
  30.5709972  0.000227503275
  30.806303  0.000202721363
  31.0414982  0.000186963298
  31.2765942  0.000175427573
  31.5116024  0.000167869919
  31.7465363  0.000160734562
  31.9813957  0.000149159299
  32.2161942  0.000130997185
  32.4509315  0.000110778026
  32.685627  8.80801454E-05
  32.9202766  7.1114584E-05
  33.1548882  5.9873204E-05
  33.389473  5.66159797E-05
  33.6240234  6.08453156E-05
  33.858551  6.37049015E-05
  34.0930557  6.18062913E-05
  34.3275299  4.96028188E-05
  34.5619926  3.34446959E-05
  34.7964401  1.90658775E-05
  35.0308685  1.43298666E-05
  35.2652893  2.22612362E-05
  35.4997025  3.47308633E-05
  35.7341003  3.77067663E-05
  35.9684906  2.69463962E-05
  36.2028694  1.09835992E-05
  36.4372406  8.36230447E-06
  36.6716118  2.55063824E-05
  36.9059792  3.22293017E-05
  37.1403313  1.36557546E-05
