  1.06640959 -0.188036799
  1.05242968 -0.448499471
  1.08537614  0.074454397
  1.19291925  0.00604663789
  1.33509505  0.0241505802
  1.33509505 -0.235413313
  1.33509505  0.0241505802
  1.49077344  0.0355692804
  1.65820789  0.0440845788
  1.83511138  0.0505391359
  2.01978898  0.0554215312
  2.21093583  0.0590991974
  2.40751982  0.0618413687
  2.60871363  0.0638455749
  2.81384444  0.0652624369
  2.81384444 -0.496156693
  2.81384444  0.0652624369
  3.02235937  0.0662066936
  3.23380113  0.0667665601
  3.44778872  0.0670103431
  3.66400194  0.0669937134
  3.8821702  0.0667620897
  4.10206318  0.0663535595
  4.32347775  0.0658021569
  4.54618692  0.0651495457
  4.7698741  0.0644394755
  4.9941597  0.0636333227
  5.21866417  0.0627716184
  5.44304895  0.0618621707
  5.6670599  0.0608956218
  5.89054537  0.0598759055
  6.11346769  0.058814168
  6.33590364  0.0577226281
  6.5580287  0.0566115975
  6.78007555  0.0554904342
  7.00224829  0.0543693304
  7.22464275  0.0532757044
  7.44727468  0.0521680117
  7.67014599  0.0510659218
  7.89325523  0.0499870777
  8.11659908  0.0489305258
  8.34017372  0.0478913784
  8.5639782  0.046867609
  8.5639782 -1.
  8.5639782  0.046867609
  8.78800964  0.04586339
  9.01226521  0.0448821783
  9.23674202  0.043928504
  9.46143532  0.0430057049
  9.68634224  0.0421124697
  9.91145706  0.0412452221
  10.1367807  0.0404005051
  10.3623085  0.039572835
  10.5880413  0.0387605429
  10.813982  0.0379638672
  11.0401287  0.037183404
  11.2664833  0.0364245176
  11.4930458  0.0356912613
  11.7198162  0.0349875689
  11.9467945  0.0343153477
  12.1739817  0.0336769819
  12.4013786  0.0330702066
  12.6289873  0.0324923992
  12.8568144  0.0319395065
  13.0848656  0.0314024687
  13.3131495  0.0308769941
  13.5416822  0.0303581953
  13.7704773  0.0298390388
  13.9995546  0.0293192863
  14.2289333  0.0287963152
  14.4586372  0.0282701254
  14.688693  0.027747035
  14.9191246  0.0272285938
  15.1499634  0.0267211199
  15.381237  0.0262316465
  15.6129799  0.0257641077
  15.8452244  0.0253244638
  16.0780087  0.0249177217
  16.3113651  0.0245447159
  16.5453415  0.0242062807
  16.7799778  0.0239011049
  17.0153236  0.0236278772
  17.2514267  0.0233799219
  17.2514267 -1.
  17.2514267  0.0233799219
  17.4883385  0.0231502056
  17.7261162  0.0229325294
  17.9648075  0.0227177143
  18.2044716  0.0224964619
  18.4451599  0.0222593546
  18.6869202  0.0219979286
  18.9297905  0.0217020512
  19.1738052  0.0213668346
  19.4189835  0.0209864378
  19.6653309  0.0205558538
  19.9128342  0.020072937
  20.1614647  0.0195374489
  20.4111729  0.0189510584
  20.6618786  0.0183161497
  20.9134922  0.0176388025
  21.1658974  0.0169240236
  21.4189568  0.0161784887
  21.6725216  0.0154099464
  21.9264297  0.0146254301
  22.1805153  0.0138322115
  22.4346085  0.01303792
  22.6885395  0.0122486353
  22.9421558  0.0114700794
  23.1953106  0.01070714
  23.4478741  0.00996434689
  23.6997375  0.00924634933
  23.9508114  0.00855576992
  24.201025  0.00789523125
  24.4503307  0.00726795197
  24.698698  0.00667572021
  24.9461136  0.00611937046
  25.1925793  0.00559997559
  25.4381142  0.00511729717
  25.6827431  0.00467050076
  25.6827431 -1.
  25.6827431  0.00467050076
  25.9265003  0.00425863266
  26.1694279  0.00387918949
  26.4115772  0.00353014469
  26.6529903  0.00320851803
  26.8937244  0.00291132927
  27.133831  0.00263643265
  27.3733559  0.00238192081
  27.6123543  0.00214660168
  27.8508682  0.00192940235
  28.0889492  0.00172996521
  28.3266296  0.00154948235
  28.5639534  0.00138580799
  28.8009548  0.00124120712
  29.0376644  0.00111317635
  29.2741127  0.000999927521
  29.5103245  0.000899910927
  29.7463264  0.000809192657
  29.9821396  0.000727295876
  30.2177868  0.000650644302
  30.4532852  0.000579357147
  30.6886501  0.000512242317
  30.9238987  0.000450849533
  31.1590443  0.000396728516
  31.3941002  0.000351428986
  31.6290684  0.00031375885
  31.8639641  0.000285148621
  32.098793  0.000260949135
  32.3335648  0.000240683556
  32.5682831  0.000218987465
  32.8029518  0.000196099281
  33.0375824  0.000170946121
  33.2721825  0.000146269798
  33.5067482  0.000125050545
  33.7412872  0.000110268593
  33.9757996  0.000102758408
  34.2102928  9.98973846E-05
  34.4447632  9.52482224E-05
  34.6792145  8.71419907E-05
  34.9136543  7.29560852E-05
  35.1480789  5.74588776E-05
  35.3824921  4.61339951E-05
  35.6169014  4.38690186E-05
  35.8512955  4.85181808E-05
  36.0856781  5.00679016E-05
  36.3200569  4.29153442E-05
  36.5544281  2.96831131E-05
  36.7887955  2.65836716E-05
  37.0231552  3.70740891E-05
  37.2575073  3.20672989E-05
