 -2.04664898  0.360879302
 -1.68045807  0.322751582
 -1.31670463  0.285764903
 -0.958106518  0.250558555
 -0.605326235  0.217488319
 -0.605326235  0.106735229
 -0.605326235  0.217488319
 -0.259141207  0.186959118
  0.0796825886  0.159380749
  0.410482168  0.135108232
  0.732799888  0.114365116
  1.04646289  0.0971773863
  1.35162163  0.0833493471
  1.64872646  0.0724960268
  1.93845093  0.0641198158
  1.93845093 -0.341801226
  1.93845093  0.0641198158
  2.22159362  0.0576977432
  2.49898934  0.052749902
  2.77143812  0.0488797426
  3.03966498  0.045781672
  3.30430079  0.0432374477
  3.56587934  0.0410996675
  3.82484031  0.0392722487
  4.08146858  0.0376952887
  4.33575535  0.036313653
  4.58734465  0.0351110101
  4.83572435  0.034078002
  5.08051014  0.0331778526
  5.32158184  0.0323740244
  5.55908918  0.0316413045
  5.79340935  0.0309644341
  6.02510309  0.0303308368
  6.25486279  0.0297329426
  6.48342896  0.0291656256
  6.71146393  0.0286225677
  6.9394002  0.0281198621
  7.1674161  0.0276206732
  7.39554501  0.0271377563
  7.6237855  0.0266799927
  7.8521328  0.0262442827
  8.08058357  0.0258227587
  8.30913734  0.0254069567
  8.30913734 -1.
  8.30913734  0.0254069567
  8.53779411  0.0249925852
  8.76655483  0.02457726
  8.99542236  0.0241626501
  9.22439671  0.0237541199
  9.45347881  0.0233573914
  9.68266678  0.0229783058
  9.91195965  0.0226225853
  10.1413546  0.0222915411
  10.3708487  0.0219869614
  10.60044  0.0217058659
  10.8301277  0.0214425325
  11.0599155  0.0211910009
  11.2898045  0.0209425688
  11.5198011  0.0206879377
  11.7499161  0.0204173326
  11.9801588  0.0201230049
  12.2105465  0.0197964907
  12.4410944  0.0194318295
  12.6718245  0.0190255642
  12.9027567  0.0185722113
  13.133914  0.0180723667
  13.365325  0.0175278187
  13.5970135  0.0169389248
  13.82901  0.0163112879
  14.0613403  0.0156488419
  14.2940388  0.0149565935
  14.5271349  0.0142430067
  14.7606602  0.0135124922
  14.9946499  0.0127726793
  15.2291393  0.0120310783
  15.4641657  0.0112923384
  15.6997681  0.0105627775
  15.9359884  0.00984823704
  16.1728668  0.00915277004
  16.4104519  0.0084798336
  16.6487885  0.00783264637
  16.887928  0.00721549988
  17.1279182  0.00662851334
  17.1279182 -1.
  17.1279182  0.00662851334
  17.3688126  0.00607264042
  17.6106625  0.00554966927
  17.8535156  0.00505971909
  18.0974197  0.00460195541
  18.3424187  0.00417566299
  18.5885506  0.00378084183
  18.8358364  0.00341427326
  19.0842991  0.00307679176
  19.3339405  0.00276696682
  19.5847454  0.00248193741
  19.8366852  0.00222074986
  20.0897083  0.00198161602
  20.3437443  0.00176393986
  20.5986996  0.00156497955
  20.8544579  0.00138568878
  21.1108913  0.00122356415
  21.3678436  0.00107753277
  21.6251507  0.000947117805
  21.8826447  0.000831604004
  22.1401443  0.000729322433
  22.3974743  0.000639796257
  22.6544628  0.000562667847
  22.9109516  0.000495910645
  23.1667919  0.000439047813
  23.4218616  0.000390172005
  23.6760502  0.000348687172
  23.9292755  0.000312805176
  24.1814728  0.000280976295
  24.4326  0.000252008438
  24.6826401  0.000225901604
  24.9315853  0.000200510025
  25.1794491  0.000175833702
  25.42626  0.000151515007
  25.6720505  0.000127434731
  25.6720505 -1.
  25.6720505  0.000127434731
  25.9168682  0.000104308128
  26.1607628  8.23736191E-05
  26.4037895  6.28232956E-05
  26.6460037  4.57763672E-05
  26.8874645  3.19480896E-05
  27.128231  2.18153E-05
  27.3683529  1.51395798E-05
  27.6078892  1.25169754E-05
  27.8468876  1.1920929E-05
  28.0853996  1.28746033E-05
  28.3234673  1.53779984E-05
  28.5611343  1.6450882E-05
  28.7984447  1.71661377E-05
  29.035429  1.53779984E-05
  29.2721214  1.14440918E-05
  29.5085564  6.07967377E-06
  29.7447605 -5.96046448E-07
  29.9807549 -6.13927841E-06
  30.2165661 -9.7155571E-06
  30.4522114 -9.95397568E-06
  30.6877079 -7.03334808E-06
  30.9230709 -8.94069672E-07
  31.1583157  8.34465027E-06
  31.3934555  1.85966492E-05
  31.6284981  2.7179718E-05
  31.8634567  3.30209732E-05
  32.0983391  3.43322754E-05
  32.3331642  3.21865082E-05
  32.5679283  2.64644623E-05
  32.802639  2.07424164E-05
  33.0373116  1.65700912E-05
  33.2719421  1.63316727E-05
  33.5065346  1.99079514E-05
  33.7411003  2.67028809E-05
  33.9756279  3.32593918E-05
  34.2101364  3.60012054E-05
  34.444622  3.21865082E-05
  34.6790886  2.2649765E-05
  34.9135399  1.04904175E-05
  35.1479836  1.31130219E-06
  35.3824081 -1.01327896E-06
  35.6168251  3.09944153E-06
  35.8512306  9.41753387E-06
  36.0856209  8.46385956E-06
  36.3200111 -1.54972076E-06
  36.5543938 -1.49607658E-05
  36.7887688 -1.73449516E-05
  37.02314 -5.96046448E-06
  37.2575035 -9.35792923E-06
