 -0.189073116  0.0333385468
  0.0134631246  0.0454332754
  0.216145337  0.0573602542
  0.419362515  0.0687146932
  0.623509049  0.0792659372
  0.623509049 -0.109941483
  0.623509049  0.0792659372
  0.828846216  0.0888672322
  1.03556716  0.0974250734
  1.24381936  0.10488072
  1.45371783  0.111202151
  1.66535127  0.116375804
  1.87878776  0.120404869
  2.09407759  0.12330544
  2.31125546  0.125104845
  2.31125546 -0.407536745
  2.31125546  0.125104845
  2.53034115  0.125842035
  2.75134039  0.125565469
  2.97424626  0.124332666
  3.19903684  0.122212946
  3.42567754  0.11928457
  3.65411925  0.115634143
  3.88429427  0.111358643
  4.11605072  0.10657388
  4.34900856  0.101368129
  4.58247519  0.0959491134
  4.81558084  0.0904614329
  5.04752111  0.0850308537
  5.2777195  0.0797532797
  5.50588846  0.0746859312
  5.73203659  0.0698540211
  5.95644283  0.0652525425
  6.17961454  0.0608613491
  6.40219402  0.0566558242
  6.62482309  0.0526124239
  6.84796762  0.0487400293
  7.07185078  0.0450006723
  7.29651785  0.0414289236
  7.52194357  0.0380407572
  7.74809265  0.0348424911
  7.97492838  0.0318365097
  8.20241451  0.0290224552
  8.20241451 -1.
  8.20241451  0.0290224552
  8.43051338  0.0263998508
  8.65918541  0.0239636898
  8.88839626  0.0217095613
  9.11810875  0.0196304321
  9.34828854  0.017719388
  9.57890224  0.0159673691
  9.80992031  0.0143666267
  10.0413113  0.0129073858
  10.2730484  0.0115810633
  10.5051079  0.0103778839
  10.7374668  0.00928926468
  10.9701052  0.00830626488
  11.2030058  0.00742006302
  11.4361534  0.00662338734
  11.6695347  0.00590693951
  11.9031401  0.0052652359
  12.1369629  0.00469005108
  12.3709955  0.00417566299
  12.605237  0.00371658802
  12.8396873  0.00330543518
  13.0743484  0.00293850899
  13.309226  0.00261199474
  13.5443277  0.00231969357
  13.7796659  0.00205993652
  14.0152512  0.00182759762
  14.2511034  0.00162029266
  14.4872417  0.00143647194
  14.7236872  0.00127184391
  14.9604692  0.0011254549
  15.1976147  0.000995397568
  15.4351597  0.000879764557
  15.6731386  0.000776290894
  15.9115953  0.000684976578
  16.1505699  0.000603914261
  16.3901138  0.000531315804
  16.6302738  0.000466823578
  16.8711071  0.000410318375
  17.1126671  0.000359654427
  17.1126671 -1.
  17.1126671  0.000359654427
  17.3550091  0.000313997269
  17.5981922  0.000273346901
  17.8422718  0.000237345695
  18.0872993  0.00020468235
  18.3333263  0.000174999237
  18.5803967  0.000149011612
  18.8285389  0.000123977661
  19.0777798  0.00010228157
  19.3281269  8.30888748E-05
  19.5795727  6.49690628E-05
  19.8320904  4.85181808E-05
  20.0856342  3.38554382E-05
  20.3401394  2.08616257E-05
  20.5955143  8.70227814E-06
  20.8516502 -1.49011612E-06
  21.1084175 -1.01923943E-05
  21.3656693 -1.80602074E-05
  21.6232433 -2.43186951E-05
  21.8809719 -2.85506248E-05
  22.1386814 -3.15904617E-05
  22.3961964 -3.31997871E-05
  22.653347 -3.26633453E-05
  22.9099789 -3.12328339E-05
  23.1659489 -2.77161598E-05
  23.4211292 -2.31862068E-05
  23.6754169 -1.73449516E-05
  23.92873 -1.06096268E-05
  24.1810036 -3.51667404E-06
  24.4321976  3.57627869E-06
  24.6822968  1.13248825E-05
  24.9312897  1.83582306E-05
  25.1791954  2.41994858E-05
  25.4260406  2.90870667E-05
  25.6718578  3.21865082E-05
  25.6718578 -1.
  25.6718578  3.21865082E-05
  25.9166946  3.37362289E-05
  26.1606045  3.33786011E-05
  26.4036427  3.14712524E-05
  26.6458626  2.78949738E-05
  26.8873272  2.22921371E-05
  27.1280937  1.62124634E-05
  27.3682175  8.94069672E-06
  27.6077557  2.38418579E-06
  27.846756 -3.9935112E-06
  28.0852737 -9.29832458E-06
  28.3233471 -1.22785568E-05
  28.5610218 -1.39474869E-05
  28.7983379 -1.257658E-05
  29.0353279 -9.7155571E-06
  29.272028 -4.82797623E-06
  29.5084648  1.66893005E-06
  29.7446671  7.9870224E-06
  29.9806595  1.45435333E-05
  30.2164631  1.94311142E-05
  30.4521027  2.21729279E-05
  30.6875916  2.16960907E-05
  30.9229488  1.77621841E-05
  31.1581898  1.1920929E-05
  31.3933315  4.41074371E-06
  31.6283798 -4.05311584E-06
  31.8633461 -1.13844872E-05
  32.0982437 -1.65700912E-05
  32.3330765 -1.78813934E-05
  32.567852 -1.57952309E-05
  32.8025742 -9.1791153E-06
  33.0372505 -8.34465027E-07
  33.2718849  7.62939453E-06
  33.5064812  1.40666962E-05
  33.7410431  1.60932541E-05
  33.9755783  1.32322311E-05
  34.2100906  5.84125519E-06
  34.4445877 -4.41074371E-06
  34.6790581 -1.33514404E-05
  34.9135208 -1.73449516E-05
  35.1479683 -1.53183937E-05
  35.3823967 -7.68899918E-06
  35.6168137  4.76837158E-07
  35.8512192  4.29153442E-06
  36.0856133 -1.13248825E-06
  36.3200035 -1.38878822E-05
  36.55439 -2.49147415E-05
  36.788765 -2.40206718E-05
  37.02314 -1.06096268E-05
  37.2575035 -1.15633011E-05
