 -0.000329159229  5.79357147E-05
  0.233925611  8.65384936E-05
  0.468169212  0.000121362507
  0.702394366  0.000163279474
  0.936605036  0.000212922692
  0.936605036 -0.165148795
  0.936605036  0.000212922692
  1.1708014  0.000270009041
  1.4049834  0.000335007906
  1.6391505  0.000408798456
  1.87330186  0.000492811203
  2.1074357  0.000588327646
  2.34155083  0.000696331263
  2.57564545  0.000818431377
  2.80971813  0.000955700874
  2.80971813 -0.495429158
  2.80971813  0.000955700874
  3.04376674  0.00110977888
  3.27778959  0.0012820363
  3.51178503  0.00147378445
  3.74575067  0.00168681145
  3.97968483  0.00192254782
  4.21358585  0.00218307972
  4.44745016  0.00246930122
  4.68127346  0.00278294086
  4.91504526  0.00312453508
  5.14875078  0.00349724293
  5.38237238  0.00390583277
  5.6158886  0.00435608625
  5.8492794  0.00485628843
  6.08252335  0.00541621447
  6.31560135  0.00604707003
  6.54849625  0.00676029921
  6.78119659  0.00756746531
  7.01368952  0.00847840309
  7.24596119  0.00949990749
  7.4779892  0.010640502
  7.70974541  0.0119115114
  7.94120026  0.0133247375
  8.17232132  0.0148912668
  8.40307522  0.0166239738
  8.63342381  0.018535018
  8.86332989  0.0206348896
  8.86332989 -1.
  8.86332989  0.0206348896
  9.09275055  0.0229355097
  9.32164478  0.0254466534
  9.54996872  0.0281752348
  9.77767658  0.0311275721
  10.0047274  0.034304738
  10.2310762  0.0377053022
  10.4566832  0.0413230658
  10.6815109  0.0451453924
  10.9055233  0.0491535664
  11.1286974  0.0533225536
  11.3510094  0.0576199293
  11.5724516  0.0620052814
  11.7930193  0.0664310455
  12.0127249  0.0708427429
  12.2315903  0.0751793385
  12.4496498  0.0793757439
  12.666955  0.0833624601
  12.8835669  0.0870690346
  13.0995636  0.090426445
  13.3150368  0.093367219
  13.5300865  0.0958304405
  13.7448301  0.097763896
  13.9593897  0.0991234779
  14.1738987  0.099878788
  14.3884945  0.100010037
  14.603322  0.0995137691
  14.8185253  0.0983996391
  15.0342484  0.0966901779
  15.2506371  0.0944217443
  15.4678288  0.0916417837
  15.6859598  0.0884064436
  15.9051561  0.0847793818
  16.1255398  0.0808298588
  16.3472176  0.0766285658
  16.5702934  0.0722460747
  16.7948551  0.0677517653
  17.0209904  0.0632110834
  17.2487602  0.0586830378
  17.2487602 -1.
  17.2487602  0.0586830378
  17.4782333  0.0542212725
  17.7094555  0.0498718023
  17.9424667  0.0456732512
  18.1772976  0.0416561365
  18.4139652  0.0378446579
  18.6524792  0.0342553854
  18.892828  0.0308988094
  19.1349926  0.027780652
  19.3789387  0.0249011517
  19.6246109  0.022256732
  19.8719368  0.0198410749
  20.1208267  0.017645359
  20.371172  0.0156583786
  20.6228352  0.0138677359
  20.8756695  0.012260437
  21.1295071  0.0108232498
  21.384161  0.00954163074
  21.6394405  0.00840270519
  21.8951435  0.00739371777
  22.1510658  0.00650107861
  22.4070091  0.00571393967
  22.6627789  0.00502038002
  22.9181995  0.00441050529
  23.1731033  0.00387501717
  23.4273529  0.00340461731
  23.6808243  0.00299215317
  23.933424  0.00263082981
  24.1850739  0.00231313705
  24.4357224  0.00203418732
  24.6853447  0.0017901659
  24.9339256  0.00157499313
  25.181469  0.00138545036
  25.4279995  0.00121879578
  25.6735439  0.00107133389
  25.6735439 -1.
  25.6735439  0.00107133389
  25.9181423  0.00094127655
  26.1618443  0.000826001167
  26.4047012  0.000723958015
  26.6467648  0.000633478165
  26.888092  0.000552892685
  27.1287403  0.000481724739
  27.3687592  0.000418066978
  27.6082039  0.000361800194
  27.8471241  0.000311613083
  28.0855713  0.000267386436
  28.3235836  0.000228524208
  28.5612049  0.000193238258
  28.7984753  0.00016272068
  29.035429  0.000135064125
  29.2720966  0.000110864639
  29.5085087  8.92877579E-05
  29.7446957  6.9975853E-05
  29.9806747  5.29289246E-05
  30.2164726  3.74317169E-05
  30.4521084  2.37226486E-05
  30.6875992  1.07288361E-05
  30.9229603 -8.94069672E-07
  31.1582069 -1.12056732E-05
  31.3933525 -2.02059746E-05
  31.6284065 -2.78949738E-05
  31.8633804 -3.41534615E-05
  32.0982819 -3.88026237E-05
  32.3331184 -4.12464142E-05
  32.5679016 -4.20808792E-05
  32.8026276 -3.96370888E-05
  33.0373154 -3.52859497E-05
  33.2719574 -2.8014183E-05
  33.5065575 -1.84774399E-05
  33.7411308 -7.21216202E-06
  33.9756699  5.24520874E-06
  34.2101822  1.78813934E-05
  34.4446716  2.88486481E-05
  34.6791344  3.69548798E-05
  34.9135818  4.12464142E-05
  35.1480141  3.9935112E-05
  35.382431  3.30209732E-05
  35.6168442  2.15768814E-05
  35.8512459  7.62939453E-06
  36.08564 -4.76837158E-06
  36.3200302 -1.15036964E-05
  36.5544128 -8.22544098E-06
  36.788784  5.00679016E-06
  37.0231514  2.21729279E-05
  37.2575073  2.44379044E-05
