 -6.69385045E-05  1.16825104E-05
  0.234261692  1.43274665E-05
  0.468586862  1.62422657E-05
  0.702906609  2.00942159E-05
  0.937222958  2.53170729E-05
  0.937222958 -0.165257752
  0.937222958  2.53170729E-05
  1.17153656  3.18586826E-05
  1.40584767  3.97562981E-05
  1.64015627  4.86969948E-05
  1.8744626  5.92470169E-05
  2.10876656  7.14957714E-05
  2.34306741  8.58604908E-05
  2.57736564  0.00010201335
  2.81166101  0.000120252371
  2.81166101 -0.495771706
  2.81166101  0.000120252371
  3.04595304  0.000140786171
  3.28024149  0.000163733959
  3.51452684  0.000189065933
  3.74880838  0.000216901302
  3.98308635  0.000247716904
  4.2173605  0.000281512737
  4.45163012  0.000318527222
  4.68589497  0.000359117985
  4.92015457  0.00040346384
  5.15440607  0.000451922417
  5.38864851  0.000505805016
  5.62287807  0.00056540966
  5.85709286  0.000632107258
  6.09129047  0.000707447529
  6.32546806  0.000792920589
  6.5596242  0.000889956951
  6.79375696  0.00100064278
  7.0278635  0.00112640858
  7.26194286  0.00126898289
  7.49599123  0.00142991543
  7.73000479  0.0016118288
  7.96397877  0.00181758404
  8.1979084  0.00204944611
  8.43178844  0.00231122971
  8.66561127  0.00260663033
  8.89937115  0.00293886662
  8.89937115 -1.
  8.89937115  0.00293886662
  9.1330595  0.00331318378
  9.36666679  0.0037343502
  9.60018444  0.0042078495
  9.83360004  0.00473999977
  10.0669031  0.00533747673
  10.3000784  0.00600707531
  10.5331116  0.00675785542
  10.7659874  0.00759780407
  10.9986839  0.00853669643
  11.231185  0.00958454609
  11.4634666  0.0107525587
  11.695507  0.0120518208
  11.9272776  0.0134943724
  12.1587543  0.0150926113
  12.3899059  0.0168588161
  12.6206999  0.0188058615
  12.8511066  0.0209451914
  13.0810909  0.0232876539
  13.3106184  0.0258439779
  13.5396557  0.0286214352
  13.7681656  0.0316250324
  13.9961185  0.0348575115
  14.2234821  0.0383161306
  14.4502306  0.0419943333
  14.6763401  0.0458788872
  14.9017973  0.0499507189
  15.1265917  0.0541833639
  15.3507261  0.0585423708
  15.5742121  0.0629860163
  15.7970734  0.067463994
  16.0193501  0.0719194412
  16.2410946  0.0762876272
  16.4623795  0.0804998875
  16.6832867  0.0844825506
  16.9039192  0.0881603956
  17.1243992  0.0914592743
  17.3448601  0.0943078995
  17.5654507  0.0966402292
  17.5654507 -1.
  17.5654507  0.0966402292
  17.786335  0.0983989239
  18.0076828  0.0995380878
  18.2296734  0.100023389
  18.4524899  0.0998359919
  18.6763153  0.0989726782
  18.9013271  0.0974465609
  19.1276913  0.0952866077
  19.3555603  0.0925368071
  19.5850716  0.0892552137
  19.81633  0.0855104923
  20.0494137  0.0813803673
  20.2843685  0.0769486427
  20.5212097  0.0723007917
  20.759903  0.0675216913
  21.0003853  0.0626924038
  21.2425537  0.0578881502
  21.486269  0.0531746149
  21.7313652  0.0486092567
  21.9776554  0.0442376137
  22.2249317  0.0400948524
  22.4729748  0.0362062454
  22.7215672  0.0325866938
  22.9704952  0.0292429924
  23.2195549  0.0261751413
  23.4685593  0.0233767033
  23.7173424  0.0208374262
  23.9657612  0.0185439587
  24.2136898  0.0164798498
  24.4610367  0.0146288872
  24.7077332  0.0129739046
  24.9537201  0.0114972591
  25.1989727  0.0101822615
  25.4434757  0.00901401043
  25.6872311  0.00797665119
  25.6872311 -1.
  25.6872311  0.00797665119
  25.9302483  0.00705718994
  26.172554  0.00624299049
  26.4141788  0.00552213192
  26.6551533  0.00488460064
  26.8955154  0.00432109833
  27.1353111  0.0038228035
  27.3745766  0.00338256359
  27.6133537  0.00299346447
  27.8516827  0.00264954567
  28.0896034  0.00234591961
  28.3271484  0.0020775795
  28.5643559  0.00183999538
  28.8012581  0.00163006783
  29.0378838  0.00144410133
  29.2742577  0.00127995014
  29.5104084  0.0011343956
  29.7463608  0.00100541115
  29.982132  0.00089097023
  30.2177429  0.000789761543
  30.4532108  0.000699877739
  30.688549  0.000619769096
  30.9237747  0.000548839569
  31.1588974  0.000485777855
  31.3939323  0.000429391861
  31.6288872  0.000379323959
  31.8637676  0.000334262848
  32.098587  0.000293731689
  32.3333511  0.000257253647
  32.5680695  0.000223755836
  32.8027382  0.000193595886
  33.0373688  0.000165581703
  33.2719688  0.000139594078
  33.5065384  0.000115394592
  33.7410812  9.21487808E-05
  33.9756012  7.02142715E-05
  34.2101021  4.93526459E-05
  34.4445877  2.94446945E-05
  34.6790543  1.07288361E-05
  34.9135094 -6.13927841E-06
  35.1479568 -2.10404396E-05
  35.3823891 -3.272295E-05
  35.6168137 -4.02927399E-05
  35.8512306 -4.24981117E-05
  36.0856323 -3.85046005E-05
  36.3200302 -2.78949738E-05
  36.5544167 -1.10864639E-05
  36.7887878  8.46385956E-06
  37.0231514  2.49147415E-05
  37.2575073  2.62260437E-05
