 -0.12500000000000000      -9.66015347095032430E-005
  0.12500000000000000      -9.66015347095032430E-005
  0.37500000000000000      -1.05329434709360028E-004
  0.62500000000000000      -1.02199023440294765E-004
  0.87500000000000000      -9.01941412205896223E-005
   1.1250000000000000      -9.73387434264455623E-005
   1.3750000000000000      -1.09837627339897802E-004
   1.6250000000000000      -1.06728873312744846E-004
   1.8750000000000000      -9.33401767873409351E-005
   2.1250000000000000      -8.79788349442732698E-005
   2.3750000000000000      -9.67522956920906024E-005
   2.6250000000000000      -1.09185038583963789E-004
   2.8750000000000000      -1.12169293555846084E-004
   3.1250000000000000      -1.03078475011171095E-004
   3.3750000000000000      -9.04916910123463404E-005
   3.6250000000000000      -8.52834911953176048E-005
   3.8750000000000000      -9.16124259333015307E-005
   4.1250000000000000      -1.04605342058553214E-004
   4.3750000000000000      -1.14880788818778686E-004
   4.6250000000000000      -1.15396950226577468E-004
   4.8750000000000000      -1.05751960944405833E-004
   5.1250000000000000      -9.17970057033697448E-005
   5.3750000000000000      -8.16545303380520124E-005
   5.6250000000000000      -8.10004399991516328E-005
   5.8750000000000000      -9.02545098938791200E-005
   6.1250000000000000      -1.04799614478585105E-004
   6.3750000000000000      -1.17633128740438276E-004
   6.6250000000000000      -1.22818353769605856E-004
   6.8750000000000000      -1.18051963881338608E-004
   7.1250000000000000      -1.05366566906170994E-004
   7.3750000000000000      -8.99536835510868920E-005
   7.6250000000000000      -7.78579622278848514E-005
   7.8750000000000000      -7.36022459881118831E-005
   8.1250000000000000      -7.86439978819806183E-005
   8.3750000000000000      -9.11034436065613949E-005
   8.6250000000000000      -1.06677350634909300E-004
   8.8750000000000000      -1.20260159669890676E-004
   9.1250000000000000      -1.27640891168378693E-004
   9.3750000000000000      -1.26727652325293725E-004
   9.6250000000000000      -1.17991884289913364E-004
   9.8750000000000000      -1.04111724720594252E-004
   10.125000000000000      -8.90310044587017813E-005
   10.375000000000000      -7.67793011465763220E-005
   10.625000000000000      -7.04061852269912596E-005
   10.875000000000000      -7.12931815522694306E-005
   11.125000000000000      -7.89647577003957645E-005
   11.375000000000000      -9.13732813170801934E-005
   11.625000000000000      -1.05520820680259325E-004
   11.875000000000000      -1.18223702891060442E-004
   12.125000000000000      -1.26825961442677540E-004
   12.375000000000000      -1.29712682250525125E-004
   12.625000000000000      -1.26543576951090511E-004
   12.875000000000000      -1.18199922142405415E-004
   13.125000000000000      -1.06497757490410261E-004
   13.375000000000000      -9.37573467382126359E-005
   13.625000000000000      -8.23309220910958405E-005
   13.875000000000000      -7.41808980188041732E-005
   14.125000000000000      -7.05757943923205684E-005
   14.375000000000000      -7.19390286883455260E-005
   14.625000000000000      -7.78538825646081078E-005
   14.875000000000000      -8.72018376026543031E-005
   15.125000000000000      -9.83942442926655171E-005
   15.375000000000000      -1.09649749484545247E-004
   15.625000000000000      -1.19271032615749108E-004
   15.875000000000000      -1.25882018174022737E-004
   16.125000000000000      -1.28598230939781192E-004
   16.375000000000000      -1.27115862171256391E-004
   16.625000000000000      -1.21717427991104471E-004
   16.875000000000000      -1.13202268594967331E-004
   17.125000000000000      -1.02757814949071638E-004
   17.375000000000000      -9.17922916525794384E-005
   17.625000000000000      -8.17514329731590047E-005
   17.875000000000000      -7.39411816513745680E-005
   18.125000000000000      -6.93756549426934955E-005
   18.375000000000000      -6.86654001389261918E-005
   18.625000000000000      -7.19556564764152592E-005
   18.875000000000000      -7.89185409283301017E-005
   19.125000000000000      -8.87973264012201495E-005
   19.375000000000000      -1.00495793913724454E-004
   19.625000000000000      -1.12701458106779213E-004
   19.875000000000000      -1.24028623191730925E-004
   20.125000000000000      -1.33165920998697693E-004
   20.375000000000000      -1.39013254300154399E-004
   20.625000000000000      -1.40794801813700878E-004
   20.875000000000000      -1.38137683933506572E-004
   21.125000000000000      -1.31109684993835140E-004
   21.375000000000000      -1.20213662477205291E-004
   21.625000000000000      -1.06340514473477182E-004
   21.875000000000000      -9.06864192307056303E-005
   22.125000000000000      -7.46431637553042352E-005
   22.375000000000000      -5.96724917697315723E-005
   22.625000000000000      -4.71763830293513362E-005
   22.875000000000000      -3.83749997210669795E-005
   23.125000000000000      -3.42027867317293597E-005
   23.375000000000000      -3.52310743871524592E-005
   23.625000000000000      -4.16227629154097633E-005
   23.875000000000000      -5.31215702317596063E-005
   24.125000000000000      -6.90752123486856309E-005
   24.375000000000000      -8.84890499293475210E-005
   24.625000000000000      -1.10104414596994202E-004
   24.875000000000000      -1.32494191659011018E-004
   25.125000000000000      -1.54167365746975406E-004
   25.375000000000000      -1.73674133932205188E-004
   25.625000000000000      -1.89703785619406168E-004
   25.875000000000000      -2.01168712918054475E-004
   26.125000000000000      -2.07269487142564836E-004
   26.375000000000000      -2.07537740577597201E-004
   26.625000000000000      -2.01855456593075575E-004
   26.875000000000000      -1.90451044035535861E-004
   27.125000000000000      -1.73874131134743874E-004
   27.375000000000000      -1.52952271905291477E-004
   27.625000000000000      -1.28733661066155039E-004
   27.875000000000000      -1.02420481931119576E-004
   28.125000000000000      -7.52976743765461771E-005
   28.375000000000000      -4.86617395066123187E-005
   28.625000000000000      -2.37537446061978206E-005
   28.875000000000000      -1.70001922700692894E-006
   29.125000000000000       1.65367896600928543E-005
   29.375000000000000       3.01945376436369940E-005
   29.625000000000000       3.87354258072404340E-005
   29.875000000000000       4.18568791706957786E-005
   30.125000000000000       3.94902392069514639E-005
   30.375000000000000       3.17886792470220940E-005
   30.625000000000000       1.91062230100000876E-005
   30.875000000000000       1.97004989207803918E-006
   31.125000000000000      -1.89515901344531812E-005
   31.375000000000000      -4.28835394329868342E-005
   31.625000000000000      -6.89777973443684824E-005
   31.875000000000000      -9.63455444242295345E-005
   32.125000000000000      -1.24085483992929815E-004
   32.375000000000000      -1.51307192893940587E-004
   32.625000000000000      -1.77148512293294881E-004
   32.875000000000000      -2.00786327223862371E-004
   33.125000000000000      -2.21440359227273545E-004
   33.375000000000000      -2.38369813618204000E-004
   33.625000000000000      -2.50862870460779219E-004
   33.875000000000000      -2.58219079257738788E-004
   34.125000000000000      -2.59724708321706812E-004
   34.375000000000000      -2.54621009815295671E-004
   34.625000000000000      -2.42065191116181875E-004
   34.875000000000000      -2.21083633229441007E-004
   35.125000000000000      -1.90516567621146107E-004
   35.375000000000000      -1.48953012595621034E-004
   35.625000000000000      -9.46542751338154485E-005
   35.875000000000000      -2.54637369437653600E-005
   36.125000000000000       6.13000466599824498E-005
   36.375000000000000       1.68970714467457151E-004
   36.625000000000000       3.01686658555394040E-004
   36.875000000000000       4.64574606392572319E-004
   37.125000000000000       6.63971352630088828E-004
   37.375000000000000       9.07692281522738047E-004
   37.625000000000000       1.20535708440333718E-003
   37.875000000000000       1.56878511584435218E-003
   38.125000000000000       2.01247516242150908E-003
   38.375000000000000       2.55418701176754947E-003
   38.625000000000000       3.21564505721128610E-003
   38.875000000000000       4.02338713210309562E-003
   39.125000000000000       5.00978459349679401E-003
   39.375000000000000       6.21426192327589368E-003
   39.625000000000000       7.68474502106934569E-003
   39.875000000000000       9.47936565070275905E-003
   40.125000000000000       1.16684430856506174E-002
   40.375000000000000       1.43367495282031004E-002
   40.625000000000000       1.75860380365042562E-002
   40.875000000000000       2.15377621562356791E-002
   41.125000000000000       2.63358323613857546E-002
   41.375000000000000       3.21491162860648022E-002
   41.625000000000000       3.91731689230177399E-002
   41.875000000000000       4.76303352740081176E-002
   42.125000000000000       5.77668496155751277E-002
   42.375000000000000       6.98448073197966979E-002
   42.625000000000000       8.41258771224641794E-002
   42.875000000000000       0.10084242449044256     
   43.125000000000000       0.12015066455249122     
   43.375000000000000       0.14206044689630123     
   43.625000000000000       0.16633912786952867     
   43.875000000000000       0.19239562685203029     
   44.125000000000000       0.21916811828787253     
   44.375000000000000       0.24506399368488627     
   44.625000000000000       0.26802235644671379     
   44.875000000000000       0.28576194549244510     
   45.125000000000000       0.29621456117904027     
   45.375000000000000       0.29803339926198336     
   45.625000000000000       0.29097493565585758     
   45.875000000000000       0.27597191761746076     
   46.125000000000000       0.25486019583663527     
   46.375000000000000       0.22989508499337488     
   46.625000000000000       0.20326777119268954     
   46.875000000000000       0.17677689214402623     
   47.125000000000000       0.15169661430727446     
   47.375000000000000       0.12879621554325454     
   47.625000000000000       0.10843863660336807     
   47.875000000000000       9.06990656320013633E-002
   48.125000000000000       7.54705525045340359E-002
   48.375000000000000       6.25446963904521119E-002
   48.625000000000000       5.16673469027152110E-002
   48.875000000000000       4.25740512300248272E-002
   49.125000000000000       3.50108370900092461E-002
   49.375000000000000       2.87451361711829542E-002
   49.625000000000000       2.35704508453778959E-002
   49.875000000000000       1.93072642262458530E-002
   50.125000000000000       1.58018409613238063E-002
   50.375000000000000       1.29239612695105002E-002
   50.625000000000000       1.05642233155080235E-002
   50.875000000000000       8.63128414613850009E-003
   51.125000000000000       7.04924197564246215E-003
   51.375000000000000       5.75525951189501551E-003
   51.625000000000000       4.69746640657082385E-003
   51.875000000000000       3.83314354416445808E-003
   52.125000000000000       3.12717281478432389E-003
   52.375000000000000       2.55072686197851083E-003
   52.625000000000000       2.08017001591584167E-003
   52.875000000000000       1.69614168372980299E-003
   53.125000000000000       1.38279531181942643E-003
   53.375000000000000       1.12716871420988894E-003
   53.625000000000000       9.18664519365013262E-004
   53.875000000000000       7.48622409672789401E-004
   54.125000000000000       6.09967546686891390E-004
   54.375000000000000       4.96922014631123363E-004
   54.625000000000000       4.04768251156576505E-004
   54.875000000000000       3.29655274228869905E-004
   55.125000000000000       2.68440079275824401E-004
   55.375000000000000       2.18557900317951269E-004
   55.625000000000000       1.77916133670178003E-004
   55.875000000000000       1.44807643003628232E-004
   56.125000000000000       1.17839927806306211E-004
   56.375000000000000       9.58772683062040538E-005
   56.625000000000000       7.79934802927478713E-005
   56.875000000000000       6.34333415228384526E-005
   57.125000000000000       5.15811032612808326E-005
   57.375000000000000       4.19347892300327561E-005
   57.625000000000000       3.40852209074955938E-005
   57.875000000000000       2.76989019500067421E-005
   58.125000000000000       2.25040531473548338E-005
   58.375000000000000       1.82792190898818828E-005
   58.625000000000000       1.48439738242574917E-005
   58.875000000000000       1.20513394928591606E-005
   59.125000000000000       9.78160280737790904E-006
   59.375000000000000       7.93727208822776947E-006
   59.625000000000000       6.43896487404534755E-006
   59.875000000000000       5.22205470795672082E-006
   60.125000000000000       4.23393722530608135E-006
   60.375000000000000       3.43180139838815888E-006
   60.625000000000000       2.78081279797760632E-006
   60.875000000000000       2.25263287591318640E-006
   61.125000000000000       1.82421226592027013E-006
   61.375000000000000       1.47680751980175718E-006
   61.625000000000000       1.19518001562808217E-006
   61.875000000000000       9.66943379491100733E-007
   62.125000000000000       7.82031967833549252E-007
   62.375000000000000       6.32268020569005500E-007
   62.625000000000000       5.11009226174628620E-007
   62.875000000000000       4.12861810104273204E-007
   63.125000000000000       3.33447007170359297E-007
   63.375000000000000       2.69211021201243816E-007
   63.625000000000000       2.17270404525179587E-007
   63.875000000000000       1.75286281752459137E-007
   64.125000000000000       1.41362059024355050E-007
   64.375000000000000       1.13960252051615313E-007
   64.625000000000000       9.18348752360879857E-008
   64.875000000000000       7.39764937078229518E-008
   65.125000000000000       5.95675777583533575E-008
   65.375000000000000       4.79462373820443351E-008
   65.625000000000000       3.85767717882720797E-008
   65.875000000000000       3.10257597785987685E-008
   66.125000000000000       2.49426540008068941E-008
   66.375000000000000       2.00440352529705639E-008
   66.625000000000000       1.61008403381825083E-008
   66.875000000000000       1.29280050893839177E-008
   67.125000000000000       1.03760684974850120E-008
   67.375000000000000       8.32436879129678351E-009
   67.625000000000000       6.67553142806620762E-009
   67.875000000000000       5.35100518843050874E-009
   68.125000000000000       4.28744831788922872E-009
   68.375000000000000       3.43380386540103166E-009
   68.625000000000000       2.74893362526549133E-009
   68.875000000000000       2.19970468415560395E-009
   69.125000000000000       1.75944256460922502E-009
   69.375000000000000       1.40668119775715262E-009
   69.625000000000000       1.12415315062844081E-009
   69.875000000000000       8.97974246304943012E-010
   70.125000000000000       7.16985411985336296E-010
   70.375000000000000       5.72221647944136290E-010
   70.625000000000000       4.56483736473291338E-010
   70.875000000000000       3.63992953990940706E-010
   71.125000000000000       2.90112814806170564E-010
   71.375000000000000       2.31124926799591411E-010
   71.625000000000000       1.84048511877200922E-010
   71.875000000000000       1.46495146687589452E-010
   72.125000000000000       1.16551900500043850E-010
   72.375000000000000       9.26873594104614043E-011
   72.625000000000000       7.36760877147539275E-011
   72.875000000000000       5.85379358921617784E-011
   73.125000000000000       4.64892987455128844E-011
   73.375000000000000       3.69039881460484095E-011
   73.625000000000000       2.92818379079644560E-011
   73.875000000000000       2.32235241502865231E-011
   74.125000000000000       1.84103797691513432E-011
   74.375000000000000       1.45882198543141311E-011
   74.625000000000000       1.15543869831511507E-011
   74.875000000000000       9.14738017315368546E-012
   75.125000000000000       7.23855603967169600E-012
   75.375000000000000       5.72549118944535790E-012
   75.625000000000000       4.52667577227981882E-012
   75.875000000000000       3.57727320401328403E-012
   76.125000000000000       2.82573342664755988E-012
   76.375000000000000       2.23108915987398051E-012
   76.625000000000000       1.76079841923233478E-012
   76.875000000000000       1.38902374123621429E-012
   77.125000000000000       1.09526036475872605E-012
   77.375000000000000       8.63243118714919190E-013
   77.625000000000000       6.80075803087753817E-013
   77.875000000000000       5.35538103864794084E-013
   78.125000000000000       4.21534100174312528E-013
   78.375000000000000       3.31653644599899846E-013
   78.625000000000000       2.60823679866439853E-013
   78.875000000000000       2.05031181898438576E-013
   79.125000000000000       1.61103119751583949E-013
   79.375000000000000       1.26531781136879300E-013
   79.625000000000000       9.93361759466594628E-014
   79.875000000000000       7.79521179254867317E-014
   80.125000000000000       6.11450915152232866E-014
   80.375000000000000       4.79412131941305448E-014
   80.625000000000000       3.75725554282220465E-014
   80.875000000000000       2.94338656002343283E-014
   81.125000000000000       2.30483211575529625E-014
   81.375000000000000       1.80404470758109084E-014
   81.625000000000000       1.41147076429678042E-014
   81.875000000000000       1.10385915725115350E-014
   82.125000000000000       8.62925356802742224E-015
   82.375000000000000       6.74296947333242465E-015
   82.625000000000000       5.26681626039014668E-015
   82.875000000000000       4.11211047495450125E-015
   83.125000000000000       3.20923587105064402E-015
   83.375000000000000       2.50356799548193262E-015
   83.625000000000000       1.95226455535588145E-015
   83.875000000000000       1.52173879775557197E-015
   84.125000000000000       1.18567146346840341E-015
   84.375000000000000       9.23447223998856185E-016
   84.625000000000000       7.18925524880947919E-016
   84.875000000000000       5.59474751240349401E-016
   85.125000000000000       4.35213646192462665E-016
   85.375000000000000       3.38415776615537047E-016
   85.625000000000000       2.63042210767356830E-016
   85.875000000000000       2.04374968880895910E-016
   86.125000000000000       1.58729644060671058E-016
   86.375000000000000       1.23230193538343366E-016
   86.625000000000000       9.56325285994326593E-017
   86.875000000000000       7.41863902294525574E-017
   87.125000000000000       5.75272488947340580E-017
   87.375000000000000       4.45917390814036299E-017
   87.625000000000000       3.45515335926415857E-017
   87.875000000000000       2.67616591911996426E-017
   88.125000000000000       2.07201171680598523E-017
   88.375000000000000       1.60363496918910204E-017
   88.625000000000000       1.24066246865280464E-017
   88.875000000000000       9.59482951004335432E-018
   89.125000000000000       7.41749130970637286E-018
   89.375000000000000       5.73209885283334067E-018
   89.625000000000000       4.42800203968145809E-018
   89.875000000000000       3.41932311693458639E-018
   90.125000000000000       2.63943720889486632E-018
   90.375000000000000       2.03667654229562564E-018
   90.625000000000000       1.57098845409323589E-018
   90.875000000000000       1.21133649068871589E-018
   91.125000000000000       9.33680204528762333E-019
   91.375000000000000       7.19405433415148371E-019
   91.625000000000000       5.54105107924234420E-019
   91.875000000000000       4.26632696875580548E-019
   92.125000000000000       3.28367620526626662E-019
   92.375000000000000       2.52645394053337611E-019
   92.625000000000000       1.94315738144930994E-019
   92.875000000000000       1.49400057310298527E-019
   93.125000000000000       1.14826046699442364E-019
   93.375000000000000       8.82221412143423183E-020
   93.625000000000000       6.77583761368899901E-020
   93.875000000000000       5.20232283610924387E-020
   94.125000000000000       3.99283404689734749E-020
   94.375000000000000       3.06348437453131439E-020
   94.625000000000000       2.34964057772789431E-020
   94.875000000000000       1.80152231940916392E-020
   95.125000000000000       1.38080302518724742E-020
   95.375000000000000       1.05798538022362874E-020
   95.625000000000000       8.10375709539821904E-021
   95.875000000000000       6.20521185944679770E-021
   96.125000000000000       4.75004584267221036E-021
   96.375000000000000       3.63515147405700548E-021
   96.625000000000000       2.78132601191763537E-021
   96.875000000000000       2.12775657550695100E-021
   97.125000000000000       1.62777415972891579E-021
   97.375000000000000       1.24558639523534183E-021
   97.625000000000000       9.53765083227756309E-022
   97.875000000000000       7.31315789455376505E-022
   98.125000000000000       5.62196426133327000E-022
   98.375000000000000       4.34182422649073137E-022
   98.625000000000000       3.37999834092375413E-022
   98.875000000000000       2.66666151673011055E-022
   99.125000000000000       2.14992898558498404E-022
   99.375000000000000       1.79215284083609762E-022
   99.625000000000000       1.56723005670710412E-022
   99.875000000000000       1.45873329695358518E-022
   100.12500000000000       1.45873329695358518E-022
