 -0.12500000000000000       0.29802900934462739     
  0.12500000000000000       0.29801771721954312     
  0.37500000000000000       0.28903556271490172     
  0.62500000000000000       0.27240994153872405     
  0.87500000000000000       0.25013701149616674     
   1.1250000000000000       0.22449947907670437     
   1.3750000000000000       0.19763213588441519     
   1.6250000000000000       0.17123498218369096     
   1.8750000000000000       0.14647552086249260     
   2.1250000000000000       0.12402947100302235     
   2.3750000000000000       0.10418773320941413     
   2.6250000000000000       8.69751437256374438E-002
   2.8750000000000000       7.22524817239040273E-002
   3.1250000000000000       5.97926362928624458E-002
   3.3750000000000000       4.93322344602106985E-002
   3.6250000000000000       4.06038946836066728E-002
   3.8750000000000000       3.33546858740757235E-002
   4.1250000000000000       2.73554327201737564E-002
   4.3750000000000000       2.24042870015338444E-002
   4.6250000000000000       1.83269116828145527E-002
   4.8750000000000000       1.49748111083417186E-002
   5.1250000000000000       1.22227696773881574E-002
   5.3750000000000000       9.96597921238748935E-003
   5.6250000000000000       8.11718779556674583E-003
   5.8750000000000000       6.60404698996450157E-003
   6.1250000000000000       5.36673886551364970E-003
   6.3750000000000000       4.35590769087712375E-003
   6.6250000000000000       3.53088925349503806E-003
   6.8750000000000000       2.85821420376024780E-003
   7.1250000000000000       2.31035456485717203E-003
   7.3750000000000000       1.86468076648377474E-003
   7.6250000000000000       1.50259782646718532E-003
   7.8750000000000000       1.20883211587167116E-003
   8.1250000000000000       9.70843588803026506E-004
   8.3750000000000000       7.78341904343495591E-004
   8.6250000000000000       6.22888221130775302E-004
   8.8750000000000000       4.97567460562460106E-004
   9.1250000000000000       3.96718458678338426E-004
   9.3750000000000000       3.15711658475495796E-004
   9.6250000000000000       2.50765861408745185E-004
   9.8750000000000000       1.98797100267940802E-004
   10.125000000000000       1.57293960925915173E-004
   10.375000000000000       1.24214711989585765E-004
   10.625000000000000       9.79024396684432667E-005
   10.875000000000000       7.70150655953044232E-005
   11.125000000000000       6.04676778927645212E-005
   11.375000000000000       4.73850553348783635E-005
   11.625000000000000       3.70626312643190483E-005
   11.875000000000000       2.89344442921686727E-005
   12.125000000000000       2.25468697331433513E-005
   12.375000000000000       1.75371295263937864E-005
   12.625000000000000       1.36157472194638422E-005
   12.875000000000000       1.05522549060768423E-005
   13.125000000000000       8.16357593000676589E-006
   13.375000000000000       6.30460478387689916E-006
   13.625000000000000       4.86058722628971463E-006
   13.875000000000000       3.74097187287343230E-006
   14.125000000000000       2.87446156080167568E-006
   14.375000000000000       2.20504043540443398E-006
   14.625000000000000       1.68879245311204094E-006
   14.875000000000000       1.29136008651209334E-006
   15.125000000000000       9.85919507293377579E-007
   15.375000000000000       7.51571301724616365E-007
   15.625000000000000       5.72064596310973321E-007
   15.875000000000000       4.34787979722789167E-007
   16.125000000000000       3.29973345563777976E-007
   16.375000000000000       2.50069210914648896E-007
   16.625000000000000       1.89248578820857757E-007
   16.875000000000000       1.43023339065306275E-007
   17.125000000000000       1.07942818473494492E-007
   17.375000000000000       8.13586326205619294E-008
   17.625000000000000       6.12416498131676807E-008
   17.875000000000000       4.60398176249457841E-008
   18.125000000000000       3.45679563860084466E-008
   18.375000000000000       2.59225037636009368E-008
   18.625000000000000       1.94156911226723943E-008
   18.875000000000000       1.45248204255985202E-008
   19.125000000000000       1.08532509727042659E-008
   19.375000000000000       8.10044784351122079E-009
   19.625000000000000       6.03902859315125425E-009
   19.875000000000000       4.49720396061351076E-009
   20.125000000000000       3.34536808259783074E-009
   20.375000000000000       2.48587483343674977E-009
   20.625000000000000       1.84525608260396954E-009
   20.875000000000000       1.36830813472252647E-009
   21.125000000000000       1.01360491385850065E-009
   21.375000000000000       7.50098898374589565E-010
   21.625000000000000       5.54549971448101448E-010
   21.875000000000000       4.09583391269766599E-010
   22.125000000000000       3.02225056494158411E-010
   22.375000000000000       2.22798317575786543E-010
   22.625000000000000       1.64094237850551058E-010
   22.875000000000000       1.20748366131052160E-010
   23.125000000000000       8.87732413770735886E-011
   23.375000000000000       6.52081689768629665E-011
   23.625000000000000       4.78571835613894445E-011
   23.875000000000000       3.50932364165984509E-011
   24.125000000000000       2.57120486230228639E-011
   24.375000000000000       1.88231628311649952E-011
   24.625000000000000       1.37688204697307656E-011
   24.875000000000000       1.00636269748175965E-011
   25.125000000000000       7.34972845171655885E-012
   25.375000000000000       5.36354863741739273E-012
   25.625000000000000       3.91113134884550112E-012
   25.875000000000000       2.84988147200146666E-012
   26.125000000000000       2.07505816278638907E-012
   26.375000000000000       1.50979361943296648E-012
   26.625000000000000       1.09772456742878143E-012
   26.875000000000000       7.97557898823994017E-013
   27.125000000000000       5.79066643798073468E-013
   27.375000000000000       4.20142607922592323E-013
   27.625000000000000       3.04628842249799386E-013
   27.875000000000000       2.20727072245599190E-013
   28.125000000000000       1.59828624597875390E-013
   28.375000000000000       1.15656993604461237E-013
   28.625000000000000       8.36395198247087158E-014
   28.875000000000000       6.04473538310480132E-014
   29.125000000000000       4.36589156076059317E-014
   29.375000000000000       3.15139007585559627E-014
   29.625000000000000       2.27336177636484912E-014
   29.875000000000000       1.63898752357412591E-014
   30.125000000000000       1.18093747637955281E-014
   30.375000000000000       8.50404825531121758E-015
   30.625000000000000       6.12033794508489321E-015
   30.875000000000000       4.40229582876967491E-015
   31.125000000000000       3.16475699490066143E-015
   31.375000000000000       2.27385081776240463E-015
   31.625000000000000       1.63285300896464525E-015
   31.875000000000000       1.17192210262170007E-015
   32.125000000000000       8.40659028831283256E-016
   32.375000000000000       6.02716935125952510E-016
   32.625000000000000       4.31898923845951000E-016
   32.875000000000000       3.09334848643620040E-016
   33.125000000000000       2.21440119750461216E-016
   33.375000000000000       1.58440855552131918E-016
   33.625000000000000       1.13308918249103557E-016
   33.875000000000000       8.09934005132899641E-017
   34.125000000000000       5.78663824014198635E-017
   34.375000000000000       4.13234601748553383E-017
   34.625000000000000       2.94959994322895913E-017
   34.875000000000000       2.10439877764349763E-017
   35.125000000000000       1.50069974329583794E-017
   35.375000000000000       1.06970181084434697E-017
   35.625000000000000       7.62144079807146398E-018
   35.875000000000000       5.42774064760248543E-018
   36.125000000000000       3.86376713809316921E-018
   36.375000000000000       2.74925360968041000E-018
   36.625000000000000       1.95538726309639264E-018
   36.875000000000000       1.39016694439143686E-018
   37.125000000000000       9.87914532218833705E-019
   37.375000000000000       7.01765541247908441E-019
   37.625000000000000       4.98295456730005849E-019
   37.875000000000000       3.53676316648708384E-019
   38.125000000000000       2.50929141960362499E-019
   38.375000000000000       1.77960726881971751E-019
   38.625000000000000       1.26161554534964065E-019
   38.875000000000000       8.94049361713670306E-020
   39.125000000000000       6.33328967424893124E-020
   39.375000000000000       4.48468920393216204E-020
   39.625000000000000       3.17447725498155011E-020
   39.875000000000000       2.24621155085925925E-020
   40.125000000000000       1.58880036632261825E-020
   40.375000000000000       1.12338828014432641E-020
   40.625000000000000       7.94024578971087127E-021
   40.875000000000000       5.61026138216506476E-021
   41.125000000000000       3.96258784908787442E-021
   41.375000000000000       2.79784024056241968E-021
   41.625000000000000       1.97477054031913784E-021
   41.875000000000000       1.39335435900217708E-021
   42.125000000000000       9.82786553882535016E-022
   42.375000000000000       6.92964464968232983E-022
   42.625000000000000       4.88447940947079837E-022
   42.875000000000000       3.44177571811822949E-022
   43.125000000000000       2.42440514830781272E-022
   43.375000000000000       1.70721233402364181E-022
   43.625000000000000       1.20179650030952429E-022
   43.875000000000000       8.45739677205478820E-023
   44.125000000000000       5.94985188162939642E-023
   44.375000000000000       4.18447102009474299E-023
   44.625000000000000       2.94199005689696244E-023
   44.875000000000000       2.06780370357990556E-023
   45.125000000000000       1.45293477077149771E-023
   45.375000000000000       1.02059358869705963E-023
   45.625000000000000       7.16688865854166851E-024
   45.875000000000000       5.03130630706162496E-024
   46.125000000000000       3.53105348932191810E-024
   46.375000000000000       2.47743583448119025E-024
   46.625000000000000       1.73770575926495866E-024
   46.875000000000000       1.21850378694410712E-024
   47.125000000000000       8.54191879509893096E-025
   47.375000000000000       5.98636214436842532E-025
   47.625000000000000       4.19421404843160208E-025
   47.875000000000000       2.93778022203861942E-025
   48.125000000000000       2.05716988565136364E-025
   48.375000000000000       1.44013822788021104E-025
   48.625000000000000       1.00791143447461082E-025
   48.875000000000000       7.05221806475288482E-026
   49.125000000000000       4.93304686758857530E-026
   49.375000000000000       3.44978370288427271E-026
   49.625000000000000       2.41188480553127172E-026
   49.875000000000000       1.68581638215197130E-026
   50.125000000000000       1.17802340977754191E-026
   50.375000000000000       8.22978391318883882E-027
   50.625000000000000       5.74797286824790708E-027
   50.875000000000000       4.01359591941251241E-027
   51.125000000000000       2.80185802720316886E-027
   51.375000000000000       1.95547837280575640E-027
   51.625000000000000       1.36444232037208801E-027
   51.875000000000000       9.51817020486350649E-028
   52.125000000000000       6.63817520867209949E-028
   52.375000000000000       4.62851570638362317E-028
   52.625000000000000       3.22651267694881170E-028
   52.875000000000000       2.24866323629719036E-028
   53.125000000000000       1.56680760119867792E-028
   53.375000000000000       1.09146022313410233E-028
   53.625000000000000       7.60154596873760684E-029
   53.875000000000000       5.29295834917908822E-029
   54.125000000000000       3.68466765460798325E-029
   54.375000000000000       2.56449709360488490E-029
   54.625000000000000       1.78447670828926353E-029
   54.875000000000000       1.24143810086215176E-029
   55.125000000000000       8.63466498647077226E-030
   55.375000000000000       6.00444488730859325E-030
   55.625000000000000       4.17453288908868192E-030
   55.875000000000000       2.90169165352333434E-030
   56.125000000000000       2.01652528259486830E-030
   56.375000000000000       1.40108924556801837E-030
   56.625000000000000       9.73281159831032011E-031
   56.875000000000000       6.75961384366001926E-031
   57.125000000000000       4.69371986356815533E-031
   57.375000000000000       3.25855310314316512E-031
   57.625000000000000       2.26175437295574133E-031
   57.875000000000000       1.56956645014646045E-031
   58.125000000000000       1.08900088898226193E-031
   58.375000000000000       7.55425498506696546E-032
   58.625000000000000       5.23926705643895002E-032
   58.875000000000000       3.63300108702375059E-032
   59.125000000000000       2.51870447630137094E-032
   59.375000000000000       1.74584702134229640E-032
   59.625000000000000       1.20990989841791172E-032
   59.875000000000000       8.38336399467088410E-033
   60.125000000000000       5.80767945757447545E-033
   60.375000000000000       4.02259715058657705E-033
   60.625000000000000       2.78567593501941196E-033
   60.875000000000000       1.92874735826626814E-033
   61.125000000000000       1.33518469225842953E-033
   61.375000000000000       9.24121628793590743E-034
   61.625000000000000       6.39498088776970673E-034
   61.875000000000000       4.42458173632414857E-034
   62.125000000000000       3.06075504101354736E-034
   62.375000000000000       2.11694133391191067E-034
   62.625000000000000       1.46390698561763407E-034
   62.875000000000000       1.01214576529502432E-034
   63.125000000000000       6.99677748582112346E-035
   63.375000000000000       4.83591858230026639E-035
   63.625000000000000       3.34184503893393751E-035
   63.875000000000000       2.30898191409512324E-035
   64.125000000000000       1.59507875959358431E-035
   64.375000000000000       1.10172089566088344E-035
   64.625000000000000       7.60833044201794390E-036
   64.875000000000000       5.25334518702027799E-036
   65.125000000000000       3.62670110110903528E-036
   65.375000000000000       2.50332537087701590E-036
   65.625000000000000       1.72763900699968702E-036
   65.875000000000000       1.19211818400567597E-036
   66.125000000000000       8.22463585402554409E-037
   66.375000000000000       5.67342787615548559E-037
   66.625000000000000       3.91296826562171840E-037
   66.875000000000000       2.69835739673238018E-037
   67.125000000000000       1.86048169219166393E-037
   67.375000000000000       1.28258021321514231E-037
   67.625000000000000       8.84050946250355793E-038
   67.875000000000000       6.09261993524154692E-038
   68.125000000000000       4.19822128676267714E-038
   68.375000000000000       2.89242040130560732E-038
   68.625000000000000       1.99247443463947216E-038
   68.875000000000000       1.37233376361070381E-038
   69.125000000000000       9.45067398700499754E-039
   69.375000000000000       6.50732125639028941E-039
   69.625000000000000       4.48000534218630437E-039
   69.875000000000000       3.08384127331734107E-039
   70.125000000000000       2.12247742911394146E-039
   70.375000000000000       1.46060269847301441E-039
   70.625000000000000       1.00498468223820358E-039
   70.875000000000000       6.91393798229084936E-040
   71.125000000000000       4.75587657058370915E-040
   71.375000000000000       3.27095891393594080E-040
   71.625000000000000       2.24936213397944042E-040
   71.875000000000000       1.54662064027715354E-040
   72.125000000000000       1.06328259642362186E-040
   72.375000000000000       7.30894071174743291E-041
   72.625000000000000       5.02344147361419495E-041
   72.875000000000000       3.45215089190998553E-041
   73.125000000000000       2.37202929113509974E-041
   73.375000000000000       1.62964314470652911E-041
   73.625000000000000       1.11945721991984459E-041
   73.875000000000000       7.68891995092950562E-042
   74.125000000000000       5.28039430147699798E-042
   74.375000000000000       3.62585863168511514E-042
   74.625000000000000       2.48942588434673297E-042
   74.875000000000000       1.70895911004894306E-042
   75.125000000000000       1.17302858110730213E-042
   75.375000000000000       8.05063764584774940E-043
   75.625000000000000       5.52455164765450024E-043
   75.875000000000000       3.79061062001893200E-043
   76.125000000000000       2.60056069459793385E-043
   76.375000000000000       1.78390119574741682E-043
   76.625000000000000       1.22354763055533744E-043
   76.875000000000000       8.39107380639135175E-044
   77.125000000000000       5.75388359960124717E-044
   77.375000000000000       3.94504320056378737E-044
   77.625000000000000       2.70451816914084791E-044
   77.875000000000000       1.85385506396314254E-044
   78.125000000000000       1.27060239326349307E-044
   78.375000000000000       8.70746742263298896E-045
   78.625000000000000       5.96654092310245032E-045
   78.875000000000000       4.08791861585691280E-045
   79.125000000000000       2.80047038267103558E-045
   79.375000000000000       1.91826730033476538E-045
   79.625000000000000       1.31382320757014392E-045
   79.875000000000000       8.99735107238978659E-046
   80.125000000000000       6.16087789353064351E-046
   80.375000000000000       4.21814004866982149E-046
   80.625000000000000       2.88768693215087111E-046
   80.875000000000000       1.97665191311640816E-046
   81.125000000000000       1.35288698689937975E-046
   81.375000000000000       9.25857881814234984E-047
   81.625000000000000       6.33547052254367363E-047
   81.875000000000000       4.33476350654621187E-047
   82.125000000000000       2.96554266913579540E-047
   82.375000000000000       2.02859535212564186E-047
   82.625000000000000       1.38752046913023435E-047
   82.875000000000000       9.48934718503546772E-048
   83.125000000000000       6.48913005967947509E-048
   83.375000000000000       4.43700648179736017E-048
   83.625000000000000       3.03352323315541934E-048
   83.875000000000000       2.07376002919606424E-048
   84.125000000000000       1.41750244550593040E-048
   84.375000000000000       9.68820919438722415E-049
   84.625000000000000       6.62091177122484528E-049
   84.875000000000000       4.52425340185662425E-049
   85.125000000000000       3.09122840520421414E-049
   85.375000000000000       2.11188635907788424E-049
   85.625000000000000       1.44266498597799658E-049
   85.875000000000000       9.85408159447584073E-050
   86.125000000000000       6.73011911075420343E-050
   86.375000000000000       4.59605795981472495E-050
   86.625000000000000       3.13837335045948570E-050
   86.875000000000000       2.14279337315290568E-050
   87.125000000000000       1.46289370017331598E-050
   87.375000000000000       9.98624557892893528E-051
   87.625000000000000       6.81630349463319706E-051
   87.875000000000000       4.65214248073248661E-051
   88.125000000000000       3.17478786304560009E-051
   88.375000000000000       2.16637798733522937E-051
   88.625000000000000       1.47812709240232531E-051
   88.875000000000000       1.00843414103944324E-051
   89.125000000000000       6.87925998002625610E-052
   89.375000000000000       4.69239453498894114E-052
   89.625000000000000       3.20041376239352374E-052
   89.875000000000000       2.18261302973529253E-052
   90.125000000000000       1.48835508505773353E-052
   90.375000000000000       1.01483574718720772E-052
   90.625000000000000       6.91901921165441897E-053
   90.875000000000000       4.71686105493944718E-053
   91.125000000000000       3.21530062019149108E-053
   91.375000000000000       2.19154415289442267E-053
   91.625000000000000       1.49361679728918149E-053
   91.875000000000000       1.01786143496807595E-053
   92.125000000000000       6.93583605659833897E-054
   92.375000000000000       4.72574024564727996E-054
   92.625000000000000       3.21960001940698688E-054
   92.875000000000000       2.19328577019022972E-054
   93.125000000000000       1.49399767580055159E-054
   93.375000000000000       1.01757446226312552E-054
   93.625000000000000       6.93017540158022989E-055
   93.875000000000000       4.71937163044485505E-055
   94.125000000000000       3.21355860062114516E-055
   94.375000000000000       2.18801622261304612E-055
   94.625000000000000       1.48962616479603820E-055
   94.875000000000000       1.01406703109113423E-055
   95.125000000000000       6.90269744063037551E-056
   95.375000000000000       4.69822728392662145E-056
   95.625000000000000       3.19751413480807454E-056
   95.875000000000000       2.17597824453515318E-056
   96.125000000000000       1.48067873449516515E-056
   96.375000000000000       1.00747070786711248E-056
   96.625000000000000       6.85443204631520813E-057
   96.875000000000000       4.66318312099909307E-057
   97.125000000000000       3.17230507820519175E-057
   97.375000000000000       2.15808902439724196E-057
   97.625000000000000       1.46828302156197799E-057
   97.875000000000000       9.99289571879670852E-058
   98.125000000000000       6.80643034337108097E-058
   98.375000000000000       4.64446673450433392E-058
   98.625000000000000       3.18189680428937730E-058
   98.875000000000000       2.19869488247705751E-058
   99.125000000000000       1.54689284842985427E-058
   99.375000000000000       1.12836193338744269E-058
   99.625000000000000       8.80072768967184798E-059
   99.875000000000000       7.64624716480783458E-059
   100.12500000000000       7.64624716480783458E-059
