-5.7849 7.06072909249565867E-003
-5.5349 8.67625071405596186E-003
-5.2849 1.06764299430372883E-002
-5.0349 1.31111424397189098E-002
-4.7849 1.60382846795116100E-002
-4.5349 1.95784251913715991E-002
-4.2849 2.38878952753878229E-002
-4.0349 2.91424246010641499E-002
-3.7849 3.55350153864141122E-002
-3.5349 4.32789327237065452E-002
-3.2849 5.26097125646865851E-002
-3.0349 6.37824553768418234E-002
-2.7849 7.70612367595867875E-002
-2.5349 9.26969261080606011E-002
-2.2849 0.11088869968618859
-2.0349 0.13172388167601046
-1.7849 0.15509194539141483
-1.5349 0.18057413025137270
-1.2849 0.20732347601350035
-1.0349 0.23397270219982277
-0.784904 0.25863330367674175
-0.534904 0.27905860848193598
-0.284904 0.29300655920357310
-0.034904 0.29874204218152001
0.215096 0.29550577415648294
0.465096 0.28373884879139843
0.715096 0.26494996524752551
0.965096 0.24129315952994920
1.2151 0.21505416612923980
1.4651 0.18823970954660194
1.7151 0.16236160533423102
1.9651 0.13840030843156712
2.2151 0.11687941007776170
2.4651 9.79824649319053359E-002
2.7151 8.16676097656032912E-002
2.9651 6.77600328310713762E-002
3.2151 5.60182680009918346E-002
3.4651 4.61777507218961644E-002
3.7151 3.79772483352276355E-002
3.9651 3.11734621410013554E-002
4.2151 2.55479572867972834E-002
4.4651 2.09093829022556181E-002
4.7151 1.70929708032373055E-002
4.9651 1.39585899027323823E-002
5.2151 1.13881458618966848E-002
5.4651 9.28279456406251591E-003
5.7151 7.56023304204737987E-003
5.9651 6.15220403756982712E-003
6.2151 5.00227330732238781E-003
6.4651 4.06389381807801143E-003
6.7151 3.29874607114876177E-003
6.9651 2.67533120495718445E-003
7.2151 2.16778830285731814E-003
7.4651 1.75490637445740961E-003
7.7151 1.41930285423143006E-003
7.9651 1.14674299434621590E-003
8.2151 9.25577517821332923E-004
8.4651 7.46278939725161577E-004
8.7151 6.01059839026756092E-004
8.9651 4.83558965445007828E-004
9.2151 3.88583354626663446E-004
9.4651 3.11896600109685832E-004
9.7151 2.50045111322702042E-004
9.9651 2.00215602713931884E-004
10.2151 1.60118242775832018E-004
10.4651 1.27890875737858150E-004
10.7151 1.02020543297898697E-004
10.9651 8.12792060521847469E-005
11.2151 6.46711179130979508E-005
11.4651 5.13897620398895834E-005
11.7151 4.07826307859213160E-005
11.9651 3.23224392367040829E-005
12.2151 2.55836140020753409E-005
12.4651 2.02231058915759128E-005
12.7151 1.59647450605246914E-005
12.9651 1.25864968282586835E-005
13.2151 9.91009109908905725E-006
13.4651 7.79259262956950005E-006
13.7151 6.11955693906975782E-006
13.9651 4.79948044635720816E-006
14.2151 3.75930588247560614E-006
14.4651 2.94078718682446859E-006
14.7151 2.29755358533674548E-006
14.9651 1.79274172899039769E-006
15.2151 1.39708874910779922E-006
15.4651 1.08739877791100307E-006
15.7151 8.45311642479117375E-007
15.9651 6.56315689326783851E-007
16.2151 5.08957548412248790E-007
16.4651 3.94210523191818683E-007
16.7151 3.04970547326322814E-007
16.9651 2.35654567883773682E-007
17.2151 1.81881038096853842E-007
17.4651 1.40216126993511437E-007
17.7151 1.07972441102675104E-007
17.9651 8.30496389586358143E-008
18.2151 6.38084126425918942E-008
18.4651 4.89710028754638492E-008
18.7151 3.75427797694522862E-008
18.9651 2.87505214102407079E-008
19.2151 2.19939070582635104E-008
19.4651 1.68074518718952777E-008
19.7151 1.28306790868621843E-008
19.9651 9.78478076174115219E-009
20.2151 7.45438166063864962E-009
20.4651 5.67331056306500541E-009
20.7151 4.31351382747875993E-009
20.9651 3.27642916172211725E-009
21.2151 2.48628277129881620E-009
21.4651 1.88488801738314502E-009
21.7151 1.42761457199242734E-009
21.9651 1.08026874325232321E-009
22.2151 8.16682111185236294E-010
22.4651 6.16850022560134419E-010
22.7151 4.65496361716687902E-010
22.9651 3.50968349107712953E-010
23.2151 2.64386514979809855E-010
23.4651 1.98991716923822021E-010
23.7151 1.49644118486120164E-010
23.9651 1.12439213260011320E-010
24.2151 8.44138894912202747E-011
24.4651 6.33216762241700227E-011
24.7151 4.74610802525929900E-011
24.9651 3.55446173112249448E-011
25.2151 2.65989990622688813E-011
25.4651 1.98891457174834379E-011
25.7151 1.48603980729396535E-011
25.9651 1.10946157875488665E-011
26.2151 8.27685927418077769E-012
26.4651 6.17012930579733580E-012
26.7151 4.59623471891717550E-012
26.9651 3.42131578537069634E-012
27.2151 2.54490094293945562E-012
27.4651 1.89164238230366429E-012
27.7151 1.40508059412825342E-012
27.9651 1.04294412123588853E-012
28.2151 7.73609781857018846E-013
28.4651 5.73439254606035182E-013
28.7151 4.24776843378293618E-013
28.9651 3.14445608906705992E-013
29.2151 2.32618799104882975E-013
29.4651 1.71973643763748426E-013
29.7151 1.27057401678900054E-013
29.9651 9.38128161137943004E-014
30.2151 6.92231865417215387E-014
30.4651 5.10471204085651758E-014
30.7151 3.76204637220282687E-014
30.9651 2.77085128222462615E-014
31.2151 2.03958289217127308E-014
31.4651 1.50041509641875006E-014
31.7151 1.10312878205135293E-014
31.9651 8.10566208496646599E-015
32.2151 5.95252158921966081E-015
32.4651 4.36884207562609980E-015
32.7151 3.20469889152756248E-015
32.9651 2.34945009819334240E-015
33.2151 1.72149547356172187E-015
33.4651 1.26069121002839994E-015
33.7151 9.22735480672677182E-016
33.9651 6.75015600002342794E-016
34.2151 4.93538338033935310E-016
34.4651 3.60662375146842704E-016
34.7151 2.63424382560192009E-016
34.9651 1.92304118241537028E-016
35.2151 1.40313978716027636E-016
35.4651 1.02328182361514492E-016
35.7151 7.45888201500053998E-017
35.9651 5.43423645321572748E-017
36.2151 3.95723433405711861E-017
36.4651 2.88028553986291015E-017
36.7151 2.09542404283753695E-017
36.9651 1.52371217710227982E-017
37.2151 1.10746649296909493E-017
37.4651 8.04557093984479082E-018
37.7151 5.84229798366468700E-018
37.9651 4.24046048359836913E-018
38.2151 3.07642766041562285E-018
38.4651 2.23093351801408214E-018
38.7151 1.61709159483518763E-018
38.9651 1.17163541763779177E-018
39.2151 8.48519892582068373E-019
39.4651 6.14249750935830114E-019
39.7151 4.44470670356265733E-019
39.9651 3.21483061421079283E-019
40.2151 2.32429708099266706E-019
40.4651 1.67975288155913961E-019
40.7151 1.21344754858648862E-019
40.9651 8.76233988206216402E-020
41.2151 6.32476288058005852E-020
41.4651 4.56346832653591266E-020
41.7151 3.29134966513279267E-020
41.9651 2.37291797225081572E-020
42.2151 1.71010452875220388E-020
42.4651 1.23195630943609485E-020
42.7151 8.87160386152207192E-021
42.9651 6.38623082161284608E-021
43.2151 4.59540874346786590E-021
43.4651 3.30553801471205340E-021
43.7151 2.37684046601522276E-021
43.9651 1.70843771362024061E-021
44.2151 1.22755472629464373E-021
44.4651 8.81711507744835108E-022
44.7151 6.33078273143221427E-022
44.9651 4.54396383083453314E-022
45.2151 3.26031953035639849E-022
45.4651 2.33848494312640835E-022
45.7151 1.67671541233959742E-022
45.9651 1.20180979203316982E-022
46.2151 8.61122516110530491E-023
46.4651 6.16805422458768968E-023
46.7151 4.41658550771187341E-023
46.9651 3.16141493803525330E-023
47.2151 2.26221521097127143E-023
47.4651 1.61824785970763088E-023
47.7151 1.15722019148283801E-023
47.9651 8.27271229707148283E-024
48.2151 5.91210176191875187E-024
48.4651 4.22375805578261069E-024
48.7151 3.01661853969357306E-024
48.9651 2.15380833641575203E-024
49.2151 1.53730506509042776E-024
49.4651 1.09693387499340188E-024
49.7151 7.82472802189873780E-025
49.9651 5.57991367274336496E-025
50.2151 3.97792085062894180E-025
50.4651 2.83502056826376137E-025
50.7151 2.01989450508896693E-025
50.9651 1.43871418492413184E-025
51.2151 1.02445923791241462E-025
51.4651 7.29272948894694328E-026
51.7151 5.18993266519407521E-026
51.9651 3.69241462079794994E-026
52.2151 2.62625705632572234E-026
52.4651 1.86742399806105683E-026
52.7151 1.32748145528527121E-026
52.9651 9.43397442631662729E-027
53.2151 6.70258764821729972E-027
53.4651 4.76072116160028148E-027
53.7151 3.38054153373884463E-027
53.9651 2.39984910617614889E-027
54.2151 1.70320356008291848E-027
54.4651 1.20846745878400970E-027
54.7151 8.57215394407884112E-028
54.9651 6.07900310206608102E-028
55.2151 4.30985804312309732E-028
55.4651 3.05479837467999186E-028
55.7151 2.16467099859795212E-028
55.9651 1.53352824354085894E-028
56.2151 1.08613285991007594E-028
56.4651 7.69070537399023641E-029
56.7151 5.44430174010642954E-029
56.9651 3.85311285222559513E-029
57.2151 2.72631183560532506E-029
57.4651 1.92856512087063189E-029
57.7151 1.36391962998446738E-029
57.9651 9.64361026616139033E-030
58.2151 6.81691091592633129E-030
58.4651 4.81762925198243798E-030
58.7151 3.40390635829895998E-030
58.9651 2.40447896583847187E-030
59.2151 1.69810358685309122E-030
59.4651 1.19896873428957885E-030
59.7151 8.46355214726667026E-031
59.9651 5.97309301071072495E-031
60.2151 4.21452184968424293E-031
60.4651 2.97303763644783079E-031
60.7151 2.09679609418388786E-031
60.9651 1.47848290841358351E-031
61.2151 1.04227267464778929E-031
61.4651 7.34601719073008077E-032
61.7151 5.17641012153410019E-032
61.9651 3.64680181654959545E-032
62.2151 2.56863849508725390E-032
62.4651 1.80884659759591373E-032
62.7151 1.27352945617335014E-032
62.9651 8.96448475778557464E-033
63.2151 6.30886628233847249E-033
63.4651 4.43902433969254589E-033
63.7151 3.12273048189957202E-033
63.9651 2.19630577701723916E-033
64.2151 1.54441132534854991E-033
64.4651 1.08578932086909195E-033
64.7151 7.63204821418568943E-034
64.9651 5.36352275495887089E-034
65.2151 3.76854025732515415E-034
65.4651 2.64734609324863038E-034
65.7151 1.85935934510221259E-034
65.9651 1.30566420923463980E-034
66.2151 9.16675731333408383E-035
66.4651 6.43452563927408070E-035
66.7151 4.51579691738374183E-035
66.9651 3.16861758059362768E-035
67.2151 2.22291725982774819E-035
67.4651 1.55917656158233875E-035
67.7151 1.09341821773974270E-035
67.9651 7.66649393220913698E-036
68.2151 5.37436601374490084E-036
68.4651 3.76684806143804572E-036
68.7151 2.63967127518057128E-036
68.9651 1.84945141989687770E-036
69.2151 1.29556080599715074E-036
69.4651 9.07391934308421273E-037
69.7151 6.35410977871789858E-037
69.9651 4.44874629988036615E-037
70.2151 3.11418300130465922E-037
70.4651 2.17958904797186511E-037
70.7151 1.52520960224742830E-037
70.9651 1.06711026298555549E-037
71.2151 7.46473400243874980E-038
71.4651 5.22089631945605430E-038
71.7151 3.65091655786306982E-038
71.9651 2.55261468216567403E-038
72.2151 1.78441367547486427E-038
72.4651 1.24719152489446877E-038
72.7151 8.71562402115416288E-039
72.9651 6.08964461023713817E-039
73.2151 4.25416104967146420E-039
73.4651 2.97142527815373607E-039
73.7151 2.07512849743854123E-039
73.9651 1.44895485005153776E-039
74.2151 1.01156726916031950E-039
74.4651 7.06098222702481758E-040
74.7151 4.92794980508098863E-040
74.9651 3.43873422084301154E-040
75.2151 2.39917811169872901E-040
75.4651 1.67362548228601743E-040
75.7151 1.16731035747878887E-040
75.9651 8.14042400908315962E-041
76.2151 5.67597791910661912E-041
76.4651 3.95701506253007894E-041
76.7151 2.75821676675825160E-041
76.9651 1.92230863039609350E-041
77.2151 1.33952928206770601E-041
77.4651 9.33288732485093999E-042
77.7151 6.50151975438092328E-042
77.9651 4.52844542537632350E-042
78.2151 3.15369079346412735E-042
78.4651 2.19596357633237995E-042
78.7151 1.52885934241313416E-042
78.9651 1.06425728561985624E-042
79.2151 7.40734812139550913E-043
79.4651 5.15485224582151810E-043
79.7151 3.58680153165782334E-043
79.9651 2.49537859026760861E-043
80.2151 1.73581656051607779E-043
80.4651 1.20728499820611158E-043
80.7151 8.39565688269164714E-044
80.9651 5.83765954913969972E-044
81.2151 4.05847011470509818E-044
81.4651 2.82114720245848328E-044
81.7151 1.96078170503497657E-044
81.9651 1.36261492988837047E-044
82.2151 9.46798870270963415E-045
82.4651 6.57783992147263110E-045
82.7151 4.56930490276471198E-045
82.9651 3.17364636728576727E-045
83.2151 2.20398566370050614E-045
83.4651 1.53038647256952166E-045
83.7151 1.06251695964487567E-045
83.9651 7.37587079489669248E-046
84.2151 5.11957231695198950E-046
84.4651 3.55301702617814843E-046
84.7151 2.46549650505942616E-046
84.9651 1.71062674873839321E-046
85.2151 1.18672518179464172E-046
85.4651 8.23169657993894825E-047
85.7151 5.70917176810378285E-047
85.9651 3.95914753419551538E-047
86.2151 2.74520854065050251E-047
86.4651 1.90324340567669149E-047
86.7151 1.31934664790729588E-047
86.9651 9.14469757460009021E-048
87.2151 6.33761530135168849E-048
87.4651 4.39166036685774074E-048
87.7151 3.04283366913147323E-048
87.9651 2.10801899916100114E-048
88.2151 1.46021872802785129E-048
88.4651 1.01136667072606194E-048
88.7151 7.00401286301530811E-049
88.9651 4.84990300722680366E-049
89.2151 3.35789603384376696E-049
89.4651 2.32460828221848850E-049
89.7151 1.60909232464773255E-049
89.9651 1.11368192848679840E-049
90.2151 7.70709918359567975E-050
90.4651 5.33299487481150847E-050
90.7151 3.68980497503571038E-050
90.9651 2.55264696916259873E-050
91.2151 1.76579135026172066E-050
91.4651 1.22141153637402627E-050
91.7151 8.44860600047966021E-051
91.9651 5.84471801206528703E-051
92.2151 4.04494404945093694E-051
92.4651 2.80202441881076884E-051
92.7151 1.94509638096683461E-051
92.9651 1.35628755932794995E-051
93.2151 9.54558462345071430E-052
93.4651 6.84587214603938516E-052
93.7151 5.09177351136576476E-052
93.9651 4.04150424653282600E-052
94.2151 3.55024604397683142E-052
94.4651 3.55024604397683142E-052
