 -0.12500000000000000      -3.06896309086732632E-005
  0.12500000000000000      -1.46628618572834095E-005
  0.37500000000000000      -1.03802128673050500E-005
  0.62500000000000000       2.62183546161275582E-005
  0.87500000000000000       8.35042000333887573E-005
   1.1250000000000000       1.31204479934016681E-004
   1.3750000000000000       1.60962900354445413E-004
   1.6250000000000000       1.85950301075760480E-004
   1.8750000000000000       2.25923850920911991E-004
   2.1250000000000000       2.96040149658525662E-004
   2.3750000000000000       4.03212797654990793E-004
   2.6250000000000000       5.47750534270603404E-004
   2.8750000000000000       7.27106715013427739E-004
   3.1250000000000000       9.39506023456017077E-004
   3.3750000000000000       1.18641762146367864E-003
   3.6250000000000000       1.47374338156657111E-003
   3.8750000000000000       1.81207172921518406E-003
   4.1250000000000000       2.21648857503286894E-003
   4.3750000000000000       2.70637012714306695E-003
   4.6250000000000000       3.30543093498109021E-003
   4.8750000000000000       4.04214911562213609E-003
   5.1250000000000000       4.95058242743306922E-003
   5.3750000000000000       6.07153400181765276E-003
   5.6250000000000000       7.45401556477316880E-003
   5.8750000000000000       9.15697091802450402E-003
   6.1250000000000000       1.12512446715927784E-002
   6.3750000000000000       1.38217951313092478E-002
   6.6250000000000000       1.69701437782725575E-002
   6.8750000000000000       2.08170167047592898E-002
   7.1250000000000000       2.55050543385637873E-002
   7.3750000000000000       3.12013286797872408E-002
   7.6250000000000000       3.80991873712039908E-002
   7.8750000000000000       4.64186045867281266E-002
   8.1250000000000000       5.64037105656713736E-002
   8.3750000000000000       6.83154392897587920E-002
   8.6250000000000000       8.24162422533038508E-002
   8.8750000000000000       9.89426206858183971E-002
   9.1250000000000000       0.11806012835508277     
   9.3750000000000000       0.13979531858371225     
   9.6250000000000000       0.16394159420803645     
   9.8750000000000000       0.18994392306085359     
   10.125000000000000       0.21678396803901751     
   10.375000000000000       0.24291207927354361     
   10.625000000000000       0.26629560401810859     
   10.875000000000000       0.28464955602953967     
   11.125000000000000       0.29585803623412604     
   11.375000000000000       0.29848579653208357     
   11.625000000000000       0.29218212234252927     
   11.875000000000000       0.27778593334136742     
   12.125000000000000       0.25707847019364527     
   12.375000000000000       0.23230733803343256     
   12.625000000000000       0.20569284751788205     
   12.875000000000000       0.17908134541054163     
   13.125000000000000       0.15379680143506932     
   13.375000000000000       0.13065046618596343     
   13.625000000000000       0.11003590628930345     
   13.875000000000000       9.20481271220816022E-002
   14.125000000000000       7.65914560864543736E-002
   14.375000000000000       6.34627660244959646E-002
   14.625000000000000       5.24093198144566924E-002
   14.875000000000000       4.31657985255340243E-002
   15.125000000000000       3.54761550182374694E-002
   15.375000000000000       2.91052172526235567E-002
   15.625000000000000       2.38437619057591393E-002
   15.875000000000000       1.95096517244915980E-002
   16.125000000000000       1.59467507111706389E-002
   16.375000000000000       1.30227045262880994E-002
   16.625000000000000       1.06262501664737153E-002
   16.875000000000000       8.66444324213231851E-003
   17.125000000000000       7.06001660523172900E-003
   17.375000000000000       5.74897642695213536E-003
   17.625000000000000       4.67847737472410451E-003
   17.875000000000000       3.80498143868739916E-003
   18.125000000000000       3.09268486131798010E-003
   18.375000000000000       2.51218788458315535E-003
   18.625000000000000       2.03937843285997497E-003
   18.875000000000000       1.65450075869994764E-003
   19.125000000000000       1.34138186361589754E-003
   19.375000000000000       1.08679118017403187E-003
   19.625000000000000       8.79911981818425428E-004
   19.875000000000000       7.11905942343098934E-004
   20.125000000000000       5.75555022515906079E-004
   20.375000000000000       4.64967335878592079E-004
   20.625000000000000       3.75335813450308818E-004
   20.875000000000000       3.02740353495682668E-004
   21.125000000000000       2.43985729658786112E-004
   21.375000000000000       1.96468868017810614E-004
   21.625000000000000       1.58070222528067434E-004
   21.875000000000000       1.27064909602304856E-004
   22.125000000000000       1.02050034552186145E-004
   22.375000000000000       8.18852805407242702E-005
   22.625000000000000       6.56443565881880379E-005
   22.875000000000000       5.25753339168301442E-005
   23.125000000000000       4.20682555201526621E-005
   23.375000000000000       3.36286957511022156E-005
   23.625000000000000       2.68561861680191737E-005
   23.875000000000000       2.14266201813260207E-005
   24.125000000000000       1.70779099208435127E-005
   24.375000000000000       1.35983005546070516E-005
   24.625000000000000       1.08168552697882251E-005
   24.875000000000000       8.59571257507205636E-006
   25.125000000000000       6.82379002993355052E-006
   25.375000000000000       5.41166784219120522E-006
   25.625000000000000       4.28743437092458451E-006
   25.875000000000000       3.39331536849686787E-006
   26.125000000000000       2.68294138279820250E-006
   26.375000000000000       2.11913442094004531E-006
   26.625000000000000       1.67211681495909440E-006
   26.875000000000000       1.31806310234432494E-006
   27.125000000000000       1.03793035533907909E-006
   27.375000000000000       8.16514349823489346E-007
   27.625000000000000       6.41688738258731771E-007
   27.875000000000000       5.03792376189132428E-007
   28.125000000000000       3.95136471711337303E-007
   28.375000000000000       3.09608547528058657E-007
   28.625000000000000       2.42354543402574019E-007
   28.875000000000000       1.89523921580133979E-007
   29.125000000000000       1.48065515487227418E-007
   29.375000000000000       1.15564202836719428E-007
   29.625000000000000       9.01103865852920918E-008
   29.875000000000000       7.01958116614662708E-008
   30.125000000000000       5.46304980620752133E-008
   30.375000000000000       4.24765858705900259E-008
   30.625000000000000       3.29957092107265140E-008
   30.875000000000000       2.56071802667217052E-008
   31.125000000000000       1.98548008066667291E-008
   31.375000000000000       1.53805512349939484E-008
   31.625000000000000       1.19037557216746832E-008
   31.875000000000000       9.20460241146021617E-009
   32.125000000000000       7.11112312721141433E-009
   32.375000000000000       5.48891792981807836E-009
   32.625000000000000       4.23305497512713467E-009
   32.875000000000000       3.26169228277819027E-009
   33.125000000000000       2.51106094579943261E-009
   33.375000000000000       1.93152352803722466E-009
   33.625000000000000       1.48448060701316853E-009
   33.875000000000000       1.13994559850594144E-009
   34.125000000000000       8.74645544195834530E-010
   34.375000000000000       6.70535385152872345E-010
   34.625000000000000       5.13636933099037614E-010
   34.875000000000000       3.93132533456115816E-010
   35.125000000000000       3.00658287415439855E-010
   35.375000000000000       2.29753463770482936E-010
   35.625000000000000       1.75432023949860771E-010
   35.875000000000000       1.33849515711250752E-010
   36.125000000000000       1.02044369078963630E-010
   36.375000000000000       7.77371762554156723E-011
   36.625000000000000       5.91751130227592275E-011
   36.875000000000000       4.50114671830324983E-011
   37.125000000000000       3.42124421604284857E-011
   37.375000000000000       2.59851295771776137E-011
   37.625000000000000       1.97218951355580996E-011
   37.875000000000000       1.49574778686799247E-011
   38.125000000000000       1.13359271921304082E-011
   38.375000000000000       8.58514519194396370E-012
   38.625000000000000       6.49730257779940665E-012
   38.875000000000000       4.91378665735410325E-012
   39.125000000000000       3.71364284779582009E-012
   39.375000000000000       2.80470669336354386E-012
   39.625000000000000       2.11680603414540202E-012
   39.875000000000000       1.59655455566965515E-012
   40.125000000000000       1.20336757255858285E-012
   40.375000000000000       9.06415692010442834E-013
   40.625000000000000       6.82297523505000609E-013
   40.875000000000000       5.13263180286124858E-013
   41.125000000000000       3.85859325210429162E-013
   41.375000000000000       2.89896567186417803E-013
   41.625000000000000       2.17663147785729568E-013
   41.875000000000000       1.63326647474969668E-013
   42.125000000000000       1.22479108882452785E-013
   42.375000000000000       9.17914659984268162E-014
   42.625000000000000       6.87512141419811355E-014
   42.875000000000000       5.14634204442469608E-014
   43.125000000000000       3.84998940710331508E-014
   43.375000000000000       2.87849451826434675E-014
   43.625000000000000       2.15089202443710593E-014
   43.875000000000000       1.60628076549482350E-014
   44.125000000000000       1.19888146189279396E-014
   44.375000000000000       8.94304113137217864E-015
   44.625000000000000       6.66730991471725320E-015
   44.875000000000000       4.96792116179355126E-015
   45.125000000000000       3.69964084175333028E-015
   45.375000000000000       2.75364154690384404E-015
   45.625000000000000       2.04842630153348359E-015
   45.875000000000000       1.52300201976581395E-015
   46.125000000000000       1.13174839687863694E-015
   46.375000000000000       8.40563677009475565E-016
   46.625000000000000       6.23971418283788728E-016
   46.875000000000000       4.62950034320526741E-016
   47.125000000000000       3.43305582427727727E-016
   47.375000000000000       2.54452593591739563E-016
   47.625000000000000       1.88501190191521760E-016
   47.875000000000000       1.39573963935857571E-016
   48.125000000000000       1.03295097475620406E-016
   48.375000000000000       7.64085299958427884E-017
   48.625000000000000       5.64927414738746760E-017
   48.875000000000000       4.17478332101285526E-017
   49.125000000000000       3.08366719728446682E-017
   49.375000000000000       2.27664387805323421E-017
   49.625000000000000       1.68003561374818607E-017
   49.875000000000000       1.23919423517035587E-017
   50.125000000000000       9.13607159524393597E-018
   50.375000000000000       6.73256415754710045E-018
   50.625000000000000       4.95911370441538360E-018
   50.875000000000000       3.65116813734824220E-018
   51.125000000000000       2.68698612205465999E-018
   51.375000000000000       1.97654379086192490E-018
   51.625000000000000       1.45330399847117078E-018
   51.875000000000000       1.06811268089477056E-018
   52.125000000000000       7.84674961376300059E-019
   52.375000000000000       5.76203864094612260E-019
   52.625000000000000       4.22938962243536665E-019
   52.875000000000000       3.10310072402234142E-019
   53.125000000000000       2.27578993157022989E-019
   53.375000000000000       1.66835339114372407E-019
   53.625000000000000       1.22254524696631863E-019
   53.875000000000000       8.95497283388113811E-020
   54.125000000000000       6.55673221490579997E-020
   54.375000000000000       4.79883538599800280E-020
   54.625000000000000       3.51083857980336133E-020
   54.875000000000000       2.56751997727260989E-020
   55.125000000000000       1.87692146501334690E-020
   55.375000000000000       1.37154163509253685E-020
   55.625000000000000       1.00185258937606306E-020
   55.875000000000000       7.31529565142784879E-021
   56.125000000000000       5.33942449262979521E-021
   56.375000000000000       3.89576533166884057E-021
   56.625000000000000       2.84137235537621952E-021
   56.875000000000000       2.07158029818270999E-021
   57.125000000000000       1.50978419268358411E-021
   57.375000000000000       1.09993916183535075E-021
   57.625000000000000       8.01058694472872628E-022
   57.875000000000000       5.83180610115935590E-022
   58.125000000000000       4.24410426285071599E-022
   58.375000000000000       3.08755283784692597E-022
   58.625000000000000       2.24537704993647396E-022
   58.875000000000000       1.63234448336033957E-022
   59.125000000000000       1.18626884292107818E-022
   59.375000000000000       8.61795669252109469E-023
   59.625000000000000       6.25858936140835911E-023
   59.875000000000000       4.54360589237981897E-023
   60.125000000000000       3.29744806791327189E-023
   60.375000000000000       2.39226587181976201E-023
   60.625000000000000       1.73498665590038996E-023
   60.875000000000000       1.25787961828087244E-023
   61.125000000000000       9.11673414222610309E-024
   61.375000000000000       6.60537958514627195E-024
   61.625000000000000       4.78426854142923933E-024
   61.875000000000000       3.46412524653587858E-024
   62.125000000000000       2.50745339285457118E-024
   62.375000000000000       1.81440555798640917E-024
   62.625000000000000       1.31249917161471946E-024
   62.875000000000000       9.49134648997788192E-025
   63.125000000000000       6.86154119402428951E-025
   63.375000000000000       4.95885610899206477E-025
   63.625000000000000       3.58268182339366371E-025
   63.875000000000000       2.58763361635912206E-025
   64.125000000000000       1.86838356146004426E-025
   64.375000000000000       1.34864885772673289E-025
   64.625000000000000       9.73200264644025138E-026
   64.875000000000000       7.02064311609685865E-026
   65.125000000000000       5.06318488690259016E-026
   65.375000000000000       3.65042760304529810E-026
   65.625000000000000       2.63110149467099299E-026
   65.875000000000000       1.89585975121266421E-026
   66.125000000000000       1.36568450801381276E-026
   66.375000000000000       9.83492265193400729E-027
   66.625000000000000       7.08057805013076341E-027
   66.875000000000000       5.09617675150969772E-027
   67.125000000000000       3.66689983046571384E-027
   67.375000000000000       2.63774733484800234E-027
   67.625000000000000       1.89691425445663986E-027
   67.875000000000000       1.36377692652491946E-027
   68.125000000000000       9.80213931716284695E-028
   68.375000000000000       7.04337890907730464E-028
   68.625000000000000       5.05969841586471038E-028
   68.875000000000000       3.63372743538980908E-028
   69.125000000000000       2.60894506928915781E-028
   69.375000000000000       1.87267804698061143E-028
   69.625000000000000       1.34384017130734661E-028
   69.875000000000000       9.64093482387522936E-029
   70.125000000000000       6.91478063759488489E-029
   70.375000000000000       4.95822349028548153E-029
   70.625000000000000       3.55437227247775390E-029
   70.875000000000000       2.54735535699235064E-029
   71.125000000000000       1.82518394599552308E-029
   71.375000000000000       1.30741933792206237E-029
   71.625000000000000       9.36299930848428103E-030
   71.875000000000000       6.70359178875375133E-030
   72.125000000000000       4.79836481876909067E-030
   72.375000000000000       3.43378223725265726E-030
   72.625000000000000       2.45666906709689687E-030
   72.875000000000000       1.75717745362513132E-030
   73.125000000000000       1.25655144098379778E-030
   73.375000000000000       8.98341021129161707E-031
   73.625000000000000       6.42094745451296459E-031
   73.875000000000000       4.58832885790685266E-031
   74.125000000000000       3.27799360251949388E-031
   74.375000000000000       2.34131802602744787E-031
   74.625000000000000       1.67190675929599565E-031
   74.875000000000000       1.19361323355685540E-031
   75.125000000000000       8.51953139106788082E-032
   75.375000000000000       6.07951422559517681E-032
   75.625000000000000       4.33734245424294816E-032
   75.875000000000000       3.09371838386700265E-032
   76.125000000000000       2.20617844303413908E-032
   76.375000000000000       1.57290990434238147E-032
   76.625000000000000       1.12116869316709551E-032
   76.875000000000000       7.98992182759397727E-033
   77.125000000000000       5.69271044324671153E-033
   77.375000000000000       4.05509648935726901E-033
   77.625000000000000       2.88794793148539840E-033
   77.875000000000000       2.05628885649601911E-033
   78.125000000000000       1.46381437017330744E-033
   78.375000000000000       1.04182681521164418E-033
   78.625000000000000       7.41332794344316951E-034
   78.875000000000000       5.27399313385546025E-034
   79.125000000000000       3.75124198460784419E-034
   79.375000000000000       2.66759733876569711E-034
   79.625000000000000       1.89659954758172124E-034
   79.875000000000000       1.34816073771225529E-034
   80.125000000000000       9.58117696903443471E-035
   80.375000000000000       6.80781409598821797E-035
   80.625000000000000       4.83624878296087561E-035
   80.875000000000000       3.43496388656074934E-035
   81.125000000000000       2.43920772288246737E-035
   81.375000000000000       1.73176490715215863E-035
   81.625000000000000       1.22925811830764272E-035
   81.875000000000000       8.72392048005682377E-036
   82.125000000000000       6.19006530598308287E-036
   82.375000000000000       4.39131039780891990E-036
   82.625000000000000       3.11464721702443011E-036
   82.875000000000000       2.20871589878029618E-036
   83.125000000000000       1.56598486612805413E-036
   83.375000000000000       1.11007522809264653E-036
   83.625000000000000       7.86746543647206379E-037
   83.875000000000000       5.57487698620712857E-037
   84.125000000000000       3.94960963968349751E-037
   84.375000000000000       2.79764061174047131E-037
   84.625000000000000       1.98129415353801788E-037
   84.875000000000000       1.40289670131223942E-037
   85.125000000000000       9.93167605514753456E-038
   85.375000000000000       7.02975068897286501E-038
   85.625000000000000       4.97482987056533622E-038
   85.875000000000000       3.51996123273056702E-038
   86.125000000000000       2.49011419919255847E-038
   86.375000000000000       1.76125720915683148E-038
   86.625000000000000       1.24551462562283317E-038
   86.875000000000000       8.80638766345701929E-039
   87.125000000000000       6.22544033602413523E-039
   87.375000000000000       4.40013543153500972E-039
   87.625000000000000       3.10946796647254082E-039
   87.875000000000000       2.19700266623472808E-039
   88.125000000000000       1.55202928039349442E-039
   88.375000000000000       1.09621171555951575E-039
   88.625000000000000       7.74131145329550007E-040
   88.875000000000000       5.46588615425193510E-040
   89.125000000000000       3.85862813899173037E-040
   89.375000000000000       2.72352858619956371E-040
   89.625000000000000       1.92202031346271913E-040
   89.875000000000000       1.35616143136745702E-040
   90.125000000000000       9.56736931010101195E-041
   90.375000000000000       6.74841484583734047E-041
   90.625000000000000       4.75926007525455346E-041
   90.875000000000000       3.35587581427323803E-041
   91.125000000000000       2.36592756646024398E-041
   91.375000000000000       1.66773279042508860E-041
   91.625000000000000       1.17538809801678985E-041
   91.875000000000000       8.28259149716415440E-042
   92.125000000000000       5.83554820108966129E-042
   92.375000000000000       4.11081444603514414E-042
   92.625000000000000       2.89537759827058740E-042
   92.875000000000000       2.03898482420398429E-042
   93.125000000000000       1.43566974210349613E-042
   93.375000000000000       1.01071146564781801E-042
   93.625000000000000       7.11430118632463212E-043
   93.875000000000000       5.00691281318175945E-043
   94.125000000000000       3.52322885451648653E-043
   94.375000000000000       2.47882027743713682E-043
   94.625000000000000       1.74374473461240906E-043
   94.875000000000000       1.22646397194850108E-043
   95.125000000000000       8.62503880066707962E-044
   95.375000000000000       6.06459929805161085E-044
   95.625000000000000       4.26361995495414377E-044
   95.875000000000000       2.99702901010390381E-044
   96.125000000000000       2.10639947845596455E-044
   96.375000000000000       1.48023301552734565E-044
   96.625000000000000       1.04007153396216027E-044
   96.875000000000000       7.30715611062109973E-045
   97.125000000000000       5.13336493407893478E-045
   97.375000000000000       3.60626607216486945E-045
   97.625000000000000       2.53385997611318387E-045
   97.875000000000000       1.78120157147347438E-045
   98.125000000000000       1.25350219559165989E-045
   98.375000000000000       8.84249823809253155E-046
   98.625000000000000       6.26866151209521686E-046
   98.875000000000000       4.48859245234887348E-046
   99.125000000000000       3.27741338561486370E-046
   99.375000000000000       2.48201409952279482E-046
   99.625000000000000       2.00178800588048068E-046
   99.875000000000000       1.77596677817909971E-046
   100.12500000000000       1.77596677817909971E-046
