 -0.12500000000000000      -9.93399884864851077E-005
  0.12500000000000000      -9.93399884864851077E-005
  0.37500000000000000      -8.82329891809244049E-005
  0.62500000000000000      -1.05335631555447418E-004
  0.87500000000000000      -1.09777609088880260E-004
   1.1250000000000000      -9.36489916368165334E-005
   1.3750000000000000      -7.81675388368627825E-005
   1.6250000000000000      -8.13468326955886191E-005
   1.8750000000000000      -1.03225827394573904E-004
   2.1250000000000000      -1.30638835653472559E-004
   2.3750000000000000      -1.48671029695232831E-004
   2.6250000000000000      -1.49067642931944433E-004
   2.8750000000000000      -1.32544135834011773E-004
   3.1250000000000000      -1.06359056491680531E-004
   3.3750000000000000      -7.99712087410742818E-005
   3.6250000000000000      -6.11625098177377848E-005
   3.8750000000000000      -5.38540234978753676E-005
   4.1250000000000000      -5.77618151361980944E-005
   4.3750000000000000      -6.93757492637367537E-005
   4.6250000000000000      -8.35282968771097593E-005
   4.8750000000000000      -9.49214558227376226E-005
   5.1250000000000000      -9.92280126442828979E-005
   5.3750000000000000      -9.36408091973073102E-005
   5.6250000000000000      -7.69317401699530647E-005
   5.8750000000000000      -4.91773826126648314E-005
   6.1250000000000000      -1.13236038070751668E-005
   6.3750000000000000       3.52733640670069079E-005
   6.6250000000000000       8.92467811505499577E-005
   6.8750000000000000       1.49529890958830202E-004
   7.1250000000000000       2.15584116982995774E-004
   7.3750000000000000       2.87571183222793303E-004
   7.6250000000000000       3.66499108885064487E-004
   7.8750000000000000       4.54366039658234101E-004
   8.1250000000000000       5.54316171714795605E-004
   8.3750000000000000       6.70813300572867624E-004
   8.6250000000000000       8.09832525515498218E-004
   8.8750000000000000       9.79070199249439934E-004
   9.1250000000000000       1.18817574540642525E-003
   9.3750000000000000       1.44901509295764365E-003
   9.6250000000000000       1.77598260631036775E-003
   9.8750000000000000       2.18638514915529998E-003
   10.125000000000000       2.70092738003058002E-003
   10.375000000000000       3.34433109702228330E-003
   10.625000000000000       4.14612337422468925E-003
   10.875000000000000       5.14162850141549124E-003
   11.125000000000000       6.37319743082393267E-003
   11.375000000000000       7.89170528951658491E-003
   11.625000000000000       9.75834160856604849E-003
   11.875000000000000       1.20467072694277894E-002
   12.125000000000000       1.48452132032092423E-002
   12.375000000000000       1.82597426730684818E-002
   12.625000000000000       2.24164821123985884E-002
   12.875000000000000       2.74647304591969579E-002
   13.125000000000000       3.35793418833092022E-002
   13.375000000000000       4.09622099948732388E-002
   13.625000000000000       4.98418193055978828E-002
   13.875000000000000       6.04693174286592278E-002
   14.125000000000000       7.31087457595743784E-002
   14.375000000000000       8.80179923337481018E-002
   14.625000000000000       0.10541581538733175     
   14.875000000000000       0.12542937321419773     
   15.125000000000000       0.14801718400209948     
   15.375000000000000       0.17286646154415683     
   15.625000000000000       0.19927445535360011     
   15.875000000000000       0.22604324980431845     
   16.125000000000000       0.25144356586883509     
   16.375000000000000       0.27332035069002009     
   16.625000000000000       0.28939322047209010     
   16.875000000000000       0.29772632215265982     
   17.125000000000000       0.29722724181993632     
   17.375000000000000       0.28796414143221100     
   17.625000000000000       0.27114530646331136     
   17.875000000000000       0.24877157805373820     
   18.125000000000000       0.22313060337289403     
   18.375000000000000       0.19634109674576383     
   18.625000000000000       0.17007494656540495     
   18.875000000000000       0.14547100347643493     
   19.125000000000000       0.12318251166301254     
   19.375000000000000       0.10348607640778999     
   19.625000000000000       8.63995270737418497E-002
   19.875000000000000       7.17818940487587598E-002
   20.125000000000000       5.94075038749386913E-002
   20.375000000000000       4.90159690213200563E-002
   20.625000000000000       4.03433317689034301E-002
   20.875000000000000       3.31398680663868503E-002
   21.125000000000000       2.71790709688591973E-002
   21.375000000000000       2.22611196143697003E-002
   21.625000000000000       1.82130915067695888E-002
   21.875000000000000       1.48873881952207108E-002
   22.125000000000000       1.21592948981157165E-002
   22.375000000000000       9.92422854210085921E-003
   22.625000000000000       8.09499269083341008E-003
   22.875000000000000       6.59920976438871463E-003
   23.125000000000000       5.37701050114067734E-003
   23.375000000000000       4.37900710145150678E-003
   23.625000000000000       3.56454621935184098E-003
   23.875000000000000       2.90022204774440700E-003
   24.125000000000000       2.35862249358232291E-003
   24.375000000000000       1.91727927583118973E-003
   24.625000000000000       1.55779346578920974E-003
   24.875000000000000       1.26511015458451756E-003
   25.125000000000000       1.02691875128766243E-003
   25.375000000000000       8.33158405424638164E-004
   25.625000000000000       6.75610941571444068E-004
   25.875000000000000       5.47566353771678058E-004
   26.125000000000000       4.43548274883613528E-004
   26.375000000000000       3.59088897477124439E-004
   26.625000000000000       2.90544590715176808E-004
   26.875000000000000       2.34944956729435969E-004
   27.125000000000000       1.89869330605481936E-004
   27.375000000000000       1.53345781457178199E-004
   27.625000000000000       1.23768547976947060E-004
   27.875000000000000       9.98305674430784444E-005
   28.125000000000000       8.04683564695846067E-005
   28.375000000000000       6.48169956370145086E-005
   28.625000000000000       5.21733763629084730E-005
   28.875000000000000       4.19662020352783296E-005
   29.125000000000000       3.37315091978629782E-005
   29.375000000000000       2.70926990019124441E-005
   29.625000000000000       2.17442529956914442E-005
   29.875000000000000       1.74384578664502677E-005
   30.125000000000000       1.39745869679147505E-005
   30.375000000000000       1.11900872890140698E-005
   30.625000000000000       8.95340299814456712E-006
   30.875000000000000       7.15813415724199418E-006
   31.125000000000000       5.71828436804197472E-006
   31.375000000000000       4.56439622323867804E-006
   31.625000000000000       3.64041031721442592E-006
   31.875000000000000       2.90111372203350276E-006
   32.125000000000000       2.31006847982045287E-006
   32.375000000000000       1.83793080500138580E-006
   32.625000000000000       1.46108814931822284E-006
   32.875000000000000       1.16055472993619963E-006
   33.125000000000000       9.21077105178239575E-007
   33.375000000000000       7.30410352401568255E-007
   33.625000000000000       5.78732725569711164E-007
   33.875000000000000       4.58172646645787444E-007
   34.125000000000000       3.62426760868442813E-007
   34.375000000000000       2.86451762388297863E-007
   34.625000000000000       2.26215938176873640E-007
   34.875000000000000       1.78499019174230606E-007
   35.125000000000000       1.40731078420810345E-007
   35.375000000000000       1.10862966477726609E-007
   35.625000000000000       8.72621984211759043E-008
   35.875000000000000       6.86293643104456176E-008
   36.125000000000000       5.39310754891942924E-008
   36.375000000000000       4.23462226002759762E-008
   36.625000000000000       3.32229406236329174E-008
   36.875000000000000       2.60441784054970077E-008
   37.125000000000000       2.04001769248593541E-008
   37.375000000000000       1.59664897959324678E-008
   37.625000000000000       1.24864457910550624E-008
   37.875000000000000       9.75716834920275259E-009
   38.125000000000000       7.61844077028950776E-009
   38.375000000000000       5.94384594518932999E-009
   38.625000000000000       4.63372242789395584E-009
   38.875000000000000       3.60956961355633121E-009
   39.125000000000000       2.80960796177882605E-009
   39.375000000000000       2.18525902004681898E-009
   39.625000000000000       1.69835723141492509E-009
   39.875000000000000       1.31894339999719632E-009
   40.125000000000000       1.02352005549535435E-009
   40.375000000000000       7.93673273780329342E-010
   40.625000000000000       6.14984961713996449E-010
   40.875000000000000       4.76175159105032817E-010
   41.125000000000000       3.68426321421018573E-010
   41.375000000000000       2.84851445826762606E-010
   41.625000000000000       2.20075790945412320E-010
   41.875000000000000       1.69908219906101835E-010
   42.125000000000000       1.31083189951501671E-010
   42.375000000000000       1.01058379420581998E-010
   42.625000000000000       7.78560921021554316E-011
   42.875000000000000       5.99390761486603682E-011
   43.125000000000000       4.61133730161515399E-011
   43.375000000000000       3.54523775770307262E-011
   43.625000000000000       2.72375285001080692E-011
   43.875000000000000       2.09120258749177304E-011
   44.125000000000000       1.60447447735678467E-011
   44.375000000000000       1.23021218835634939E-011
   44.625000000000000       9.42627160306276031E-012
   44.875000000000000       7.21796514050468815E-012
   45.125000000000000       5.52340268206119862E-012
   45.375000000000000       4.22394160492380147E-012
   45.625000000000000       3.22812649863545521E-012
   45.875000000000000       2.46551006949474639E-012
   46.125000000000000       1.88186626657248016E-012
   46.375000000000000       1.43548483013609692E-012
   46.625000000000000       1.09430516682305232E-012
   46.875000000000000       8.33701130903168802E-013
   47.125000000000000       6.34770188080529266E-013
   47.375000000000000       4.83013113489685513E-013
   47.625000000000000       3.67315836681864014E-013
   47.875000000000000       2.79164869235490929E-013
   48.125000000000000       2.12043170661947216E-013
   48.375000000000000       1.60965293322941381E-013
   48.625000000000000       1.22119954550288122E-013
   48.875000000000000       9.25954062847851970E-014
   49.125000000000000       7.01685719634085014E-014
   49.375000000000000       5.31432581611709299E-014
   49.625000000000000       4.02261061988254333E-014
   49.875000000000000       3.04315459246388449E-014
   50.125000000000000       2.30090209237932479E-014
   50.375000000000000       1.73873043058909907E-014
   50.625000000000000       1.31319201667334214E-014
   50.875000000000000       9.91260793790878135E-015
   51.125000000000000       7.47847728214343890E-015
   51.375000000000000       5.63904814060821603E-015
   51.625000000000000       4.24979130141304842E-015
   51.875000000000000       3.20110830854796737E-015
   52.125000000000000       2.40993799140614243E-015
   52.375000000000000       1.81336761361205146E-015
   52.625000000000000       1.36377293004517347E-015
   52.875000000000000       1.02512357235556482E-015
   53.125000000000000       7.70176071227964394E-016
   53.375000000000000       5.78342564158791250E-016
   53.625000000000000       4.34073521807427879E-016
   53.875000000000000       3.25631261530706882E-016
   54.125000000000000       2.44160375481601741E-016
   54.375000000000000       1.82983611050885697E-016
   54.625000000000000       1.37068836497885329E-016
   54.875000000000000       1.02625756413792351E-016
   55.125000000000000       7.68009694542094827E-017
   55.375000000000000       5.74475189823067839E-017
   55.625000000000000       4.29508377518580224E-017
   55.875000000000000       3.20973600942842496E-017
   56.125000000000000       2.39753974388747399E-017
   56.375000000000000       1.79003959474216591E-017
   56.625000000000000       1.33586097449644252E-017
   56.875000000000000       9.96467542462945370E-018
   57.125000000000000       7.42967424483490750E-018
   57.375000000000000       5.53710227544034862E-018
   57.625000000000000       4.12480002448605356E-018
   57.875000000000000       3.07137071373147712E-018
   58.125000000000000       2.28597754891297589E-018
   58.375000000000000       1.70068328563033339E-018
   58.625000000000000       1.26470155447723838E-018
   58.875000000000000       9.40085034389622249E-019
   59.125000000000000       6.98492972895770564E-019
   59.375000000000000       5.18769080475717759E-019
   59.625000000000000       3.85127540720846416E-019
   59.875000000000000       2.85795125761075585E-019
   60.125000000000000       2.11995231125445379E-019
   60.375000000000000       1.57188101788757060E-019
   60.625000000000000       1.16502919821644233E-019
   60.875000000000000       8.63135061815551778E-020
   61.125000000000000       6.39214692657484935E-020
   61.375000000000000       4.73197020385899582E-020
   61.625000000000000       3.50159347485476914E-020
   61.875000000000000       2.59011540010950711E-020
   62.125000000000000       1.91515246946926214E-020
   62.375000000000000       1.41553176244779817E-020
   62.625000000000000       1.04584919471465282E-020
   62.875000000000000       7.72418819343974175E-021
   63.125000000000000       5.70258932050254563E-021
   63.375000000000000       4.20850591756437006E-021
   63.625000000000000       3.10471327364997851E-021
   63.875000000000000       2.28956969849885941E-021
   64.125000000000000       1.68782006590681288E-021
   64.375000000000000       1.24376809223657126E-021
   64.625000000000000       9.16209384916028052E-022
   64.875000000000000       6.74672767570975859E-022
   65.125000000000000       4.96633252863900844E-022
   65.375000000000000       3.65446341673801315E-022
   65.625000000000000       2.68817588557269803E-022
   65.875000000000000       1.97669198295282078E-022
   66.125000000000000       1.45300994813927152E-022
   66.375000000000000       1.06769557009800268E-022
   66.625000000000000       7.84289768901128145E-023
   66.875000000000000       5.75913016159533908E-023
   67.125000000000000       4.22755673314600145E-023
   67.375000000000000       3.10223834565185545E-023
   67.625000000000000       2.27569993635164567E-023
   67.875000000000000       1.66882152907440483E-023
   68.125000000000000       1.22337833276306048E-023
   68.375000000000000       8.96537775974724115E-024
   68.625000000000000       6.56801651746824492E-024
   68.875000000000000       4.81014999944053184E-024
   69.125000000000000       3.52162121375422175E-024
   69.375000000000000       2.57743185014924560E-024
   69.625000000000000       1.88578922213702347E-024
   69.875000000000000       1.37930842504895278E-024
   70.125000000000000       1.00853917951467155E-024
   70.375000000000000       7.37204811889858137E-025
   70.625000000000000       5.38701764539382052E-025
   70.875000000000000       3.93526809679873266E-025
   71.125000000000000       2.87386771412914160E-025
   71.375000000000000       2.09810185862975279E-025
   71.625000000000000       1.53127970523810257E-025
   71.875000000000000       1.11725281345419217E-025
   72.125000000000000       8.14925975453898289E-026
   72.375000000000000       5.94231175686308919E-026
   72.625000000000000       4.33175673495492773E-026
   72.875000000000000       3.15678365951900617E-026
   73.125000000000000       2.29984457390176285E-026
   73.375000000000000       1.67504248064097710E-026
   73.625000000000000       1.21962858423768739E-026
   73.875000000000000       8.87778338634797448E-027
   74.125000000000000       6.46037041922880599E-027
   74.375000000000000       4.69988205193249784E-027
   74.625000000000000       3.41817184484910319E-027
   74.875000000000000       2.48530071672259649E-027
   75.125000000000000       1.80652025066931642E-027
   75.375000000000000       1.31276283056893073E-027
   75.625000000000000       9.53696002475280819E-028
   75.875000000000000       6.92651222045639250E-028
   76.125000000000000       5.02922298533586689E-028
   76.375000000000000       3.65064421536714128E-028
   76.625000000000000       2.64923899103914431E-028
   76.875000000000000       1.92201358193518808E-028
   77.125000000000000       1.39404283875461499E-028
   77.375000000000000       1.01083623882616844E-028
   77.625000000000000       7.32775868558710603E-029
   77.875000000000000       5.31065193024561794E-029
   78.125000000000000       3.84779109528452575E-029
   78.375000000000000       2.78716538971417517E-029
   78.625000000000000       2.01837676164297667E-029
   78.875000000000000       1.46127045823247790E-029
   79.125000000000000       1.05766580800628064E-029
   79.375000000000000       7.65343566688640297E-030
   79.625000000000000       5.53675275317199160E-030
   79.875000000000000       4.00447101762697621E-030
   80.125000000000000       2.89552361599727988E-030
   80.375000000000000       2.09315599958066588E-030
   80.625000000000000       1.51275710963504148E-030
   80.875000000000000       1.09302605779929119E-030
   81.125000000000000       7.89561779929829138E-031
   81.375000000000000       5.70212304542696181E-031
   81.625000000000000       4.11701537924089165E-031
   81.875000000000000       2.97183298336752286E-031
   82.125000000000000       2.14468184024303718E-031
   82.375000000000000       1.54738532913791483E-031
   82.625000000000000       1.11617361713206046E-031
   82.875000000000000       8.04939531809695674E-032
   83.125000000000000       5.80354732660475265E-032
   83.375000000000000       4.18333951684779341E-032
   83.625000000000000       3.01475857922316127E-032
   83.875000000000000       2.17211263031260497E-032
   84.125000000000000       1.56463500670912770E-032
   84.375000000000000       1.12679566426191299E-032
   84.625000000000000       8.11295807631773901E-033
   84.875000000000000       5.84003903341642103E-033
   85.125000000000000       4.20295974702004617E-033
   85.375000000000000       3.02411414335387283E-033
   85.625000000000000       2.17542991746449915E-033
   85.875000000000000       1.56457533775206538E-033
   86.125000000000000       1.12500077712158540E-033
   86.375000000000000       8.08750593840296067E-034
   86.625000000000000       5.81275924712302837E-034
   86.875000000000000       4.17692303747980440E-034
   87.125000000000000       3.00080311801604776E-034
   87.375000000000000       2.15539016597118263E-034
   87.625000000000000       1.54782596248946324E-034
   87.875000000000000       1.11128808658646427E-034
   88.125000000000000       7.97700665239653070E-035
   88.375000000000000       5.72482839403007633E-035
   88.625000000000000       4.10766171225963636E-035
   88.875000000000000       2.94670728719235157E-035
   89.125000000000000       2.11343990184751522E-035
   89.375000000000000       1.51549263943699347E-035
   89.625000000000000       1.08649873403825766E-035
   89.875000000000000       7.78783103159247730E-036
   90.125000000000000       5.58105307931476260E-036
   90.375000000000000       3.99878959884556328E-036
   90.625000000000000       2.86453511724525093E-036
   90.875000000000000       2.05160320332093584E-036
   91.125000000000000       1.46908399851580884E-036
   91.375000000000000       1.05175442671270036E-036
   91.625000000000000       7.52830046728586281E-037
   91.875000000000000       5.38759358444628344E-037
   92.125000000000000       3.85485818925953664E-037
   92.375000000000000       2.75764328216306987E-037
   92.625000000000000       1.97235130706540571E-037
   92.875000000000000       1.41041644165313209E-037
   93.125000000000000       1.00838819598918354E-037
   93.375000000000000       7.20818360589983820E-038
   93.625000000000000       5.15159859077158200E-038
   93.875000000000000       3.68109198599513227E-038
   94.125000000000000       2.62984525363850279E-038
   94.375000000000000       1.87846445777101534E-038
   94.625000000000000       1.34151470051828573E-038
   94.875000000000000       9.57873101405939200E-039
   95.125000000000000       6.83818853434931415E-039
   95.375000000000000       4.88084776465690354E-039
   95.625000000000000       3.48314272210436092E-039
   95.875000000000000       2.48525038646353736E-039
   96.125000000000000       1.77293832331258169E-039
   96.375000000000000       1.26457547820295381E-039
   96.625000000000000       9.01839414210559333E-040
   96.875000000000000       6.43069420480457224E-040
   97.125000000000000       4.58513157106500741E-040
   97.375000000000000       3.26928193287070403E-040
   97.625000000000000       2.33152881953784074E-040
   97.875000000000000       1.66370667104427323E-040
   98.125000000000000       1.18870455120298379E-040
   98.375000000000000       8.51619295745625177E-041
   98.625000000000000       6.13449832197944460E-041
   98.875000000000000       4.46613231017176505E-041
   99.125000000000000       3.31770348056355315E-041
   99.375000000000000       2.55598122504961619E-041
   99.625000000000000       2.09253583764258131E-041
   99.875000000000000       1.87353629607570430E-041
   100.12500000000000       1.87353629607570430E-041
