 -0.12500000000000000      -1.05746828461159443E-004
  0.12500000000000000      -1.05746828461159443E-004
  0.37500000000000000      -9.86069519153884034E-005
  0.62500000000000000      -8.66688608718408043E-005
  0.87500000000000000      -9.92564248219601888E-005
   1.1250000000000000      -1.12863570890784197E-004
   1.3750000000000000      -1.07660663845544585E-004
   1.6250000000000000      -9.06816655859107759E-005
   1.8750000000000000      -8.04395408420378421E-005
   2.1250000000000000      -8.70576147071882173E-005
   2.3750000000000000      -1.06069001769218863E-004
   2.6250000000000000      -1.24573821177645442E-004
   2.8750000000000000      -1.30988282893469406E-004
   3.1250000000000000      -1.21388988140707534E-004
   3.3750000000000000      -1.00212616530196235E-004
   3.6250000000000000      -7.67708530504094297E-005
   3.8750000000000000      -6.04386257866310848E-005
   4.1250000000000000      -5.69344486292012330E-005
   4.3750000000000000      -6.68453938684306559E-005
   4.6250000000000000      -8.63135171930319437E-005
   4.8750000000000000      -1.09049987401246736E-004
   5.1250000000000000      -1.28655666264243030E-004
   5.3750000000000000      -1.40448155130052651E-004
   5.6250000000000000      -1.42395278742209810E-004
   5.8750000000000000      -1.35138672358688208E-004
   6.1250000000000000      -1.21347780259517657E-004
   6.3750000000000000      -1.04746603776290943E-004
   6.6250000000000000      -8.91315779085989298E-005
   6.8750000000000000      -7.76017704116950692E-005
   7.1250000000000000      -7.21042685194907539E-005
   7.3750000000000000      -7.32957312463649013E-005
   7.6250000000000000      -8.06546452481539839E-005
   7.8750000000000000      -9.27506813189103789E-005
   8.1250000000000000      -1.07579976002340804E-004
   8.3750000000000000      -1.22895892970783344E-004
   8.6250000000000000      -1.36491877764122513E-004
   8.8750000000000000      -1.46417598615977891E-004
   9.1250000000000000      -1.51126981778050665E-004
   9.3750000000000000      -1.49565995544863312E-004
   9.6250000000000000      -1.41210591310837437E-004
   9.8750000000000000      -1.26063686883647741E-004
   10.125000000000000      -1.04617114796600927E-004
   10.375000000000000      -7.77820211020815571E-005
   10.625000000000000      -4.67903063941881421E-005
   10.875000000000000      -1.30704799517122152E-005
   11.125000000000000       2.18967557212659259E-005
   11.375000000000000       5.67355768973120916E-005
   11.625000000000000       9.03353420376130846E-005
   11.875000000000000       1.22004007026836760E-004
   12.125000000000000       1.51605277703371471E-004
   12.375000000000000       1.79672302208481164E-004
   12.625000000000000       2.07494032283993989E-004
   12.875000000000000       2.37174399802711380E-004
   13.125000000000000       2.71668639334777368E-004
   13.375000000000000       3.14804955383414270E-004
   13.625000000000000       3.71302916911231732E-004
   13.875000000000000       4.46802255688748978E-004
   14.125000000000000       5.47917113157393590E-004
   14.375000000000000       6.82331339105478178E-004
   14.625000000000000       8.58950423577863032E-004
   14.875000000000000       1.08812533470319995E-003
   15.125000000000000       1.38196324836223957E-003
   15.375000000000000       1.75474017065374425E-003
   15.625000000000000       2.22343098519937887E-003
   15.875000000000000       2.80837362290781807E-003
   16.125000000000000       3.53408584578149840E-003
   16.375000000000000       4.43025539273879821E-003
   16.625000000000000       5.53292657467392354E-003
   16.875000000000000       6.88590814665013609E-003
   17.125000000000000       8.54242729808532032E-003
   17.375000000000000       1.05670510731213467E-002
   17.625000000000000       1.30378865884272690E-002
   17.875000000000000       1.60490505328353371E-002
   18.125000000000000       1.97133595518992205E-002
   18.375000000000000       2.41651253206028767E-002
   18.625000000000000       2.95628247447054064E-002
   18.875000000000000       3.60912320124153474E-002
   19.125000000000000       4.39623095833280783E-002
   19.375000000000000       5.34137119243467268E-002
   19.625000000000000       6.47031027587584434E-002
   19.875000000000000       7.80955776397551510E-002
   20.125000000000000       9.38403354717142479E-002
   20.375000000000000       0.11213155756262136     
   20.625000000000000       0.13304785878118436     
   20.875000000000000       0.15646609404027667     
   21.125000000000000       0.18195126603295098     
   21.375000000000000       0.20863800308246178     
   21.625000000000000       0.23514188456962759     
   21.875000000000000       0.25956437812533772     
   22.125000000000000       0.27966303076106158     
   22.375000000000000       0.29321941687281106     
   22.625000000000000       0.29854038208095995     
   22.875000000000000       0.29491755556204990     
   23.125000000000000       0.28283736650285191     
   23.375000000000000       0.26383575397540804     
   23.625000000000000       0.24007142428859188     
   23.875000000000000       0.21381640627870499     
   24.125000000000000       0.18705405306383413     
   24.375000000000000       0.16127142232838546     
   24.625000000000000       0.13742798223529637     
   24.875000000000000       0.11603200393032619     
   25.125000000000000       9.72571519300520632E-002
   25.375000000000000       8.10559399218162141E-002
   25.625000000000000       6.72508934305876271E-002
   25.875000000000000       5.55997487836783280E-002
   26.125000000000000       4.58382149836526823E-002
   26.375000000000000       3.77058798671660103E-002
   26.625000000000000       3.09604910894999245E-002
   26.875000000000000       2.53847034629698515E-002
   27.125000000000000       2.07882048000076272E-002
   27.375000000000000       1.70071733404240089E-002
   27.625000000000000       1.39023207395700989E-002
   27.875000000000000       1.13562956588481902E-002
   28.125000000000000       9.27090788748959234E-003
   28.375000000000000       7.56443174389605406E-003
   28.625000000000000       6.16912240940554850E-003
   28.875000000000000       5.02900320334048138E-003
   29.125000000000000       4.09793765236982337E-003
   29.375000000000000       3.33797573972619260E-003
   29.625000000000000       2.71795132725012297E-003
   29.875000000000000       2.21230258035463650E-003
   30.125000000000000       1.80008624725976865E-003
   30.375000000000000       1.46415796027194356E-003
   30.625000000000000       1.19049318620478785E-003
   30.875000000000000       9.67626368376541045E-004
   31.125000000000000       7.86188778430842953E-004
   31.375000000000000       6.38528417245130234E-004
   31.625000000000000       5.18397864930082611E-004
   31.875000000000000       4.20698240211075751E-004
   32.125000000000000       3.41269386622659833E-004
   32.375000000000000       2.76718074497203995E-004
   32.625000000000000       2.24277421013537422E-004
   32.875000000000000       1.81691916450294307E-004
   33.125000000000000       1.47123434091888202E-004
   33.375000000000000       1.19074422849538552E-004
   33.625000000000000       9.63251616218152254E-005
   33.875000000000000       7.78825156035396245E-005
   34.125000000000000       6.29380969018149408E-005
   34.375000000000000       5.08341117565163080E-005
   34.625000000000000       4.10354885886328319E-005
   34.875000000000000       3.31071369114101401E-005
   35.125000000000000       2.66953967511506922E-005
   35.375000000000000       2.15129098636760604E-005
   35.625000000000000       1.73262845021581905E-005
   35.875000000000000       1.39460404035569683E-005
   36.125000000000000       1.12184146326715741E-005
   36.375000000000000       9.01868574983313612E-006
   36.625000000000000       7.24573656486519927E-006
   36.875000000000000       5.81762705927475717E-006
   37.125000000000000       4.66799099211614893E-006
   37.375000000000000       3.74310396470976891E-006
   37.625000000000000       2.99949870633103064E-006
   37.875000000000000       2.40202620300770621E-006
   38.125000000000000       1.92227996170526615E-006
   38.375000000000000       1.53731594852202590E-006
   38.625000000000000       1.22861318828664777E-006
   38.875000000000000       9.81230176006748532E-007
   39.125000000000000       7.83120546300084248E-007
   39.375000000000000       6.24578217145754454E-007
   39.625000000000000       4.97787748431727660E-007
   39.875000000000000       3.96460162184515324E-007
   40.125000000000000       3.15538146642104737E-007
   40.375000000000000       2.50957562951062002E-007
   40.625000000000000       1.99454615827567192E-007
   40.875000000000000       1.58410039823989478E-007
   41.125000000000000       1.25723274063224109E-007
   41.375000000000000       9.97109183923723615E-008
   41.625000000000000       7.90248383700962654E-008
   41.875000000000000       6.25861606704957963E-008
   42.125000000000000       4.95321113786615747E-008
   42.375000000000000       3.91732274918201507E-008
   42.625000000000000       3.09589413943117741E-008
   42.875000000000000       2.44499192754145143E-008
   43.125000000000000       1.92958438290452819E-008
   43.375000000000000       1.52175825071347159E-008
   43.625000000000000       1.19928860131355441E-008
   43.875000000000000       9.44492651724533034E-009
   44.125000000000000       7.43311849941115660E-009
   44.375000000000000       5.84577308252397273E-009
   44.625000000000000       4.59422401031115697E-009
   44.875000000000000       3.60813396015830447E-009
   45.125000000000000       2.83174683772494463E-009
   45.375000000000000       2.22089765964360589E-009
   45.625000000000000       1.74062868965573381E-009
   45.875000000000000       1.36329035415609171E-009
   46.125000000000000       1.06702950580212423E-009
   46.375000000000000       8.34586947683721993E-010
   46.625000000000000       6.52341682110626070E-010
   46.875000000000000       5.09551841268575758E-010
   47.125000000000000       3.97752285539589033E-010
   47.375000000000000       3.10276899140929437E-010
   47.625000000000000       2.41880059633371534E-010
   47.875000000000000       1.88436920757055035E-010
   48.125000000000000       1.46706279419101766E-010
   48.375000000000000       1.14143100949360190E-010
   48.625000000000000       8.87504158235555235E-011
   48.875000000000000       6.89624077922161148E-011
   49.125000000000000       5.35521937794870630E-011
   49.375000000000000       4.15591352169270054E-011
   49.625000000000000       3.22315870415243826E-011
   49.875000000000000       2.49818392702375045E-011
   50.125000000000000       1.93506808304932460E-011
   50.375000000000000       1.49795513847588894E-011
   50.625000000000000       1.15886724084732019E-011
   50.875000000000000       8.95988628622677999E-012
   51.125000000000000       6.92319967179660822E-012
   51.375000000000000       5.34623917252076116E-012
   51.625000000000000       4.12599501846532278E-012
   51.875000000000000       3.18236088600686053E-012
   52.125000000000000       2.45308272785770974E-012
   52.375000000000000       1.88981209550393854E-012
   52.625000000000000       1.45502461812398567E-012
   52.875000000000000       1.11961567149161719E-012
   53.125000000000000       8.61025725101686542E-013
   53.375000000000000       6.61779690182072102E-013
   53.625000000000000       5.08349622903019130E-013
   53.875000000000000       3.90269804561086517E-013
   54.125000000000000       2.99448661525876978E-013
   54.375000000000000       2.29634101338823877E-013
   54.625000000000000       1.75998337402074525E-013
   54.875000000000000       1.34815713217964094E-013
   55.125000000000000       1.03212859599298973E-013
   55.375000000000000       7.89750723898338915E-014
   55.625000000000000       6.03963576805181486E-014
   55.875000000000000       4.61633714935843815E-014
   56.125000000000000       3.52656505444290830E-014
   56.375000000000000       2.69262227609623096E-014
   56.625000000000000       2.05480049152483477E-014
   56.875000000000000       1.56724216694216597E-014
   57.125000000000000       1.19474795300879074E-014
   57.375000000000000       9.10315071730856859E-015
   57.625000000000000       6.93240495172533060E-015
   57.875000000000000       5.27660225696924233E-015
   58.125000000000000       4.01425097034859598E-015
   58.375000000000000       3.05236090916526841E-015
   58.625000000000000       2.31979660139278971E-015
   58.875000000000000       1.76217099478202374E-015
   59.125000000000000       1.33792493560683180E-015
   59.375000000000000       1.01531882636847874E-015
   59.625000000000000       7.70125572042108805E-016
   59.875000000000000       5.83862357042813942E-016
   60.125000000000000       4.42436182468330631E-016
   60.375000000000000       3.35106935708450583E-016
   60.625000000000000       2.53694000936920242E-016
   60.875000000000000       1.91969551546887997E-016
   61.125000000000000       1.45194857457047645E-016
   61.375000000000000       1.09766091479356879E-016
   61.625000000000000       8.29439256053447723E-017
   61.875000000000000       6.26472079787155464E-017
   62.125000000000000       4.72956198232163011E-017
   62.375000000000000       3.56897492248259138E-017
   62.625000000000000       2.69197326366911341E-017
   62.875000000000000       2.02956958181200057E-017
   63.125000000000000       1.52948203930122155E-017
   63.375000000000000       1.15210832855701623E-017
   63.625000000000000       8.67465086403889680E-018
   63.875000000000000       6.52862450570499551E-018
   64.125000000000000       4.91138081854955718E-018
   64.375000000000000       3.69316732993834384E-018
   64.625000000000000       2.77593332492550644E-018
   64.875000000000000       2.08561888065948817E-018
   65.125000000000000       1.56631077627305987E-018
   65.375000000000000       1.17581547664416020E-018
   65.625000000000000       8.82307217893509879E-019
   65.875000000000000       6.61791337954093284E-019
   66.125000000000000       4.96185495397763001E-019
   66.375000000000000       3.71868964313872673E-019
   66.625000000000000       2.78586341817140442E-019
   66.875000000000000       2.08619474713111500E-019
   67.125000000000000       1.56162275757703890E-019
   67.375000000000000       1.16848938252678572E-019
   67.625000000000000       8.73980747929314984E-020
   67.875000000000000       6.53444191084725027E-020
   68.125000000000000       4.88366373729416646E-020
   68.375000000000000       3.64850283104485970E-020
   68.625000000000000       2.72468538661166972E-020
   68.875000000000000       2.03400411045017893E-020
   69.125000000000000       1.51782645505138637E-020
   69.375000000000000       1.13221334219094940E-020
   69.625000000000000       8.44250445164467684E-021
   69.875000000000000       6.29292013898128221E-021
   70.125000000000000       4.68891152393437133E-021
   70.375000000000000       3.49246245719762303E-021
   70.625000000000000       2.60035314103122884E-021
   70.875000000000000       1.93541797787588480E-021
   71.125000000000000       1.43999184938527705E-021
   71.375000000000000       1.07099903935071188E-021
   71.625000000000000       7.96274605007331190E-022
   71.875000000000000       5.91810041984653020E-022
   72.125000000000000       4.39691845763185845E-022
   72.375000000000000       3.26559285709308231E-022
   72.625000000000000       2.42451082480950989E-022
   72.875000000000000       1.79943263800424025E-022
   73.125000000000000       1.33504940993548319E-022
   73.375000000000000       9.90171132449184859E-023
   73.625000000000000       7.34133845054200736E-023
   73.875000000000000       5.44118104905577119E-023
   74.125000000000000       4.03148385557231095E-023
   74.375000000000000       2.98601067778012603E-023
   74.625000000000000       2.21092153132593219E-023
   74.875000000000000       1.63648373738227852E-023
   75.125000000000000       1.21089725277220461E-023
   75.375000000000000       8.95696681910937089E-024
   75.625000000000000       6.62328643578272365E-024
   75.875000000000000       4.89604985524158889E-024
   76.125000000000000       3.61808414363250577E-024
   76.375000000000000       2.67283924313527617E-024
   76.625000000000000       1.97391824552478136E-024
   76.875000000000000       1.45729818454390827E-024
   77.125000000000000       1.07555200448450740E-024
   77.375000000000000       7.93558435420721067E-025
   77.625000000000000       5.85317748728706520E-025
   77.875000000000000       4.31589156502985326E-025
   78.125000000000000       3.18138454578541145E-025
   78.375000000000000       2.34438738278591583E-025
   78.625000000000000       1.72707380834364387E-025
   78.875000000000000       1.27192492204639771E-025
   79.125000000000000       9.36444079157659609E-026
   79.375000000000000       6.89243598321451846E-026
   79.625000000000000       5.07148189616027553E-026
   79.875000000000000       3.73051663496643843E-026
   80.125000000000000       2.74331549728665338E-026
   80.375000000000000       2.01676786649611160E-026
   80.625000000000000       1.48221140001406679E-026
   80.875000000000000       1.08902828416351451E-026
   81.125000000000000       7.99914615160177160E-027
   81.375000000000000       5.87386889907640858E-027
   81.625000000000000       4.31202915189047709E-027
   81.875000000000000       3.16458394683139102E-027
   82.125000000000000       2.32182622499237764E-027
   82.375000000000000       1.70302735301350221E-027
   82.625000000000000       1.24880034267243475E-027
   82.875000000000000       9.15470848276588339E-028
   83.125000000000000       6.70929362101932543E-028
   83.375000000000000       4.91575789634524953E-028
   83.625000000000000       3.60069399646885865E-028
   83.875000000000000       2.63672365014830629E-028
   84.125000000000000       1.93030666139568681E-028
   84.375000000000000       1.41277147561047932E-028
   84.625000000000000       1.03371794008970230E-028
   84.875000000000000       7.56166312564567945E-029
   85.125000000000000       5.52991349774065070E-029
   85.375000000000000       4.04301813854585921E-029
   85.625000000000000       2.95515303178620724E-029
   85.875000000000000       2.15944319962906210E-029
   86.125000000000000       1.57758113211052410E-029
   86.375000000000000       1.15220647338349205E-029
   86.625000000000000       8.41314130410866887E-030
   86.875000000000000       6.14152030184099892E-030
   87.125000000000000       4.48212540471057303E-030
   87.375000000000000       3.27026600936890035E-030
   87.625000000000000       2.38546847018986734E-030
   87.875000000000000       1.73962787432833208E-030
   88.125000000000000       1.26832823636633661E-030
   88.375000000000000       9.24485567369039598E-031
   88.625000000000000       6.73693445271810487E-031
   88.875000000000000       4.90816050803474208E-031
   89.125000000000000       3.57495000322765321E-031
   89.375000000000000       2.60325371848195100E-031
   89.625000000000000       1.89521661838252510E-031
   89.875000000000000       1.37942333388063685E-031
   90.125000000000000       1.00376754700989040E-031
   90.375000000000000       7.30240834753650664E-032
   90.625000000000000       5.31125276406421416E-032
   90.875000000000000       3.86212406415569350E-032
   91.125000000000000       2.80772369519848306E-032
   91.375000000000000       2.04071288483228743E-032
   91.625000000000000       1.48289135081992093E-032
   91.875000000000000       1.07730117421277558E-032
   92.125000000000000       7.82466576936046994E-033
   92.375000000000000       5.68192899082674111E-033
   92.625000000000000       4.12503492985396971E-033
   92.875000000000000       2.99406866882275065E-033
   93.125000000000000       2.17269443886247804E-033
   93.375000000000000       1.57629968265023218E-033
   93.625000000000000       1.14335904025538061E-033
   93.875000000000000       8.29145302723062499E-034
   94.125000000000000       6.01150621329341269E-034
   94.375000000000000       4.35753687493867537E-034
   94.625000000000000       3.15794415566235323E-034
   94.875000000000000       2.28809444101046729E-034
   95.125000000000000       1.65748710057051231E-034
   95.375000000000000       1.20042157397527461E-034
   95.625000000000000       8.69212192844404289E-035
   95.875000000000000       6.29256408446489500E-035
   96.125000000000000       4.55451000686115356E-035
   96.375000000000000       3.29588444098176904E-035
   96.625000000000000       2.38465810888739327E-035
   96.875000000000000       1.72511545350309015E-035
   97.125000000000000       1.24788546370566291E-035
   97.375000000000000       9.02706386633520910E-036
   97.625000000000000       6.53176297826073261E-036
   97.875000000000000       4.72946034530466321E-036
   98.125000000000000       3.42959772760997754E-036
   98.375000000000000       2.49456748256386986E-036
   98.625000000000000       1.82526361523931176E-036
   98.875000000000000       1.35066238975012620E-036
   99.125000000000000       1.02034631599282484E-036
   99.375000000000000       7.99191186499902615E-037
   99.625000000000000       6.63660963420208462E-037
   99.875000000000000       5.99322928502756205E-037
   100.12500000000000       5.99322928502756205E-037
