 -0.12500000000000000      -9.47736048557669083E-005
  0.12500000000000000      -9.47736048557669083E-005
  0.37500000000000000      -1.08923539646364257E-004
  0.62500000000000000      -1.03340931664933661E-004
  0.87500000000000000      -8.81313545626879937E-005
   1.1250000000000000      -9.20277022768606118E-005
   1.3750000000000000      -1.07775900447155617E-004
   1.6250000000000000      -1.13505659882624663E-004
   1.8750000000000000      -1.02831266219786645E-004
   2.1250000000000000      -8.74982199979523452E-005
   2.3750000000000000      -8.22533458571783594E-005
   2.6250000000000000      -9.18121151403585321E-005
   2.8750000000000000      -1.09088875779316631E-004
   3.1250000000000000      -1.22100752640269457E-004
   3.3750000000000000      -1.22374741947725986E-004
   3.6250000000000000      -1.09419873589692112E-004
   3.8750000000000000      -8.98957978605296034E-005
   4.1250000000000000      -7.33126640461013556E-005
   4.3750000000000000      -6.72122521928817236E-005
   4.6250000000000000      -7.41335111753388637E-005
   4.8750000000000000      -9.12271157986789809E-005
   5.1250000000000000      -1.12055139459344040E-004
   5.3750000000000000      -1.29390223099399285E-004
   5.6250000000000000      -1.37780503311771762E-004
   5.8750000000000000      -1.35058487651696740E-004
   6.1250000000000000      -1.22542134496872170E-004
   6.3750000000000000      -1.04158563837333771E-004
   6.6250000000000000      -8.49881292470793274E-005
   6.8750000000000000      -6.97663303669498433E-005
   7.1250000000000000      -6.17545353659014370E-005
   7.3750000000000000      -6.21865519117862151E-005
   7.6250000000000000      -7.02973337544930178E-005
   7.8750000000000000      -8.37952977704073913E-005
   8.1250000000000000      -9.95710762875023561E-005
   8.3750000000000000      -1.14436533616502859E-004
   8.6250000000000000      -1.25736263658727301E-004
   8.8750000000000000      -1.31742857932498603E-004
   9.1250000000000000      -1.31814320392553669E-004
   9.3750000000000000      -1.26342770400796642E-004
   9.6250000000000000      -1.16552545173925106E-004
   9.8750000000000000      -1.04214443196268112E-004
   10.125000000000000      -9.13365957850649675E-005
   10.375000000000000      -7.98779901433881048E-005
   10.625000000000000      -7.15138872791403965E-005
   10.875000000000000      -6.74673484768034264E-005
   11.125000000000000      -6.84098289848073015E-005
   11.375000000000000      -7.44266464269574492E-005
   11.625000000000000      -8.50393328489944570E-005
   11.875000000000000      -9.92752408037687173E-005
   12.125000000000000      -1.15774165012653721E-004
   12.375000000000000      -1.32921389729421515E-004
   12.625000000000000      -1.48996153160678023E-004
   12.875000000000000      -1.62324090048614493E-004
   13.125000000000000      -1.71422053834286814E-004
   13.375000000000000      -1.75124165759141248E-004
   13.625000000000000      -1.72679235384333869E-004
   13.875000000000000      -1.63811917205622414E-004
   14.125000000000000      -1.48742987927386592E-004
   14.375000000000000      -1.28167660441702244E-004
   14.625000000000000      -1.03194503751026802E-004
   14.875000000000000      -7.52508961275547700E-005
   15.125000000000000      -4.59636277956776331E-005
   15.375000000000000      -1.70250119346083246E-005
   15.625000000000000       9.94449079252647067E-006
   15.875000000000000       3.35265907774805015E-005
   16.125000000000000       5.26193435324205471E-005
   16.375000000000000       6.65283266434153704E-005
   16.625000000000000       7.50307013575612664E-005
   16.875000000000000       7.84109697380746206E-005
   17.125000000000000       7.74700713203194303E-005
   17.375000000000000       7.35119551031707547E-005
   17.625000000000000       6.83137376355937275E-005
   17.875000000000000       6.40869211409893680E-005
   18.125000000000000       6.34378836571551213E-005
   18.375000000000000       6.93360251797699731E-005
   18.625000000000000       8.50976751258102662E-005
   18.875000000000000       1.14393288939713858E-004
   19.125000000000000       1.61284753720692775E-004
   19.375000000000000       2.30298951208744322E-004
   19.625000000000000       3.26543242980673282E-004
   19.875000000000000       4.55868374803860914E-004
   20.125000000000000       6.25084543334216412E-004
   20.375000000000000       8.42237097891970375E-004
   20.625000000000000       1.11694960323873685E-003
   20.875000000000000       1.46084377940653353E-003
   21.125000000000000       1.88804814685647189E-003
   21.375000000000000       2.41580999169856191E-003
   21.625000000000000       3.06522843215749742E-003
   21.875000000000000       3.86212974825984835E-003
   22.125000000000000       4.83810945014244258E-003
   22.375000000000000       6.03176833563930700E-003
   22.625000000000000       7.49017124711844756E-003
   22.875000000000000       9.27055610984555030E-003
   23.125000000000000       1.14423150645276937E-002
   23.375000000000000       1.40892558060123282E-002
   23.625000000000000       1.73121243974127641E-002
   23.875000000000000       2.12313226795772178E-002
   24.125000000000000       2.59896713202749652E-002
   24.375000000000000       3.17549344023617119E-002
   24.625000000000000       3.87216050054639202E-002
   24.875000000000000       4.71111137418656206E-002
   25.125000000000000       5.71691121647344633E-002
   25.375000000000000       6.91577445289877357E-002
   25.625000000000000       8.33398218137969687E-002
   25.875000000000000       9.99506139478052308E-002
   26.125000000000000       0.11915189640966813     
   26.375000000000000       0.14096278424413022     
   26.625000000000000       0.16516454812896311     
   26.875000000000000       0.19118492295414161     
   27.125000000000000       0.21798439293873986     
   27.375000000000000       0.24399200259468851     
   27.625000000000000       0.26716061461532720     
   27.875000000000000       0.28520620121702589     
   28.125000000000000       0.29603550725962657     
   28.375000000000000       0.29825645344558388     
   28.625000000000000       0.29157146662145211     
   28.875000000000000       0.27686668754301802     
   29.125000000000000       0.25595151412063422     
   29.375000000000000       0.23107838129615016     
   29.625000000000000       0.20445377537761963     
   29.875000000000000       0.17790054072846989     
   30.125000000000000       0.15271775151162967     
   30.375000000000000       0.12969545683425382     
   30.625000000000000       0.10921159748732623     
   30.875000000000000       9.13509443335201871E-002
   31.125000000000000       7.60118918370283614E-002
   31.375000000000000       6.29884304422739377E-002
   31.625000000000000       5.20269210658930656E-002
   31.875000000000000       4.28623276798244524E-002
   32.125000000000000       3.52395285758654378E-002
   32.375000000000000       2.89245729371797634E-002
   32.625000000000000       2.37095451630524971E-002
   32.875000000000000       1.94135837941967551E-002
   33.125000000000000       1.58817356264129260E-002
   33.375000000000000       1.29827097497724007E-002
   33.625000000000000       1.06061809020496743E-002
   33.875000000000000       8.66002127326893217E-003
   34.125000000000000       7.06766894018524307E-003
   34.375000000000000       5.76573577435542800E-003
   34.625000000000000       4.70189466400373728E-003
   34.875000000000000       3.83304967174414191E-003
   35.125000000000000       3.12377317466108664E-003
   35.375000000000000       2.54498458864887674E-003
   35.625000000000000       2.07284183877855764E-003
   35.875000000000000       1.68781671919392530E-003
   36.125000000000000       1.37392709605185011E-003
   36.375000000000000       1.11810157994824810E-003
   36.625000000000000       9.09655260452898171E-004
   36.875000000000000       7.39858031990741250E-004
   37.125000000000000       6.01579776535627990E-004
   37.375000000000000       4.88999125533143720E-004
   37.625000000000000       3.97364676368728155E-004
   37.875000000000000       3.22799393307862594E-004
   38.125000000000000       2.62140500930935628E-004
   38.375000000000000       2.12808508674102852E-004
   38.625000000000000       1.72700119249739284E-004
   38.875000000000000       1.40100701710239059E-004
   39.125000000000000       1.13612779657448705E-004
   39.375000000000000       9.20976215084803374E-005
   39.625000000000000       7.46275445582671339E-005
   39.875000000000000       6.04469765160631784E-005
   40.125000000000000       4.89406731057375860E-005
   40.375000000000000       3.96077815681201886E-005
   40.625000000000000       3.20406786621110990E-005
   40.875000000000000       2.59077073285733926E-005
   41.125000000000000       2.09390962647828041E-005
   41.375000000000000       1.69154776262150100E-005
   41.625000000000000       1.36585251763807197E-005
   41.875000000000000       1.10233227630192595E-005
   42.125000000000000       8.89214455765139599E-006
   42.375000000000000       7.16938696552047502E-006
   42.625000000000000       5.77743987950549346E-006
   42.875000000000000       4.65332396799868678E-006
   43.125000000000000       3.74595255167867979E-006
   43.375000000000000       3.01390264535220204E-006
   43.625000000000000       2.42360098797711757E-006
   43.875000000000000       1.94784823082211456E-006
   44.125000000000000       1.56461861493869694E-006
   44.375000000000000       1.25608402854322320E-006
   44.625000000000000       1.00782076952942923E-006
   44.875000000000000       8.08165037833092227E-007
   45.125000000000000       6.47689465066507296E-007
   45.375000000000000       5.18778114737355553E-007
   45.625000000000000       4.15281567830250171E-007
   45.875000000000000       3.32237119006725330E-007
   46.125000000000000       2.65641889824526764E-007
   46.375000000000000       2.12268932873343615E-007
   46.625000000000000       1.69518249041320067E-007
   46.875000000000000       1.35296146406601804E-007
   47.125000000000000       1.07917596478826618E-007
   47.375000000000000       8.60272431240027793E-008
   47.625000000000000       6.85355334770338408E-008
   47.875000000000000       5.45671027509503812E-008
   48.125000000000000       4.34190840632978591E-008
   48.375000000000000       3.45274530459799039E-008
   48.625000000000000       2.74398737117198761E-008
   48.875000000000000       2.17938020138043470E-008
   49.125000000000000       1.72988391501658951E-008
   49.375000000000000       1.37225180352186258E-008
   49.625000000000000       1.08788617331535213E-008
   49.875000000000000       8.61917873065735003E-009
   50.125000000000000       6.82466219760163341E-009
   50.375000000000000       5.40044329879847408E-009
   50.625000000000000       4.27081580831960046E-009
   50.875000000000000       3.37540369492905537E-009
   51.125000000000000       2.66608739727425360E-009
   51.375000000000000       2.10454014635036364E-009
   51.625000000000000       1.66025451054713030E-009
   51.875000000000000       1.30896262764875930E-009
   52.125000000000000       1.03137239832662754E-009
   52.375000000000000       8.12157099383047259E-010
   52.625000000000000       6.39148124096072673E-010
   52.875000000000000       5.02690432666609438E-010
   53.125000000000000       3.95128252960985512E-010
   53.375000000000000       3.10394979151753998E-010
   53.625000000000000       2.43686372066633289E-010
   53.875000000000000       1.91200311733157139E-010
   54.125000000000000       1.49929685254271584E-010
   54.375000000000000       1.17497669821492324E-010
   54.625000000000000       9.20268190707582155E-011
   54.875000000000000       7.20350842293146250E-011
   55.125000000000000       5.63532828027727865E-011
   55.375000000000000       4.40596340177294367E-011
   55.625000000000000       3.44278659517660000E-011
   55.875000000000000       2.68861078098181290E-011
   56.125000000000000       2.09843472047909400E-011
   56.375000000000000       1.63686847719172352E-011
   56.625000000000000       1.27609796586452974E-011
   56.875000000000000       9.94276759286779176E-012
   57.125000000000000       7.74256295767959667E-012
   57.375000000000000       6.02583931443879433E-012
   57.625000000000000       4.68712851541108929E-012
   57.875000000000000       3.64379446053056608E-012
   58.125000000000000       2.83112970557829734E-012
   58.375000000000000       2.19849634138663642E-012
   58.625000000000000       1.70629068833841438E-012
   58.875000000000000       1.32355746495833960E-012
   59.125000000000000       1.02611565026525859E-012
   59.375000000000000       7.95087226137096886E-013
   59.625000000000000       6.15742919981748802E-013
   59.875000000000000       4.76597213434961595E-013
   60.125000000000000       3.68699229700863928E-013
   60.375000000000000       2.85077447986280321E-013
   60.625000000000000       2.20305144139075004E-013
   60.875000000000000       1.70160519180128769E-013
   61.125000000000000       1.31361046448365980E-013
   61.375000000000000       1.01355956463378378E-013
   61.625000000000000       7.81642343421874384E-014
   61.875000000000000       6.02482240919205465E-014
   62.125000000000000       4.64150727807616986E-014
   62.375000000000000       3.57399284009959476E-014
   62.625000000000000       2.75061253392266745E-014
   62.875000000000000       2.11586274935101100E-014
   63.125000000000000       1.62678117854427451E-014
   63.375000000000000       1.25013118698844264E-014
   63.625000000000000       9.60214088970047672E-015
   63.875000000000000       7.37170280583310786E-015
   64.125000000000000       5.65660748915429682E-015
   64.375000000000000       4.33844374356833309E-015
   64.625000000000000       3.32585116567293975E-015
   64.875000000000000       2.54837756612355077E-015
   65.125000000000000       1.95172247603356205E-015
   65.375000000000000       1.49405601524274610E-015
   65.625000000000000       1.14317157737819032E-015
   65.875000000000000       8.74284673907661569E-016
   66.125000000000000       6.68332230161856950E-016
   66.375000000000000       5.10659264901686172E-016
   66.625000000000000       3.90005263297159491E-016
   66.875000000000000       2.97722274421270063E-016
   67.125000000000000       2.27172080472380236E-016
   67.375000000000000       1.73261672888578410E-016
   67.625000000000000       1.32085492222421680E-016
   67.875000000000000       1.00650037933501796E-016
   68.125000000000000       7.66619936657406162E-017
   68.375000000000000       5.83653031553986391E-017
   68.625000000000000       4.44159517628714506E-017
   68.875000000000000       3.37857765046464809E-017
   69.125000000000000       2.56886125868709266E-017
   69.375000000000000       1.95236182021568054E-017
   69.625000000000000       1.48318037163711624E-017
   69.875000000000000       1.12627054305013517E-017
   70.125000000000000       8.54884915924005809E-018
   70.375000000000000       6.48619241516627420E-018
   70.625000000000000       4.91915279589461662E-018
   70.875000000000000       3.72915269412014079E-018
   71.125000000000000       2.82585869099855552E-018
   71.375000000000000       2.14048495871900233E-018
   71.625000000000000       1.62067682576723221E-018
   71.875000000000000       1.22660349068314664E-018
   72.125000000000000       9.27975533006819474E-019
   72.375000000000000       7.01769398715464650E-019
   72.625000000000000       5.30492083341969462E-019
   72.875000000000000       4.00858382348003717E-019
   73.125000000000000       3.02783083938770964E-019
   73.375000000000000       2.28613467172755100E-019
   73.625000000000000       1.72545070550832950E-019
   73.875000000000000       1.30177168200520750E-019
   74.125000000000000       9.81746964202816526E-020
   74.375000000000000       7.40112530197482763E-020
   74.625000000000000       5.57738137351035676E-020
   74.875000000000000       4.20144098193580394E-020
   75.125000000000000       3.16375228203075983E-020
   75.375000000000000       2.38146325876785682E-020
   75.625000000000000       1.79193987789946265E-020
   75.875000000000000       1.34785146623180743E-020
   76.125000000000000       1.01344596876888872E-020
   76.375000000000000       7.61728194310584505E-021
   76.625000000000000       5.72323035496715569E-021
   76.875000000000000       4.29858062276692407E-021
   77.125000000000000       3.22739755573499333E-021
   77.375000000000000       2.42227959511688948E-021
   77.625000000000000       1.81736166223511790E-021
   77.875000000000000       1.36302745629750306E-021
   78.125000000000000       1.02191518851910695E-021
   78.375000000000000       7.65901575251014177E-022
   78.625000000000000       5.73825408921354066E-022
   78.875000000000000       4.29770031685614198E-022
   79.125000000000000       3.21768003001482591E-022
   79.375000000000000       2.40824562759653379E-022
   79.625000000000000       1.80181717967396211E-022
   79.875000000000000       1.34763877102735727E-022
   80.125000000000000       1.00760405752064492E-022
   80.375000000000000       7.53114060925211076E-023
   80.625000000000000       5.62712855083645703E-023
   80.875000000000000       4.20309240063796589E-023
   81.125000000000000       3.13839672081336929E-023
   81.375000000000000       2.34263336341627744E-023
   81.625000000000000       1.74807135578354845E-023
   81.875000000000000       1.30398652255900326E-023
   82.125000000000000       9.72404414386738961E-024
   82.375000000000000       7.24905452330903143E-024
   82.625000000000000       5.40228116483752786E-024
   82.875000000000000       4.02471483890156550E-024
   83.125000000000000       2.99747725441390608E-024
   83.375000000000000       2.23172283740602202E-024
   83.625000000000000       1.66107378263156057E-024
   83.875000000000000       1.23595487086110567E-024
   84.125000000000000       9.19352455679678350E-025
   84.375000000000000       6.83640704379982510E-025
   84.625000000000000       5.08207340569474110E-025
   84.875000000000000       3.77678097854714549E-025
   85.125000000000000       2.80589363782285004E-025
   85.375000000000000       2.08396218051781657E-025
   85.625000000000000       1.54731369114547039E-025
   85.875000000000000       1.14851715451747308E-025
   86.125000000000000       8.52251665172363901E-026
   86.375000000000000       6.32222795949731450E-026
   86.625000000000000       4.68861988827335233E-026
   86.875000000000000       3.47610701222212657E-026
   87.125000000000000       2.57641096873160634E-026
   87.375000000000000       1.90902526822143565E-026
   87.625000000000000       1.41411064496033501E-026
   87.875000000000000       1.04720310244113622E-026
   88.125000000000000       7.75273420413050198E-027
   88.375000000000000       5.73793920665395787E-027
   88.625000000000000       4.24555709816965235E-027
   88.875000000000000       3.14044898594221251E-027
   89.125000000000000       2.32235028978524824E-027
   89.375000000000000       1.71689306340192197E-027
   89.625000000000000       1.26893362216789660E-027
   89.875000000000000       9.37595043393312994E-028
   90.125000000000000       6.92584926363653456E-028
   90.375000000000000       5.11461199474034493E-028
   90.625000000000000       3.77602500891771741E-028
   90.875000000000000       2.78702025407350303E-028
   91.125000000000000       2.05650163520952008E-028
   91.375000000000000       1.51705818665889942E-028
   91.625000000000000       1.11882002779359087E-028
   91.875000000000000       8.24904371296220312E-029
   92.125000000000000       6.08041075535031515E-029
   92.375000000000000       4.48072953278011783E-029
   92.625000000000000       3.30104611680644727E-029
   92.875000000000000       2.43131961536851355E-029
   93.125000000000000       1.79027877449235112E-029
   93.375000000000000       1.31791670128594728E-029
   93.625000000000000       9.69939157471369775E-030
   93.875000000000000       7.13659084209736818E-030
   94.125000000000000       5.24961466049261382E-030
   94.375000000000000       3.86060113757871572E-030
   94.625000000000000       2.83840202579511409E-030
   94.875000000000000       2.08633951124118932E-030
   95.125000000000000       1.53316498696617985E-030
   95.375000000000000       1.12638422475040473E-030
   95.625000000000000       8.27330926391338181E-031
   95.875000000000000       6.07531683294769872E-031
   96.125000000000000       4.46024549981473844E-031
   96.375000000000000       3.27381603904705095E-031
   96.625000000000000       2.40251071253257329E-031
   96.875000000000000       1.76282811768314372E-031
   97.125000000000000       1.29336594359713889E-031
   97.375000000000000       9.48989324180178844E-032
   97.625000000000000       6.96537064869344058E-032
   97.875000000000000       5.11661761858600963E-032
   98.125000000000000       3.76506005274120034E-032
   98.375000000000000       2.77995284837926507E-032
   98.625000000000000       2.06586168695577694E-032
   98.875000000000000       1.55351185741654889E-032
   99.125000000000000       1.19313597188345224E-032
   99.375000000000000       9.49688548884626455E-033
   99.625000000000000       7.99472177080140023E-033
   99.875000000000000       7.27853873440262749E-033
   100.12500000000000       7.27853873440262749E-033
