 -0.12500000000000000      -1.01882368453406726E-004
  0.12500000000000000      -1.01882368453406726E-004
  0.37500000000000000      -1.00250897652149292E-004
  0.62500000000000000      -9.04702431746057158E-005
  0.87500000000000000      -1.02837837622506937E-004
   1.1250000000000000      -1.10843528461548145E-004
   1.3750000000000000      -1.00125311158437552E-004
   1.6250000000000000      -8.82455563417007148E-005
   1.8750000000000000      -9.15913634747731587E-005
   2.1250000000000000      -1.05174495816524617E-004
   2.3750000000000000      -1.13097907795580533E-004
   2.6250000000000000      -1.07285511998388944E-004
   2.8750000000000000      -9.37428946715327928E-005
   3.1250000000000000      -8.48177706564631490E-005
   3.3750000000000000      -8.79857912767500610E-005
   3.6250000000000000      -1.00751715490349000E-004
   3.8750000000000000      -1.13769308240589236E-004
   4.1250000000000000      -1.18058127943936262E-004
   4.3750000000000000      -1.10739787893086573E-004
   4.6250000000000000      -9.61323457041170058E-005
   4.8750000000000000      -8.25387773302751685E-005
   5.1250000000000000      -7.73426766544244737E-005
   5.3750000000000000      -8.32862431723697613E-005
   5.6250000000000000      -9.75564286071854952E-005
   5.8750000000000000      -1.13604987890411814E-004
   6.1250000000000000      -1.24397500714269684E-004
   6.3750000000000000      -1.25439947544803257E-004
   6.6250000000000000      -1.16369308108803726E-004
   6.8750000000000000      -1.00719448136996352E-004
   7.1250000000000000      -8.42540411653882877E-005
   7.3750000000000000      -7.27103260286920809E-005
   7.6250000000000000      -6.98419893356563376E-005
   7.8750000000000000      -7.63746940813197600E-005
   8.1250000000000000      -9.00672873281416973E-005
   8.3750000000000000      -1.06680735004949511E-004
   8.6250000000000000      -1.21414050265619398E-004
   8.8750000000000000      -1.30311597841569090E-004
   9.1250000000000000      -1.31249701003807278E-004
   9.3750000000000000      -1.24303041235796440E-004
   9.6250000000000000      -1.11496410787357639E-004
   9.8750000000000000      -9.61058520171597622E-005
   10.125000000000000      -8.17547562564085198E-005
   10.375000000000000      -7.15530773643156348E-005
   10.625000000000000      -6.74699239823058425E-005
   10.875000000000000      -7.00399102315426572E-005
   11.125000000000000      -7.84105152250667289E-005
   11.375000000000000      -9.06633972971143518E-005
   11.625000000000000      -1.04299127434080919E-004
   11.875000000000000      -1.16764022160978831E-004
   12.125000000000000      -1.25913797396421583E-004
   12.375000000000000      -1.30341556024353829E-004
   12.625000000000000      -1.29536368719859957E-004
   12.875000000000000      -1.23874473322535734E-004
   13.125000000000000      -1.14472149708441618E-004
   13.375000000000000      -1.02945231062875523E-004
   13.625000000000000      -9.11253419409076016E-005
   13.875000000000000      -8.07794329137170343E-005
   14.125000000000000      -7.33699174217956586E-005
   14.375000000000000      -6.98806110617101718E-005
   14.625000000000000      -7.07211289237650041E-005
   14.875000000000000      -7.57110973209497819E-005
   15.125000000000000      -8.41364478262608380E-005
   15.375000000000000      -9.48635606038860426E-005
   15.625000000000000      -1.06493081053315289E-004
   15.875000000000000      -1.17533589684814773E-004
   16.125000000000000      -1.26575605475273163E-004
   16.375000000000000      -1.32448278957968233E-004
   16.625000000000000      -1.34344232112108261E-004
   16.875000000000000      -1.31901994536482028E-004
   17.125000000000000      -1.25240038566640048E-004
   17.375000000000000      -1.14941187884009196E-004
   17.625000000000000      -1.01990808463734209E-004
   17.875000000000000      -8.76763296524690782E-005
   18.125000000000000      -7.34589531035522450E-005
   18.375000000000000      -6.08306132097420296E-005
   18.625000000000000      -5.11701723636369738E-005
   18.875000000000000      -4.56124068323904855E-005
   19.125000000000000      -4.49416379740289474E-005
   19.375000000000000      -4.95190945792748028E-005
   19.625000000000000      -5.92495702095971176E-005
   19.875000000000000      -7.35890515325633894E-005
   20.125000000000000      -9.15911503786234375E-005
   20.375000000000000      -1.11986757696447436E-004
   20.625000000000000      -1.33288664437119895E-004
   20.875000000000000      -1.53911171934383300E-004
   21.125000000000000      -1.72294032429188567E-004
   21.375000000000000      -1.87020391561072176E-004
   21.625000000000000      -1.96919620502028194E-004
   21.875000000000000      -2.01147824090732493E-004
   22.125000000000000      -1.99241149126385135E-004
   22.375000000000000      -1.91139540212041442E-004
   22.625000000000000      -1.77181062085732819E-004
   22.875000000000000      -1.58069126751693065E-004
   23.125000000000000      -1.34816779398533185E-004
   23.375000000000000      -1.08673511264522805E-004
   23.625000000000000      -8.10408359652731842E-005
   23.875000000000000      -5.33830922171813334E-005
   24.125000000000000      -2.71396652240797655E-005
   24.375000000000000      -3.64412770190878163E-006
   24.625000000000000       1.59452119798711570E-005
   24.875000000000000       3.07000924012693286E-005
   25.125000000000000       3.99604745624962439E-005
   25.375000000000000       4.33554888917741041E-005
   25.625000000000000       4.08077481161916194E-005
   25.875000000000000       3.25226611847894730E-005
   26.125000000000000       1.89651984310181164E-005
   26.375000000000000       8.27120352204718881E-007
   26.625000000000000      -2.10120117265872286E-005
   26.875000000000000      -4.55266580861780917E-005
   27.125000000000000      -7.15867099207314695E-005
   27.375000000000000      -9.79955383861105139E-005
   27.625000000000000      -1.23522144275535408E-004
   27.875000000000000      -1.46925333281685595E-004
   28.125000000000000      -1.66968311805112198E-004
   28.375000000000000      -1.82422529783318543E-004
   28.625000000000000      -1.92059953250733759E-004
   28.875000000000000      -1.94633201752851613E-004
   29.125000000000000      -1.88843113885162241E-004
   29.375000000000000      -1.73293294642664036E-004
   29.625000000000000      -1.46431042950377909E-004
   29.875000000000000      -1.06473752289577890E-004
   30.125000000000000      -5.13194190071772293E-005
   30.375000000000000       2.15607212257682389E-005
   30.625000000000000       1.15250183094656078E-004
   30.875000000000000       2.33539545096035314E-004
   31.125000000000000       3.81107908507277975E-004
   31.375000000000000       5.63739645080803720E-004
   31.625000000000000       7.88584116126323886E-004
   31.875000000000000       1.06446782626463824E-003
   32.125000000000000       1.40227051916283593E-003
   32.375000000000000       1.81537904569810935E-003
   32.625000000000000       2.32023543612275198E-003
   32.875000000000000       2.93699845288874269E-003
   33.125000000000000       3.69034089650142156E-003
   33.375000000000000       4.61040788840854938E-003
   33.625000000000000       5.73396390046067728E-003
   33.875000000000000       7.10575780582872393E-003
   34.125000000000000       8.78013462237052338E-003
   34.375000000000000       1.08229181471973732E-002
   34.625000000000000       1.33135774977662207E-002
   34.875000000000000       1.63476681484756928E-002
   35.125000000000000       2.00394972498022274E-002
   35.375000000000000       2.45248927629213090E-002
   35.625000000000000       2.99638393297831616E-002
   35.875000000000000       3.65425556559552389E-002
   36.125000000000000       4.44742924927903210E-002
   36.375000000000000       5.39976789598421852E-002
   36.625000000000000       6.53707819798694106E-002
   36.875000000000000       7.88581246613015152E-002
   37.125000000000000       9.47067570045570239E-002
   37.375000000000000       0.11310630262298986     
   37.625000000000000       0.13412737378962816     
   37.875000000000000       0.15763431926638646     
   38.125000000000000       0.18317451901532131     
   38.375000000000000       0.20986055844544022     
   38.625000000000000       0.23628470239027105     
   38.875000000000000       0.26053020602011973     
   39.125000000000000       0.28035025808928465     
   39.375000000000000       0.29354355247682745     
   39.625000000000000       0.29845676181323799     
   39.875000000000000       0.29443553387766480     
   40.125000000000000       0.28201870153159975     
   40.375000000000000       0.26277770170865417     
   40.625000000000000       0.23888261986720333     
   40.875000000000000       0.21259548214587373     
   41.125000000000000       0.18587701307856452     
   41.375000000000000       0.16018824750521754     
   41.625000000000000       0.13646551042973401     
   41.875000000000000       0.11519954053650137     
   42.125000000000000       9.65522948514417889E-002
   42.375000000000000       8.04693923477422524E-002
   42.625000000000000       6.67699466520364771E-002
   42.875000000000000       5.52105715465254429E-002
   43.125000000000000       4.55272337265029622E-002
   43.375000000000000       3.74605303802218320E-002
   43.625000000000000       3.07695646548481749E-002
   43.875000000000000       2.52384466835078695E-002
   44.125000000000000       2.06782794092184134E-002
   44.375000000000000       1.69265435944657150E-002
   44.625000000000000       1.38451096066252739E-002
   44.875000000000000       1.13176338191062088E-002
   45.125000000000000       9.24678871490392483E-003
   45.375000000000000       7.55157880802225130E-003
   45.625000000000000       6.16487210602530665E-003
   45.875000000000000       5.03120288897336305E-003
   46.125000000000000       4.10485846586248430E-003
   46.375000000000000       3.34823872732531620E-003
   46.625000000000000       2.73046528491112253E-003
   46.875000000000000       2.22621202744230058E-003
   47.125000000000000       1.81472805153657562E-003
   47.375000000000000       1.47902528715610415E-003
   47.625000000000000       1.20520561237921872E-003
   47.875000000000000       9.81905162717300068E-004
   48.125000000000000       7.99836502778217013E-004
   48.375000000000000       6.51412131997734334E-004
   48.625000000000000       5.30435339073463317E-004
   48.875000000000000       4.31846663089229357E-004
   49.125000000000000       3.51516161185831569E-004
   49.375000000000000       2.86073340850405867E-004
   49.625000000000000       2.32768016784542321E-004
   49.875000000000000       1.89356528587471083E-004
   50.125000000000000       1.54008736778717185E-004
   50.375000000000000       1.25232029648457514E-004
   50.625000000000000       1.01809247884523062E-004
   50.875000000000000       8.27479905629038365E-005
   51.125000000000000       6.72392244780312809E-005
   51.375000000000000       5.46234956101655531E-005
   51.625000000000000       4.43633508603078706E-005
   51.875000000000000       3.60208318292268211E-005
   52.125000000000000       2.92391102128485444E-005
   52.375000000000000       2.37275044951883972E-005
   52.625000000000000       1.92492567950117125E-005
   52.875000000000000       1.56115625343683471E-005
   53.125000000000000       1.26574386321281244E-005
   53.375000000000000       1.02590919526652929E-005
   53.625000000000000       8.31251185222237478E-006
   53.875000000000000       6.73306139925190698E-006
   54.125000000000000       5.45188327749753239E-006
   54.375000000000000       4.41297021211299237E-006
   54.625000000000000       3.57077738078428419E-006
   54.875000000000000       2.88827682110388185E-006
   55.125000000000000       2.33537225214769613E-006
   55.375000000000000       1.88760775213735031E-006
   55.625000000000000       1.52511599598713550E-006
   55.875000000000000       1.23176176348807341E-006
   56.125000000000000       9.94444594982586957E-007
   56.375000000000000       8.02531134798684529E-007
   56.625000000000000       6.47393139563567264E-007
   56.875000000000000       5.22031564245059634E-007
   57.125000000000000       4.20770757426879004E-007
   57.375000000000000       3.39009749162742510E-007
   57.625000000000000       2.73020022428164586E-007
   57.875000000000000       2.19781122817370774E-007
   58.125000000000000       1.76847062438540650E-007
   58.375000000000000       1.42237779646552873E-007
   58.625000000000000       1.14350980760070321E-007
   58.875000000000000       9.18905576710925241E-008
   59.125000000000000       7.38084825310124552E-008
   59.375000000000000       5.92576570787584272E-008
   59.625000000000000       4.75536638103047503E-008
   59.875000000000000       3.81437487771506046E-008
   60.125000000000000       3.05816774193938138E-008
   60.375000000000000       2.45073586012482561E-008
   60.625000000000000       1.96303386214223663E-008
   60.875000000000000       1.57164351438433696E-008
   61.125000000000000       1.25769178526221412E-008
   61.375000000000000       1.00597539825472515E-008
   61.625000000000000       8.04252744487579018E-009
   61.875000000000000       6.42671391561475298E-009
   62.125000000000000       5.13305412449006781E-009
   62.375000000000000       4.09781624021797618E-009
   62.625000000000000       3.26977777982507269E-009
   62.875000000000000       2.60778957791078945E-009
   63.125000000000000       2.07881042164691452E-009
   63.375000000000000       1.65632211741934441E-009
   63.625000000000000       1.31905192407169604E-009
   63.875000000000000       1.04994321351229762E-009
   64.125000000000000       8.35326510515980908E-010
   64.375000000000000       6.64252214935747401E-010
   64.625000000000000       5.27953723855250244E-010
   64.875000000000000       4.19415675812513875E-010
   65.125000000000000       3.33026900181945801E-010
   65.375000000000000       2.64301588313415445E-010
   65.625000000000000       2.09655384707132486E-010
   65.875000000000000       1.66225668949915020E-010
   66.125000000000000       1.31727378101686339E-010
   66.375000000000000       1.04337398622385966E-010
   66.625000000000000       8.26019129502613748E-011
   66.875000000000000       6.53621802509235191E-011
   67.125000000000000       5.16951137146380789E-011
   67.375000000000000       4.08657286450600950E-011
   67.625000000000000       3.22891093005806213E-011
   67.875000000000000       2.55000046064616234E-011
   68.125000000000000       2.01285349640098725E-011
   68.375000000000000       1.58807918403651271E-011
   68.625000000000000       1.25233526937715262E-011
   68.875000000000000       9.87092743920063483E-012
   69.125000000000000       7.77650826669146124E-012
   69.375000000000000       6.12351959956655727E-012
   69.625000000000000       4.81956530064189089E-012
   69.875000000000000       3.79145072360282771E-012
   70.125000000000000       2.98122175081741347E-012
   70.375000000000000       2.34301468970709318E-012
   70.625000000000000       1.84055233933279637E-012
   70.875000000000000       1.44515471694576748E-012
   71.125000000000000       1.13415948386571190E-012
   71.375000000000000       8.89668344177821345E-013
   71.625000000000000       6.97552663554236050E-013
   71.875000000000000       5.46665116530249357E-013
   72.125000000000000       4.28214999185101544E-013
   72.375000000000000       3.35273486305930947E-013
   72.625000000000000       2.62382005537538732E-013
   72.875000000000000       2.05242396626600486E-013
   73.125000000000000       1.60471902740759772E-013
   73.375000000000000       1.25409528026217548E-013
   73.625000000000000       9.79630711429370293E-014
   73.875000000000000       7.64883525063096638E-014
   74.125000000000000       5.96939084881068009E-014
   74.375000000000000       4.65658208554519475E-014
   74.625000000000000       3.63084576855490357E-014
   74.875000000000000       2.82977814845007309E-014
   75.125000000000000       2.20445779968671834E-014
   75.375000000000000       1.71655124732208397E-014
   75.625000000000000       1.33603586459718643E-014
   75.875000000000000       1.03940929818328350E-014
   76.125000000000000       8.08282173942129671E-015
   76.375000000000000       6.28272592107120781E-015
   76.625000000000000       4.88138125975128263E-015
   76.875000000000000       3.79094637216686726E-015
   77.125000000000000       2.94281963910527241E-015
   77.375000000000000       2.28345019711426203E-015
   77.625000000000000       1.77105536364003543E-015
   77.875000000000000       1.37304961408094191E-015
   78.125000000000000       1.06403184966055642E-015
   78.375000000000000       8.24210488141030982E-016
   78.625000000000000       6.38171733922153369E-016
   78.875000000000000       4.93916710280783254E-016
   79.125000000000000       3.82109126769360698E-016
   79.375000000000000       2.95487727559194160E-016
   79.625000000000000       2.28407647104355468E-016
   79.875000000000000       1.76482560409721627E-016
   80.125000000000000       1.36305608038470628E-016
   80.375000000000000       1.05231856876304995E-016
   80.625000000000000       8.12088071891668976E-017
   80.875000000000000       6.26443956783818754E-017
   81.125000000000000       4.83042470302865080E-017
   81.375000000000000       3.72317297593060266E-017
   81.625000000000000       2.86857835942858632E-017
   81.875000000000000       2.20925898580144981E-017
   82.125000000000000       1.70080196967446581E-017
   82.375000000000000       1.30884698083397767E-017
   82.625000000000000       1.00682224403283061E-017
   82.875000000000000       7.74187799759736883E-018
   83.125000000000000       5.95072978940962033E-018
   83.375000000000000       4.57220098266396089E-018
   83.625000000000000       3.51165916061263993E-018
   83.875000000000000       2.69607610502029389E-018
   84.125000000000000       2.06911898455247067E-018
   84.375000000000000       1.58735143983675376E-018
   84.625000000000000       1.21729488715461077E-018
   84.875000000000000       9.33156234010736576E-019
   85.125000000000000       7.15071636813921731E-019
   85.375000000000000       5.47749685198787094E-019
   85.625000000000000       4.19423615407023529E-019
   85.875000000000000       3.21042509941996049E-019
   86.125000000000000       2.45647236344732713E-019
   86.375000000000000       1.87889130016270624E-019
   86.625000000000000       1.43658925181510681E-019
   86.875000000000000       1.09800799583131327E-019
   87.125000000000000       8.38921008126187701E-020
   87.375000000000000       6.40737373134935114E-020
   87.625000000000000       4.89196340714903125E-020
   87.875000000000000       3.73362963264696185E-020
   88.125000000000000       2.84855685723150189E-020
   88.375000000000000       2.17252558784242983E-020
   88.625000000000000       1.65634950477125046E-020
   88.875000000000000       1.26237056259235430E-020
   89.125000000000000       9.61767829650432366E-021
   89.375000000000000       7.32491953018446049E-021
   89.625000000000000       5.57680428526629459E-021
   89.875000000000000       4.24442230600965605E-021
   90.125000000000000       3.22926075325206379E-021
   90.375000000000000       2.45606400487475919E-021
   90.625000000000000       1.86736399344161297E-021
   90.875000000000000       1.41929183984816300E-021
   91.125000000000000       1.07837185262108463E-021
   91.375000000000000       8.19068411259994154E-022
   91.625000000000000       6.21909636102957082E-022
   91.875000000000000       4.72052765985008494E-022
   92.125000000000000       3.58187669874325341E-022
   92.375000000000000       2.71699106630595328E-022
   92.625000000000000       2.06026909959304533E-022
   92.875000000000000       1.56177515997693111E-022
   93.125000000000000       1.18351170995145409E-022
   93.375000000000000       8.96575271289642518E-023
   93.625000000000000       6.78987483222952289E-023
   93.875000000000000       5.14041605118987841E-023
   94.125000000000000       3.89042420792527847E-023
   94.375000000000000       2.94346288224077123E-023
   94.625000000000000       2.22630101712404181E-023
   94.875000000000000       1.68334775981033675E-023
   95.125000000000000       1.27241737336104187E-023
   95.375000000000000       9.61507462552833240E-024
   95.625000000000000       7.26348919744970099E-024
   95.875000000000000       5.48543390913305415E-024
   96.125000000000000       4.14147873074132408E-024
   96.375000000000000       3.12599484508693138E-024
   96.625000000000000       2.35898949144306957E-024
   96.875000000000000       1.77990780608689164E-024
   97.125000000000000       1.34292973095622716E-024
   97.375000000000000       1.01340300769448244E-024
   97.625000000000000       7.65139320817734097E-025
   97.875000000000000       5.78366195322735148E-025
   98.125000000000000       4.38177174670080938E-025
   98.375000000000000       3.33360834658145019E-025
   98.625000000000000       2.55518176401656149E-025
   98.875000000000000       1.98400065085847242E-025
   99.125000000000000       1.57413306927619225E-025
   99.375000000000000       1.29256963407594048E-025
   99.625000000000000       1.11660574671176349E-025
   99.875000000000000       1.03203868355513119E-025
   100.12500000000000       1.03203868355513119E-025
