   0.0000000000000000      -6.41208281828378361E-005
  0.25000000000000000      -8.08157995848615967E-005
  0.50000000000000000      -1.01648185023260778E-004
  0.75000000000000000      -1.28035613419178764E-004
   1.0000000000000000      -1.61730902812440920E-004
   1.2500000000000000      -2.03829134438798353E-004
   1.5000000000000000      -2.56353277047277064E-004
   1.7500000000000000      -3.22874356370356306E-004
   2.0000000000000000      -4.07792798271302604E-004
   2.2500000000000000      -5.13866038011443036E-004
   2.5000000000000000      -6.46165451534951550E-004
   2.7500000000000000      -8.13651588938588848E-004
   3.0000000000000000      -1.02733805068792395E-003
   3.2500000000000000      -1.29408250000125004E-003
   3.5000000000000000      -1.62652160690660691E-003
   3.7500000000000000      -2.04690445854945838E-003
   4.0000000000000000      -2.58251017196974193E-003
   4.2500000000000000      -3.24998715805426257E-003
   4.5000000000000000      -4.08010577422577431E-003
   4.7500000000000000      -5.13199306792539670E-003
   5.0000000000000000      -6.45566617301617397E-003
   5.2500000000000000      -8.10053414638414737E-003
   5.5000000000000000      -1.01443272217511104E-002
   5.7500000000000000      -1.27008059962059952E-002
   6.0000000000000000      -1.58987263061263068E-002
   6.2500000000000000      -1.98306223440223445E-002
   6.5000000000000000      -2.46153353402586358E-002
   6.7500000000000000      -3.04597509379509399E-002
   7.0000000000000000      -3.76045474471474461E-002
   7.2500000000000000      -4.60224213255213260E-002
   7.5000000000000000      -5.57411327008691879E-002
   7.7500000000000000      -6.67407303684303677E-002
   8.0000000000000000      -7.85912230445230398E-002
   8.2500000000000000      -9.03476249564249267E-002
   8.5000000000000000      -0.10063912751748992     
   8.7500000000000000      -0.10703474260474259     
   9.0000000000000000      -0.10611535151335150     
   9.2500000000000000      -9.55629525399525614E-002
   9.5000000000000000      -7.36597412126351880E-002
   9.7500000000000000      -4.03843969519998777E-002
   10.000000000000000      -4.51685003370304317E-005
   10.250000000000000       4.00237746411865256E-002
   10.500000000000000       7.37001636449318431E-002
   10.750000000000000       9.61519894874999920E-002
   11.000000000000000       0.10614966334665837     
   11.250000000000000       0.10671076456441141     
   11.500000000000000       0.10059918126359367     
   11.750000000000000       9.04228583962500138E-002
   12.000000000000000       7.86040098190245451E-002
   12.250000000000000       6.67860994002485164E-002
   12.500000000000000       5.57388082714586203E-002
   12.750000000000000       4.59546252487500126E-002
   13.000000000000000       3.76068808607021507E-002
   13.250000000000000       3.05204957192393087E-002
   13.500000000000000       2.46184022619886783E-002
   13.750000000000000       1.97879822100000061E-002
   14.000000000000000       1.59004688839222072E-002
   14.250000000000000       1.27254489738724413E-002
   14.500000000000000       1.01422713196433964E-002
   14.750000000000000       8.08096454787500182E-003
   15.000000000000000       6.46208648624121453E-003
   15.250000000000000       5.13567899712249511E-003
   15.500000000000000       4.07901784956075063E-003
   15.750000000000000       3.24154540228850652E-003
   16.000000000000000       2.58198144335000136E-003
   16.250000000000000       2.05192113154717328E-003
   16.500000000000000       1.62670846303268309E-003
   16.750000000000000       1.29068018717593599E-003
   17.000000000000000       1.02711984895037674E-003
   17.250000000000000       8.15658625168437881E-004
   17.500000000000000       6.46239478145108526E-004
   17.750000000000000       5.12508548835244131E-004
   18.000000000000000       4.07705302061744500E-004
   18.250000000000000       3.23673061582346389E-004
   18.500000000000000       2.56382843515782165E-004
   18.750000000000000       2.03288930697153496E-004
   19.000000000000000       1.61695835315411570E-004
   19.250000000000000       1.28354378839053021E-004
   19.500000000000000       1.01660395993019936E-004
   19.750000000000000       8.06016520057600339E-005
   20.000000000000000       6.41070762055594287E-005
   20.250000000000000       5.08855213534466726E-005
   20.500000000000000       2.03625652513738384E-004
   20.750000000000000       -0.0000000000000000     
   21.000000000000000       -0.0000000000000000     
   21.250000000000000       -0.0000000000000000     
   21.500000000000000       -0.0000000000000000     
   21.750000000000000       -0.0000000000000000     
   22.000000000000000       -0.0000000000000000     
   22.250000000000000       -0.0000000000000000     
   22.500000000000000       -0.0000000000000000     
   22.750000000000000       -0.0000000000000000     
   23.000000000000000       -0.0000000000000000     
   23.250000000000000       -0.0000000000000000     
   23.500000000000000       -0.0000000000000000     
   23.750000000000000       -0.0000000000000000     
   24.000000000000000       -0.0000000000000000     
   24.250000000000000       -0.0000000000000000     
   24.500000000000000       -0.0000000000000000     
   24.750000000000000       -0.0000000000000000     
   25.000000000000000       -0.0000000000000000     
   25.250000000000000       -0.0000000000000000     
   25.500000000000000       -0.0000000000000000     
   25.750000000000000       -0.0000000000000000     
   26.000000000000000       -0.0000000000000000     
   26.250000000000000       -0.0000000000000000     
   26.500000000000000       -0.0000000000000000     
   26.750000000000000       -0.0000000000000000     
   27.000000000000000       -0.0000000000000000     
   27.250000000000000       -0.0000000000000000     
   27.500000000000000       -0.0000000000000000     
   27.750000000000000       -0.0000000000000000     
   28.000000000000000       -0.0000000000000000     
   28.250000000000000       -0.0000000000000000     
   28.500000000000000       -0.0000000000000000     
   28.750000000000000       -0.0000000000000000     
   29.000000000000000       -0.0000000000000000     
   29.250000000000000       -0.0000000000000000     
   29.500000000000000       -0.0000000000000000     
   29.750000000000000       -0.0000000000000000     
   30.000000000000000       -0.0000000000000000     
   30.250000000000000       -0.0000000000000000     
   30.500000000000000       -0.0000000000000000     
   30.750000000000000       3.45845952088872581E-323
   31.000000000000000       3.45845952088872581E-323
   31.250000000000000       3.45845952088872581E-323
   31.500000000000000       3.45845952088872581E-323
   31.750000000000000       3.45845952088872581E-323
   32.000000000000000       3.45845952088872581E-323
   32.250000000000000       3.45845952088872581E-323
   32.500000000000000       3.45845952088872581E-323
   32.750000000000000       3.45845952088872581E-323
   33.000000000000000       3.45845952088872581E-323
   33.250000000000000       3.45845952088872581E-323
   33.500000000000000       3.45845952088872581E-323
   33.750000000000000       3.45845952088872581E-323
   34.000000000000000       3.45845952088872581E-323
   34.250000000000000       3.45845952088872581E-323
   34.500000000000000       3.45845952088872581E-323
   34.750000000000000       3.45845952088872581E-323
   35.000000000000000       3.45845952088872581E-323
   35.250000000000000       3.45845952088872581E-323
   35.500000000000000       3.45845952088872581E-323
   35.750000000000000       3.45845952088872581E-323
   36.000000000000000       3.45845952088872581E-323
   36.250000000000000       3.45845952088872581E-323
   36.500000000000000       3.45845952088872581E-323
   36.750000000000000       3.45845952088872581E-323
   37.000000000000000       3.45845952088872581E-323
   37.250000000000000       3.45845952088872581E-323
   37.500000000000000       3.45845952088872581E-323
   37.750000000000000       3.45845952088872581E-323
   38.000000000000000       3.45845952088872581E-323
   38.250000000000000       3.45845952088872581E-323
   38.500000000000000       3.45845952088872581E-323
   38.750000000000000       3.45845952088872581E-323
   39.000000000000000       3.45845952088872581E-323
   39.250000000000000       3.45845952088872581E-323
   39.500000000000000       3.45845952088872581E-323
   39.750000000000000       3.45845952088872581E-323
   40.000000000000000       3.45845952088872581E-323
   40.250000000000000       3.45845952088872581E-323
   40.500000000000000       3.45845952088872581E-323
   40.750000000000000       3.45845952088872581E-323
   41.000000000000000       3.45845952088872581E-323
   41.250000000000000       3.45845952088872581E-323
   41.500000000000000       3.45845952088872581E-323
   41.750000000000000       3.45845952088872581E-323
   42.000000000000000       3.45845952088872581E-323
   42.250000000000000       3.45845952088872581E-323
   42.500000000000000       3.45845952088872581E-323
   42.750000000000000       3.45845952088872581E-323
   43.000000000000000       3.45845952088872581E-323
   43.250000000000000       3.45845952088872581E-323
   43.500000000000000       3.45845952088872581E-323
   43.750000000000000       3.45845952088872581E-323
   44.000000000000000       3.45845952088872581E-323
   44.250000000000000       3.45845952088872581E-323
   44.500000000000000       3.45845952088872581E-323
   44.750000000000000       3.45845952088872581E-323
   45.000000000000000       3.45845952088872581E-323
   45.250000000000000       3.45845952088872581E-323
   45.500000000000000       3.45845952088872581E-323
   45.750000000000000       3.45845952088872581E-323
   46.000000000000000       3.45845952088872581E-323
   46.250000000000000       3.45845952088872581E-323
   46.500000000000000       3.45845952088872581E-323
   46.750000000000000       3.45845952088872581E-323
   47.000000000000000       3.45845952088872581E-323
   47.250000000000000       3.45845952088872581E-323
   47.500000000000000       3.45845952088872581E-323
   47.750000000000000       3.45845952088872581E-323
   48.000000000000000       3.45845952088872581E-323
   48.250000000000000       3.45845952088872581E-323
   48.500000000000000       3.45845952088872581E-323
   48.750000000000000       3.45845952088872581E-323
   49.000000000000000       3.45845952088872581E-323
   49.250000000000000       3.45845952088872581E-323
   49.500000000000000       3.45845952088872581E-323
   49.750000000000000       3.45845952088872581E-323
