   0.0000000000000000        0.0000000000000000     
  0.25000000000000000       8.41774908465038034E-006
  0.50000000000000000       5.47746960863813212E-006
  0.75000000000000000       3.56421568424553435E-006
   1.0000000000000000       2.31925220064897441E-006
   1.2500000000000000       1.50914850467409599E-006
   1.5000000000000000       9.82010153325611286E-007
   1.7500000000000000       6.38998705725678542E-007
   2.0000000000000000       4.15799515449310419E-007
   2.2500000000000000       2.70562734319688207E-007
   2.5000000000000000       1.76056465875007578E-007
   2.7500000000000000       1.14560784781890780E-007
   3.0000000000000000       7.45452508353785188E-008
   3.2500000000000000       4.85069514204997523E-008
   3.5000000000000000       3.15637053969646766E-008
   3.7500000000000000       2.05386541353604757E-008
   4.0000000000000000       1.33646005241363652E-008
   4.2500000000000000       8.69640951118782665E-009
   4.5000000000000000       5.65879528158700805E-009
   4.7500000000000000       3.68220516728375066E-009
   5.0000000000000000       2.39602852184619772E-009
   5.2500000000000000       1.55910722425480658E-009
   5.5000000000000000       1.01451853121119197E-009
   5.7500000000000000       6.60152062769675848E-010
   6.0000000000000000       4.29564106097474181E-010
   6.2500000000000000       2.79519419318548949E-010
   6.5000000000000000       1.81884623661851645E-010
   6.7500000000000000       1.18353194941751492E-010
   7.0000000000000000       7.70129902732297195E-011
   7.2500000000000000       5.01127212809385203E-011
   7.5000000000000000       3.26085875288233022E-011
   7.7500000000000000       2.12185639383624431E-011
   8.0000000000000000       1.38070210863445499E-011
   8.2500000000000000       8.98429468801625659E-012
   8.5000000000000000       5.84612354369101205E-012
   8.7500000000000000       3.80410056380783297E-012
   9.0000000000000000       2.47534643963862167E-012
   9.2500000000000000       1.61071977290165251E-012
   9.5000000000000000       1.04810306358374342E-012
   9.7500000000000000       6.82005678687786212E-013
   10.000000000000000       4.43784358545789095E-013
   10.250000000000000       2.88772605631127417E-013
   10.500000000000000       1.87905716272302130E-013
   10.750000000000000       1.22271148714533510E-013
   11.000000000000000       7.95624215407398696E-014
   11.250000000000000       5.17716484058349546E-014
   11.500000000000000       3.36880593470240983E-014
   11.750000000000000       2.19209814157802596E-014
   12.000000000000000       1.42640874999952194E-014
   12.250000000000000       9.28170999045928025E-015
   12.500000000000000       6.03965310413445518E-015
   12.750000000000000       3.93003117483484040E-015
   13.000000000000000       2.55729009081675835E-015
   13.250000000000000       1.66404089882681805E-015
   13.500000000000000       1.08279937536690619E-015
   13.750000000000000       7.04582734788289162E-016
   14.000000000000000       4.58475356982476239E-016
   14.250000000000000       2.98332108610877549E-016
   14.500000000000000       1.94126130603818362E-016
   14.750000000000000       1.26318802084975119E-016
   15.000000000000000       8.21962489570647286E-017
   15.250000000000000       5.34854925086039757E-017
   15.500000000000000       3.48032659055064613E-017
   15.750000000000000       2.26466516596914022E-017
   16.000000000000000       1.47362846000684847E-017
   16.250000000000000       9.58897090295840890E-018
   16.500000000000000       6.23958925015303262E-018
   16.750000000000000       4.06013058175134908E-018
   17.000000000000000       2.64194639742804245E-018
   17.250000000000000       1.71912716262249374E-018
   17.500000000000000       1.11864427080866302E-018
   17.750000000000000       7.27907179771456285E-019
   18.000000000000000       4.73652684941397751E-019
   18.250000000000000       3.08208068537851223E-019
   18.500000000000000       2.00552464985151808E-019
   18.750000000000000       1.30500448617168294E-019
   19.000000000000000       8.49172663649038010E-020
   19.250000000000000       5.52560715560587876E-020
   19.500000000000000       3.59553901639747781E-020
   19.750000000000000       2.33963444276360414E-020
   20.000000000000000       1.52241132714790587E-020
   20.250000000000000       9.90640335372439757E-021
   20.500000000000000       6.44614406479305998E-021
   20.750000000000000       4.19453678801042066E-021
   21.000000000000000       2.72940515897973475E-021
   21.250000000000000       1.77603699725774913E-021
   21.500000000000000       1.15567577252159137E-021
   21.750000000000000       7.52003755133232197E-022
   22.000000000000000       4.89332441832353749E-022
   22.250000000000000       3.18410961375041698E-022
   22.500000000000000       2.07191536175549929E-022
   22.750000000000000       1.34820524008973706E-022
   23.000000000000000       8.77283600940800290E-023
   23.250000000000000       5.70852636968263614E-023
   23.500000000000000       3.71456542427276360E-023
   23.750000000000000       2.41708549591403451E-023
   24.000000000000000       1.57280909803918669E-023
   24.250000000000000       1.02343440604668636E-023
   24.500000000000000       6.65953665187939550E-024
   24.750000000000000       4.33339236551931123E-024
   25.000000000000000       2.81975914769409868E-024
   25.250000000000000       1.83483077006152890E-024
   25.500000000000000       1.19393316181549620E-024
   25.750000000000000       7.76898021409868837E-025
   26.000000000000000       5.05531260018591826E-025
   26.250000000000000       3.28951609880800565E-025
   26.500000000000000       2.14050386595659464E-025
   26.750000000000000       1.39283610797204510E-025
   27.000000000000000       9.06325120232253492E-026
   27.250000000000000       5.89750092536009454E-026
   27.500000000000000       3.83753207190267045E-026
   27.750000000000000       2.49710048192699703E-026
   28.000000000000000       1.62487523231263567E-026
   28.250000000000000       1.05731408875689292E-026
   28.500000000000000       6.87999336843067751E-027
   28.750000000000000       4.47684460587317826E-027
   29.000000000000000       2.91310420691689818E-027
   29.250000000000000       1.89557084675753651E-027
   29.500000000000000       1.23345702036521296E-027
   29.750000000000000       8.02616385291366853E-028
   30.000000000000000       5.22266322459652158E-028
   30.250000000000000       3.39841195089121900E-028
   30.500000000000000       2.21136291797802100E-028
   30.750000000000000       1.43894443218570143E-028
   31.000000000000000       9.36328027428200863E-029
   31.250000000000000       6.09273127813487902E-029
   31.500000000000000       3.96456939663803966E-029
   31.750000000000000       2.57976427701083206E-029
   32.000000000000000       1.67866495932315516E-029
   32.250000000000000       1.09231532150856980E-029
   32.500000000000000       7.10774806476841374E-030
   32.750000000000000       4.62504567659520539E-030
   33.000000000000000       3.00953935278359760E-030
   33.250000000000000       1.95832165761891418E-030
   33.500000000000000       1.27428927325777742E-030
   33.750000000000000       8.29186127632473593E-031
   34.000000000000000       5.39555380938258629E-031
   34.250000000000000       3.51091268169967174E-031
   34.500000000000000       2.28456768183544512E-031
   34.750000000000000       1.48657912231536391E-031
   35.000000000000000       9.67324148229413674E-032
   35.250000000000000       6.29442451936478464E-032
   35.500000000000000       4.09581215381632734E-032
   35.750000000000000       2.66516456710843169E-032
   36.000000000000000       1.73423533673336643E-032
   36.250000000000000       1.12847523199580724E-032
   36.500000000000000       7.34304233257462021E-033
   36.750000000000000       4.77815278254890952E-033
   37.000000000000000       3.10916687925111890E-033
   37.250000000000000       2.02314976581291187E-033
   37.500000000000000       1.31647323346462572E-033
   37.750000000000000       8.56635432390956902E-034
   38.000000000000000       5.57416774890592485E-034
   38.250000000000000       3.62713762682214213E-034
   38.500000000000000       2.36019580976751068E-034
   38.750000000000000       1.53579070704428729E-034
   39.000000000000000       9.99346361891867229E-035
   39.250000000000000       6.50279459594172378E-035
   39.500000000000000       4.23139955970384613E-035
   39.750000000000000       2.75339194091044023E-035
   40.000000000000000       1.79164531103774211E-035
   40.250000000000000       1.16583217698462021E-035
   40.500000000000000       7.58612576116114545E-036
   40.750000000000000       4.93632833269380352E-036
   41.000000000000000       3.21209246660654867E-036
   41.250000000000000       2.09012393800802065E-036
   41.500000000000000       1.36005364778599686E-036
   41.750000000000000       8.84993416523847484E-037
   42.000000000000000       5.75869450859919299E-037
   42.250000000000000       3.74721007232225957E-037
   42.500000000000000       2.43832752460574971E-037
   42.750000000000000       1.58663138775281732E-037
   43.000000000000000       1.03242863610353849E-037
   43.250000000000000       6.71806253723673147E-038
   43.500000000000000       4.37147543916996360E-038
   43.750000000000000       2.84453998594756401E-038
   44.000000000000000       1.85095578009033189E-038
   44.250000000000000       1.20442578300003714E-038
   44.500000000000000       7.83725620222249337E-039
   44.750000000000000       5.09974011236133050E-039
   45.000000000000000       3.31842529356791701E-039
   45.250000000000000       2.15931521731848793E-039
   45.500000000000000       1.40507674431627527E-039
   45.750000000000000       9.14290160873364001E-040
   46.000000000000000       5.94932982594208747E-040
   46.250000000000000       3.87125738551467505E-040
   46.500000000000000       2.51904570487126313E-040
   46.750000000000000       1.63915509389121317E-040
   47.000000000000000       1.06660606301576549E-040
   47.250000000000000       6.94045668955773617E-041
   47.500000000000000       4.51618837824989332E-041
   47.750000000000000       2.93870538786390505E-041
   48.000000000000000       1.91222965770239835E-041
   48.250000000000000       1.24429698836009143E-041
   48.500000000000000       8.09670004335302012E-042
   48.750000000000000       5.26856146123381584E-042
   49.000000000000000       3.42827815309595118E-042
   49.250000000000000       2.23079699866357698E-042
   49.500000000000000       1.45159028148062347E-042
   49.750000000000000       9.44556742075286291E-043
   50.000000000000000       6.14627591809065499E-043
   50.250000000000000       3.99941115007044324E-043
   50.500000000000000       2.60243597268843900E-043
   50.750000000000000       1.69341754018551832E-043
   51.000000000000000       1.10191489646738189E-043
   51.250000000000000       7.17021295836879033E-044
   51.500000000000000       4.66569188175791099E-044
   51.750000000000000       3.03598803297663953E-044
   52.000000000000000       1.97553194037848844E-044
   52.250000000000000       1.28548808660130340E-044
   52.500000000000000       8.36473249061862626E-045
   52.750000000000000       5.44297145721520943E-045
   53.000000000000000       3.54176757203964464E-045
   53.250000000000000       2.30464510662151317E-045
   53.500000000000000       1.49964359869491545E-045
   53.750000000000000       9.75825265523614516E-046
   54.000000000000000       6.34974169637991183E-046
   54.250000000000000       4.13180730559491056E-046
   54.500000000000000       2.68858678460895420E-046
   54.750000000000000       1.74947628573717656E-046
   55.000000000000000       1.13839259044111921E-046
   55.250000000000000       7.40757505852771682E-047
   55.500000000000000       4.82014453611818788E-047
   55.750000000000000       3.13649111423081845E-047
   56.000000000000000       2.04092977626172774E-047
   56.250000000000000       1.32804277134171038E-047
   56.500000000000000       8.64163786048263961E-048
   56.750000000000000       5.62315510638866654E-048
   57.000000000000000       3.65901393474256943E-048
   57.250000000000000       2.38093787586070317E-048
   57.500000000000000       1.54928766870271872E-048
   57.750000000000000       1.00812889942649406E-048
   58.000000000000000       6.55994298792737052E-049
   58.250000000000000       4.26858629182618122E-049
   58.500000000000000       2.77758952544240027E-049
   58.750000000000000       1.80739079507906950E-049
   59.000000000000000       1.17607783879306442E-049
   59.250000000000000       7.65279477280758574E-050
   59.500000000000000       4.97971017758595028E-050
   59.750000000000000       3.24032124066168020E-050
   60.000000000000000       2.10849253636147453E-050
   60.250000000000000       1.37200618262904547E-050
   60.500000000000000       8.92770988139562359E-051
   60.750000000000000       5.80930353926247074E-051
   61.000000000000000       3.78014161074103078E-051
   61.250000000000000       2.45975623423353410E-051
   61.500000000000000       1.60057515164482420E-051
   61.750000000000000       1.04150190998951876E-051
   62.000000000000000       6.77710276457248225E-052
   62.250000000000000       4.40989319760711656E-052
   62.500000000000000       2.86953860519308435E-052
   62.750000000000000       1.86722250125275561E-052
   63.000000000000000       1.21501061629731862E-052
   63.250000000000000       7.90613221897628362E-053
   63.500000000000000       5.14455806603743549E-053
   63.750000000000000       3.34758855048060767E-053
   64.000000000000000       2.17829188813889216E-053
   64.250000000000000       1.41742495482321893E-053
   64.500000000000000       9.22325200536898882E-054
   64.750000000000000       6.00161421351247398E-054
   65.000000000000000       3.90527908668955012E-054
   65.250000000000000       2.54118378862091524E-054
   65.500000000000000       1.65356045091870187E-054
   65.750000000000000       1.07597969776374471E-054
   66.000000000000000       7.00145137939489932E-055
   66.250000000000000       4.55587791478889391E-055
   66.500000000000000       2.96453155920580556E-055
   66.750000000000000       1.92903487097380569E-055
   67.000000000000000       1.25523222104939430E-055
   67.250000000000000       8.16785612571744262E-056
   67.500000000000000       5.31486306451296040E-056
   67.750000000000000       3.45840682790465985E-056
   68.000000000000000       2.25040187152848225E-056
   68.250000000000000       1.46434726606389484E-056
   68.500000000000000       9.52857772986287421E-057
   68.750000000000000       6.20029112343608963E-057
   69.000000000000000       4.03455910265357207E-057
   69.250000000000000       2.62530691361859899E-057
   69.500000000000000       1.70829977088711325E-057
   69.750000000000000       1.11159883519696099E-057
   70.000000000000000       7.23322681106239034E-058
   70.250000000000000       4.70669529722936783E-058
   70.500000000000000       3.06266915162685139E-058
   70.750000000000000       1.99289347195436956E-058
   71.000000000000000       1.29678531827333172E-058
   71.250000000000000       8.43824411768543667E-059
   71.500000000000000       5.49080582470357224E-059
   71.750000000000000       3.57289362385362761E-059
   72.000000000000000       2.32489897747623780E-059
   72.250000000000000       1.51282288937564329E-059
   72.500000000000000       9.84401093032981411E-060
   72.750000000000000       6.40554501634003749E-060
   73.000000000000000       4.16811879291401624E-060
   73.250000000000000       2.71221484315937283E-060
   73.500000000000000       1.76485117649711114E-060
   73.750000000000000       1.14839710542805777E-060
   74.000000000000000       7.47267491626765158E-061
   74.250000000000000       4.86250532505491024E-061
   74.500000000000000       3.16405548228996327E-061
   74.750000000000000       2.05886604245438412E-061
   75.000000000000000       1.33971398557900198E-061
   75.250000000000000       8.71758300999682601E-062
   75.500000000000000       5.67257297857803794E-062
   75.750000000000000       3.69117038064262955E-062
   76.000000000000000       2.40186222907771397E-062
   76.250000000000000       1.56290324546487021E-062
   76.500000000000000       1.01698862037668938E-062
   76.750000000000000       6.61759361609137637E-063
   77.000000000000000       4.30609983143299320E-063
   77.250000000000000       2.80199976516829618E-063
   77.500000000000000       1.82327465487265490E-063
   77.750000000000000       1.18641354236563599E-063
   78.000000000000000       7.72004969052173729E-064
   78.250000000000000       5.02347327435993987E-064
   78.500000000000000       3.26879809714063189E-064
   78.750000000000000       2.12702256313519219E-064
   79.000000000000000       1.38406375971760104E-064
   79.250000000000000       9.00616911247059941E-065
   79.500000000000000       5.86035733635342463E-065
   79.750000000000000       3.81336256080251523E-065
   80.000000000000000       2.48137326540207696E-065
   80.250000000000000       1.61464145726452856E-065
   80.500000000000000       1.05065492236407882E-065
   80.750000000000000       6.83666185406894005E-066
   81.000000000000000       4.44864858213501621E-066
   81.250000000000000       2.89475691935140865E-066
   81.500000000000000       1.88363217894618934E-066
   81.750000000000000       1.22568847209338034E-066
   82.000000000000000       7.97561353758080323E-067
   82.250000000000000       5.18976989252420404E-067
   82.500000000000000       3.37700810231589200E-067
   82.750000000000000       2.19743533129180871E-067
   83.000000000000000       1.42988168488494035E-067
   83.250000000000000       9.30430854393998083E-068
   83.500000000000000       6.05435809101930283E-068
   83.750000000000000       3.93959978016474431E-068
   84.000000000000000       2.56351642809107452E-068
   84.250000000000000       1.66809240628448106E-068
   84.500000000000000       1.08543571065622808E-068
   84.750000000000000       7.06298210776017492E-069
   85.000000000000000       4.59591625416310269E-069
   85.250000000000000       2.99058469822161135E-069
   85.500000000000000       1.94598777319667195E-069
   85.750000000000000       1.26626355564610853E-069
   86.000000000000000       8.23963754779190481E-070
   86.250000000000000       5.36157157933370494E-070
   86.500000000000000       3.48880028200057463E-070
   86.750000000000000       2.27017903754255165E-070
   87.000000000000000       1.47721636262375673E-070
   87.250000000000000       9.61231755696916415E-071
   87.500000000000000       6.25478102963247646E-071
   87.750000000000000       4.07001594535187701E-071
   88.000000000000000       2.64837885082475439E-071
   88.250000000000000       1.72331279082727383E-071
   88.500000000000000       1.12136787910990675E-071
   88.750000000000000       7.29679444725647025E-072
   89.000000000000000       4.74805906227446171E-072
   89.250000000000000       3.08958475146891576E-072
   89.500000000000000       2.01040758156379069E-072
   89.750000000000000       1.30818183320187619E-072
   90.000000000000000       8.51240178565312944E-073
   90.250000000000000       5.53906057409746202E-073
   90.500000000000000       3.60429322018506724E-073
   90.750000000000000       2.34533084505737218E-073
   91.000000000000000       1.52611800337793451E-073
   91.250000000000000       9.93052287331859468E-074
   91.500000000000000       6.46183875160508056E-074
   91.750000000000000       4.20474939581751924E-074
   92.000000000000000       2.73605055174574156E-074
   92.250000000000000       1.78036118612629056E-074
   92.500000000000000       1.15848954290551880E-074
   92.750000000000000       7.53834688979531594E-075
   93.000000000000000       4.90523839237206678E-075
   93.250000000000000       3.19186209351857983E-075
   93.500000000000000       2.07695993719982651E-075
   93.750000000000000       1.35148776910604040E-075
   94.000000000000000       8.79419557719636903E-076
   94.250000000000000       5.72242513405665100E-076
   94.500000000000000       3.72360940355255572E-076
   94.750000000000000       2.42297043621456430E-076
   95.000000000000000       1.57663842566680362E-076
   95.250000000000000       1.02592611993156837E-076
   95.500000000000000       6.67574961683501949E-077
   95.750000000000000       4.34394108751092111E-077
   96.000000000000000       2.82662151209512058E-077
   96.250000000000000       1.83929347019715482E-077
   96.500000000000000       1.19683295396115520E-077
   96.750000000000000       7.78778616592872204E-078
   97.000000000000000       5.06745269835752784E-078
   97.250000000000000       3.29726661172836957E-078
   97.500000000000000       2.14531801479828092E-078
   97.750000000000000       1.39561654564286951E-078
   98.000000000000000       9.07593178795495947E-079
   98.250000000000000       5.89743532972277781E-079
   98.500000000000000       3.82470799581361676E-079
   98.750000000000000       2.46911341111950804E-079
   99.000000000000000       1.57647759101030797E-079
   99.250000000000000       9.79431319215540830E-080
   99.500000000000000       5.66028419773687176E-080
   99.750000000000000       2.58755849039399815E-080
   100.00000000000000        0.0000000000000000     
