   0.0000000000000000      -9.98792517058477713E-005
  0.25000000000000000      -9.95178966882705673E-005
  0.50000000000000000      -1.01882379443734122E-004
  0.75000000000000000      -9.87008571699890275E-005
   1.0000000000000000      -9.71393439388678573E-005
   1.2500000000000000      -1.01003784094456662E-004
   1.5000000000000000      -1.03597547285471205E-004
   1.7500000000000000      -1.00636086716554093E-004
   2.0000000000000000      -9.62285052796233185E-005
   2.2500000000000000      -9.61398375761186597E-005
   2.5000000000000000      -1.00562542047292932E-004
   2.7500000000000000      -1.04638467310553681E-004
   3.0000000000000000      -1.04103186094357971E-004
   3.2500000000000000      -9.93394545808601152E-005
   3.5000000000000000      -9.45644375482244026E-005
   3.7500000000000000      -9.38951689488180650E-005
   4.0000000000000000      -9.80580735621559347E-005
   4.2500000000000000      -1.04093739936395244E-004
   4.5000000000000000      -1.07728255226624715E-004
   4.7500000000000000      -1.06354704477690205E-004
   5.0000000000000000      -1.00611546593391428E-004
   5.2500000000000000      -9.38102630310358741E-005
   5.5000000000000000      -8.98650854434173503E-005
   5.7500000000000000      -9.10910667842630283E-005
   6.0000000000000000      -9.70602823291803616E-005
   6.2500000000000000      -1.04956109332069591E-004
   6.5000000000000000      -1.11055213856724118E-004
   6.7500000000000000      -1.12497491594279909E-004
   7.0000000000000000      -1.08511670194284013E-004
   7.2500000000000000      -1.00635574567426909E-004
   7.5000000000000000      -9.19646020595554379E-005
   7.7500000000000000      -8.58490843898293234E-005
   8.0000000000000000      -8.46107041285115377E-005
   8.2500000000000000      -8.87534592058170438E-005
   8.5000000000000000      -9.68924038881562028E-005
   8.7500000000000000      -1.06337191844057942E-004
   9.0000000000000000      -1.14054343229378990E-004
   9.2500000000000000      -1.17649399041664808E-004
   9.5000000000000000      -1.16058205565469221E-004
   9.7500000000000000      -1.09773391809736532E-004
   10.000000000000000      -1.00597307628747209E-004
   10.250000000000000      -9.10510859821905442E-005
   10.500000000000000      -8.36463500377773738E-005
   10.750000000000000      -8.02321247645441959E-005
   11.000000000000000      -8.15772422550254154E-005
   11.250000000000000      -8.72635166435879858E-005
   11.500000000000000      -9.58758314231087858E-005
   11.750000000000000      -1.05405436828809478E-004
   12.000000000000000      -1.13745567076558213E-004
   12.250000000000000      -1.19156287511964793E-004
   12.500000000000000      -1.20601649932621982E-004
   12.750000000000000      -1.17905002845982907E-004
   13.000000000000000      -1.11714821457104427E-004
   13.250000000000000      -1.03312978302196973E-004
   13.500000000000000      -9.43232343632006921E-005
   13.750000000000000      -8.63875651673260228E-005
   14.000000000000000      -8.08731840385541409E-005
   14.250000000000000      -7.86577341578787120E-005
   14.500000000000000      -8.00191369436010385E-005
   14.750000000000000      -8.46349028146370309E-005
   15.000000000000000      -9.16772035531737976E-005
   15.250000000000000      -9.99770777982356357E-005
   15.500000000000000      -1.08224683193033965E-004
   15.750000000000000      -1.15172142444730979E-004
   16.000000000000000      -1.19810016088451284E-004
   16.250000000000000      -1.21496110816583818E-004
   16.500000000000000      -1.20024496539537705E-004
   16.750000000000000      -1.15631780945709973E-004
   17.000000000000000      -1.08945766896840026E-004
   17.250000000000000      -1.00887886252969217E-004
   17.500000000000000      -9.25449180096014960E-005
   17.750000000000000      -8.50274039365120441E-005
   18.000000000000000      -7.93320275564586666E-005
   18.250000000000000      -7.62233214672702756E-005
   18.500000000000000      -7.61468038896023048E-005
   18.750000000000000      -7.91814613484864585E-005
   19.000000000000000      -8.50348576289413336E-005
   19.250000000000000      -9.30795223226345877E-005
   19.500000000000000      -1.02425084752039435E-004
   19.750000000000000      -1.12017236263588997E-004
   20.000000000000000      -1.20752298978438807E-004
   20.250000000000000      -1.27595110926777679E-004
   20.500000000000000      -1.31688139159056813E-004
   20.750000000000000      -1.32441112909072406E-004
   21.000000000000000      -1.29592827778240744E-004
   21.250000000000000      -1.23239825165934094E-004
   21.500000000000000      -1.13830064184380073E-004
   21.750000000000000      -1.02123126989964413E-004
   22.000000000000000      -8.91216042516689266E-005
   22.250000000000000      -7.59808176323222137E-005
   22.500000000000000      -6.39057471581168217E-005
   22.750000000000000      -5.40448285286563673E-005
   23.000000000000000      -4.73901483830061642E-005
   23.250000000000000      -4.46925642591310086E-005
   23.500000000000000      -4.63985583430805224E-005
   23.750000000000000      -5.26134065017510216E-005
   24.000000000000000      -6.30927470681421693E-005
   24.250000000000000      -7.72621157112401296E-005
   24.500000000000000      -9.42617040236713082E-005
   24.750000000000000      -1.13011691218662473E-004
   25.000000000000000      -1.32292126441681723E-004
   25.250000000000000      -1.50830576247890758E-004
   25.500000000000000      -1.67390606690168435E-004
   25.750000000000000      -1.80854593956172128E-004
   26.000000000000000      -1.90295258036659741E-004
   26.250000000000000      -1.95031566504997775E-004
   26.500000000000000      -1.94666121462088186E-004
   26.750000000000000      -1.89102683330099881E-004
   27.000000000000000      -1.78543973829720830E-004
   27.250000000000000      -1.63471231437310526E-004
   27.500000000000000      -1.44608086432701689E-004
   27.750000000000000      -1.22872128221849749E-004
   28.000000000000000      -9.93180316815627147E-005
   28.250000000000000      -7.50762937735469901E-005
   28.500000000000000      -5.12915298932290750E-005
   28.750000000000000      -2.90639312797786784E-005
   29.000000000000000      -9.39694183529655387E-006
   29.250000000000000       6.84646695339987524E-006
   29.500000000000000       1.89773005734333961E-005
   29.750000000000000       2.65029782707013216E-005
   30.000000000000000       2.91385970161362463E-005
   30.250000000000000       2.68075837210321893E-005
   30.500000000000000       1.96328541875055021E-005
   30.750000000000000       7.92002498423494532E-006
   31.000000000000000      -7.86548707860195608E-006
   31.250000000000000      -2.71254926244581551E-005
   31.500000000000000      -4.91581760495441572E-005
   31.750000000000000      -7.31874382650496880E-005
   32.000000000000000      -9.83906862955738357E-005
   32.250000000000000      -1.23923553656291182E-004
   32.500000000000000      -1.48940303217591789E-004
   32.750000000000000      -1.72608941079573303E-004
   33.000000000000000      -1.94120333031834550E-004
   33.250000000000000      -2.12690845091812960E-004
   33.500000000000000      -2.27558210892295725E-004
   33.750000000000000      -2.37970449702091429E-004
   34.000000000000000      -2.43167711537149673E-004
   34.250000000000000      -2.42356905019965079E-004
   34.500000000000000      -2.34678866443833935E-004
   34.750000000000000      -2.19167653227537638E-004
   35.000000000000000      -1.94701290399731990E-004
   35.250000000000000      -1.59942963228583966E-004
   35.500000000000000      -1.13271229766725632E-004
   35.750000000000000      -5.26973191675817821E-005
   36.000000000000000       2.42330218093794535E-005
   36.250000000000000       1.20556380108552858E-004
   36.500000000000000       2.40031296638398421E-004
   36.750000000000000       3.87305681769322644E-004
   37.000000000000000       5.68118151018591022E-004
   37.250000000000000       7.89540659035731186E-004
   37.500000000000000       1.06027122191010813E-003
   37.750000000000000       1.39098707893878476E-003
   38.000000000000000       1.79477032122172349E-003
   38.250000000000000       2.28761973038152247E-003
   38.500000000000000       2.88906418454752982E-003
   38.750000000000000       3.62289425474934118E-003
   39.000000000000000       4.51802912856239577E-003
   39.250000000000000       5.60953511688802500E-003
   39.500000000000000       6.93980873244713463E-003
   39.750000000000000       8.55993018070611879E-003
   40.000000000000000       1.05311798758208723E-002
   40.250000000000000       1.29266881258064334E-002
   40.500000000000000       1.58331520092672776E-002
   40.750000000000000       1.93524977419575195E-002
   41.000000000000000       2.36032838678288739E-002
   41.250000000000000       2.87215213019069229E-002
   41.500000000000000       3.48604210916032484E-002
   41.750000000000000       4.21883625435357790E-002
   42.000000000000000       5.08841038377821353E-002
   42.250000000000000       6.11279535847571165E-002
   42.500000000000000       7.30873399747738461E-002
   42.750000000000000       8.68950709144795386E-002
   43.000000000000000       0.10261878428642994     
   43.250000000000000       0.12022097270957470     
   43.500000000000000       0.13951097043892610     
   43.750000000000000       0.16009384180743355     
   44.000000000000000       0.18132631505440716     
   44.250000000000000       0.20229594510990118     
   44.500000000000000       0.22184408030000069     
   44.750000000000000       0.23865154170046823     
   45.000000000000000       0.25139334083183074     
   45.250000000000000       0.25894411143544593     
   45.500000000000000       0.26058688460358981     
   45.750000000000000       0.25616111944148195     
   46.000000000000000       0.24609737322674927     
   46.250000000000000       0.23132555298696225     
   46.500000000000000       0.21309071901811116     
   46.750000000000000       0.19273839245865648     
   47.000000000000000       0.17152845084455395     
   47.250000000000000       0.15051188405199414     
   47.500000000000000       0.13047604199102117     
   47.750000000000000       0.11194463120684188     
   48.000000000000000       9.52116921753407147E-002
   48.250000000000000       8.03905734797280142E-002
   48.500000000000000       6.74645131034848078E-002
   48.750000000000000       5.63312803933610495E-002
   49.000000000000000       4.68387986154401512E-002
   49.250000000000000       3.88114582805770478E-002
   49.500000000000000       3.20682576057114144E-002
   49.750000000000000       2.64344275732239925E-002
   50.000000000000000       2.17482095774434343E-002
   50.250000000000000       1.78642264922268326E-002
   50.500000000000000       1.46545860358084663E-002
   50.750000000000000       1.20085628913158410E-002
   51.000000000000000       9.83145885529899087E-003
   51.250000000000000       8.04304726689831877E-003
   51.500000000000000       6.57586522242813859E-003
   51.750000000000000       5.37351584447098417E-003
   52.000000000000000       4.38907361782634158E-003
   52.250000000000000       3.58364003689858740E-003
   52.500000000000000       2.92506767934138214E-003
   52.750000000000000       2.38685312299170057E-003
   53.000000000000000       1.94718906220625902E-003
   53.250000000000000       1.58816087482301169E-003
   53.500000000000000       1.29507089700166668E-003
   53.750000000000000       1.05587353963623623E-003
   54.000000000000000       8.60705311951438551E-004
   54.250000000000000       7.01495283314810419E-004
   54.500000000000000       5.71643188941179368E-004
   54.750000000000000       4.65754075670880667E-004
   55.000000000000000       3.79419981976175701E-004
   55.250000000000000       3.09040597305771151E-004
   55.500000000000000       2.51676128554071787E-004
   55.750000000000000       2.04926714257704898E-004
   56.000000000000000       1.66833679458046975E-004
   56.250000000000000       1.35798730880073385E-004
   56.500000000000000       1.10517870131631799E-004
   56.750000000000000       8.99273691214711357E-005
   57.000000000000000       7.31596229620650666E-005
   57.250000000000000       5.95070858888643238E-005
   57.500000000000000       4.83928181007219120E-005
   57.750000000000000       3.93464370931787550E-005
   58.000000000000000       3.19844855803581263E-005
   58.250000000000000       2.59944075763787873E-005
   58.500000000000000       2.11214714317434386E-005
   58.750000000000000       1.71580992705121299E-005
   59.000000000000000       1.39351610681550441E-005
   59.250000000000000       1.13148724548914066E-005
   59.500000000000000       9.18500145139400205E-006
   59.750000000000000       7.45414340106852213E-006
   60.000000000000000       6.04786754163631067E-006
   60.250000000000000       4.90557475346020262E-006
   60.500000000000000       3.97793550519771274E-006
   60.750000000000000       3.22480109531164870E-006
   61.000000000000000       2.61350094846322590E-006
   61.250000000000000       2.11745477710038168E-006
   61.500000000000000       1.71504152166309513E-006
   61.750000000000000       1.38867767816550691E-006
   62.000000000000000       1.12406635113275926E-006
   62.250000000000000       9.09585493814130207E-007
   62.500000000000000       7.35789611023327729E-007
   62.750000000000000       5.95003943606854032E-007
   63.000000000000000       4.80994023995693426E-007
   63.250000000000000       3.88696650064745191E-007
   63.500000000000000       3.14000900652262236E-007
   63.750000000000000       2.53569917555934964E-007
   64.000000000000000       2.04695892948527983E-007
   64.250000000000000       1.65182099222821246E-007
   64.500000000000000       1.33246938460524047E-007
   64.750000000000000       1.07445918504694392E-007
   65.000000000000000       8.66082207506967479E-008
   65.250000000000000       6.97851428803645919E-008
   65.500000000000000       5.62082036537102217E-008
   65.750000000000000       4.52551075997201004E-008
   66.000000000000000       3.64221021943516101E-008
   66.250000000000000       2.93015328985608364E-008
   66.500000000000000       2.35636236892892974E-008
   66.750000000000000       1.89416917823202282E-008
   67.000000000000000       1.52201527290422259E-008
   67.250000000000000       1.22247921777457828E-008
   67.500000000000000       9.81487838766253812E-009
   67.750000000000000       7.87676919999849043E-009
   68.000000000000000       6.31873197206643494E-009
   68.250000000000000       5.06674771388812818E-009
   68.500000000000000       4.06111356969517591E-009
   68.750000000000000       3.25369268424581521E-009
   69.000000000000000       2.60568887295942068E-009
   69.250000000000000       2.08584658748913512E-009
   69.500000000000000       1.66899542199816312E-009
   69.750000000000000       1.33487364455856779E-009
   70.000000000000000       1.06717761802776069E-009
   70.250000000000000       8.52794029120059504E-010
   70.500000000000000       6.81180007683405692E-010
   70.750000000000000       5.43862844126254991E-010
   71.000000000000000       4.34036389397166361E-010
   71.250000000000000       3.46235583148592477E-010
   71.500000000000000       2.76074092281140046E-010
   71.750000000000000       2.20032908953808070E-010
   72.000000000000000       1.75290080381994609E-010
   72.250000000000000       1.39583624771404208E-010
   72.500000000000000       1.11101211804991316E-010
   72.750000000000000       8.83914198497203565E-011
   73.000000000000000       7.02923804161408412E-011
   73.250000000000000       5.58744279923917094E-011
   73.500000000000000       4.43940263921888292E-011
   73.750000000000000       3.52567705837014592E-011
   74.000000000000000       2.79876894356078336E-011
   74.250000000000000       2.22074192541396592E-011
   74.500000000000000       1.76130960568898780E-011
   74.750000000000000       1.39630389306554452E-011
   75.000000000000000       1.10644778352753160E-011
   75.250000000000000       8.76372517051202647E-012
   75.500000000000000       6.93830805894151933E-012
   75.750000000000000       5.49067306848464751E-012
   76.000000000000000       4.34315141487700945E-012
   76.250000000000000       3.43393411351429190E-012
   76.500000000000000       2.71385597405990965E-012
   76.750000000000000       2.14382707842554282E-012
   77.000000000000000       1.69278233347961780E-012
   77.250000000000000       1.33604536177184488E-012
   77.500000000000000       1.05402361116770976E-012
   77.750000000000000       8.31168115076069540E-013
   78.000000000000000       6.55144614976294724E-013
   78.250000000000000       5.16173407635948142E-013
   78.500000000000000       4.06503817362983526E-013
   78.750000000000000       3.19996034747046122E-013
   79.000000000000000       2.51788542267778118E-013
   79.250000000000000       1.98033733048829146E-013
   79.500000000000000       1.55687838305114752E-013
   79.750000000000000       1.22344085550510283E-013
   80.000000000000000       9.61002530633319250E-014
   80.250000000000000       7.54535785672143625E-014
   80.500000000000000       5.92174115428472527E-014
   80.750000000000000       4.64551411992777023E-014
   81.000000000000000       3.64278437480627288E-014
   81.250000000000000       2.85528195898990582E-014
   81.500000000000000       2.23707704629373145E-014
   81.750000000000000       1.75198282305172704E-014
   82.000000000000000       1.37150145793983519E-014
   82.250000000000000       1.07320034717531592E-014
   82.500000000000000       8.39429094374718712E-015
   82.750000000000000       6.56306191312440061E-015
   83.000000000000000       5.12919074436096182E-015
   83.250000000000000       4.00692916195318486E-015
   83.500000000000000       3.12892787440714276E-015
   83.750000000000000       2.44231189656732945E-015
   84.000000000000000       1.90558795963507634E-015
   84.250000000000000       1.48620870204215852E-015
   84.500000000000000       1.15865502872446623E-015
   84.750000000000000       9.02927091601300067E-016
   85.000000000000000       7.03357355364786576E-016
   85.250000000000000       5.47677422294099936E-016
   85.500000000000000       4.26284692815777362E-016
   85.750000000000000       3.31666325263103645E-016
   86.000000000000000       2.57946956140133011E-016
   86.250000000000000       2.00533748977860640E-016
   86.500000000000000       1.55837950374684878E-016
   86.750000000000000       1.21056558983215724E-016
   87.000000000000000       9.40012049810363301E-017
   87.250000000000000       7.29640902882490323E-017
   87.500000000000000       5.66130088787355399E-017
   87.750000000000000       4.39091749239022882E-017
   88.000000000000000       3.40429314286406672E-017
   88.250000000000000       2.63834703095604614E-017
   88.500000000000000       2.04395272276963160E-017
   88.750000000000000       1.58286688526180486E-017
   89.000000000000000       1.22533044302685642E-017
   89.250000000000000       9.48195739340235296E-018
   89.500000000000000       7.33464981949764372E-018
   89.750000000000000       5.67150134896208209E-018
   90.000000000000000       4.38383933263051841E-018
   90.250000000000000       3.38726998218088601E-018
   90.500000000000000       2.61628020056267651E-018
   90.750000000000000       2.02003369093732741E-018
   91.000000000000000       1.55909847927340580E-018
   91.250000000000000       1.20290053638008876E-018
   91.500000000000000       9.27743205050063087E-019
   91.750000000000000       7.15267339979463625E-019
   92.000000000000000       5.51254581236384274E-019
   92.250000000000000       4.24697676287650722E-019
   92.500000000000000       3.27078550366372485E-019
   92.750000000000000       2.51807926450093565E-019
   93.000000000000000       1.93790518174779834E-019
   93.250000000000000       1.49087791043855529E-019
   93.500000000000000       1.14656501904830257E-019
   93.750000000000000       8.81460692139546693E-020
   94.000000000000000       6.77415984154374782E-020
   94.250000000000000       5.20423233373288578E-020
   94.500000000000000       3.99675098426652104E-020
   94.750000000000000       3.06836457503441849E-020
   95.000000000000000       2.35481234042621531E-020
   95.250000000000000       1.80656957213380784E-020
   95.500000000000000       1.38548213277644448E-020
   95.750000000000000       1.06216626922959235E-020
   96.000000000000000       8.14000443406126675E-021
   96.250000000000000       6.23574950252013932E-021
   96.500000000000000       4.77495383093455156E-021
   96.750000000000000       3.65459490915824899E-021
   97.000000000000000       2.79545171854963420E-021
   97.250000000000000       2.13661444800038492E-021
   97.500000000000000       1.63125155564155231E-021
   97.750000000000000       1.24334619341119944E-021
   98.000000000000000       9.45179311489413263E-022
   98.250000000000000       7.15387203595667746E-022
   98.500000000000000       5.37460171822746616E-022
   98.750000000000000       3.98578957473203214E-022
   99.000000000000000       2.88708591979891009E-022
   99.250000000000000       1.99886901326834245E-022
   99.500000000000000       1.25658222054187639E-022
   99.750000000000000       6.06128487342412220E-023
   100.00000000000000        0.0000000000000000     
