   0.0000000000000000       0.25991921382002486     
  0.25000000000000000       0.26040170582750655     
  0.50000000000000000       0.25476340455807484     
  0.75000000000000000       0.24358657978044285     
   1.0000000000000000       0.22791033106149899     
   1.2500000000000000       0.20903522953892784     
   1.5000000000000000       0.18831496630448036     
   1.7500000000000000       0.16698314174004378     
   2.0000000000000000       0.14604475848769344     
   2.2500000000000000       0.12623434540243661     
   2.5000000000000000       0.10802503199833699     
   2.7500000000000000       9.16676413996525968E-002
   3.0000000000000000       7.72416477805780571E-002
   3.2500000000000000       6.47057020143301936E-002
   3.5000000000000000       5.39411274230883961E-002
   3.7500000000000000       4.47859726225380214E-002
   4.0000000000000000       3.70597316369951219E-002
   4.2500000000000000       3.05800694279021804E-002
   4.5000000000000000       2.51732859316456774E-002
   4.7500000000000000       2.06801919564445248E-002
   5.0000000000000000       1.69588097648890844E-002
   5.2500000000000000       1.38849974646543389E-002
   5.5000000000000000       1.13518034127740430E-002
   5.7500000000000000       9.26811413503622269E-003
   6.0000000000000000       7.55697229534445930E-003
   6.2500000000000000       6.15380447733490134E-003
   6.5000000000000000       5.00470254037493813E-003
   6.7500000000000000       4.06483738701567034E-003
   7.0000000000000000       3.29704169362741301E-003
   7.2500000000000000       2.67057178718385201E-003
   7.5000000000000000       2.16004332734563318E-003
   7.7500000000000000       1.74452709493815765E-003
   8.0000000000000000       1.40678740730672052E-003
   8.2500000000000000       1.13264470488942388E-003
   8.5000000000000000       9.10444497958359713E-004
   8.7500000000000000       7.30616358913425794E-004
   9.0000000000000000       5.85308510248798170E-004
   9.2500000000000000       4.68085500000527609E-004
   9.5000000000000000       3.73678310252834067E-004
   9.7500000000000000       2.97777926329372900E-004
   10.000000000000000       2.36864871082460762E-004
   10.250000000000000       1.88068476426275522E-004
   10.500000000000000       1.49050735542785280E-004
   10.750000000000000       1.17910474558487926E-004
   11.000000000000000       9.31043252468610684E-005
   11.250000000000000       7.33815935252818679E-005
   11.500000000000000       5.77306234321350563E-005
   11.750000000000000       4.53346715990330561E-005
   12.000000000000000       3.55356489612575734E-005
   12.250000000000000       2.78043679528905890E-005
   12.500000000000000       2.17161657392711776E-005
   12.750000000000000       1.69309661483435479E-005
   13.000000000000000       1.31770021727054032E-005
   13.250000000000000       1.02375531254898164E-005
   13.500000000000000       7.94016051204305439E-006
   13.750000000000000       6.14787828297318731E-006
   14.000000000000000       4.75218949493874227E-006
   14.250000000000000       3.66728507946038634E-006
   14.500000000000000       2.82545350432638063E-006
   14.750000000000000       2.17337433788685471E-006
   15.000000000000000       1.66914553073195889E-006
   15.250000000000000       1.27990481111096576E-006
   15.500000000000000       9.79930955081621032E-007
   15.750000000000000       7.49131685097496890E-007
   16.000000000000000       5.71842284146237953E-007
   16.250000000000000       4.35873288149413661E-007
   16.500000000000000       3.31757345023960343E-007
   16.750000000000000       2.52154933213857918E-007
   17.000000000000000       1.91386476894683259E-007
   17.250000000000000       1.45064783345569897E-007
   17.500000000000000       1.09806915225893610E-007
   17.750000000000000       8.30088101417291507E-008
   18.000000000000000       6.26693500318594661E-008
   18.250000000000000       4.72533116463770190E-008
   18.500000000000000       3.55848194730585068E-008
   18.750000000000000       2.67646752531133043E-008
   19.000000000000000       2.01063371341574521E-008
   19.250000000000000       1.50864349341791640E-008
   19.500000000000000       1.13065918241240663E-008
   19.750000000000000       8.46402248368645756E-009
   20.000000000000000       6.32893036795502731E-009
   20.250000000000000       4.72716199956324477E-009
   20.500000000000000       3.52691823636506696E-009
   20.750000000000000       2.62859059065662368E-009
   21.000000000000000       1.95700037416066012E-009
   21.250000000000000       1.45548207310037483E-009
   21.500000000000000       1.08137975756152202E-009
   21.750000000000000       8.02624306731119153E-010
   22.000000000000000       5.95135965572477527E-010
   22.250000000000000       4.40856115742301726E-010
   22.500000000000000       3.26257982641004750E-010
   22.750000000000000       2.41221325021873632E-010
   23.000000000000000       1.78183323572378622E-010
   23.250000000000000       1.31498743969327429E-010
   23.500000000000000       9.69584349551766095E-011
   23.750000000000000       7.14274502317178923E-011
   24.000000000000000       5.25734212079400516E-011
   24.250000000000000       3.86629268883756100E-011
   24.500000000000000       2.84090258136497711E-011
   24.750000000000000       2.08572325884433933E-011
   25.000000000000000       1.53003456182966865E-011
   25.250000000000000       1.12148993265634419E-011
   25.500000000000000       8.21380429534340174E-012
   25.750000000000000       6.01109091020266388E-012
   26.000000000000000       4.39569191133292461E-012
   26.250000000000000       3.21196736090722151E-012
   26.500000000000000       2.34525326633170880E-012
   26.750000000000000       1.71114905633794377E-012
   27.000000000000000       1.24758464396844220E-012
   27.250000000000000       9.08951702572618494E-013
   27.500000000000000       6.61766275599927367E-013
   27.750000000000000       4.81466226857569481E-013
   28.000000000000000       3.50048842257386660E-013
   28.250000000000000       2.54329795814261096E-013
   28.500000000000000       1.84661217039008977E-013
   28.750000000000000       1.33988643255049929E-013
   29.000000000000000       9.71578824547857861E-014
   29.250000000000000       7.04060011671406620E-014
   29.500000000000000       5.09878449664514328E-014
   29.750000000000000       3.69022336382283204E-014
   30.000000000000000       2.66913952728269247E-014
   30.250000000000000       1.92941681345756406E-014
   30.500000000000000       1.39386420247996128E-014
   30.750000000000000       1.00637048412242985E-014
   31.000000000000000       7.26175626062204973E-015
   31.250000000000000       5.23690940654919210E-015
   31.500000000000000       3.77451602205637773E-015
   31.750000000000000       2.71896392300501731E-015
   32.000000000000000       1.95751301287166864E-015
   32.250000000000000       1.40853594214560557E-015
   32.500000000000000       1.01296919292948676E-015
   32.750000000000000       7.28102427771584787E-016
   33.000000000000000       5.23069639914793066E-016
   33.250000000000000       3.75577997422788411E-016
   33.500000000000000       2.69536208418851801E-016
   33.750000000000000       1.93336179042886452E-016
   34.000000000000000       1.38608811944308077E-016
   34.250000000000000       9.93236900179099464E-017
   34.500000000000000       7.11380080063690480E-017
   34.750000000000000       5.09260405920532802E-017
   35.000000000000000       3.64392932346784975E-017
   35.250000000000000       2.60611885720765522E-017
   35.500000000000000       1.86300967258490777E-017
   35.750000000000000       1.33117438677809557E-017
   36.000000000000000       9.50727467861999635E-018
   36.250000000000000       6.78704345235360764E-018
   36.500000000000000       4.84296055625070636E-018
   36.750000000000000       3.45421308233550683E-018
   37.000000000000000       2.46261968640994042E-018
   37.250000000000000       1.75492152669404163E-018
   37.500000000000000       1.25006401772582611E-018
   37.750000000000000       8.90067694749725961E-019
   38.000000000000000       6.33478749997327881E-019
   38.250000000000000       4.50672705891740404E-019
   38.500000000000000       3.20488600763655209E-019
   38.750000000000000       2.27817951224856694E-019
   39.000000000000000       1.61878506892615374E-019
   39.250000000000000       1.14978905225223831E-019
   39.500000000000000       8.16350546226725761E-020
   39.750000000000000       5.79384035404395191E-020
   40.000000000000000       4.11045056307229800E-020
   40.250000000000000       2.91505749346544774E-020
   40.500000000000000       2.06652805447497224E-020
   40.750000000000000       1.46444693496562142E-020
   41.000000000000000       1.03739886398434782E-020
   41.250000000000000       7.34614180404348066E-021
   41.500000000000000       5.20014972127259398E-021
   41.750000000000000       3.67973849102616354E-021
   42.000000000000000       2.60294008994715162E-021
   42.250000000000000       1.84059829828514158E-021
   42.500000000000000       1.30107694695021455E-021
   42.750000000000000       9.19385270832900384E-022
   43.000000000000000       6.49447643994403203E-022
   43.250000000000000       4.58610740541634959E-022
   43.500000000000000       3.23742097569513038E-022
   43.750000000000000       2.28460117263477552E-022
   44.000000000000000       1.61168158657415176E-022
   44.250000000000000       1.13659847124538834E-022
   44.500000000000000       8.01300088995774783E-023
   44.750000000000000       5.64735280739319528E-023
   45.000000000000000       3.97884977673552734E-023
   45.250000000000000       2.80242711187540433E-023
   45.500000000000000       1.97322459764849957E-023
   45.750000000000000       1.38894599195350608E-023
   46.000000000000000       9.77376866040021600E-024
   46.250000000000000       6.87555574152764872E-024
   46.500000000000000       4.83530413038047112E-024
   46.750000000000000       3.39946977122016891E-024
   47.000000000000000       2.38930240173543041E-024
   47.250000000000000       1.67882232208375353E-024
   47.500000000000000       1.17926971641875327E-024
   47.750000000000000       8.28127970001479153E-025
   48.000000000000000       5.81378198882799252E-025
   48.250000000000000       4.08035626188678856E-025
   48.500000000000000       2.86296826438747490E-025
   48.750000000000000       2.00823778946924905E-025
   49.000000000000000       1.40829914242229421E-025
   49.250000000000000       9.87317619635173055E-026
   49.500000000000000       6.91993561507574144E-026
   49.750000000000000       4.84876795488307446E-026
   50.000000000000000       3.39661171495767022E-026
   50.250000000000000       2.37873751739543675E-026
   50.500000000000000       1.66546000253480812E-026
   50.750000000000000       1.16576199935793972E-026
   51.000000000000000       8.15782732366814911E-027
   51.250000000000000       5.70727713555989748E-027
   51.500000000000000       3.99184946101890852E-027
   51.750000000000000       2.79132867885441648E-027
   52.000000000000000       1.95137307182501571E-027
   52.250000000000000       1.36383870596090076E-027
   52.500000000000000       9.52971572379485793E-028
   52.750000000000000       6.65720536728087470E-028
   53.000000000000000       4.64943171051704978E-028
   53.250000000000000       3.24641865809707796E-028
   53.500000000000000       2.26624430532103505E-028
   53.750000000000000       1.58163868020139539E-028
   54.000000000000000       1.10358801312729571E-028
   54.250000000000000       7.69850864282378826E-029
   54.500000000000000       5.36916725958921230E-029
   54.750000000000000       3.74376633530471343E-029
   55.000000000000000       2.60983326346745651E-029
   55.250000000000000       1.81894581688775604E-029
   55.500000000000000       1.26744894330188253E-029
   55.750000000000000       8.82969343164397471E-030
   56.000000000000000       6.14987002449926715E-030
   56.250000000000000       4.28244823549702917E-030
   56.500000000000000       2.98143182779560924E-030
   56.750000000000000       2.07522368992113587E-030
   57.000000000000000       1.44415200879247428E-030
   57.250000000000000       1.00477666219397291E-030
   57.500000000000000       6.98932892833589650E-031
   57.750000000000000       4.86084075214904705E-031
   58.000000000000000       3.37985396876357232E-031
   58.250000000000000       2.34960986833907397E-031
   58.500000000000000       1.63307262120630609E-031
   58.750000000000000       1.13482211636703214E-031
   59.000000000000000       7.88430223466524806E-032
   59.250000000000000       5.47661909513097724E-032
   59.500000000000000       3.80343694387805247E-032
   59.750000000000000       2.64091803703695237E-032
   60.000000000000000       1.83336629049856900E-032
   60.250000000000000       1.27250579973602159E-032
   60.500000000000000       8.83053658855675006E-033
   60.750000000000000       6.12677304677624177E-033
   61.000000000000000       4.25005391977103940E-033
   61.250000000000000       2.94764787493818162E-033
   61.500000000000000       2.04397622052506555E-033
   61.750000000000000       1.41708436559656529E-033
   62.000000000000000       9.82281021545194372E-034
   62.250000000000000       6.80763906271374390E-034
   62.500000000000000       4.71713764268237295E-034
   62.750000000000000       3.26800239452546049E-034
   63.000000000000000       2.26364593879266072E-034
   63.250000000000000       1.56768018004897687E-034
   63.500000000000000       1.08549989716813450E-034
   63.750000000000000       7.51494774650270413E-035
   64.000000000000000       5.20171444169995908E-035
   64.250000000000000       3.59991221905604164E-035
   64.500000000000000       2.49093657957636533E-035
   64.750000000000000       1.72329359347711527E-035
   65.000000000000000       1.19201632636821332E-035
   65.250000000000000       8.24388527661783666E-036
   65.500000000000000       5.70044754965756906E-036
   65.750000000000000       3.94106607502243610E-036
   66.000000000000000       2.72424830784406822E-036
   66.250000000000000       1.88281796732333441E-036
   66.500000000000000       1.30106532771627802E-036
   66.750000000000000       8.98916698461039440E-037
   67.000000000000000       6.20968847663323717E-037
   67.250000000000000       4.28894661319834630E-037
   67.500000000000000       2.96184526375556898E-037
   67.750000000000000       2.04505702309260697E-037
   68.000000000000000       1.41182294976359983E-037
   68.250000000000000       9.74512098387020710E-038
   68.500000000000000       6.72553497656738303E-038
   68.750000000000000       4.64087054572137698E-038
   69.000000000000000       3.20188332624870837E-038
   69.250000000000000       2.20874402825628658E-038
   69.500000000000000       1.52341951688791656E-038
   69.750000000000000       1.05057795347764526E-038
   70.000000000000000       7.24389401187843254E-039
   70.250000000000000       4.99403200101408800E-039
   70.500000000000000       3.44243994048139129E-039
   70.750000000000000       2.37256230024834248E-039
   71.000000000000000       1.63495371291398199E-039
   71.250000000000000       1.12649757056691030E-039
   71.500000000000000       7.76054804470457899E-040
   71.750000000000000       5.34554795306418777E-040
   72.000000000000000       3.68154522756322084E-040
   72.250000000000000       2.53516649485842147E-040
   72.500000000000000       1.74550713840996591E-040
   72.750000000000000       1.20164428479458183E-040
   73.000000000000000       8.27122296476868715E-041
   73.250000000000000       5.69250457521401373E-041
   73.500000000000000       3.91721359492419201E-041
   73.750000000000000       2.69520414812631543E-041
   74.000000000000000       1.85415898138828384E-041
   74.250000000000000       1.27539144425360598E-041
   74.500000000000000       8.77165599902080309E-042
   74.750000000000000       6.03200339833210435E-042
   75.000000000000000       4.14747508977448096E-042
   75.250000000000000       2.85133695984097394E-042
   75.500000000000000       1.96000045580006129E-042
   75.750000000000000       1.34712219863224230E-042
   76.000000000000000       9.25766203166078209E-043
   76.250000000000000       6.36120621514678604E-043
   76.500000000000000       4.37040578364008755E-043
   76.750000000000000       3.00226133998929138E-043
   77.000000000000000       2.06214868633060266E-043
   77.250000000000000       1.41623887611112916E-043
   77.500000000000000       9.72519688812130642E-044
   77.750000000000000       6.67737776189114513E-044
   78.000000000000000       4.58415653962307014E-044
   78.250000000000000       3.14672778469700410E-044
   78.500000000000000       2.15975974999047370E-044
   78.750000000000000       1.48217175534961292E-044
   79.000000000000000       1.01704162954876256E-044
   79.250000000000000       6.97792531998509782E-045
   79.500000000000000       4.78697959220930539E-045
   79.750000000000000       3.28355870286203531E-045
   80.000000000000000       2.25204062313877260E-045
   80.250000000000000       1.54438706596386909E-045
   80.500000000000000       1.05897294165776581E-045
   80.750000000000000       7.26043450874030279E-046
   81.000000000000000       4.97725245835446006E-046
   81.250000000000000       3.41166437622043262E-046
   81.500000000000000       2.33825982511241948E-046
   81.750000000000000       1.60239408026284056E-046
   82.000000000000000       1.09798460573452508E-046
   82.250000000000000       7.52270067947043618E-047
   82.500000000000000       5.15349879445301509E-047
   82.750000000000000       3.53005680145069013E-047
   83.000000000000000       2.41775659483570520E-047
   83.250000000000000       1.65575118999408345E-047
   83.500000000000000       1.13378168594691657E-047
   83.750000000000000       7.76275546656369426E-048
   84.000000000000000       5.31440591301833916E-048
   84.250000000000000       3.63786123067468357E-048
   84.500000000000000       2.48994848300485381E-048
   84.750000000000000       1.70407089335449566E-048
   85.000000000000000       1.16610660045163917E-048
   85.250000000000000       7.97888819703322031E-049
   85.500000000000000       5.45883877212372436E-049
   85.750000000000000       3.73432529410684103E-049
   86.000000000000000       2.55433728817891815E-049
   86.250000000000000       1.74702364853447756E-049
   86.500000000000000       1.19474161661968009E-049
   86.750000000000000       8.16966200231561533E-050
   87.000000000000000       5.58585034688146711E-050
   87.250000000000000       3.81882565364330327E-050
   87.500000000000000       2.61051330903413132E-050
   87.750000000000000       1.78434057970640751E-050
   88.000000000000000       1.21951056471019344E-050
   88.250000000000000       8.33392461075523756E-051
   88.500000000000000       5.69468838289790439E-051
   88.750000000000000       3.89087219716882802E-051
   89.000000000000000       2.65815792603011827E-051
   89.250000000000000       1.81581504889803490E-051
   89.500000000000000       1.24027978210596897E-051
   89.750000000000000       8.47081392307958894E-052
   90.000000000000000       5.78479861462653090E-052
   90.250000000000000       3.95010983890690485E-052
   90.500000000000000       2.69704456288680231E-052
   90.750000000000000       1.84130313201589749E-052
   91.000000000000000       1.25695831679679254E-052
   91.250000000000000       8.57975858371066365E-053
   91.500000000000000       5.85582460519418114E-053
   91.750000000000000       3.99631804015708063E-053
   92.000000000000000       2.72703811084766192E-053
   92.250000000000000       1.86072305888990081E-053
   92.500000000000000       1.26949743307909469E-053
   92.750000000000000       8.66047385457669832E-054
   93.000000000000000       5.90760442511419499E-054
   93.250000000000000       4.02940820309262113E-054
   93.500000000000000       2.74809292119949568E-054
   93.750000000000000       1.87405368787870185E-054
   94.000000000000000       1.27788946331430866E-054
   94.250000000000000       8.71295301308006153E-055
   94.500000000000000       5.94016419765923708E-055
   94.750000000000000       4.04941876869208925E-055
   95.000000000000000       2.76024897026289919E-055
   95.250000000000000       1.88133132952898405E-055
   95.500000000000000       1.28216492493930272E-055
   95.750000000000000       8.73743786747658794E-056
   96.000000000000000       5.95368401950250520E-056
   96.250000000000000       4.05647174039044659E-056
   96.500000000000000       2.76357265396040953E-056
   96.750000000000000       1.88256603402036844E-056
   97.000000000000000       1.28227178057949250E-056
   97.250000000000000       8.73265979135166758E-057
   97.500000000000000       5.94592289152765448E-057
   97.750000000000000       4.04699403913654592E-057
   98.000000000000000       2.75260598850111434E-057
   98.250000000000000       1.86958358767323363E-057
   98.500000000000000       1.26608336437165441E-057
   98.750000000000000       8.51955048685230484E-058
   99.000000000000000       5.65306992298187754E-058
   99.250000000000000       3.63278287031125787E-058
   99.500000000000000       2.15645067098110343E-058
   99.750000000000000       1.00309527635034484E-058
   100.00000000000000        0.0000000000000000     
