   0.0000000000000000      -2.06333596531877827E-005
  0.25000000000000000      -7.02210890105692238E-006
  0.50000000000000000       1.37076335095344390E-005
  0.75000000000000000       4.98508306441354298E-005
   1.0000000000000000       9.30861048612887699E-005
   1.2500000000000000       1.34334535458229736E-004
   1.5000000000000000       1.73584591189053749E-004
   1.7500000000000000       2.18864335815343995E-004
   2.0000000000000000       2.80875725543218804E-004
   2.2500000000000000       3.68542630981970147E-004
   2.5000000000000000       4.87272198415044560E-004
   2.7500000000000000       6.39540896019579245E-004
   3.0000000000000000       8.26680646788200465E-004
   3.2500000000000000       1.05085227642829856E-003
   3.5000000000000000       1.31661485751733364E-003
   3.7500000000000000       1.63191417477863377E-003
   4.0000000000000000       2.00858965628226450E-003
   4.2500000000000000       2.46262025480297082E-003
   4.5000000000000000       3.01433509344990226E-003
   4.7500000000000000       3.68875781575493406E-003
   5.0000000000000000       4.51617962116849288E-003
   5.2500000000000000       5.53299283121782767E-003
   5.5000000000000000       6.78277546641565914E-003
   5.7500000000000000       8.31759620205999549E-003
   6.0000000000000000       1.01994995986532406E-002
   6.2500000000000000       1.25021223041267074E-002
   6.5000000000000000       1.53123705188630485E-002
   6.7500000000000000       1.87320468385988002E-002
   7.0000000000000000       2.28792409695841824E-002
   7.2500000000000000       2.78891845906358779E-002
   7.5000000000000000       3.39141073514936664E-002
   7.7500000000000000       4.11214126312106076E-002
   8.0000000000000000       4.96892194348639432E-002
   8.2500000000000000       5.97980087228721230E-002
   8.5000000000000000       7.16168200804794264E-002
   8.7500000000000000       8.52822782189769785E-002
   9.0000000000000000       0.10086888950060391     
   9.2500000000000000       0.11834985673522072     
   9.5000000000000000       0.13754954927561383     
   9.7500000000000000       0.15809217859547514     
   10.000000000000000       0.17935632421980369     
   10.250000000000000       0.20045102788857216     
   10.500000000000000       0.22023390795383166     
   10.750000000000000       0.23739085628116252     
   11.000000000000000       0.25058537957212473     
   11.250000000000000       0.25866180192581661     
   11.500000000000000       0.26085713100659252     
   11.750000000000000       0.25695767488799637     
   12.000000000000000       0.24734517425272731     
   12.250000000000000       0.23291508279979162     
   12.500000000000000       0.21489742134550704     
   12.750000000000000       0.19464125323232517     
   13.000000000000000       0.17342354460896769     
   13.250000000000000       0.15231942045758071     
   13.500000000000000       0.13214169169103840     
   13.750000000000000       0.11343699095203416     
   14.000000000000000       9.65178203231944892E-002
   14.250000000000000       8.15110659575946778E-002
   14.500000000000000       6.84090073854179415E-002
   14.750000000000000       5.71147920164722239E-002
   15.000000000000000       4.74789758092536290E-002
   15.250000000000000       3.93266677477413992E-002
   15.500000000000000       3.24763442198898328E-002
   15.750000000000000       2.67519805631615190E-002
   16.000000000000000       2.19901869585974775E-002
   16.250000000000000       1.80438191444361878E-002
   16.500000000000000       1.47832327815990029E-002
   16.750000000000000       1.20960537096891849E-002
   17.000000000000000       9.88608364713546191E-003
   17.250000000000000       8.07176261006609455E-003
   17.500000000000000       6.58446218125355656E-003
   17.750000000000000       5.36677912637072499E-003
   18.000000000000000       4.37092710574679862E-003
   18.250000000000000       3.55727670661215405E-003
   18.500000000000000       2.89306369624407842E-003
   18.750000000000000       2.35126691119650092E-003
   19.000000000000000       1.90964663511849716E-003
   19.250000000000000       1.54992890541578911E-003
   19.500000000000000       1.25711901626022614E-003
   19.750000000000000       1.01892726568671740E-003
   20.000000000000000       8.25290881495162353E-004
   20.250000000000000       6.67977511634889991E-004
   20.500000000000000       5.40257341976218761E-004
   20.750000000000000       4.36632606071321008E-004
   21.000000000000000       3.52614864189347262E-004
   21.250000000000000       2.84541895173675338E-004
   21.500000000000000       2.29427341711506324E-004
   21.750000000000000       1.84837375152230332E-004
   22.000000000000000       1.48789609244150139E-004
   22.250000000000000       1.19670308006767116E-004
   22.500000000000000       9.61666185869862949E-005
   22.750000000000000       7.72111327085904986E-005
   23.000000000000000       6.19365565945015519E-005
   23.250000000000000       4.96386638654484956E-005
   23.500000000000000       3.97460319908367937E-005
   23.750000000000000       3.17953317213159802E-005
   24.000000000000000       2.54111602438357968E-005
   24.250000000000000       2.02895907463619929E-005
   24.500000000000000       1.61847605191392447E-005
   24.750000000000000       1.28979423707724440E-005
   25.000000000000000       1.02686447470715845E-005
   25.250000000000000       8.16736843515032198E-006
   25.500000000000000       6.48971535445222866E-006
   25.750000000000000       5.15160034804777259E-006
   26.000000000000000       4.08536228539380020E-006
   26.250000000000000       3.23660797368998296E-006
   26.500000000000000       2.56165282801781263E-006
   26.750000000000000       2.02544718399288002E-006
   27.000000000000000       1.59989754586619645E-006
   27.250000000000000       1.26250876393868435E-006
   27.500000000000000       9.95286796961106247E-007
   27.750000000000000       7.83852886579524069E-007
   28.000000000000000       6.16729101800495646E-007
   28.250000000000000       4.84762670876840148E-007
   28.500000000000000       3.80662608560050409E-007
   28.750000000000000       2.98627116500141657E-007
   29.000000000000000       2.34044287219660323E-007
   29.250000000000000       1.83251944437126639E-007
   29.500000000000000       1.43345141399968057E-007
   29.750000000000000       1.12022026472887639E-007
   30.000000000000000       8.74605634312993509E-008
   30.250000000000000       6.82200380269464907E-008
   30.500000000000000       5.31624540774051950E-008
   30.750000000000000       4.13898720390101960E-008
   31.000000000000000       3.21945120218018750E-008
   31.250000000000000       2.50190652258024151E-008
   31.500000000000000       1.94251603695686060E-008
   31.750000000000000       1.50683373273340308E-008
   32.000000000000000       1.16782072223786968E-008
   32.250000000000000       9.04274157571636842E-009
   32.500000000000000       6.99584493491908506E-009
   32.750000000000000       5.40753558946493214E-009
   33.000000000000000       4.17619554177237105E-009
   33.250000000000000       3.22246035776344260E-009
   33.500000000000000       2.48440714327402076E-009
   33.750000000000000       1.91376895321366469E-009
   34.000000000000000       1.47295989134937392E-009
   34.250000000000000       1.13273978751445673E-009
   34.500000000000000       8.70382893996698903E-010
   34.750000000000000       6.68243334565233072E-010
   35.000000000000000       5.12632524679477020E-010
   35.250000000000000       3.92941630172282089E-010
   35.500000000000000       3.00956283146150116E-010
   35.750000000000000       2.30321980476911465E-010
   36.000000000000000       1.76127454446604177E-010
   36.250000000000000       1.34580308020539579E-010
   36.500000000000000       1.02754733430579632E-010
   36.750000000000000       7.83954884037034705E-011
   37.000000000000000       5.97657335300231795E-011
   37.250000000000000       4.55290308903402523E-011
   37.500000000000000       3.46579222317104234E-011
   37.750000000000000       2.63631669015803375E-011
   38.000000000000000       2.00390222446329699E-011
   38.250000000000000       1.52209688366211473E-011
   38.500000000000000       1.15530803134975092E-011
   38.750000000000000       8.76286043313649740E-012
   39.000000000000000       6.64185604783237025E-012
   39.250000000000000       5.03073352650783588E-012
   39.500000000000000       3.80780117020921452E-012
   39.750000000000000       2.88018963412266706E-012
   40.000000000000000       2.17708067850731591E-012
   40.250000000000000       1.64451298455083731E-012
   40.500000000000000       1.24140110716792145E-012
   40.750000000000000       9.36486789862351437E-013
   41.000000000000000       7.06006221803134118E-013
   41.250000000000000       5.31906575200463005E-013
   41.500000000000000       4.00483595699793578E-013
   41.750000000000000       3.01341678319533822E-013
   42.000000000000000       2.26600728172899614E-013
   42.250000000000000       1.70291718229945891E-013
   42.500000000000000       1.27896410226961056E-013
   42.750000000000000       9.59971254922820985E-014
   43.000000000000000       7.20104569902916344E-014
   43.250000000000000       5.39849570081482244E-014
   43.500000000000000       4.04475453266394202E-014
   43.750000000000000       3.02869914164436431E-014
   44.000000000000000       2.26655864815578794E-014
   44.250000000000000       1.69522337586698873E-014
   44.500000000000000       1.26717998229521879E-014
   44.750000000000000       9.46680222897345798E-015
   45.000000000000000       7.06844913562916081E-015
   45.250000000000000       5.27476333980431116E-015
   45.500000000000000       3.93406907879525696E-015
   45.750000000000000       2.93253544449748234E-015
   46.000000000000000       2.18478620600898272E-015
   46.250000000000000       1.62682591697383115E-015
   46.500000000000000       1.21071446989591620E-015
   46.750000000000000       9.00560559011453040E-016
   47.000000000000000       6.69509361341287796E-016
   47.250000000000000       4.97479174170959747E-016
   47.500000000000000       3.69461874829129030E-016
   47.750000000000000       2.74247552223613575E-016
   48.000000000000000       2.03468040916822663E-016
   48.250000000000000       1.50880059063731572E-016
   48.500000000000000       1.11828255023362390E-016
   48.750000000000000       8.28432545515105236E-017
   49.000000000000000       6.13409468397539698E-017
   49.250000000000000       4.53976439414312867E-017
   49.500000000000000       3.35820685644427378E-017
   49.750000000000000       2.48298798522014101E-017
   50.000000000000000       1.83500211588846035E-017
   50.250000000000000       1.35548591749811187E-017
   50.500000000000000       1.00080998933710565E-017
   50.750000000000000       7.38597963106278428E-018
   51.000000000000000       5.44836361478150227E-018
   51.250000000000000       4.01723463731352317E-018
   51.500000000000000       2.96069085498431005E-018
   51.750000000000000       2.18104822586057793E-018
   52.000000000000000       1.60599944993609457E-018
   52.250000000000000       1.18204766518642110E-018
   52.500000000000000       8.69632172432850273E-019
   52.750000000000000       6.39512059272230999E-019
   53.000000000000000       4.70084478553161017E-019
   53.250000000000000       3.45397033033307285E-019
   53.500000000000000       2.53675355827192558E-019
   53.750000000000000       1.86232892382233041E-019
   54.000000000000000       1.36664074945118975E-019
   54.250000000000000       1.00247517736049142E-019
   54.500000000000000       7.35047785183732943E-020
   54.750000000000000       5.38742933465681785E-020
   55.000000000000000       3.94705370542056729E-020
   55.250000000000000       2.89062179096443080E-020
   55.500000000000000       2.11610704565214968E-020
   55.750000000000000       1.54850795103317812E-020
   56.000000000000000       1.13271329458618930E-020
   56.250000000000000       8.28244573309110968E-021
   56.500000000000000       6.05383416433793773E-021
   56.750000000000000       4.42320453975215181E-021
   57.000000000000000       3.23057148295821340E-021
   57.250000000000000       2.35862420528083102E-021
   57.500000000000000       1.72137872343229351E-021
   57.750000000000000       1.25583794200829547E-021
   58.000000000000000       9.15864977449823453E-022
   58.250000000000000       6.67684302573484200E-022
   58.500000000000000       4.86579612757326717E-022
   58.750000000000000       3.54471099836649502E-022
   59.000000000000000       2.58138676863939013E-022
   59.250000000000000       1.87919469280762074E-022
   59.500000000000000       1.36753371188749383E-022
   59.750000000000000       9.94839395587166147E-023
   60.000000000000000       7.23465240671471036E-023
   60.250000000000000       5.25936371519501796E-023
   60.500000000000000       3.82208771911452622E-023
   60.750000000000000       2.77664948437035521E-023
   61.000000000000000       2.01648723829156531E-023
   61.250000000000000       1.46394560282842922E-023
   61.500000000000000       1.06245480939143788E-023
   61.750000000000000       7.70820171289510359E-024
   62.000000000000000       5.59053992010605027E-024
   62.250000000000000       4.05334436937627489E-024
   62.500000000000000       2.93787490580915416E-024
   62.750000000000000       2.12869829898758766E-024
   63.000000000000000       1.54190246233386904E-024
   63.250000000000000       1.11650999472091639E-024
   63.500000000000000       8.08224835390802985E-025
   63.750000000000000       5.84879716080596112E-025
   64.000000000000000       4.23123007003407919E-025
   64.250000000000000       3.06008395926858095E-025
   64.500000000000000       2.21241995174595547E-025
   64.750000000000000       1.59908004400978787E-025
   65.000000000000000       1.15542599929444952E-025
   65.250000000000000       8.34611253382814062E-026
   65.500000000000000       6.02694694857181653E-026
   65.750000000000000       4.35093292767103012E-026
   66.000000000000000       3.14007587288942920E-026
   66.250000000000000       2.26553860580620104E-026
   66.500000000000000       1.63409459488713868E-026
   66.750000000000000       1.17830614343307953E-026
   67.000000000000000       8.49405611122547104E-027
   67.250000000000000       6.12137448428109882E-027
   67.500000000000000       4.41022156683684730E-027
   67.750000000000000       3.17651048847244526E-027
   68.000000000000000       2.28728027499052707E-027
   68.250000000000000       1.64652547733544933E-027
   68.500000000000000       1.18494521180769901E-027
   68.750000000000000       8.52529839260731772E-028
   69.000000000000000       6.13201432031536775E-028
   69.250000000000000       4.40940234871690179E-028
   69.500000000000000       3.16985962873047840E-028
   69.750000000000000       2.27816300048774379E-028
   70.000000000000000       1.63687208159705362E-028
   70.250000000000000       1.17579223382716206E-028
   70.500000000000000       8.44370476686433485E-029
   70.750000000000000       6.06209586943818825E-029
   71.000000000000000       4.35111501271952462E-029
   71.250000000000000       3.12224526981815690E-029
   71.500000000000000       2.23987014571623321E-029
   71.750000000000000       1.60645554843131604E-029
   72.000000000000000       1.15187485978567241E-029
   72.250000000000000       8.25720874820094079E-030
   72.500000000000000       5.91770432222119170E-030
   72.750000000000000       4.24000084525997433E-030
   73.000000000000000       3.03718993351037471E-030
   73.250000000000000       2.17506342511041873E-030
   73.500000000000000       1.55727924849091389E-030
   73.750000000000000       1.11469560955286668E-030
   74.000000000000000       7.97704291130838818E-031
   74.250000000000000       5.70721225042782964E-031
   74.500000000000000       4.08228374184488186E-031
   74.750000000000000       2.91930869768775491E-031
   75.000000000000000       2.08715702368366634E-031
   75.250000000000000       1.49186349575562791E-031
   75.500000000000000       1.06611118423304558E-031
   75.750000000000000       7.61685944725329800E-032
   76.000000000000000       5.44064000869531612E-032
   76.250000000000000       3.88530590693937905E-032
   76.500000000000000       2.77397275068798210E-032
   76.750000000000000       1.98007421741160380E-032
   77.000000000000000       1.41306978268568678E-032
   77.250000000000000       1.00820573575458744E-032
   77.500000000000000       7.19181783641828141E-033
   77.750000000000000       5.12899995372924577E-033
   78.000000000000000       3.65705717946716820E-033
   78.250000000000000       2.60697206525357613E-033
   78.500000000000000       1.85800596174456075E-033
   78.750000000000000       1.32392825416629162E-033
   79.000000000000000       9.43167741250135898E-034
   79.250000000000000       6.71770735103859811E-034
   79.500000000000000       4.78367191579931943E-034
   79.750000000000000       3.40573114682107255E-034
   80.000000000000000       2.42420032943423161E-034
   80.250000000000000       1.72518755679846086E-034
   80.500000000000000       1.22747961076627093E-034
   80.750000000000000       8.73178238635807946E-035
   81.000000000000000       6.21015802211124099E-035
   81.250000000000000       4.41584691901294715E-035
   81.500000000000000       3.13933350086497975E-035
   81.750000000000000       2.23137959840594694E-035
   82.000000000000000       1.58570533659811907E-035
   82.250000000000000       1.12663958927140302E-035
   82.500000000000000       8.00315961603726789E-036
   82.750000000000000       5.68397757783785385E-036
   83.000000000000000       4.03606445143572343E-036
   83.250000000000000       2.86535962901381627E-036
   83.500000000000000       2.03383602535060726E-036
   83.750000000000000       1.44334093314747002E-036
   84.000000000000000       1.02409100948169368E-036
   84.250000000000000       7.26482647278077472E-037
   84.500000000000000       5.15263565421482555E-037
   84.750000000000000       3.65385701286114083E-037
   85.000000000000000       2.59055018494590246E-037
   85.250000000000000       1.83633216183348921E-037
   85.500000000000000       1.30145649986833024E-037
   85.750000000000000       9.22205423613000452E-038
   86.000000000000000       6.53349701066593599E-038
   86.250000000000000       4.62790182975323358E-038
   86.500000000000000       3.27750527293506636E-038
   86.750000000000000       2.32072607027754453E-038
   87.000000000000000       1.64295618254708353E-038
   87.250000000000000       1.16292067929755981E-038
   87.500000000000000       8.22993886301824254E-039
   87.750000000000000       5.82325644757460183E-039
   88.000000000000000       4.11963178129561456E-039
   88.250000000000000       2.91389864875154196E-039
   88.500000000000000       2.06069834237069184E-039
   88.750000000000000       1.45706429161401492E-039
   89.000000000000000       1.03007226800230176E-039
   89.250000000000000       7.28084410509590175E-040
   89.500000000000000       5.14542430672678135E-040
   89.750000000000000       3.63568664105775355E-040
   90.000000000000000       2.56848980347146446E-040
   90.250000000000000       1.81424425894982367E-040
   90.500000000000000       1.28126963889806701E-040
   90.750000000000000       9.04716545379062179E-041
   91.000000000000000       6.38722332179297451E-041
   91.250000000000000       4.50857800819088143E-041
   91.500000000000000       3.18196457442800116E-041
   91.750000000000000       2.24532752235685864E-041
   92.000000000000000       1.58413798399324460E-041
   92.250000000000000       1.11746930117126791E-041
   92.500000000000000       7.88148069533202922E-042
   92.750000000000000       5.55789048883448225E-042
   93.000000000000000       3.91870380771536318E-042
   93.250000000000000       2.76252046882448409E-042
   93.500000000000000       1.94715044117859472E-042
   93.750000000000000       1.37222323657535235E-042
   94.000000000000000       9.66900107270268470E-043
   94.250000000000000       6.81193254319535044E-043
   94.500000000000000       4.79834274117067710E-043
   94.750000000000000       3.37943956535784555E-043
   95.000000000000000       2.37974741956495747E-043
   95.250000000000000       1.67552161023202224E-043
   95.500000000000000       1.17951191217140364E-043
   95.750000000000000       8.30209547726212922E-044
   96.000000000000000       5.84259557817191100E-044
   96.250000000000000       4.11107635654433930E-044
   96.500000000000000       2.89224011058334613E-044
   96.750000000000000       2.03440205426035234E-044
   97.000000000000000       1.43070966536867436E-044
   97.250000000000000       1.00590084200255717E-044
   97.500000000000000       7.06968494069338142E-045
   97.750000000000000       4.96579681099186106E-045
   98.000000000000000       3.48436532076892273E-045
   98.250000000000000       2.44005468684838764E-045
   98.500000000000000       1.70210026053415572E-045
   98.750000000000000       1.17801528808502682E-045
   99.000000000000000       8.02056424406158490E-046
   99.250000000000000       5.27016755711076460E-046
   99.500000000000000       3.18326977735549933E-046
   99.750000000000000       1.49731316109615585E-046
   100.00000000000000        0.0000000000000000     
