   0.0000000000000000      -9.98792517058477713E-005
  0.25000000000000000      -9.54736190345212331E-005
  0.50000000000000000      -9.68385452034929039E-005
  0.75000000000000000      -1.01645148549402332E-004
   1.0000000000000000      -1.00161919965150492E-004
   1.2500000000000000      -9.37749990913347154E-005
   1.5000000000000000      -9.09484123638681604E-005
   1.7500000000000000      -9.71132207568545724E-005
   2.0000000000000000      -1.10473168104560814E-004
   2.2500000000000000      -1.24315237321479205E-004
   2.5000000000000000      -1.31736991353625140E-004
   2.7500000000000000      -1.29214234968197622E-004
   3.0000000000000000      -1.17615135782787213E-004
   3.2500000000000000      -1.01050946116421864E-004
   3.5000000000000000      -8.47321464922595811E-005
   3.7500000000000000      -7.29517237128354416E-005
   4.0000000000000000      -6.78602401991951464E-005
   4.2500000000000000      -6.91883483659052982E-005
   4.5000000000000000      -7.47129670897318760E-005
   4.7500000000000000      -8.11090464847399249E-005
   5.0000000000000000      -8.48426384016216990E-005
   5.2500000000000000      -8.28691249101854620E-005
   5.5000000000000000      -7.30325339368707789E-005
   5.7500000000000000      -5.41706868613617103E-005
   6.0000000000000000      -2.59960421184055106E-005
   6.2500000000000000       1.11560933241225518E-005
   6.5000000000000000       5.66298160914181466E-005
   6.7500000000000000       1.09744678155757188E-004
   7.0000000000000000       1.70057278848565320E-004
   7.2500000000000000       2.37583067837772216E-004
   7.5000000000000000       3.12987041180542297E-004
   7.7500000000000000       3.97757448517631936E-004
   8.0000000000000000       4.94375997720731251E-004
   8.2500000000000000       6.06494514814431818E-004
   8.5000000000000000       7.39124359121681469E-004
   8.7500000000000000       8.98842915831065889E-004
   9.0000000000000000       1.09402192754033743E-003
   9.2500000000000000       1.33508512755711089E-003
   9.5000000000000000       1.63480687410810224E-003
   9.7500000000000000       2.00866829152794319E-003
   10.000000000000000       2.47529186153874195E-003
   10.250000000000000       3.05697870753907390E-003
   10.500000000000000       3.78037441196407784E-003
   10.750000000000000       4.67728866076466861E-003
   11.000000000000000       5.78569084522391301E-003
   11.250000000000000       7.15089724255117860E-003
   11.500000000000000       8.82695430235731424E-003
   11.750000000000000       1.08782048384018070E-002
   12.000000000000000       1.33809963908907321E-002
   12.250000000000000       1.64254490645709510E-002
   12.500000000000000       2.01171374291275358E-002
   12.750000000000000       2.45784494704760978E-002
   13.000000000000000       2.99492555987208101E-002
   13.250000000000000       3.63863428737670400E-002
   13.500000000000000       4.40608377989224753E-002
   13.750000000000000       5.31525592423170434E-002
   14.000000000000000       6.38399374310509443E-002
   14.250000000000000       7.62838734521713024E-002
   14.500000000000000       9.06038340360562355E-002
   14.750000000000000       0.10684481873209288     
   15.000000000000000       0.12493496445545925     
   15.250000000000000       0.14463592209976225     
   15.500000000000000       0.16549214258112430     
   15.750000000000000       0.18679078384048531     
   16.000000000000000       0.20754991787671456     
   16.250000000000000       0.22655606904550271     
   16.500000000000000       0.24246805799336157     
   16.750000000000000       0.25398822062848908     
   17.000000000000000       0.26007500127717947     
   17.250000000000000       0.26014306837312756     
   17.500000000000000       0.25418644018787007     
   17.750000000000000       0.24277980896610610     
   18.000000000000000       0.22695756137019402     
   18.250000000000000       0.20801459094830771     
   18.500000000000000       0.18729333530956041     
   18.750000000000000       0.16601134147592145     
   19.000000000000000       0.14515597236248651     
   19.250000000000000       0.12544564184387036     
   19.500000000000000       0.10734080006445024     
   19.750000000000000       9.10836294372076721E-002
   20.000000000000000       7.67486655586425703E-002
   20.250000000000000       6.42925089221009077E-002
   20.500000000000000       5.35963925542878306E-002
   20.750000000000000       4.44994085120177657E-002
   21.000000000000000       3.68225957878721005E-002
   21.250000000000000       3.03852402555762416E-002
   21.500000000000000       2.50150909808147734E-002
   21.750000000000000       2.05541225479312466E-002
   22.000000000000000       1.68612125690629638E-002
   22.250000000000000       1.38127968225598176E-002
   22.500000000000000       1.13022806537521111E-002
   22.750000000000000       9.23875127419629752E-003
   23.000000000000000       7.54535586132754413E-003
   23.250000000000000       6.15757906655116372E-003
   23.500000000000000       5.02156137858750240E-003
   23.750000000000000       4.09253733821087450E-003
   24.000000000000000       3.33343173810386403E-003
   24.250000000000000       2.71362623616660560E-003
   24.500000000000000       2.20789343710657429E-003
   24.750000000000000       1.79548697110553908E-003
   25.000000000000000       1.45937197725796520E-003
   25.250000000000000       1.18557901349532462E-003
   25.500000000000000       9.62664648489496054E-004
   25.750000000000000       7.81263116895882762E-004
   26.000000000000000       6.33714974913428264E-004
   26.250000000000000       5.13760394255568555E-004
   26.500000000000000       4.16286412262622185E-004
   26.750000000000000       3.37119022703390528E-004
   27.000000000000000       2.72852402091990044E-004
   27.250000000000000       2.20708805416145332E-004
   27.500000000000000       1.78423735315414822E-004
   27.750000000000000       1.44151901450310498E-004
   28.000000000000000       1.16390257923438292E-004
   28.250000000000000       9.39150534445690535E-005
   28.500000000000000       7.57303685001057636E-005
   28.750000000000000       6.10260619372457255E-005
   29.000000000000000       4.91434203331757638E-005
   29.250000000000000       3.95471097670903885E-005
   29.500000000000000       3.18022819053705798E-005
   29.750000000000000       2.55558938090342272E-005
   30.000000000000000       2.05214713071658229E-005
   30.250000000000000       1.64666856263913085E-005
   30.500000000000000       1.32032276208002622E-005
   30.750000000000000       1.05785578866314272E-005
   31.000000000000000       8.46918797469083917E-006
   31.250000000000000       6.77521088567862114E-006
   31.500000000000000       5.41585056429056780E-006
   31.750000000000000       4.32584226436547793E-006
   32.000000000000000       3.45249013665082304E-006
   32.250000000000000       2.75327658504107691E-006
   32.500000000000000       2.19392098743545993E-006
   32.750000000000000       1.74680421842606244E-006
   33.000000000000000       1.38969080834803961E-006
   33.250000000000000       1.10469315348772901E-006
   33.500000000000000       8.77432468406933787E-007
   33.750000000000000       6.96359563206631543E-007
   34.000000000000000       5.52205379657067927E-007
   34.250000000000000       4.37536811566784644E-007
   34.500000000000000       3.46397896552993211E-007
   34.750000000000000       2.74020186689321343E-007
   35.000000000000000       2.16589138294823799E-007
   35.250000000000000       1.71055832326852987E-007
   35.500000000000000       1.34985349458510352E-007
   35.750000000000000       1.06434762201920343E-007
   36.000000000000000       8.38550392653026583E-008
   36.250000000000000       6.60122410176939192E-008
   36.500000000000000       5.19242655046929919E-008
   36.750000000000000       4.08101195164370808E-008
   37.000000000000000       3.20492694699520583E-008
   37.250000000000000       2.51490974097588721E-008
   37.500000000000000       1.97188687196353013E-008
   37.750000000000000       1.54489268700648462E-008
   38.000000000000000       1.20940803122638589E-008
   38.250000000000000       9.46034856292540955E-009
   38.500000000000000       7.39439763732862875E-009
   38.750000000000000       5.77512663431768983E-009
   39.000000000000000       4.50697343458393342E-009
   39.250000000000000       3.51459300382316725E-009
   39.500000000000000       2.73863064195864420E-009
   39.750000000000000       2.13236789213937285E-009
   40.000000000000000       1.65906331633215973E-009
   40.250000000000000       1.28984606279688632E-009
   40.500000000000000       1.00204879852027263E-009
   40.750000000000000       7.77889535054238838E-010
   41.000000000000000       6.03430253012641867E-010
   41.250000000000000       4.67754928073715042E-010
   41.500000000000000       3.62321305203034757E-010
   41.750000000000000       2.80450142644734648E-010
   42.000000000000000       2.16923123800921698E-010
   42.250000000000000       1.67666592119359912E-010
   42.500000000000000       1.29503005858513117E-010
   42.750000000000000       9.99557804164828826E-011
   43.000000000000000       7.70961817519010470E-011
   43.250000000000000       5.94233123008500728E-011
   43.500000000000000       4.57701163849768459E-011
   43.750000000000000       3.52298259143803124E-011
   44.000000000000000       2.70984495024533034E-011
   44.250000000000000       2.08298430039099734E-011
   44.500000000000000       1.60006380471372002E-011
   44.750000000000000       1.22828880460781752E-011
   45.000000000000000       9.42275082004179427E-012
   45.250000000000000       7.22388905666649139E-012
   45.500000000000000       5.53455485957989215E-012
   45.750000000000000       4.23754874014940168E-012
   46.000000000000000       3.24241949072148230E-012
   46.250000000000000       2.47940958786093468E-012
   46.500000000000000       1.89475916496152130E-012
   46.750000000000000       1.44706652276910381E-012
   47.000000000000000       1.10446963360741307E-012
   47.250000000000000       8.42465099475738585E-013
   47.500000000000000       6.42221665187657651E-013
   47.750000000000000       4.89277120977032807E-013
   48.000000000000000       3.72532185747835249E-013
   48.250000000000000       2.83474259788262380E-013
   48.500000000000000       2.15578965444111024E-013
   48.750000000000000       1.63849090115064618E-013
   49.000000000000000       1.24459639959887037E-013
   49.250000000000000       9.44847778757430507E-014
   49.500000000000000       7.16879038163603572E-014
   49.750000000000000       5.43603895431646676E-014
   50.000000000000000       4.11977768861945587E-014
   50.250000000000000       3.12048018134131745E-014
   50.500000000000000       2.36225822985719442E-014
   50.750000000000000       1.78728355841064323E-014
   51.000000000000000       1.35151706704675789E-014
   51.250000000000000       1.02144130201678496E-014
   51.500000000000000       7.71562135665839653E-015
   51.750000000000000       5.82499826115215670E-015
   52.000000000000000       4.39531362288987376E-015
   52.250000000000000       3.31478123699688026E-015
   52.500000000000000       2.49857592261357547E-015
   52.750000000000000       1.88236843506503857E-015
   53.000000000000000       1.41740129633129377E-015
   53.250000000000000       1.06674060652045913E-015
   53.500000000000000       8.02424749832207179E-016
   53.750000000000000       6.03296705446010481E-016
   54.000000000000000       4.53357066328649009E-016
   54.250000000000000       3.40513437125644536E-016
   54.500000000000000       2.55631380553553482E-016
   54.750000000000000       1.91814627779941255E-016
   55.000000000000000       1.43859489159258699E-016
   55.250000000000000       1.07841546447612022E-016
   55.500000000000000       8.08027344755410395E-017
   55.750000000000000       6.05145638029668332E-017
   56.000000000000000       4.52990588587321692E-017
   56.250000000000000       3.38934192772819645E-017
   56.500000000000000       2.53477851482781781E-017
   56.750000000000000       1.89480516326572841E-017
   57.000000000000000       1.41576273425702252E-017
   57.250000000000000       1.05735109733359429E-017
   57.500000000000000       7.89318401827732229E-018
   57.750000000000000       5.88966946394751724E-018
   58.000000000000000       4.39275227694686611E-018
   58.250000000000000       3.27484684102352212E-018
   58.500000000000000       2.44036701701517435E-018
   58.750000000000000       1.81773487237349347E-018
   59.000000000000000       1.35337616821895202E-018
   59.250000000000000       1.00721096229684750E-018
   59.500000000000000       7.49268757042169943E-019
   59.750000000000000       5.57149029262602652E-019
   60.000000000000000       4.14116951015103307E-019
   60.250000000000000       3.07676127325271096E-019
   60.500000000000000       2.28499382807101910E-019
   60.750000000000000       1.69628164449804783E-019
   61.000000000000000       1.25873365471130570E-019
   61.250000000000000       9.33671093217152908E-020
   61.500000000000000       6.92276189924534707E-020
   61.750000000000000       5.13087579931803147E-020
   62.000000000000000       3.80129378588107766E-020
   62.250000000000000       2.81514250901933461E-020
   62.500000000000000       2.08400869387979366E-020
   62.750000000000000       1.54216210150280900E-020
   63.000000000000000       1.14075672610880178E-020
   63.250000000000000       8.43508969210455744E-021
   63.500000000000000       6.23478034781841692E-021
   63.750000000000000       4.60668500487117623E-021
   64.000000000000000       3.40245893308168323E-021
   64.250000000000000       2.51209107693666717E-021
   64.500000000000000       1.85403134027907407E-021
   64.750000000000000       1.36785177920152135E-021
   65.000000000000000       1.00879368020909767E-021
   65.250000000000000       7.43717612780660883E-022
   65.500000000000000       5.48096749603744737E-022
   65.750000000000000       4.03785638425224452E-022
   66.000000000000000       2.97365113887074139E-022
   66.250000000000000       2.18915084525253990E-022
   66.500000000000000       1.61104951047574078E-022
   66.750000000000000       1.18519718290115359E-022
   67.000000000000000       8.71609277055837244E-023
   67.250000000000000       6.40772056986663383E-023
   67.500000000000000       4.70908727715860656E-023
   67.750000000000000       3.45957163119598568E-023
   68.000000000000000       2.54074615050057441E-023
   68.250000000000000       1.86532506772369685E-023
   68.500000000000000       1.36899861683626273E-023
   68.750000000000000       1.00440217929102856E-023
   69.000000000000000       7.36663837341885614E-024
   69.250000000000000       5.40118468845459589E-024
   69.500000000000000       3.95883656633888762E-024
   69.750000000000000       2.90072043315363418E-024
   70.000000000000000       2.12473518926979642E-024
   70.250000000000000       1.55584114804607112E-024
   70.500000000000000       1.13890648293741098E-024
   70.750000000000000       8.33439540669982609E-025
   71.000000000000000       6.09711248150068581E-025
   71.250000000000000       4.45901797519658945E-025
   71.500000000000000       3.26001786341683669E-025
   71.750000000000000       2.38268867560846707E-025
   72.000000000000000       1.74093277573958308E-025
   72.250000000000000       1.27164208019468370E-025
   72.500000000000000       9.28574534248072392E-026
   72.750000000000000       6.77857538366517453E-026
   73.000000000000000       4.94687185032039815E-026
   73.250000000000000       3.60906112737569292E-026
   73.500000000000000       2.63226697820882923E-026
   73.750000000000000       1.91928079734374808E-026
   74.000000000000000       1.39900975764015114E-026
   74.250000000000000       1.01947683728090459E-026
   74.500000000000000       7.42692641020782650E-027
   74.750000000000000       5.40899717351595369E-027
   75.000000000000000       3.93822926714952319E-027
   75.250000000000000       2.86657010734545282E-027
   75.500000000000000       2.08594181300531978E-027
   75.750000000000000       1.51747160345567276E-027
   76.000000000000000       1.10361710367320162E-027
   76.250000000000000       8.02410194414257824E-028
   76.500000000000000       5.83250757072461111E-028
   76.750000000000000       4.23833938460458881E-028
   77.000000000000000       3.07906157739220714E-028
   77.250000000000000       2.23626836087065203E-028
   77.500000000000000       1.62372707991462397E-028
   77.750000000000000       1.17865412496701712E-028
   78.000000000000000       8.55351490859034329E-029
   78.250000000000000       6.20566595074872708E-029
   78.500000000000000       4.50109685289483824E-029
   78.750000000000000       3.26388726094872686E-029
   79.000000000000000       2.36613436022150728E-029
   79.250000000000000       1.71487214643732173E-029
   79.500000000000000       1.24254694411983895E-029
   79.750000000000000       9.00084324574720964E-030
   80.000000000000000       6.51843798070298810E-030
   80.250000000000000       4.71948306625898351E-030
   80.500000000000000       3.41614647854635987E-030
   80.750000000000000       2.47212423290212998E-030
   81.000000000000000       1.78853089923897207E-030
   81.250000000000000       1.29364626597844913E-030
   81.500000000000000       9.35466306497217525E-031
   81.750000000000000       6.76292944886288657E-031
   82.000000000000000       4.88805668609285222E-031
   82.250000000000000       3.53209884395212858E-031
   82.500000000000000       2.55167445003813690E-031
   82.750000000000000       1.84295207600882134E-031
   83.000000000000000       1.33075998580748885E-031
   83.250000000000000       9.60689159098877611E-032
   83.500000000000000       6.93368417259348528E-032
   83.750000000000000       5.00315285999907978E-032
   84.000000000000000       3.60929661979402163E-032
   84.250000000000000       2.60316080208828565E-032
   84.500000000000000       1.87706608772388844E-032
   84.750000000000000       1.35319006410911318E-032
   85.000000000000000       9.75302248474798964E-033
   85.250000000000000       7.02783171961266436E-033
   85.500000000000000       5.06297398819271602E-033
   85.750000000000000       3.64663888754155980E-033
   86.000000000000000       2.62592939515708685E-033
   86.250000000000000       1.89050161262528644E-033
   86.500000000000000       1.36074038909450263E-033
   86.750000000000000       9.79215333916372164E-034
   87.000000000000000       7.04508648814849246E-034
   87.250000000000000       5.06757434256896071E-034
   87.500000000000000       3.64435003239075456E-034
   87.750000000000000       2.62027376543931046E-034
   88.000000000000000       1.88356388972855506E-034
   88.250000000000000       1.35369745656463431E-034
   88.500000000000000       9.72682055664269789E-035
   88.750000000000000       6.98761051220605683E-035
   89.000000000000000       5.01874842782276695E-035
   89.250000000000000       3.60389034724737190E-035
   89.500000000000000       2.58736420394803320E-035
   89.750000000000000       1.85717942464164428E-035
   90.000000000000000       1.33278748492781859E-035
   90.250000000000000       9.56266919551652898E-036
   90.500000000000000       6.85976090653787622E-036
   90.750000000000000       4.91983885915703224E-036
   91.000000000000000       3.52781059889412049E-036
   91.250000000000000       2.52913814614297002E-036
   91.500000000000000       1.81281370298102725E-036
   91.750000000000000       1.29911486080996967E-036
   92.000000000000000       9.30799400637564156E-037
   92.250000000000000       6.66774867079213941E-037
   92.500000000000000       4.77548341126500461E-037
   92.750000000000000       3.41956497480800101E-037
   93.000000000000000       2.44816217499419049E-037
   93.250000000000000       1.75236960669294286E-037
   93.500000000000000       1.25408751081251397E-037
   93.750000000000000       8.97319217570214506E-038
   94.000000000000000       6.41923801206935697E-038
   94.250000000000000       4.59132201177390117E-038
   94.500000000000000       3.28329693746619280E-038
   94.750000000000000       2.34747542634698146E-038
   95.000000000000000       1.67807260429157662E-038
   95.250000000000000       1.19933218118019738E-038
   95.500000000000000       8.57012965574342371E-039
   95.750000000000000       6.12285999063489069E-039
   96.000000000000000       4.37360609999297695E-039
   96.250000000000000       3.12350210566328978E-039
   96.500000000000000       2.23026884954437228E-039
   96.750000000000000       1.59213033871948892E-039
   97.000000000000000       1.13629544018303436E-039
   97.250000000000000       8.10710390854860762E-040
   97.500000000000000       5.78154158198877209E-040
   97.750000000000000       4.12011502413882200E-040
   98.000000000000000       2.93247017833639290E-040
   98.250000000000000       2.08238476638919532E-040
   98.500000000000000       1.47224537130731006E-040
   98.750000000000000       1.03191123665668213E-040
   99.000000000000000       7.10702843816008357E-041
   99.250000000000000       4.71606315237558805E-041
   99.500000000000000       2.87035266554822334E-041
   99.750000000000000       1.35668028783300812E-041
   100.00000000000000        0.0000000000000000     
