   0.0000000000000000      -9.98792517058477713E-005
  0.25000000000000000      -1.00226200216927251E-004
  0.50000000000000000      -1.02889884950362471E-004
  0.75000000000000000      -9.86837559713873676E-005
   1.0000000000000000      -9.56580149025269101E-005
   1.2500000000000000      -9.92356388927543827E-005
   1.5000000000000000      -1.04267410965392518E-004
   1.7500000000000000      -1.04070037584179555E-004
   2.0000000000000000      -9.85271894420915173E-005
   2.2500000000000000      -9.31756579940102453E-005
   2.5000000000000000      -9.32671912739186466E-005
   2.7500000000000000      -9.93715482366111459E-005
   3.0000000000000000      -1.07417296314594597E-004
   3.2500000000000000      -1.11949322087973691E-004
   3.5000000000000000      -1.09712761580165084E-004
   3.7500000000000000      -1.01368897950089226E-004
   4.0000000000000000      -9.08226000762882123E-005
   4.2500000000000000      -8.30190629405167299E-005
   4.5000000000000000      -8.15785647617639498E-005
   4.7500000000000000      -8.73579637785147834E-005
   5.0000000000000000      -9.83571619543853617E-005
   5.2500000000000000      -1.10741665697173115E-004
   5.5000000000000000      -1.20380203667086718E-004
   5.7500000000000000      -1.24253084177578703E-004
   6.0000000000000000      -1.21284606347920996E-004
   6.2500000000000000      -1.12447490816873651E-004
   6.5000000000000000      -1.00250900123334007E-004
   6.7500000000000000      -8.78815388942160970E-005
   7.0000000000000000      -7.83031391975002998E-005
   7.2500000000000000      -7.35593222944388769E-005
   7.5000000000000000      -7.44139523980531027E-005
   7.7500000000000000      -8.03468015943992490E-005
   8.0000000000000000      -8.98328123215260473E-005
   8.2500000000000000      -1.00785302580474651E-004
   8.5000000000000000      -1.11036483637758001E-004
   8.7500000000000000      -1.18751956814074709E-004
   9.0000000000000000      -1.22714819365872925E-004
   9.2500000000000000      -1.22456118827426368E-004
   9.5000000000000000      -1.18242149353735187E-004
   9.7500000000000000      -1.10950863765412209E-004
   10.000000000000000      -1.01879086378401154E-004
   10.250000000000000      -9.25216435891659328E-005
   10.500000000000000      -8.43565873326183077E-005
   10.750000000000000      -7.86609285666647445E-005
   11.000000000000000      -7.63714598279298742E-005
   11.250000000000000      -7.79969563072307678E-005
   11.500000000000000      -8.35819095400705092E-005
   11.750000000000000      -9.27178439803289021E-005
   12.000000000000000      -1.04595698353229205E-004
   12.250000000000000      -1.18091158299513300E-004
   12.500000000000000      -1.31873776492662123E-004
   12.750000000000000      -1.44530000419950777E-004
   13.000000000000000      -1.54689838049750292E-004
   13.250000000000000      -1.61146946596848220E-004
   13.500000000000000      -1.62962580214444608E-004
   13.750000000000000      -1.59545177051122439E-004
   14.000000000000000      -1.50699397786076608E-004
   14.250000000000000      -1.36641018518058948E-004
   14.500000000000000      -1.17976998895263959E-004
   14.750000000000000      -9.56529957830843790E-005
   15.000000000000000      -7.08732633914343113E-005
   15.250000000000000      -4.49999962698355304E-005
   15.500000000000000      -1.94405276453815772E-005
   15.750000000000000       4.46871667198592867E-006
   16.000000000000000       2.55729952693746481E-005
   16.250000000000000       4.29974175040387824E-005
   16.500000000000000       5.62269500837603086E-005
   16.750000000000000       6.51649128332319240E-005
   17.000000000000000       7.01689827685210459E-005
   17.250000000000000       7.20660432978260560E-005
   17.500000000000000       7.21492899455375398E-005
   17.750000000000000       7.21626960908949719E-005
   18.000000000000000       7.42791730677448122E-005
   18.250000000000000       8.10795117183622511E-005
   18.500000000000000       9.55395061983586283E-005
   18.750000000000000       1.21032619492296358E-004
   19.000000000000000       1.61355268337336308E-004
   19.250000000000000       2.20781413414792064E-004
   19.500000000000000       3.04152770598743044E-004
   19.750000000000000       4.17010732319978415E-004
   20.000000000000000       5.65776106668720662E-004
   20.250000000000000       7.57983121337445567E-004
   20.500000000000000       1.00257484390361669E-003
   20.750000000000000       1.31026824648243761E-003
   21.000000000000000       1.69399855460448901E-003
   21.250000000000000       2.16945417457478857E-003
   21.500000000000000       2.75571522199163270E-003
   21.750000000000000       3.47601020002293558E-003
   22.000000000000000       4.35860626498896057E-003
   22.250000000000000       5.43784810187307281E-003
   22.500000000000000       6.75535770661650666E-003
   22.750000000000000       8.36140083874558140E-003
   23.000000000000000       1.03164133803929758E-002
   23.250000000000000       1.26926591863915569E-002
   23.500000000000000       1.55759558687400511E-002
   23.750000000000000       1.90673504378051743E-002
   24.000000000000000       2.32845452427736660E-002
   24.250000000000000       2.83627571386255370E-002
   24.500000000000000       3.44545296872016960E-002
   24.750000000000000       4.17278020223506643E-002
   25.000000000000000       5.03612689223182572E-002
   25.250000000000000       6.05357625884653666E-002
   25.500000000000000       7.24201004889942490E-002
   25.750000000000000       8.61496887061351801E-002
   26.000000000000000       0.10179635238898699     
   26.250000000000000       0.11932870984463607     
   26.500000000000000       0.13856435107380474     
   26.750000000000000       0.15911856331615737     
   27.000000000000000       0.18035949759948672     
   27.250000000000000       0.20138573260532444     
   27.500000000000000       0.22104676500169282     
   27.750000000000000       0.23802568770037438     
   28.000000000000000       0.25099127688767342     
   28.250000000000000       0.25880244223103249     
   28.500000000000000       0.26071872534816298     
   28.750000000000000       0.25655277845911573     
   29.000000000000000       0.24671082800600960     
   29.250000000000000       0.23210588589724493     
   29.500000000000000       0.21397594316874630     
   29.750000000000000       0.19366871540422081     
   30.000000000000000       0.17245292007925306     
   30.250000000000000       0.15139174623457752     
   30.500000000000000       0.13128525686469836     
   30.750000000000000       0.11266849642356550     
   31.000000000000000       9.58445494582195051E-002
   31.250000000000000       8.09333236818731150E-002
   31.500000000000000       6.79223723142958341E-002
   31.750000000000000       5.67119683797853436E-002
   32.000000000000000       4.71511940081458941E-002
   32.250000000000000       3.90646714715011598E-002
   32.500000000000000       3.22710394884336907E-002
   32.750000000000000       2.65948287655793023E-002
   33.000000000000000       2.18734153625118818E-002
   33.250000000000000       1.79605080927296018E-002
   33.500000000000000       1.47273240917047271E-002
   33.750000000000000       1.20623120123410452E-002
   34.000000000000000       9.87003228691722689E-003
   34.250000000000000       8.06960820705894880E-003
   34.500000000000000       6.59301661526680034E-003
   34.750000000000000       5.38338406613610154E-003
   35.000000000000000       4.39338381617724975E-003
   35.250000000000000       3.58378235960156270E-003
   35.500000000000000       2.92215450288283059E-003
   35.750000000000000       2.38176788039810025E-003
   36.000000000000000       1.94062750134017022E-003
   36.250000000000000       1.58066565841816177E-003
   36.500000000000000       1.28706044411765674E-003
   36.750000000000000       1.04766594737374643E-003
   37.000000000000000       8.52538112111275682E-004
   37.250000000000000       6.93541697003178148E-004
   37.500000000000000       5.64025452033997373E-004
   37.750000000000000       4.58554324411639602E-004
   38.000000000000000       3.72689113017982338E-004
   38.250000000000000       3.02805450866414257E-004
   38.500000000000000       2.45945286786869281E-004
   38.750000000000000       1.99695158739497653E-004
   39.000000000000000       1.62086510945347046E-004
   39.250000000000000       1.31514120223312372E-004
   39.500000000000000       1.06669380541699949E-004
   39.750000000000000       8.64857660092668639E-005
   40.000000000000000       7.00942675760119356E-005
   40.250000000000000       5.67869923137077746E-005
   40.500000000000000       4.59874393052546343E-005
   40.750000000000000       3.72262341627308305E-005
   41.000000000000000       3.01213246549590223E-005
   41.250000000000000       2.43618210148491197E-005
   41.500000000000000       1.96948130673210424E-005
   41.750000000000000       1.59146180920852183E-005
   42.000000000000000       1.28540130675996072E-005
   42.250000000000000       1.03770865714106058E-005
   42.500000000000000       8.37341238989553162E-006
   42.750000000000000       6.75330149648654983E-006
   43.000000000000000       5.44393369523562553E-006
   43.250000000000000       4.38620670558085592E-006
   43.500000000000000       3.53217026866617021E-006
   43.750000000000000       2.84293720192341423E-006
   44.000000000000000       2.28698321295143522E-006
   44.250000000000000       1.83876352126544128E-006
   44.500000000000000       1.47758759415764505E-006
   44.750000000000000       1.18670412608099852E-006
   45.000000000000000       9.52557225494760567E-007
   45.250000000000000       7.64181983402466009E-007
   45.500000000000000       6.12713481656652194E-007
   45.750000000000000       4.90988099809968020E-007
   46.000000000000000       3.93219895633050362E-007
   46.250000000000000       3.14738028769742109E-007
   46.500000000000000       2.51773801987675206E-007
   46.750000000000000       2.01288018429253145E-007
   47.000000000000000       1.60831084638805759E-007
   47.250000000000000       1.28429700176977810E-007
   47.500000000000000       1.02495124321002490E-007
   47.750000000000000       8.17489468511015267E-008
   48.000000000000000       6.51630525574583388E-008
   48.250000000000000       5.19110899646784379E-008
   48.500000000000000       4.13292600576360749E-008
   48.750000000000000       3.28846518823255255E-008
   49.000000000000000       2.61496862313406609E-008
   49.250000000000000       2.07815004364823244E-008
   49.500000000000000       1.65053281879037276E-008
   49.750000000000000       1.31011077455141927E-008
   50.000000000000000       1.03926976210508139E-008
   50.250000000000000       8.23919707825369647E-009
   50.500000000000000       6.52796474936212063E-009
   50.750000000000000       5.16900647394584664E-009
   51.000000000000000       4.09046653107111937E-009
   51.250000000000000       3.23500752602057959E-009
   51.500000000000000       2.55690556087764947E-009
   51.750000000000000       2.01972079675920353E-009
   52.000000000000000       1.59443059448584780E-009
   52.250000000000000       1.25793431126752027E-009
   52.500000000000000       9.91856517677726550E-010
   52.750000000000000       7.81589681019405815E-010
   53.000000000000000       6.15528886913139241E-010
   53.250000000000000       4.84460466935548043E-010
   53.500000000000000       3.81073893256903739E-010
   53.750000000000000       2.99572337445479390E-010
   54.000000000000000       2.35362150190280094E-010
   54.250000000000000       1.84805428560731239E-010
   54.500000000000000       1.45022981190626734E-010
   54.750000000000000       1.13737527941372185E-010
   55.000000000000000       8.91489991893134867E-011
   55.250000000000000       6.98354278445253409E-011
   55.500000000000000       5.46742328099814763E-011
   55.750000000000000       4.27797389739305995E-011
   56.000000000000000       3.34536169052731815E-011
   56.250000000000000       2.61455962135026498E-011
   56.500000000000000       2.04223430736350536E-011
   56.750000000000000       1.59428212840522991E-011
   57.000000000000000       1.24387987977739334E-011
   57.250000000000000       9.69943512451149707E-012
   57.500000000000000       7.55910313869902472E-012
   57.750000000000000       5.88777272035281008E-012
   58.000000000000000       4.58342218172438457E-012
   58.250000000000000       3.56605371085142041E-012
   58.500000000000000       2.77297679389489972E-012
   58.750000000000000       2.15509332416071799E-012
   59.000000000000000       1.67397351614610409E-012
   59.250000000000000       1.29955573447248880E-012
   59.500000000000000       1.00833824968397755E-012
   59.750000000000000       7.81958604882454701E-013
   60.000000000000000       6.06078201959136133E-013
   60.250000000000000       4.69507075688194290E-013
   60.500000000000000       3.63517559525059979E-013
   60.750000000000000       2.81306407826872653E-013
   61.000000000000000       2.17573521279143358E-013
   61.250000000000000       1.68192199180212310E-013
   61.500000000000000       1.29951190058957184E-013
   61.750000000000000       1.00353029427262187E-013
   62.000000000000000       7.74564770805742549E-014
   62.250000000000000       5.97534839252845746E-014
   62.500000000000000       4.60731784674986326E-014
   62.750000000000000       3.55069834859421913E-014
   63.000000000000000       2.73502470783515880E-014
   63.250000000000000       2.10567727576218978E-014
   63.500000000000000       1.62034186675461767E-014
   63.750000000000000       1.24625521357005986E-014
   64.000000000000000       9.58062884573769997E-015
   64.250000000000000       7.36154439760126420E-015
   64.500000000000000       5.65370238490384881E-015
   64.750000000000000       4.33997502811858023E-015
   65.000000000000000       3.32991376357721582E-015
   65.250000000000000       2.55370893111480643E-015
   65.500000000000000       1.95750841379228001E-015
   65.750000000000000       1.49979150233143284E-015
   66.000000000000000       1.14856167335415114E-015
   66.250000000000000       8.79174530801427182E-016
   66.500000000000000       6.72658113038384466E-016
   66.750000000000000       5.14414658236993952E-016
   67.000000000000000       3.93217738524944118E-016
   67.250000000000000       3.00437976021024717E-016
   67.500000000000000       2.29445558044797520E-016
   67.750000000000000       1.75149424871807491E-016
   68.000000000000000       1.33642053233707807E-016
   68.250000000000000       1.01925781016247381E-016
   68.500000000000000       7.77020644212670456E-017
   68.750000000000000       5.92092797153634411E-017
   69.000000000000000       4.50979512651968024E-017
   69.250000000000000       3.43348188229817715E-017
   69.500000000000000       2.61291155971035281E-017
   69.750000000000000       1.98759432474612961E-017
   70.000000000000000       1.51128005721832803E-017
   70.250000000000000       1.14862269236480686E-017
   70.500000000000000       8.72621952994146020E-018
   70.750000000000000       6.62662259921044043E-018
   71.000000000000000       5.03010153577341065E-018
   71.250000000000000       3.81663582494738973E-018
   71.500000000000000       2.89471084245248342E-018
   71.750000000000000       2.19457879676752038E-018
   72.000000000000000       1.66310519499156213E-018
   72.250000000000000       1.25982966174107900E-018
   72.500000000000000       9.53956380432204820E-019
   72.750000000000000       7.22055844456312495E-019
   73.000000000000000       5.46310613638463310E-019
   73.250000000000000       4.13176924514508482E-019
   73.500000000000000       3.12364041336948695E-019
   73.750000000000000       2.36056268647346489E-019
   74.000000000000000       1.78320200240758977E-019
   74.250000000000000       1.34653303258646800E-019
   74.500000000000000       1.01640291093337650E-019
   74.750000000000000       7.66916634519282390E-020
   75.000000000000000       5.78448537443009844E-020
   75.250000000000000       4.36130585887706240E-020
   75.500000000000000       3.28703659856441347E-020
   75.750000000000000       2.47645040093109111E-020
   76.000000000000000       1.86505972808860456E-020
   76.250000000000000       1.40408946181221642E-020
   76.500000000000000       1.05666334603155282E-020
   76.750000000000000       7.94912322228521451E-021
   77.000000000000000       5.97782819045752175E-021
   77.250000000000000       4.49376258867302551E-021
   77.500000000000000       3.37691549112355509E-021
   77.750000000000000       2.53673150535522853E-021
   78.000000000000000       1.90490761970320695E-021
   78.250000000000000       1.42994488397435916E-021
   78.500000000000000       1.07302907854929240E-021
   78.750000000000000       8.04917449623392688E-022
   79.000000000000000       6.03586739433394899E-022
   79.250000000000000       4.52457056188345646E-022
   79.500000000000000       3.39051129072000652E-022
   79.750000000000000       2.53982619259263681E-022
   80.000000000000000       1.90193025466613381E-022
   80.250000000000000       1.42376322158846329E-022
   80.500000000000000       1.06545312695826417E-022
   80.750000000000000       7.97049175244750582E-023
   81.000000000000000       5.96061216103525681E-023
   81.250000000000000       4.45607380109013771E-023
   81.500000000000000       3.33020083551405823E-023
   81.750000000000000       2.48797371290823343E-023
   82.000000000000000       1.85814339813559741E-023
   82.250000000000000       1.38730356755679130E-023
   82.500000000000000       1.03543626342267298E-023
   82.750000000000000       7.72565977632226101E-024
   83.000000000000000       5.76247254646376206E-024
   83.250000000000000       4.29678853082219715E-024
   83.500000000000000       3.20288719254540137E-024
   83.750000000000000       2.38672610750340241E-024
   84.000000000000000       1.77798266987614008E-024
   84.250000000000000       1.32408900021435143E-024
   84.500000000000000       9.85762416654754120E-025
   84.750000000000000       7.33657672225498142E-025
   85.000000000000000       5.45860287006875464E-025
   85.250000000000000       4.06010305635147574E-025
   85.500000000000000       3.01898410615499920E-025
   85.750000000000000       2.24415831418844145E-025
   86.000000000000000       1.66769155261949824E-025
   86.250000000000000       1.23893412142018933E-025
   86.500000000000000       9.20135135562458488E-026
   86.750000000000000       6.83166550957700581E-026
   87.000000000000000       5.07076882573265399E-026
   87.250000000000000       3.76265084802500437E-026
   87.500000000000000       2.79117822678617358E-026
   87.750000000000000       2.06992877023827418E-026
   88.000000000000000       1.53461011386755412E-026
   88.250000000000000       1.13740771197637448E-026
   88.500000000000000       8.42772523326512050E-027
   88.750000000000000       6.24282670224840348E-027
   89.000000000000000       4.62305992475208915E-027
   89.250000000000000       3.42259659867396414E-027
   89.500000000000000       2.53314742165419173E-027
   89.750000000000000       1.87432277268604416E-027
   90.000000000000000       1.38646230512412274E-027
   90.250000000000000       1.02530273811612215E-027
   90.500000000000000       7.58013825863147029E-028
   90.750000000000000       5.60252347865808351E-028
   91.000000000000000       4.13973342888747003E-028
   91.250000000000000       3.05804435928558430E-028
   91.500000000000000       2.25838757078359437E-028
   91.750000000000000       1.66738937792812248E-028
   92.000000000000000       1.23072214516638595E-028
   92.250000000000000       9.08171758661534394E-029
   92.500000000000000       6.69979511441502183E-029
   92.750000000000000       4.94129927080778811E-029
   93.000000000000000       3.64340500804705441E-029
   93.250000000000000       2.68572131883632410E-029
   93.500000000000000       1.97925697520968910E-029
   93.750000000000000       1.45824902898442206E-029
   94.000000000000000       1.07411307634490066E-029
   94.250000000000000       7.90965632350737475E-030
   94.500000000000000       5.82311015520916313E-030
   94.750000000000000       4.28590572888491629E-030
   95.000000000000000       3.15370300948187639E-030
   95.250000000000000       2.32000940466744467E-030
   95.500000000000000       1.70627647943976024E-030
   95.750000000000000       1.25458240811130851E-030
   96.000000000000000       9.22226497432430839E-031
   96.250000000000000       6.77737227509220038E-031
   96.500000000000000       4.97924954019504089E-031
   96.750000000000000       3.65706446493921652E-031
   97.000000000000000       2.68499520478821072E-031
   97.250000000000000       1.97038621422793708E-031
   97.500000000000000       1.44501128462344932E-031
   97.750000000000000       1.05862919531582474E-031
   98.000000000000000       7.74230074427751906E-032
   98.250000000000000       5.64527689707682524E-032
   98.500000000000000       4.09368882177551473E-032
   98.750000000000000       2.93816886237030972E-032
   99.000000000000000       2.06728231227539942E-032
   99.250000000000000       1.39689102718743043E-032
   99.500000000000000       8.62107276840586519E-033
   99.750000000000000       4.11076563748957241E-033
   100.00000000000000        0.0000000000000000     
