   0.0000000000000000      -9.98792517058477713E-005
  0.25000000000000000      -9.82860609538423565E-005
  0.50000000000000000      -9.94500910014510764E-005
  0.75000000000000000      -1.03194192145633905E-004
   1.0000000000000000      -1.00799674909542161E-004
   1.2500000000000000      -9.61400313197297664E-005
   1.5000000000000000      -9.66412942891391988E-005
   1.7500000000000000      -1.01766722535138722E-004
   2.0000000000000000      -1.05130488864393158E-004
   2.2500000000000000      -1.02758995732234101E-004
   2.5000000000000000      -9.68628399022590926E-005
   2.7500000000000000      -9.29536137035787759E-005
   3.0000000000000000      -9.46775654933152620E-005
   3.2500000000000000      -1.01073077109381339E-004
   3.5000000000000000      -1.07689549038037858E-004
   3.7500000000000000      -1.09929708540729300E-004
   4.0000000000000000      -1.06003155430775030E-004
   4.2500000000000000      -9.77977660796250961E-005
   4.5000000000000000      -8.95767012769555979E-005
   4.7500000000000000      -8.55907721269738206E-005
   5.0000000000000000      -8.79920458852953400E-005
   5.2500000000000000      -9.59822137116462702E-005
   5.5000000000000000      -1.06367351771514268E-004
   5.7500000000000000      -1.15048324527141177E-004
   6.0000000000000000      -1.18690418565183981E-004
   6.2500000000000000      -1.15901348979331205E-004
   6.5000000000000000      -1.07566829617905481E-004
   6.7500000000000000      -9.63641606403386650E-005
   7.0000000000000000      -8.57507666516366487E-005
   7.2500000000000000      -7.88372141553787782E-005
   7.5000000000000000      -7.75091744359945856E-005
   7.7500000000000000      -8.20154050612631024E-005
   8.0000000000000000      -9.10605352826815819E-005
   8.2500000000000000      -1.02292830405675676E-004
   8.5000000000000000      -1.12993016623207091E-004
   8.7500000000000000      -1.20757342494779197E-004
   9.0000000000000000      -1.24011432703010726E-004
   9.2500000000000000      -1.22265365055981411E-004
   9.5000000000000000      -1.16098402408391831E-004
   9.7500000000000000      -1.06924084378419529E-004
   10.000000000000000      -9.66226167119918830E-005
   10.250000000000000      -8.71364787077443030E-005
   10.500000000000000      -8.01122379769677028E-005
   10.750000000000000      -7.66453212973944201E-005
   11.000000000000000      -7.71538584501302473E-005
   11.250000000000000      -8.13798746645803551E-005
   11.500000000000000      -8.84955148529361892E-005
   11.750000000000000      -9.72803094770172588E-005
   12.000000000000000      -1.06332182557422275E-004
   12.250000000000000      -1.14278029550050536E-004
   12.500000000000000      -1.19956811940504754E-004
   12.750000000000000      -1.22556930000378882E-004
   13.000000000000000      -1.21698389837213413E-004
   13.250000000000000      -1.17457890378921576E-004
   13.500000000000000      -1.10340937743656669E-004
   13.750000000000000      -1.01209394713283989E-004
   14.000000000000000      -9.11756684335034335E-005
   14.250000000000000      -8.14762733024208325E-005
   14.500000000000000      -7.33379874279950614E-005
   14.750000000000000      -6.78493897245104288E-005
   15.000000000000000      -6.58493059428627044E-005
   15.250000000000000      -6.78416783243702281E-005
   15.500000000000000      -7.39437102247313415E-005
   15.750000000000000      -8.38709922014208047E-005
   16.000000000000000      -9.69599280951348745E-005
   16.250000000000000      -1.12224439878577317E-004
   16.500000000000000      -1.28440947329336216E-004
   16.750000000000000      -1.44253275648785809E-004
   17.000000000000000      -1.58287656539351623E-004
   17.250000000000000      -1.69267474490279361E-004
   17.500000000000000      -1.76117878057726240E-004
   17.750000000000000      -1.78051727169179478E-004
   18.000000000000000      -1.74630395577716606E-004
   18.250000000000000      -1.65795447426356403E-004
   18.500000000000000      -1.51869887686681112E-004
   18.750000000000000      -1.33530283859001033E-004
   19.000000000000000      -1.11753340161213378E-004
   19.250000000000000      -8.77422979950940425E-005
   19.500000000000000      -6.28397243212650616E-005
   19.750000000000000      -3.84337863954176188E-005
   20.000000000000000      -1.58650138912610575E-005
   20.250000000000000       3.66011153500650514E-006
   20.500000000000000       1.91435121058416322E-005
   20.750000000000000       2.98540153004136824E-005
   21.000000000000000       3.53677941754377968E-005
   21.250000000000000       3.55901551839428476E-005
   21.500000000000000       3.07595910966378854E-005
   21.750000000000000       2.14363175994656302E-005
   22.000000000000000       8.47853500755700023E-006
   22.250000000000000      -6.98963451341787365E-006
   22.500000000000000      -2.36141914563739561E-005
   22.750000000000000      -3.98468402558691128E-005
   23.000000000000000      -5.39758010474777707E-005
   23.250000000000000      -6.41478600401555960E-005
   23.500000000000000      -6.83780835278890477E-005
   23.750000000000000      -6.45440650523764061E-005
   24.000000000000000      -5.03619765272829607E-005
   24.250000000000000      -2.33419894865167287E-005
   24.500000000000000       1.92792303024122755E-005
   24.750000000000000       8.06313138724695945E-005
   25.000000000000000       1.64330916327487270E-004
   25.250000000000000       2.74633571770785542E-004
   25.500000000000000       4.16620668276203722E-004
   25.750000000000000       5.96426598854691908E-004
   26.000000000000000       8.21512463936623430E-004
   26.250000000000000       1.10099425804208997E-003
   26.500000000000000       1.44603523188039425E-003
   26.750000000000000       1.87031401639813121E-003
   27.000000000000000       2.39058201636231649E-003
   27.250000000000000       3.02732534323301404E-003
   27.500000000000000       3.80554786016567854E-003
   27.750000000000000       4.75569227912233349E-003
   28.000000000000000       5.91471493955808298E-003
   28.250000000000000       7.32732577993765177E-003
   28.500000000000000       9.04739640083981889E-003
   28.750000000000000       1.11395235487714087E-002
   29.000000000000000       1.36807093138501985E-002
   29.250000000000000       1.67620779781310764E-002
   29.500000000000000       2.04904863137435368E-002
   29.750000000000000       2.49897910682406466E-002
   30.000000000000000       3.04014049755578566E-002
   30.250000000000000       3.68835916657501428E-002
   30.500000000000000       4.46087147105980880E-002
   30.750000000000000       5.37573716494006357E-002
   31.000000000000000       6.45080379778810442E-002
   31.250000000000000       7.70205893666672525E-002
   31.500000000000000       9.14120045700178296E-002
   31.750000000000000       0.10772292190532606     
   32.000000000000000       0.12587489724303297     
   32.250000000000000       0.14562064789464346     
   32.500000000000000       0.16649364340006351     
   32.750000000000000       0.18776902227264902     
   33.000000000000000       0.20845372429708572     
   33.250000000000000       0.22732683320354760     
   33.500000000000000       0.24304659282947674     
   33.750000000000000       0.25432408743342116     
   34.000000000000000       0.26013622753704302     
   34.250000000000000       0.25992329372046563     
   34.500000000000000       0.25370689220908510     
   34.750000000000000       0.24208527124509960     
   35.000000000000000       0.22610776933187582     
   35.250000000000000       0.20707397116038673     
   35.500000000000000       0.18632199716221803     
   35.750000000000000       0.16505907789994290     
   36.000000000000000       0.14425961046022462     
   36.250000000000000       0.12462909393605390     
   36.500000000000000       0.10661679104317648     
   36.750000000000000       9.04561543085506542E-002
   37.000000000000000       7.62155092595566408E-002
   37.250000000000000       6.38474546891630163E-002
   37.500000000000000       5.32309700850865375E-002
   37.750000000000000       4.42041728199781964E-002
   38.000000000000000       3.65879979567212896E-002
   38.250000000000000       3.02021758851349839E-002
   38.500000000000000       2.48752112287918617E-002
   38.750000000000000       2.04499802155705818E-002
   39.000000000000000       1.67862998564009130E-002
   39.250000000000000       1.37615163627822345E-002
   39.500000000000000       1.12698789255882212E-002
   39.750000000000000       9.22123384803177036E-003
   40.000000000000000       7.53939689478849533E-003
   40.250000000000000       6.16043254110456781E-003
   40.500000000000000       5.03097825145681823E-003
   40.750000000000000       4.10669063047520468E-003
   41.000000000000000       3.35085023843538932E-003
   41.250000000000000       2.73313670678588215E-003
   41.500000000000000       2.22857077488558498E-003
   41.750000000000000       1.81661157066890480E-003
   42.000000000000000       1.48039347541146843E-003
   42.250000000000000       1.20608560675963534E-003
   42.500000000000000       9.82357230441899829E-004
   42.750000000000000       7.99933556198836404E-004
   43.000000000000000       6.51227934538462340E-004
   43.250000000000000       5.30038169775263004E-004
   43.500000000000000       4.31296338273782966E-004
   43.750000000000000       3.50863059859665705E-004
   44.000000000000000       2.85358572593063392E-004
   44.250000000000000       2.32024192564534983E-004
   44.500000000000000       1.88608803683901162E-004
   44.750000000000000       1.53275929183939994E-004
   45.000000000000000       1.24527702593853169E-004
   45.250000000000000       1.01142698465893279E-004
   45.500000000000000       8.21251190855742778E-005
   45.750000000000000       6.66632784976050046E-005
   46.000000000000000       5.40956935655664860E-005
   46.250000000000000       4.38833958441596763E-005
   46.500000000000000       3.55873284642535954E-005
   46.750000000000000       2.88498981158801220E-005
   47.000000000000000       2.33799212463226092E-005
   47.250000000000000       1.89403422096283120E-005
   47.500000000000000       1.53382146788026019E-005
   47.750000000000000       1.24165306189166823E-005
   48.000000000000000       1.00475572050484222E-005
   48.250000000000000       8.12740429522692893E-006
   48.500000000000000       6.57159593986780610E-006
   48.750000000000000       5.31146098415940378E-006
   49.000000000000000       4.29119178826913705E-006
   49.250000000000000       3.46544783762072490E-006
   49.500000000000000       2.79740367692953088E-006
   49.750000000000000       2.25715910642409824E-006
   50.000000000000000       1.82044468704236729E-006
   50.250000000000000       1.46756793518266009E-006
   50.500000000000000       1.18255565516715103E-006
   50.750000000000000       9.52456074418116526E-007
   51.000000000000000       7.66771151946774117E-007
   51.250000000000000       6.16994902461100082E-007
   51.500000000000000       4.96238042760994563E-007
   51.750000000000000       3.98922909135092536E-007
   52.000000000000000       3.20535565305872004E-007
   52.250000000000000       2.57424443474279166E-007
   52.500000000000000       2.06636836937247502E-007
   52.750000000000000       1.65786173844502164E-007
   53.000000000000000       1.32944315075829890E-007
   53.250000000000000       1.06554189774226124E-007
   53.500000000000000       8.53589545104956752E-008
   53.750000000000000       6.83445729038467592E-008
   54.000000000000000       5.46932915889890803E-008
   54.250000000000000       4.37459600291118414E-008
   54.500000000000000       3.49715256758249449E-008
   54.750000000000000       2.79423485675408587E-008
   55.000000000000000       2.23142338497057815E-008
   55.250000000000000       1.78102876716221027E-008
   55.500000000000000       1.42078702557043564E-008
   55.750000000000000       1.13280568141250756E-008
   56.000000000000000       9.02712824940205832E-009
   56.250000000000000       7.18970398382338642E-009
   56.500000000000000       5.72320270064326474E-009
   56.750000000000000       4.55337641167578373E-009
   57.000000000000000       3.62071166878815083E-009
   57.250000000000000       2.87753101010997722E-009
   57.500000000000000       2.28565958482301794E-009
   57.750000000000000       1.81454772455630611E-009
   58.000000000000000       1.43976115694945881E-009
   58.250000000000000       1.14176750898190088E-009
   58.500000000000000       9.04961473304443113E-010
   58.750000000000000       7.16882119061462931E-010
   59.000000000000000       5.67584814494764971E-010
   59.250000000000000       4.49137494058691748E-010
   59.500000000000000       3.55216874376469524E-010
   59.750000000000000       2.80784966191582858E-010
   60.000000000000000       2.21830058593726093E-010
   60.250000000000000       1.75159441673711803E-010
   60.500000000000000       1.38233625815587304E-010
   60.750000000000000       1.09033824677628937E-010
   61.000000000000000       8.59560873810193744E-011
   61.250000000000000       6.77267686758384880E-011
   61.500000000000000       5.33350747098959077E-011
   61.750000000000000       4.19792656808739035E-011
   62.000000000000000       3.30237748756967720E-011
   62.250000000000000       2.59650485270170208E-011
   62.500000000000000       2.04043484962415481E-011
   62.750000000000000       1.60261109722445677E-011
   63.000000000000000       1.25807360530402491E-011
   63.250000000000000       9.87090887903435468E-012
   63.500000000000000       7.74073389050393679E-012
   63.750000000000000       6.06710863145400281E-012
   64.000000000000000       4.75287943487075626E-012
   64.250000000000000       3.72141402684239042E-012
   64.500000000000000       2.91230018302074118E-012
   64.750000000000000       2.27793875997369143E-012
   65.000000000000000       1.78084667714502708E-012
   65.250000000000000       1.39152312695576829E-012
   65.500000000000000       1.08676235378146450E-012
   65.750000000000000       8.48320300473017797E-013
   66.000000000000000       6.61861502233632644E-013
   66.250000000000000       5.16127795654389774E-013
   66.500000000000000       4.02282492656280735E-013
   66.750000000000000       3.13393274457317529E-013
   67.000000000000000       2.44024692574708361E-013
   67.250000000000000       1.89917224130719106E-013
   67.500000000000000       1.47734638135208894E-013
   67.750000000000000       1.14865243876159382E-013
   68.000000000000000       8.92656160932886222E-014
   68.250000000000000       6.93377868102756315E-014
   68.500000000000000       5.38327900147092255E-014
   68.750000000000000       4.17749458253611532E-014
   69.000000000000000       3.24024573116169066E-014
   69.250000000000000       2.51208308575283882E-014
   69.500000000000000       1.94663716274766640E-014
   69.750000000000000       1.50775903622883045E-014
   70.000000000000000       1.16728189984790695E-014
   70.250000000000000       9.03269629549192272E-015
   70.500000000000000       6.98647124956904122E-015
   70.750000000000000       5.40129778174273024E-015
   71.000000000000000       4.17387184362679095E-015
   71.250000000000000       3.22390183829509552E-015
   71.500000000000000       2.48901312818513873E-015
   71.750000000000000       1.92077373654912636E-015
   72.000000000000000       1.48159614838424933E-015
   72.250000000000000       1.14232333027628570E-015
   72.500000000000000       8.80348830629327406E-016
   72.750000000000000       6.78153546961721193E-016
   73.000000000000000       5.22167388787626929E-016
   73.250000000000000       4.01884145128327334E-016
   73.500000000000000       3.09173582390308643E-016
   73.750000000000000       2.37747092783556939E-016
   74.000000000000000       1.82742825559981341E-016
   74.250000000000000       1.40403744254871216E-016
   74.500000000000000       1.07827918958543958E-016
   74.750000000000000       8.27749412680733307E-017
   75.000000000000000       6.35159215268594264E-017
   75.250000000000000       4.87173130939063845E-017
   75.500000000000000       3.73509788627316702E-017
   75.750000000000000       2.86246058284992244E-017
   76.000000000000000       2.19278895970512121E-017
   76.250000000000000       1.67909347584871112E-017
   76.500000000000000       1.28521134117675933E-017
   76.750000000000000       9.83324312064519133E-018
   77.000000000000000       7.52042646245394241E-018
   77.250000000000000       5.74926772522913650E-018
   77.500000000000000       4.39347209358892972E-018
   77.750000000000000       3.35605744748700109E-018
   78.000000000000000       2.56258317301414004E-018
   78.250000000000000       1.95593543254104245E-018
   78.500000000000000       1.49231294006919718E-018
   78.750000000000000       1.13813826214163432E-018
   79.000000000000000       8.67682319849613560E-019
   79.250000000000000       6.61238224125361349E-019
   79.500000000000000       5.03718033996785046E-019
   79.750000000000000       3.83574968498674293E-019
   80.000000000000000       2.91975953071392927E-019
   80.250000000000000       2.22166633256795079E-019
   80.500000000000000       1.68984298903964078E-019
   80.750000000000000       1.28484426607269612E-019
   81.000000000000000       9.76544600056548706E-020
   81.250000000000000       7.41945432377856271E-020
   81.500000000000000       5.63496170238754588E-020
   81.750000000000000       4.27809000868482675E-020
   82.000000000000000       3.24675585642890059E-020
   82.250000000000000       2.46315039023577032E-020
   82.500000000000000       1.86799030267966329E-020
   82.750000000000000       1.41612471828495309E-020
   83.000000000000000       1.07317954892784134E-020
   83.250000000000000       8.12995359725003262E-021
   83.500000000000000       6.15671898159077785E-021
   83.750000000000000       4.66076243217564763E-021
   84.000000000000000       3.52705112626234868E-021
   84.250000000000000       2.66817599338376357E-021
   84.500000000000000       2.01774318946554187E-021
   84.750000000000000       1.52534040634457680E-021
   85.000000000000000       1.15270423419726888E-021
   85.250000000000000       8.70803142482922985E-022
   85.500000000000000       6.57618200564717106E-022
   85.750000000000000       4.96455293923432966E-022
   86.000000000000000       3.74662041362150595E-022
   86.250000000000000       2.82652745869246173E-022
   86.500000000000000       2.13167710253171639E-022
   86.750000000000000       1.60710797911156092E-022
   87.000000000000000       1.21122504787973323E-022
   87.250000000000000       9.12560143704096684E-023
   87.500000000000000       6.87314857195824222E-023
   87.750000000000000       5.17497501402586069E-023
   88.000000000000000       3.89511045519181315E-023
   88.250000000000000       2.93083245970459503E-023
   88.500000000000000       2.20456342508577052E-023
   88.750000000000000       1.65773567465652027E-023
   89.000000000000000       1.24614831865788215E-023
   89.250000000000000       9.36454403166706032E-024
   89.500000000000000       7.03504145673092484E-024
   89.750000000000000       5.28336339872573923E-024
   90.000000000000000       3.96660331496232290E-024
   90.250000000000000       2.97709152372424738E-024
   90.500000000000000       2.23373366386807273E-024
   90.750000000000000       1.67547146000903302E-024
   91.000000000000000       1.25634747608725036E-024
   91.250000000000000       9.41781698518396806E-025
   91.500000000000000       7.05763348268366426E-025
   91.750000000000000       5.28733674699722236E-025
   92.000000000000000       3.95990247748125136E-025
   92.250000000000000       2.96484700084110326E-025
   92.500000000000000       2.21917210046887389E-025
   92.750000000000000       1.66054710743739965E-025
   93.000000000000000       1.24217719112541445E-025
   93.250000000000000       9.28942091228190237E-026
   93.500000000000000       6.94491723164283783E-026
   93.750000000000000       5.19062242525990644E-026
   94.000000000000000       3.87834384852814306E-026
   94.250000000000000       2.89699830487062468E-026
   94.500000000000000       2.16334479464811961E-026
   94.750000000000000       1.61502503788966961E-026
   95.000000000000000       1.20533873548118667E-026
   95.250000000000000       8.99322399340223246E-027
   95.500000000000000       6.70807433167477906E-027
   95.750000000000000       5.00213596675570711E-027
   96.000000000000000       3.72894539976518785E-027
   96.250000000000000       2.77897656880930364E-027
   96.500000000000000       2.07034776281010130E-027
   96.750000000000000       1.54185979221073550E-027
   97.000000000000000       1.14778198229296213E-027
   97.250000000000000       8.53948090599078974E-028
   97.500000000000000       6.34833561832036974E-028
   97.750000000000000       4.71367602919002126E-028
   98.000000000000000       3.49295146050781711E-028
   98.250000000000000       2.57949951434689352E-028
   98.500000000000000       1.89334704568020894E-028
   98.750000000000000       1.37429853728002024E-028
   99.000000000000000       9.76722631270977825E-029
   99.250000000000000       6.65591351087059056E-029
   99.500000000000000       4.13432803147946087E-029
   99.750000000000000       1.97935760555657451E-029
   100.00000000000000        0.0000000000000000     
