   0.0000000000000000      -9.98792517058477713E-005
  0.25000000000000000      -1.01297012448616671E-004
  0.50000000000000000      -9.80865210229341295E-005
  0.75000000000000000      -9.82280279260794266E-005
   1.0000000000000000      -1.02579706236726240E-004
   1.2500000000000000      -1.02708604119098164E-004
   1.5000000000000000      -9.80533003650944820E-005
   1.7500000000000000      -9.54811917120483659E-005
   2.0000000000000000      -9.85425117968693901E-005
   2.2500000000000000      -1.03594417130401127E-004
   2.5000000000000000      -1.04959876023672720E-004
   2.7500000000000000      -1.01076173643023048E-004
   3.0000000000000000      -9.55016905180708700E-005
   3.2500000000000000      -9.32059462739398342E-005
   3.5000000000000000      -9.63133138281354462E-005
   3.7500000000000000      -1.02697890908481140E-004
   4.0000000000000000      -1.07856994599752999E-004
   4.2500000000000000      -1.08153056285421520E-004
   4.5000000000000000      -1.03093141486999563E-004
   4.7500000000000000      -9.54320494293329992E-005
   5.0000000000000000      -8.94032722755001716E-005
   5.2500000000000000      -8.83423255538653621E-005
   5.5000000000000000      -9.30276101178459500E-005
   5.7500000000000000      -1.01448210721989020E-004
   6.0000000000000000      -1.09896545329797466E-004
   6.2500000000000000      -1.14702840292150017E-004
   6.5000000000000000      -1.13775585710326147E-004
   6.7500000000000000      -1.07343649498235609E-004
   7.0000000000000000      -9.77210935927401881E-005
   7.2500000000000000      -8.83204798595547285E-005
   7.5000000000000000      -8.23768656220968140E-005
   7.7500000000000000      -8.18668377646760505E-005
   8.0000000000000000      -8.69571683378860986E-005
   8.2500000000000000      -9.60864905119606402E-005
   8.5000000000000000      -1.06565334546764877E-004
   8.7500000000000000      -1.15441294661310984E-004
   9.0000000000000000      -1.20341630023510269E-004
   9.2500000000000000      -1.20061827363916122E-004
   9.5000000000000000      -1.14778681756975246E-004
   9.7500000000000000      -1.05887313839924763E-004
   10.000000000000000      -9.55581523434129046E-005
   10.250000000000000      -8.61625687269094721E-005
   10.500000000000000      -7.97212330632819215E-005
   10.750000000000000      -7.74967822178330458E-005
   11.000000000000000      -7.97983827242492220E-005
   11.250000000000000      -8.60076254203746604E-005
   11.500000000000000      -9.47869258754732241E-005
   11.750000000000000      -1.04401489834138317E-004
   12.000000000000000      -1.13076099390758373E-004
   12.250000000000000      -1.19315718279490348E-004
   12.500000000000000      -1.22138483405291885E-004
   12.750000000000000      -1.21194434627619219E-004
   13.000000000000000      -1.16767478430237757E-004
   13.250000000000000      -1.09677450446589466E-004
   13.500000000000000      -1.01111625963581060E-004
   13.750000000000000      -9.24203205635645435E-005
   14.000000000000000      -8.49103155815336821E-005
   14.250000000000000      -7.96644325140318611E-005
   14.500000000000000      -7.74075513370850351E-005
   14.750000000000000      -7.84304210549330728E-005
   15.000000000000000      -8.25740622692666058E-005
   15.250000000000000      -8.92702824453374134E-005
   15.500000000000000      -9.76282822178837139E-005
   15.750000000000000      -1.06553680161448547E-004
   16.000000000000000      -1.14884467707264323E-004
   16.250000000000000      -1.21528245050565430E-004
   16.500000000000000      -1.25586338290335862E-004
   16.750000000000000      -1.26452781521012146E-004
   17.000000000000000      -1.23879370502312747E-004
   17.250000000000000      -1.18001747131775498E-004
   17.500000000000000      -1.09325434205368913E-004
   17.750000000000000      -9.86745818451642505E-005
   18.000000000000000      -8.71095967119271664E-005
   18.250000000000000      -7.58225239132967997E-005
   18.500000000000000      -6.60208213981628063E-005
   18.750000000000000      -5.88108741829536670E-005
   19.000000000000000      -5.50922088887134152E-005
   19.250000000000000      -5.54719629306626408E-005
   19.500000000000000      -6.02069126091412781E-005
   19.750000000000000      -6.91775260152887998E-005
   20.000000000000000      -8.18953862027797997E-005
   20.250000000000000      -9.75422478745865745E-005
   20.500000000000000      -1.15036244925720440E-004
   20.750000000000000      -1.33118599984927702E-004
   21.000000000000000      -1.50452766266821454E-004
   21.250000000000000      -1.65727332680976958E-004
   21.500000000000000      -1.77754232177310465E-004
   21.750000000000000      -1.85554719409274278E-004
   22.000000000000000      -1.88427076184064066E-004
   22.250000000000000      -1.85991874460122384E-004
   22.500000000000000      -1.78212676427677970E-004
   22.750000000000000      -1.65392087181543985E-004
   23.000000000000000      -1.48144930237396563E-004
   23.250000000000000      -1.27351858598792101E-004
   23.500000000000000      -1.04097855568959310E-004
   23.750000000000000      -7.96007749386117177E-005
   24.000000000000000      -5.51353154544113378E-005
   24.250000000000000      -3.19576509429068351E-005
   24.500000000000000      -1.12354046086102743E-005
   24.750000000000000       6.01315680962672201E-006
   25.000000000000000       1.89678356048310595E-005
   25.250000000000000       2.70413470927298569E-005
   25.500000000000000       2.98996246707650350E-005
   25.750000000000000       2.74679489875379760E-005
   26.000000000000000       1.99241632304277512E-005
   26.250000000000000       7.68095658134575521E-006
   26.500000000000000      -8.64028591333990091E-006
   26.750000000000000      -2.82412623366679252E-005
   27.000000000000000      -5.01812491181529720E-005
   27.250000000000000      -7.34114654294402199E-005
   27.500000000000000      -9.68066636439471502E-005
   27.750000000000000      -1.19191603792384449E-004
   28.000000000000000      -1.39360424616669104E-004
   28.250000000000000      -1.56087289739727367E-004
   28.500000000000000      -1.68127025879602238E-004
   28.750000000000000      -1.74204747545988748E-004
   29.000000000000000      -1.72993652081516905E-004
   29.250000000000000      -1.63080249305223699E-004
   29.500000000000000      -1.42916246144287690E-004
   29.750000000000000      -1.10756127926582814E-004
   30.000000000000000      -6.45791572486833734E-005
   30.250000000000000      -1.99404337459518368E-006
   30.500000000000000       7.98760844381624411E-005
   30.750000000000000       1.84531541946535512E-004
   31.000000000000000       3.16260872383936856E-004
   31.250000000000000       4.80337728793172193E-004
   31.500000000000000       6.83256312340853843E-004
   31.750000000000000       9.33013266281299642E-004
   32.000000000000000       1.23944552808810259E-003
   32.250000000000000       1.61463537470860345E-003
   32.500000000000000       2.07339569478705819E-003
   32.750000000000000       2.63385026864683142E-003
   33.000000000000000       3.31812532542234782E-003
   33.250000000000000       4.15316953432392881E-003
   33.500000000000000       5.17171932467951415E-003
   33.750000000000000       6.41342416260736251E-003
   34.000000000000000       7.92614084282827584E-003
   34.250000000000000       9.76739505538245893E-003
   34.500000000000000       1.20059896656430441E-002
   34.750000000000000       1.47237083590722496E-002
   35.000000000000000       1.80170151614661087E-002
   35.250000000000000       2.19985777988334213E-002
   35.500000000000000       2.67983372436108105E-002
   35.750000000000000       3.25636975246327565E-002
   36.000000000000000       3.94582104761366653E-002
   36.250000000000000       4.76578766325474190E-002
   36.500000000000000       5.73438870989655541E-002
   36.750000000000000       6.86903319636360810E-002
   37.000000000000000       8.18451904623901383E-002
   37.250000000000000       9.69029708533380302E-002
   37.500000000000000       0.11386797115111409     
   37.750000000000000       0.13260869289472269     
   38.000000000000000       0.15280691646792116     
   38.250000000000000       0.17390960964021968     
   38.500000000000000       0.19509777847478466     
   38.750000000000000       0.21529175206586623     
   39.000000000000000       0.23321342837241293     
   39.250000000000000       0.24751765574920709     
   39.500000000000000       0.25698411994624354     
   39.750000000000000       0.26073202109878463     
   40.000000000000000       0.25839662310669631     
   40.250000000000000       0.25020734276815954     
   40.500000000000000       0.23693829162793734     
   40.750000000000000       0.21974985378635609     
   41.000000000000000       0.19997695268834040     
   41.250000000000000       0.17892745116275230     
   41.500000000000000       0.15773498276097056     
   41.750000000000000       0.13728121009503075     
   42.000000000000000       0.11817904567738052     
   42.250000000000000       0.10079723055180374     
   42.500000000000000       8.53059761377088915E-002
   42.750000000000000       7.17281587308784968E-002
   43.000000000000000       5.99865946439136349E-002
   43.250000000000000       4.99429577391051968E-002
   43.500000000000000       4.14272587360033570E-002
   43.750000000000000       3.42586552180799281E-002
   44.000000000000000       2.82591463351248677E-002
   44.250000000000000       2.32618563713633125E-002
   44.500000000000000       1.91154428275210446E-002
   44.750000000000000       1.56858754297172914E-002
   45.000000000000000       1.28565304772307286E-002
   45.250000000000000       1.05272798329686060E-002
   45.500000000000000       8.61304190371980048E-003
   45.750000000000000       7.04210253360454830E-003
   46.000000000000000       5.75439913465961191E-003
   46.250000000000000       4.69988203111929709E-003
   46.500000000000000       3.83701392459382968E-003
   46.750000000000000       3.13143414885061738E-003
   47.000000000000000       2.55479321368131881E-003
   47.250000000000000       2.08375078296784127E-003
   47.500000000000000       1.69912365699796458E-003
   47.750000000000000       1.38516742623956261E-003
   48.000000000000000       1.12897480529532308E-003
   48.250000000000000       9.19974296042756767E-004
   48.500000000000000       7.49514156830767076E-004
   48.750000000000000       6.10518286034879916E-004
   49.000000000000000       4.97202330654413220E-004
   49.250000000000000       4.04839970321942523E-004
   49.500000000000000       3.29570833753181516E-004
   49.750000000000000       2.68242847402214450E-004
   50.000000000000000       2.18282987734728842E-004
   50.250000000000000       1.77591415466353786E-004
   50.500000000000000       1.44454825792817560E-004
   50.750000000000000       1.17475569604834907E-004
   51.000000000000000       9.55137041663875176E-005
   51.250000000000000       7.76396343073172218E-005
   51.500000000000000       6.30954220357825605E-005
   51.750000000000000       5.12631871346792535E-005
   52.000000000000000       4.16393055515592797E-005
   52.250000000000000       3.38133463390579472E-005
   52.500000000000000       2.74508801400268895E-005
   52.750000000000000       2.22794499685028348E-005
   53.000000000000000       1.80771243622962212E-005
   53.250000000000000       1.46631589092971218E-005
   53.500000000000000       1.18903788510629999E-005
   53.750000000000000       9.63896639327572438E-006
   54.000000000000000       7.81139434714586183E-006
   54.250000000000000       6.32829512888989805E-006
   54.500000000000000       5.12509287849811473E-006
   54.750000000000000       4.14925810155564236E-006
   55.000000000000000       3.35807008182703098E-006
   55.250000000000000       2.71679341658590478E-006
   55.500000000000000       2.19719225794228189E-006
   55.750000000000000       1.77631991064682004E-006
   56.000000000000000       1.43553291972143442E-006
   56.250000000000000       1.15968815360477581E-006
   56.500000000000000       9.36489037495635285E-007
   56.750000000000000       7.55953333545363708E-007
   57.000000000000000       6.09979957864795350E-007
   57.250000000000000       4.91996479982889142E-007
   57.500000000000000       3.96672340732777926E-007
   57.750000000000000       3.19685590237898166E-007
   58.000000000000000       2.57533203592058007E-007
   58.250000000000000       2.07376871746002060E-007
   58.500000000000000       1.66917665578224965E-007
   58.750000000000000       1.34294194623990975E-007
   59.000000000000000       1.07999879464920581E-007
   59.250000000000000       8.68157699679197529E-008
   59.500000000000000       6.97560043785588176E-008
   59.750000000000000       5.60235444438840818E-008
   60.000000000000000       4.49742618861631993E-008
   60.250000000000000       3.60878101318688662E-008
   60.500000000000000       2.89440072805544711E-008
   60.750000000000000       2.32036941636491963E-008
   61.000000000000000       1.85932250172195333E-008
   61.250000000000000       1.48919059514441474E-008
   61.500000000000000       1.19218247112012128E-008
   61.750000000000000       9.53961962468211580E-009
   62.000000000000000       7.62982056430877806E-009
   62.250000000000000       6.09946381133907571E-009
   62.500000000000000       4.87373886906365088E-009
   62.750000000000000       3.89247091100128602E-009
   63.000000000000000       3.10727963696119578E-009
   63.250000000000000       2.47928543564113080E-009
   63.500000000000000       1.97725821628507333E-009
   63.750000000000000       1.57612413148746174E-009
   64.000000000000000       1.25576152964785723E-009
   64.250000000000000       1.00003054983307131E-009
   64.500000000000000       7.95991374359216559E-010
   64.750000000000000       6.33274749394237636E-010
   65.000000000000000       5.03575348814783357E-010
   65.250000000000000       4.00244198402258978E-010
   65.500000000000000       3.17960945770697698E-010
   65.750000000000000       2.52470458972405198E-010
   66.000000000000000       2.00371228270361902E-010
   66.250000000000000       1.58945464891740996E-010
   66.500000000000000       1.26022746303555164E-010
   66.750000000000000       9.98706378299631182E-011
   67.000000000000000       7.91069967743915709E-011
   67.250000000000000       6.26296956126142199E-011
   67.500000000000000       4.95603322980697442E-011
   67.750000000000000       3.91991663636805362E-011
   68.000000000000000       3.09890601726678407E-011
   68.250000000000000       2.44866403484584570E-011
   68.500000000000000       1.93392453208927584E-011
   68.750000000000000       1.52665074201085566E-011
   69.000000000000000       1.20456452576557938E-011
   69.250000000000000       9.49972494735276583E-012
   69.500000000000000       7.48829567304933428E-012
   69.750000000000000       5.89992318125471043E-012
   70.000000000000000       4.64623959283030821E-012
   70.250000000000000       3.65720403110113244E-012
   70.500000000000000       2.87732961586694296E-012
   70.750000000000000       2.26268132541260375E-012
   71.000000000000000       1.77848845938641518E-012
   71.250000000000000       1.39724685876128109E-012
   71.500000000000000       1.09721119568209480E-012
   71.750000000000000       8.61197775081066662E-013
   72.000000000000000       6.75634387799473338E-013
   72.250000000000000       5.29806622139208586E-013
   72.500000000000000       4.15260320213527136E-013
   72.750000000000000       3.25328073252298367E-013
   73.000000000000000       2.54754200178535405E-013
   73.250000000000000       1.99397878303533006E-013
   73.500000000000000       1.55998259954421361E-013
   73.750000000000000       1.21988727368143160E-013
   74.000000000000000       9.53500808742738449E-014
   74.250000000000000       7.44945587600973513E-014
   74.500000000000000       5.81742604356790896E-014
   74.750000000000000       4.54088748511292620E-014
   75.000000000000000       3.54286732666238592E-014
   75.250000000000000       2.76295650896322448E-014
   75.500000000000000       2.15376819812883548E-014
   75.750000000000000       1.67814842117911133E-014
   76.000000000000000       1.30698025437712843E-014
   76.250000000000000       1.01745612329718504E-014
   76.500000000000000       7.91719096468090043E-015
   76.750000000000000       6.15794894261849913E-015
   77.000000000000000       4.78752824863017640E-015
   77.250000000000000       3.72046900640159172E-015
   77.500000000000000       2.88998696868332804E-015
   77.750000000000000       2.24391658921243421E-015
   78.000000000000000       1.74152994860203171E-015
   78.250000000000000       1.35104365600266715E-015
   78.500000000000000       1.04766588186748114E-015
   78.750000000000000       8.12067239165679411E-016
   79.000000000000000       6.29184100678674837E-016
   79.250000000000000       4.87282527244751275E-016
   79.500000000000000       3.77226400314926266E-016
   79.750000000000000       2.91905482957292677E-016
   80.000000000000000       2.25788672677002450E-016
   80.250000000000000       1.74575206930941621E-016
   80.500000000000000       1.34922472020661076E-016
   80.750000000000000       1.04233690552457210E-016
   81.000000000000000       8.04923918560406064E-017
   81.250000000000000       6.21334164387704822E-017
   81.500000000000000       4.79424373305174016E-017
   81.750000000000000       3.69777300002916883E-017
   82.000000000000000       2.85092922313112065E-017
   82.250000000000000       2.19714875853116859E-017
   82.500000000000000       1.69262250578459501E-017
   82.750000000000000       1.30343436532311999E-017
   83.000000000000000       1.00333834897275416E-017
   83.250000000000000       7.72032576133417302E-018
   83.500000000000000       5.93819681173832921E-018
   83.750000000000000       4.56567583292795668E-018
   84.000000000000000       3.50903626472891055E-018
   84.250000000000000       2.69589957429871634E-018
   84.500000000000000       2.07039592107004546E-018
   84.750000000000000       1.58941644947824903E-018
   85.000000000000000       1.21971221957532579E-018
   85.250000000000000       9.35649477855891268E-019
   85.500000000000000       7.17473519987704898E-019
   85.750000000000000       5.49966484315702376E-019
   86.000000000000000       4.21410132366752810E-019
   86.250000000000000       3.22784652514969147E-019
   86.500000000000000       2.47150038392170610E-019
   86.750000000000000       1.89168636672209269E-019
   87.000000000000000       1.44736802427219413E-019
   87.250000000000000       1.10700846185736734E-019
   87.500000000000000       8.46380735267915333E-020
   87.750000000000000       6.46880699118243377E-020
   88.000000000000000       4.94227538266646694E-020
   88.250000000000000       3.77463303915073999E-020
   88.500000000000000       2.88182964688415291E-020
   88.750000000000000       2.19942097918869273E-020
   89.000000000000000       1.67801418458236492E-020
   89.250000000000000       1.27976671406327098E-020
   89.500000000000000       9.75696213569285497E-021
   89.750000000000000       7.43614348073829197E-021
   90.000000000000000       5.66540466499601218E-021
   90.250000000000000       4.31484145373353234E-021
   90.500000000000000       3.28511196012610047E-021
   90.750000000000000       2.50027411983199779E-021
   91.000000000000000       1.90229506128628401E-021
   91.250000000000000       1.44684372026986698E-021
   91.500000000000000       1.10006800966705276E-021
   91.750000000000000       8.36127085323259069E-022
   92.000000000000000       6.35302502732756341E-022
   92.250000000000000       4.82553007128722853E-022
   92.500000000000000       3.66409172396281046E-022
   92.750000000000000       2.78128284810380250E-022
   93.000000000000000       2.11048438116879250E-022
   93.250000000000000       1.60095062836267345E-022
   93.500000000000000       1.21404052780739376E-022
   93.750000000000000       9.20340437473003499E-023
   94.000000000000000       6.97468341698101914E-023
   94.250000000000000       5.28398697027864899E-023
   94.500000000000000       4.00184926932650011E-023
   94.750000000000000       3.02985517924747128E-023
   95.000000000000000       2.29321828287130306E-023
   95.250000000000000       1.73512678828951513E-023
   95.500000000000000       1.31243768376280570E-023
   95.750000000000000       9.92398777231905091E-024
   96.000000000000000       7.50154097601199052E-024
   96.250000000000000       5.66846087868676935E-024
   96.500000000000000       4.28172287925287234E-024
   96.750000000000000       3.23288006084658132E-024
   97.000000000000000       2.43972277628920853E-024
   97.250000000000000       1.83994092140877059E-024
   97.500000000000000       1.38630882224312906E-024
   97.750000000000000       1.04302707908241249E-024
   98.000000000000000       7.82942869921034885E-025
   98.250000000000000       5.85436560172930813E-025
   98.500000000000000       4.34812910924666835E-025
   98.750000000000000       3.19073472532633882E-025
   99.000000000000000       2.28975746418828688E-025
   99.250000000000000       1.57306560593893069E-025
   99.500000000000000       9.83134700448009245E-026
   99.750000000000000       4.72500892598499876E-026
   100.00000000000000        0.0000000000000000     
