  0.166667E+00 -0.121838E-11
  0.500000E+00 -0.203273E-11
  0.833333E+00 -0.581106E-11
  0.116667E+01 -0.133737E-10
  0.150000E+01 -0.328782E-10
  0.183333E+01 -0.829667E-10
  0.216667E+01 -0.183455E-09
  0.250000E+01 -0.427257E-09
  0.283333E+01 -0.941666E-09
  0.316667E+01 -0.189146E-08
  0.350000E+01 -0.445706E-08
  0.383333E+01 -0.924185E-08
  0.416667E+01 -0.184037E-07
  0.450000E+01 -0.416421E-07
  0.483333E+01 -0.871063E-07
  0.516667E+01 -0.170471E-06
  0.550000E+01 -0.330580E-06
  0.583333E+01 -0.563743E-06
  0.616667E+01 -0.908873E-06
  0.650000E+01 -0.141402E-05
  0.683333E+01 -0.215694E-05
  0.716667E+01 -0.322252E-05
  0.750000E+01 -0.481686E-05
  0.783333E+01 -0.704490E-05
  0.816667E+01 -0.101214E-04
  0.850000E+01 -0.143742E-04
  0.883333E+01 -0.201748E-04
  0.916667E+01 -0.280419E-04
  0.950000E+01 -0.385345E-04
  0.983333E+01 -0.524102E-04
  0.101667E+02 -0.704908E-04
  0.105000E+02 -0.939112E-04
  0.108333E+02 -0.123942E-03
  0.111667E+02 -0.162140E-03
  0.115000E+02 -0.210373E-03
  0.118333E+02 -0.271007E-03
  0.121667E+02 -0.346723E-03
  0.125000E+02 -0.440961E-03
  0.128333E+02 -0.557822E-03
  0.131667E+02 -0.702369E-03
  0.135000E+02 -0.880758E-03
  0.138333E+02 -0.110049E-02
  0.141667E+02 -0.137090E-02
  0.145000E+02 -0.170334E-02
  0.148333E+02 -0.211154E-02
  0.151667E+02 -0.261210E-02
  0.155000E+02 -0.322466E-02
  0.158333E+02 -0.397228E-02
  0.161667E+02 -0.488128E-02
  0.165000E+02 -0.598062E-02
  0.168333E+02 -0.730071E-02
  0.171667E+02 -0.887131E-02
  0.175000E+02 -0.107174E-01
  0.178333E+02 -0.128541E-01
  0.181667E+02 -0.152780E-01
  0.185000E+02 -0.179582E-01
  0.188333E+02 -0.208236E-01
  0.191667E+02 -0.237525E-01
  0.195000E+02 -0.265638E-01
  0.198333E+02 -0.290160E-01
  0.201667E+02 -0.308181E-01
  0.205000E+02 -0.316318E-01
  0.208333E+02 -0.310910E-01
  0.211667E+02 -0.290294E-01
  0.215000E+02 -0.253587E-01
  0.218333E+02 -0.201485E-01
  0.221667E+02 -0.136303E-01
  0.225000E+02 -0.617860E-02
  0.228333E+02  0.172832E-02
  0.231667E+02  0.950980E-02
  0.235000E+02  0.165938E-01
  0.238333E+02  0.225508E-01
  0.241667E+02  0.270723E-01
  0.245000E+02  0.300045E-01
  0.248333E+02  0.313564E-01
  0.251667E+02  0.312816E-01
  0.255000E+02  0.300386E-01
  0.258333E+02  0.279344E-01
  0.261667E+02  0.252902E-01
  0.265000E+02  0.224108E-01
  0.268333E+02  0.195097E-01
  0.271667E+02  0.167385E-01
  0.275000E+02  0.141927E-01
  0.278333E+02  0.119214E-01
  0.281667E+02  0.993954E-02
  0.285000E+02  0.823884E-02
  0.288333E+02  0.679746E-02
  0.291667E+02  0.558655E-02
  0.295000E+02  0.457537E-02
  0.298333E+02  0.373446E-02
