  0.00000000E+00 -0.59604645E-07
  0.17037171E+00 -0.30041158E-01
  0.34074342E+00 -0.60082316E-01
  0.51111513E+00 -0.90123415E-01
  0.68148685E+00 -0.12016451E+00
  0.85185856E+00 -0.15020573E+00
  0.10222303E+01 -0.18024683E+00
  0.11926019E+01 -0.21028787E+00
  0.13629737E+01 -0.24032909E+00
  0.15333455E+01 -0.27037024E+00
  0.17037171E+01 -0.30041134E+00
  0.18740888E+01 -0.33045244E+00
  0.20444605E+01 -0.36049360E+00
  0.22148323E+01 -0.39053470E+00
  0.23852038E+01 -0.42057580E+00
  0.25555756E+01 -0.45061696E+00
  0.27259474E+01 -0.48065811E+00
  0.28963192E+01 -0.51069921E+00
  0.30666909E+01 -0.54074037E+00
  0.32370625E+01 -0.57078147E+00
  0.34074342E+01 -0.60082257E+00
  0.35778060E+01 -0.63086367E+00
  0.37481775E+01 -0.66090477E+00
  0.39185493E+01 -0.69094598E+00
  0.40889211E+01 -0.72098708E+00
  0.42592926E+01 -0.75102812E+00
  0.44296646E+01 -0.78105205E+00
  0.46000361E+01 -0.81087077E+00
  0.47704077E+01 -0.84005451E+00
  0.49407797E+01 -0.86803174E+00
  0.51111512E+01 -0.89418608E+00
  0.52815232E+01 -0.91793883E+00
  0.54518948E+01 -0.93881196E+00
  0.56222663E+01 -0.95647609E+00
  0.57926383E+01 -0.97078019E+00
  0.59630098E+01 -0.98176539E+00
  0.61333818E+01 -0.98966092E+00
  0.63037534E+01 -0.99486405E+00
  0.64741249E+01 -0.99790233E+00
  0.66444969E+01 -0.99937928E+00
  0.68148685E+01 -0.99990296E+00
  0.69852400E+01 -0.99999785E+00
  0.71556120E+01 -0.10000000E+01
  0.73259835E+01 -0.10000000E+01
  0.74963551E+01 -0.10000000E+01
  0.76667271E+01 -0.10000000E+01
  0.78370986E+01 -0.10000000E+01
  0.80074701E+01 -0.10000000E+01
  0.81778421E+01 -0.10000000E+01
  0.83482141E+01 -0.10000000E+01
  0.85185852E+01 -0.10000000E+01
  0.86889572E+01 -0.10000000E+01
  0.88593292E+01 -0.10000000E+01
  0.90297003E+01 -0.10000000E+01
  0.92000723E+01 -0.10000000E+01
  0.93704443E+01 -0.10000000E+01
  0.95408154E+01 -0.10000000E+01
  0.97111874E+01 -0.10000000E+01
  0.98815594E+01 -0.10000000E+01
  0.10051931E+02 -0.10000000E+01
  0.10222302E+02 -0.10000000E+01
  0.10392674E+02 -0.10000000E+01
  0.10563046E+02 -0.10000000E+01
  0.10733418E+02 -0.10000000E+01
  0.10903790E+02 -0.10000000E+01
  0.11074162E+02 -0.10000000E+01
  0.11244533E+02 -0.10000000E+01
  0.11414905E+02 -0.10000000E+01
  0.11585277E+02 -0.10000000E+01
  0.11755648E+02 -0.10000000E+01
  0.11926020E+02 -0.10000000E+01
  0.12096392E+02 -0.10000000E+01
  0.12266764E+02 -0.10000000E+01
  0.12437135E+02 -0.10000000E+01
  0.12607507E+02 -0.10000000E+01
  0.12777879E+02 -0.10000000E+01
  0.12948250E+02 -0.10000000E+01
  0.13118622E+02 -0.10000000E+01
  0.13288994E+02 -0.10000000E+01
  0.13459365E+02 -0.10000000E+01
  0.13629737E+02 -0.10000000E+01
  0.13800109E+02 -0.10000000E+01
  0.13970480E+02 -0.10000000E+01
  0.14140852E+02 -0.10000000E+01
  0.14311224E+02 -0.10000000E+01
  0.14481595E+02 -0.10000000E+01
  0.14651967E+02 -0.10000000E+01
  0.14822339E+02 -0.10000000E+01
  0.14992710E+02 -0.10000000E+01
  0.15163082E+02 -0.10000000E+01
  0.15333454E+02 -0.10000000E+01
  0.15503826E+02 -0.10000000E+01
  0.15674197E+02 -0.10000000E+01
  0.15844569E+02 -0.10000000E+01
  0.16014940E+02 -0.10000000E+01
  0.16185312E+02 -0.10000000E+01
  0.16355684E+02 -0.10000000E+01
  0.16526056E+02 -0.10000000E+01
  0.16696428E+02 -0.10000000E+01
  0.16866800E+02 -0.10000000E+01
  0.17037170E+02 -0.10000000E+01
  0.17207542E+02 -0.10000000E+01
  0.17377914E+02 -0.10000000E+01
  0.17548286E+02 -0.10000000E+01
  0.17718658E+02 -0.10000000E+01
  0.17889030E+02 -0.10000000E+01
  0.18059401E+02 -0.10000000E+01
  0.18229773E+02 -0.10000000E+01
  0.18400145E+02 -0.10000000E+01
  0.18570517E+02 -0.10000000E+01
  0.18740889E+02 -0.10000000E+01
  0.18911261E+02 -0.10000000E+01
  0.19081631E+02 -0.10000000E+01
  0.19252003E+02 -0.10000000E+01
  0.19422375E+02 -0.10000000E+01
  0.19592747E+02 -0.10000000E+01
  0.19763119E+02 -0.10000000E+01
  0.19933491E+02 -0.10000000E+01
  0.20103863E+02 -0.10000000E+01
  0.20274233E+02 -0.10000000E+01
  0.20444605E+02 -0.10000000E+01
  0.20614977E+02 -0.10000000E+01
  0.20785349E+02 -0.10000000E+01
  0.20955721E+02 -0.10000000E+01
  0.21126093E+02 -0.10000000E+01
  0.21296463E+02 -0.10000000E+01
  0.21466835E+02 -0.10000000E+01
  0.21637207E+02 -0.10000000E+01
  0.21807579E+02 -0.10000000E+01
  0.21977951E+02 -0.10000000E+01
  0.22148323E+02 -0.10000000E+01
  0.22318695E+02 -0.10000000E+01
  0.22489065E+02 -0.10000000E+01
  0.22659437E+02 -0.10000000E+01
  0.22829809E+02 -0.10000000E+01
  0.23000181E+02 -0.10000000E+01
  0.23170553E+02 -0.10000000E+01
  0.23340925E+02 -0.10000000E+01
  0.23511295E+02 -0.10000000E+01
  0.23681667E+02 -0.10000000E+01
  0.23852039E+02 -0.10000000E+01
  0.24022411E+02 -0.10000000E+01
  0.24192783E+02 -0.10000000E+01
  0.24363155E+02 -0.10000000E+01
  0.24533527E+02 -0.10000000E+01
  0.24703897E+02 -0.10000000E+01
  0.24874269E+02 -0.10000000E+01
  0.25044641E+02 -0.10000000E+01
  0.25215014E+02 -0.10000000E+01
  0.25385386E+02 -0.10000000E+01
  0.25555758E+02 -0.10000000E+01
  0.25726128E+02 -0.10000000E+01
  0.25896500E+02 -0.10000000E+01
  0.26066872E+02 -0.10000000E+01
  0.26237244E+02 -0.10000000E+01
  0.26407616E+02 -0.10000000E+01
  0.26577988E+02 -0.10000000E+01
  0.26748358E+02 -0.10000000E+01
  0.26918730E+02 -0.10000000E+01
  0.27089102E+02 -0.10000000E+01
  0.27259474E+02 -0.10000000E+01
  0.27429846E+02 -0.10000000E+01
  0.27600218E+02 -0.10000000E+01
  0.27770590E+02 -0.10000000E+01
  0.27940960E+02 -0.10000000E+01
  0.28111332E+02 -0.10000000E+01
  0.28281704E+02 -0.10000000E+01
  0.28452076E+02 -0.10000000E+01
  0.28622448E+02 -0.10000000E+01
  0.28792820E+02 -0.10000000E+01
  0.28963190E+02 -0.10000000E+01
  0.29133562E+02 -0.10000000E+01
  0.29303934E+02 -0.10000000E+01
  0.29474306E+02 -0.10000000E+01
  0.29644678E+02 -0.10000000E+01
  0.29815050E+02 -0.10000000E+01
  0.29985420E+02 -0.10000000E+01
  0.30155792E+02 -0.10000000E+01
  0.30326164E+02 -0.10000000E+01
  0.30496536E+02 -0.10000000E+01
  0.30666908E+02 -0.10000000E+01
  0.30837280E+02 -0.10000000E+01
  0.31007652E+02 -0.10000000E+01
  0.31178022E+02 -0.10000000E+01
  0.31348394E+02 -0.10000000E+01
  0.31518766E+02 -0.10000000E+01
  0.31689138E+02 -0.10000000E+01
  0.31859510E+02 -0.10000000E+01
  0.32029881E+02 -0.10000000E+01
  0.32200253E+02 -0.10000000E+01
  0.32370625E+02 -0.10000000E+01
  0.32540997E+02 -0.10000000E+01
