 -0.170371711  1.
  0.170371711  1.
  0.511115134  1.
  0.851858556  1.
  1.19260192  1.
  1.53334546  1.
  1.87408876  1.
  2.21483207  1.
  2.55557561  1.
  2.89631915  1.
  3.23706245  1.
  3.57780576  1.
  3.9185493  1.
  4.25929308  1.
  4.60003614  1.
  4.94077969  1.
  5.28152323  1.
  5.62226677  1.
  5.96301031  1.
  6.30375338  1.
  6.64449692  1.
  6.98524046  1.
  7.32598352  1.
  7.66672707  1.
  8.00747013  1.
  8.3482132  1.
  8.68895721  1.
  9.02970028  1.
  9.37044334  1.
  9.71118736  1.
  10.0519304  1.
  10.3926744  1.
  10.7334175  1.
  11.0741606  1.
  11.4149046  1.
  11.7556477  1.
  12.0963917  1.
  12.4371347  1.
  12.7778778  1.
  13.1186218  1.
  13.4593649  1.
  13.800108  1.
  14.140852  1.
  14.481595  1.
  14.8223381  1.
  15.1630821  1.
  15.5038252  1.
  15.8445683  1.
  16.1853123  1.
  16.5260563  1.
  16.8667984  1.
  17.2075424  1.
  17.5482864  1.
  17.8890285  1.
  18.2297726  1.
  18.5705166  1.
  18.9112587  1.
  19.2520027  1.
  19.5927467  1.
  19.9334908  1.
  20.2742329  1.
  20.6149769  1.
  20.9557209  1.
  21.296463  1.
  21.637207  1.
  21.977951  1.
  22.3186932  1.
  22.6594372  1.
  23.0001812  1.
  23.3409233  1.
  23.6816673  1.
  24.0224113  1.
  24.3631554  1.
  24.7038975  1.
  25.0446415  1.
  25.3853855  1.
  25.7261276  1.
  26.0668716  1.
  26.4076157  1.
  26.7483578  1.
