 -0.00510998117  0.000900864601
  0.332006484  0.0021869503
  0.668567836  0.00397211313
  1.00396669  0.00642481446
  1.33807862  0.00965927541
  1.67076099  0.0137854517
  2.0018816  0.0188958645
  2.3313303  0.0250566006
  2.65902829  0.0322969556
  2.98493409  0.0406028032
  3.30904841  0.0499124527
  3.63141799  0.0601145625
  3.95213437  0.0710525513
  4.2713294  0.082524538
  4.58901548  0.0942987204
  4.904809  0.105974972
  5.21796799  0.117118001
  5.52772427  0.127322912
  5.83357477  0.136210263
  6.13551998  0.143427491
  6.43420219  0.148676336
  6.73080778  0.151764095
  7.02657032  0.152678668
  7.32236385  0.151247263
  7.61884165  0.147369862
  7.91661692  0.141239762
  8.21625233  0.133178592
  8.51823044  0.123599529
  8.82293892  0.112971425
  9.13065243  0.101770282
  9.44152641  0.0904433727
  9.75561047  0.079376936
  10.0728455  0.0688786507
  10.3930931  0.0591647625
  10.7161493  0.050372839
  11.0417671  0.042560935
  11.3696785  0.0357294083
  11.6996088  0.0298341513
  12.0312929  0.0248007774
  12.3644848  0.0205401182
  12.6989584  0.016955018
  13.0345163  0.0139517784
  13.3709888  0.0114418268
  13.7082262  0.00934839249
  14.0461054  0.0076059103
  14.3845205  0.00615859032
  14.7233791  0.00496256351
  15.0626059  0.00398170948
  15.402133  0.00318396091
  15.7419043  0.00254416466
  16.0818672  0.00203549862
  16.4219875  0.00163340569
  16.7622299  0.00131440163
  17.1025677  0.00105953217
  17.4429874  0.000850200653
  17.7834721  0.000675320625
  18.1240101  0.000527024269
  18.4645958  0.000401973724
  18.8052197  0.000297546387
  19.1458778  0.000209569931
  19.4865627  0.000130176544
  19.8272743  5.30481339E-05
  20.1680145 -2.6345253E-05
  20.5087776 -0.0001039505
  20.8495693 -0.000168681145
  21.1903763 -0.000205039978
  21.5311871 -0.000200748444
  21.8719921 -0.000157237053
  22.21278 -9.22083855E-05
  22.5535431 -3.14116478E-05
  22.8942909  9.41753387E-06
  23.2350273  3.46899033E-05
  23.5757542  6.12735748E-05
  23.9164696  9.11951065E-05
  24.2571831  9.41753387E-05
  24.5979042  3.14712524E-05
  24.9386539 -6.98566437E-05
  25.2794266 -0.000101923943
  25.6201897 -9.95397568E-06
  25.9609241  5.48362732E-05
