 -1.26962811E-06  1.1920929E-07
  0.340742558  1.04308128E-07
  0.681486249  3.7252903E-08
  1.02222979  4.47034836E-08
  1.36297333  1.34110451E-07
  1.70371687 -5.96046448E-08
  2.04446054  0.
  2.38520384  5.96046448E-08
  2.72594738  2.98023224E-08
  3.06669092 -5.96046448E-08
  3.40743423  1.78813934E-07
  3.74817729  2.98023224E-07
  4.08892059  5.36441803E-07
  4.42966413  5.36441803E-07
  4.77040672  1.01327896E-06
  5.11114979  1.43051147E-06
  5.45189285  1.78813934E-06
  5.79263592  2.32458115E-06
  6.13337851  3.39746475E-06
  6.47412014  4.70876694E-06
  6.81486177  6.43730164E-06
  7.15560293  8.94069672E-06
  7.49634218  1.1920929E-05
  7.83708096  1.60932541E-05
  8.1778183  2.18153E-05
  8.51855278  2.88486481E-05
  8.8592844  3.88622284E-05
  9.20001221  5.14984131E-05
  9.54073524  6.83069229E-05
  9.88145256  9.02414322E-05
  10.2221594  0.000118255615
  10.5628567  0.000154972076
  10.9035397  0.000202178955
  11.2442036  0.000262379646
  11.5848446  0.000339269638
  11.925456  0.000436902046
  12.2660294  0.000560283661
  12.6065559  0.000715851784
  12.9470215  0.000910282135
  13.2874146  0.00115334988
  13.6277132  0.00145578384
  13.9678974  0.00183057785
  14.3079405  0.00229346752
  14.6478071  0.00286340714
  14.9874582  0.00356376171
  15.326848  0.00442123413
  15.6659145  0.00546908379
  16.0045891  0.0067460537
  16.3427887  0.00829875469
  16.6804142  0.0101823807
  17.0173416  0.0124607086
  17.3534355  0.0152070522
  17.6885338  0.0185035467
  18.02244  0.0224406719
  18.354948  0.0271106958
  18.6858158  0.0326060057
  19.014782  0.0390064716
  19.3415794  0.0463696718
  19.6659355  0.0547151566
  19.9875927  0.0640087128
  20.306324  0.0741450787
  20.6219711  0.0849360228
  20.9344387  0.0961036682
  21.2437363  0.107285738
  21.549984  0.118051052
  21.8534145  0.127927661
  22.1543789  0.136439204
  22.4533348  0.143147707
  22.7508202  0.147690892
  23.0474396  0.149814963
  23.3438396  0.149398327
  23.6406746  0.146460533
  23.9385777  0.141162992
  24.2381401  0.133797646
  24.5398788  0.124770522
  24.8442116  0.114562869
  25.1514378  0.103679538
  25.4617405  0.0925750732
  25.7751961  0.0815956593
  26.0917912  0.0709924698
