 -0.17037268  0.
  0.17037119  0.0600822382
  0.511115074  0.120164506
  0.851858497  0.18024683
  1.19260192  0.240329087
  1.53334546  0.300411344
  1.87408876  0.3604936
  2.21483231  0.420575768
  2.55557561  0.480658114
  2.89631915  0.540740371
  3.23706245  0.600822568
  3.577806  0.660904825
  3.9185493  0.720987082
  4.2592926  0.781052053
  4.60003614  0.840054452
  4.94077969  0.89418608
  5.28152323  0.938811958
  5.62226629  0.970780253
  5.96300983  0.989660919
  6.30375338  0.997902334
  6.64449692  0.999902964
  6.98523998  1.
  7.32598352  1.
  7.66672707  1.
  8.00747013  1.
  8.34821415  1.
  8.68895721  1.
  9.02970028  1.
  9.3704443  1.
  9.71118736  1.
  10.0519314  1.
  10.3926744  1.
  10.7334175  1.
  11.0741615  1.
  11.4149046  1.
  11.7556477  1.
  12.0963917  1.
  12.4371347  1.
  12.7778788  1.
  13.1186218  1.
  13.4593649  1.
  13.8001089  1.
  14.140852  1.
  14.481595  1.
  14.8223391  1.
  15.1630821  1.
  15.5038261  1.
  15.8445692  1.
  16.1853123  1.
  16.5260563  1.
  16.8668003  1.
  17.2075424  1.
  17.5482864  1.
  17.8890305  1.
  18.2297726  1.00000012
  18.5705166  1.00000024
  18.9112606  1.00000048
  19.2520027  1.00000072
  19.5927467  1.00000107
  19.9334888  1.00000167
  20.274231  1.00000274
  20.614975  1.00000417
  20.9557171  1.00000644
  21.2964573  1.00000978
  21.6371975  1.00001502
  21.9779358  1.00002277
  22.3186722  1.00003421
  22.6594028  1.00005102
  23.0001297  1.00007558
  23.3408489  1.00011063
  23.6815529  1.00016022
  24.0222416  1.0002296
  24.3629074  1.00032449
  24.7035389  1.00045156
  25.0441303  1.00061715
  25.3846626  1.00082648
  25.7251244  1.00108004
  26.0655003  1.00137222
  26.405777  1.00168753
  26.745945  1.00200117
