 -0.170372903  0.
  0.170370921  0.0600822456
  0.511114717  0.120164484
  0.851858258  0.18024677
  1.1926018  0.240329087
  1.53334534  0.300411284
  1.87408876  0.3604936
  2.21483231  0.420575798
  2.55557561  0.480658144
  2.89631915  0.540740311
  3.23706245  0.600822568
  3.577806  0.660904884
  3.9185493  0.720987082
  4.2592926  0.781052053
  4.60003614  0.840054572
  4.94077969  0.89418608
  5.28152323  0.938811958
  5.62226629  0.970780253
  5.96300983  0.989660859
  6.30375338  0.997902334
  6.64449692  0.999902964
  6.98523998  1.
  7.32598352  1.
  7.66672707  1.
  8.00747013  1.
  8.34821415  1.
  8.68895721  1.
  9.02970028  1.
  9.3704443  1.
  9.71118736  1.
  10.0519314  1.
  10.3926744  1.
  10.7334175  1.
  11.0741615  1.
  11.4149046  1.
  11.7556477  1.
  12.0963917  1.
  12.4371347  1.
  12.7778788  1.
  13.1186218  1.
  13.4593649  1.
  13.8001089  1.
  14.140852  1.00000012
  14.481595  1.00000024
  14.8223391  1.00000036
  15.1630821  1.0000006
  15.5038252  1.00000095
  15.8445683  1.00000143
  16.1853104  1.00000203
  16.5260544  1.0000031
  16.8667965  1.00000465
  17.2075367  1.00000668
  17.5482788  1.00000954
  17.8890209  1.00001383
  18.2297573  1.00001991
  18.5704956  1.00002849
  18.9112282  1.00004029
  19.2519569  1.00005662
  19.5926819  1.00007927
  19.9333992  1.00011003
  20.2741032  1.00015163
  20.6147957  1.00020707
  20.9554691  1.00028086
  21.2961159  1.0003773
  21.6367321  1.00050211
  21.9773045  1.00066125
  22.3178234  1.00086236
  22.6582718  1.0011127
  22.9986362  1.00142062
  23.3388977  1.00179482
  23.6790295  1.00224483
  24.0190105  1.00278342
  24.3588085  1.00342512
  24.6983871  1.00419378
  25.0377083  1.00512278
  25.3767147  1.00626147
  25.7153378  1.00767446
  26.0534859  1.00943851
  26.3910446  1.01162148
  26.7278728  1.01424742
