 -0.170373648  0.
  0.1703704  0.0600822046
  0.511114419  0.120164506
  0.851857901  0.180246815
  1.19260132  0.240328968
  1.5333451  0.300411254
  1.87408853  0.360493541
  2.21483231  0.420575857
  2.55557561  0.480658144
  2.89631915  0.540740311
  3.23706245  0.600822568
  3.57780576  0.660904825
  3.91854906  0.720987022
  4.2592926  0.781051934
  4.60003614  0.840054572
  4.94077969  0.89418602
  5.28152323  0.938811898
  5.62226629  0.970780313
  5.96300983  0.989661098
  6.30375338  0.997902334
  6.64449692  0.999903023
  6.98523998  1.00000012
  7.32598352  1.00000024
  7.66672659  1.00000048
  8.00746918  1.00000072
  8.3482132  1.00000107
  8.68895626  1.00000155
  9.02969837  1.00000215
  9.37044144  1.00000334
  9.71118355  1.00000453
  10.0519266  1.00000608
  10.3926668  1.0000087
  10.733407  1.0000118
  11.0741472  1.00001633
  11.4148846  1.00002193
  11.75562  1.00002992
  12.0963545  1.00004065
  12.4370832  1.00005472
  12.7778082  1.00007319
  13.1185265  1.00009751
  13.4592361  1.00012958
  13.7999363  1.00017107
  14.1406212  1.00022483
  14.481287  1.00029421
  14.8219309  1.00038254
  15.1625443  1.00049531
  15.5031195  1.00063789
  15.8436451  1.0008173
  16.1841106  1.00104189
  16.5244999  1.00132155
  16.8647938  1.0016681
  17.2049675  1.00209641
  17.5450001  1.0026226
  17.8848515  1.00326729
  18.2244835  1.00405467
  18.5638523  1.0050143
  18.9028969  1.00618136
  19.2415447  1.00759876
  19.5797195  1.00931728
  19.9173183  1.0113976
  20.254221  1.01391125
  20.5902882  1.01693988
  20.9253578  1.02057302
  21.2592297  1.02490735
  21.5916939  1.03003824
  21.9225006  1.03605342
  22.2513866  1.04301727
  22.5780754  1.05096149
  22.902298  1.05986679
  23.2237949  1.06964993
  23.5423489  1.08015418
  23.8578072  1.09114325
  24.1700897  1.10230696
  24.4792061  1.11326385
  24.785284  1.12358034
  25.0885506  1.13278234
  25.3893509  1.14038885
  25.6881466  1.14595306
  25.9854927  1.14914215
  26.282011  1.14983773
