 -0.170373186  0.
  0.170370653  0.0600822419
  0.511114478  0.120164491
  0.85185802  0.180246755
  1.19260156  0.240329102
  1.5333451  0.300411224
  1.87408864  0.3604936
  2.21483231  0.420575857
  2.55557561  0.480658144
  2.89631915  0.540740311
  3.23706245  0.600822747
  3.57780576  0.660905063
  3.91854906  0.720987499
  4.25929213  0.78105253
  4.60003567  0.840055406
  4.94077873  0.894187272
  5.2815218  0.938813567
  5.62226439  0.970782399
  5.96300697  0.989664197
  6.30374956  0.997906983
  6.6444912  0.999909341
  6.98523235  1.00000894
  7.32597256  1.00001192
  7.66671228  1.00001609
  8.0074501  1.00002182
  8.34818649  1.00002885
  8.68891907  1.00003886
  9.02964973  1.0000515
  9.37037563  1.00006831
  9.71109581  1.00009024
  10.0518084  1.00011826
  10.3925114  1.00015497
  10.733202  1.00020218
  11.0738764  1.00026238
  11.4145308  1.00033927
  11.7551584  1.0004369
  12.0957527  1.00056028
  12.436305  1.00071585
  12.7768059  1.00091028
  13.117239  1.00115335
  13.4575891  1.00145578
  13.7978382  1.00183058
  14.1379585  1.00229347
  14.4779215  1.00286341
  14.8176928  1.00356376
  15.1572256  1.00442123
  15.4964695  1.00546908
  15.8353596  1.00674605
  16.1738186  1.00829875
  16.5117588  1.01018238
  16.8490677  1.01246071
  17.1856155  1.01520705
  17.5212555  1.01850355
  17.8558102  1.02244067
  18.1890736  1.0271107
  18.5208244  1.03260601
  18.8508072  1.03900647
  19.1787586  1.04636967
  19.5044022  1.05471516
  19.8274689  1.06400871
  20.1477127  1.07414508
  20.4649372  1.08493602
  20.7790051  1.09610367
  21.0898724  1.10728574
  21.3976002  1.11805105
  21.7023659  1.12792766
  22.0044632  1.1364392
  22.3042965  1.14314771
  22.6023731  1.14769089
  22.8992672  1.14981496
  23.1956139  1.14939833
  23.4920673  1.14646053
  23.7892818  1.14116299
  24.0878735  1.13379765
  24.3884068  1.12477052
  24.6913528  1.11456287
  24.9970703  1.10367954
  25.3058052  1.09257507
  25.6176777  1.08159566
  25.9327126  1.07099247
