 -0.170372471  0.
  0.17037113  0.0600822791
  0.511114717  0.120164491
  0.851858258  0.180246845
  1.19260168  0.24032937
  1.53334475  0.300411701
  1.87408769  0.360494286
  2.21483064  0.420577079
  2.55557299  0.480660081
  2.8963151  0.540743351
  3.23705673  0.600827157
  3.57779741  0.660911381
  3.91853738  0.720996559
  4.25927639  0.781064868
  4.60001421  0.840072274
  4.9407506  0.894210279
  5.2814846  0.938845098
  5.62221575  0.970825195
  5.96294355  0.989721894
  6.30366611  0.997984231
  6.644382  1.00001085
  6.98508787  1.00014031
  7.32578373  1.00018167
  7.66646528  1.00023472
  8.00712872  1.00030196
  8.34776974  1.00038719
  8.68838024  1.0004952
  9.02895546  1.0006305
  9.3694849  1.00080025
  9.70995522  1.00101233
  10.050354  1.00127721
  10.3906631  1.00160551
  10.7308598  1.00201297
  11.070919  1.00251555
  11.4108067  1.00313556
  11.7504854  1.00389707
  12.0899067  1.00483084
  12.4290113  1.00597298
  12.7677317  1.00736618
  13.1059828  1.00906134
  13.4436665  1.01111734
  13.7806635  1.01360202
  14.1168337  1.01659203
  14.4520159  1.020172
  14.7860222  1.02443278
  15.118639  1.02946448
  15.4496298  1.03535283
  15.778738  1.04216897
  16.1056938  1.04995406
  16.4302254  1.05870807
  16.7520752  1.06837094
  17.0710106  1.07880664
  17.3868637  1.08979475
  17.6995316  1.10102439
  18.0090084  1.11210263
  18.3154049  1.12257326
  18.6189442  1.1319499
  18.9199657  1.13975453
  19.2189293  1.14556396
  19.5163746  1.14905107
  19.8129177  1.15001726
  20.1092129  1.14841342
  20.40592  1.14434516
  20.7036819  1.1380564
  21.0030918  1.12990355
  21.3046608  1.12031698
  21.6088104  1.10976517
  21.9158497  1.09870923
  22.2259808  1.08757675
  22.5392876  1.07673609
  22.8557453  1.06648147
  23.1752491  1.05702472
  23.4976101  1.04848766
  23.8225937  1.04091132
  24.1499462  1.03426707
  24.4794006  1.02849388
  24.8107014  1.02353525
  25.14361  1.01936114
  25.4778824  1.01592433
  25.8132839  1.01306283
