 -0.170373812  0.
  0.170335919  0.0600882508
  0.511045635  0.120182961
  0.851736844  0.180286035
  1.19240618  0.240399927
  1.53304923  0.300528198
  1.87366009  0.360673547
  2.21423388  0.42084071
  2.5547626  0.481033921
  2.89524007  0.541258514
  3.23565698  0.601520061
  3.57600546  0.661824822
  3.91627502  0.722180843
  4.25645494  0.782578707
  4.59653425  0.842006445
  4.93648767  0.896710575
  5.27627182  0.942106962
  5.61582327  0.975082159
  5.95506334  0.99522531
  6.29390192  1.00498021
  6.63224554  1.00872922
  6.97000742  1.0108453
  7.30709505  1.01327336
  7.64337492  1.01620257
  7.97868538  1.01971734
  8.31284046  1.02390611
  8.64562798  1.02885759
  8.97681332  1.03465807
  9.30614376  1.04137659
  9.63334846  1.04905713
  9.95815754  1.05770218
  10.2803116  1.0672586
  10.5995808  1.07759917
  10.9157877  1.0885179
  11.2288218  1.09971583
  11.5386677  1.110816
  11.8454189  1.12137365
  12.1492815  1.13090825
  12.4505825  1.13894081
  12.7497578  1.14503646
  13.0473404  1.1488471
  13.3439369  1.15014839
  13.6401968  1.14886189
  13.9367886  1.14506412
  14.2343645  1.13897943
  14.5335302  1.13095677
  14.8348179  1.12143278
  15.1386642  1.11088955
  15.4453945  1.09981155
  15.7552147  1.08864403
  16.0682125  1.0777663
  16.3843689  1.0674727
  16.7035751  1.05796623
  17.02565  1.04936469
  17.3503628  1.04171515
  17.6774616  1.03500938
  18.0066795  1.02919984
  18.3377552  1.0242188
  18.6704407  1.01998615
  19.004509  1.01641977
  19.3397465  1.01344013
  19.675972  1.01096928
  20.0130177  1.00893271
  20.3507423  1.00725973
  20.6890316  1.00588644
  21.0277805  1.00475967
  21.3669109  1.00383675
  21.7063503  1.00308955
  22.0460453  1.00249672
  22.3859406  1.00203693
  22.7259903  1.00167835
  23.066164  1.00138056
  23.4064388  1.00110722
  23.7468033  1.00084424
  24.0872593  1.00060987
  24.4277954  1.00043285
  24.7683907  1.00030601
  25.1090298  1.00016451
  25.4497185  0.999963939
  25.790472  0.999792635
