 -0.170562878  0.
  0.169764817  0.0601557046
  0.510092497  0.120367296
  0.850261986  0.180646032
  1.19025242  0.241009101
  1.53003454  0.301476359
  1.86957407  0.362068802
  2.20883536  0.422811329
  2.54777694  0.483730704
  2.88635612  0.544856012
  3.22452569  0.606218278
  3.56223631  0.6678496
  3.89943624  0.729784906
  4.23607206  0.792046845
  4.57208538  0.853805304
  4.90734148  0.911610961
  5.24157143  0.961098671
  5.5744133  0.999238849
  5.90545225  1.02552521
  6.23427963  1.04210591
  6.56056976  1.0529443
  6.88414812  1.06218982
  7.20494127  1.07205439
  7.52278328  1.08263195
  7.83751917  1.09367228
  8.14907837  1.10483944
  8.45748806  1.11572182
  8.76288891  1.12585533
  9.06554222  1.13475585
  9.36582088  1.14195883
  9.6642065  1.14706385
  9.96126366  1.14977562
  10.2576199  1.14993024
  10.553937  1.14751732
  10.8508759  1.14267755
  11.1490726  1.13569176
  11.4491053  1.12694824
  11.7514639  1.116907
  12.0565424  1.10605371
  12.3646126  1.09486151
  12.6758327  1.08375096
  12.9902449  1.07307041
  13.307785  1.06307828
  13.6283102  1.0539453
  13.9516134  1.04576194
  14.2774458  1.03855026
  14.6055412  1.03228164
  14.9356289  1.02689195
  15.2674484  1.02229774
  15.6007605  1.01840842
  15.9353456  1.01513267
  16.2710075  1.01238787
  16.6075821  1.01009905
  16.9449196  1.00820196
  17.2828903  1.00664008
  17.6213856  1.00536525
  17.9603119  1.0043304
  18.2995853  1.0034951
  18.6391411  1.00282121
  18.9789276  1.00227475
  19.3188953  1.00182998
  19.6590176  1.00146782
  19.9992619  1.00117552
  20.3396034  1.0009439
  20.680027  1.00076127
  21.0205116  1.0006125
  21.3610477  1.00047767
  21.7016258  1.00034142
  22.0422535  1.0001986
  22.3829308  1.00006104
  22.7236519  0.999951839
  23.0644131  0.999889731
  23.4051933  0.999870956
  23.7459793  0.999867976
  24.0867691  0.999860764
  24.4275608  0.99986577
  24.7683487  0.999931574
  25.1091156  1.00005436
  25.4498405  1.00011456
  25.7905445  1.00000215
