  0.333333E+00  0.000000E+00  0.100000E+01  0.000000E+00
  0.666667E+00  0.000000E+00  0.100000E+01  0.000000E+00
  0.100000E+01  0.000000E+00  0.100000E+01  0.000000E+00
  0.133333E+01  0.000000E+00  0.100000E+01  0.000000E+00
  0.166667E+01  0.000000E+00  0.100000E+01  0.000000E+00
  0.200000E+01  0.000000E+00  0.100000E+01  0.000000E+00
  0.233333E+01  0.000000E+00  0.100000E+01  0.000000E+00
  0.266667E+01  0.000000E+00  0.100000E+01  0.000000E+00
  0.300000E+01  0.000000E+00  0.100000E+01  0.000000E+00
  0.333333E+01  0.000000E+00  0.100000E+01  0.000000E+00
  0.366667E+01  0.000000E+00  0.100000E+01  0.000000E+00
  0.400000E+01  0.000000E+00  0.100000E+01  0.000000E+00
  0.433333E+01  0.000000E+00  0.100000E+01  0.000000E+00
  0.466667E+01  0.000000E+00  0.100000E+01  0.000000E+00
  0.500000E+01  0.000000E+00  0.100000E+01  0.000000E+00
  0.533333E+01  0.119209E-06  0.100000E+01  0.167441E-06
  0.566667E+01  0.238419E-06  0.100000E+01  0.349850E-06
  0.600000E+01  0.357628E-06  0.100000E+01  0.532260E-06
  0.633333E+01  0.596046E-06  0.100000E+01  0.897082E-06
  0.666667E+01  0.107288E-05  0.100000E+01  0.141437E-05
  0.700000E+01  0.178814E-05  0.100000E+01  0.211408E-05
  0.733333E+01  0.286102E-05  0.100000E+01  0.334605E-05
  0.766667E+01  0.441074E-05  0.100000E+01  0.511030E-05
  0.800000E+01  0.691414E-05  0.100001E+01  0.739186E-05
  0.833333E+01  0.101328E-04  0.100001E+01  0.105706E-04
  0.866667E+01  0.150204E-04  0.100002E+01  0.149814E-04
  0.900000E+01  0.219345E-04  0.100002E+01  0.211416E-04
  0.933333E+01  0.314713E-04  0.100003E+01  0.295839E-04
  0.966667E+01  0.447035E-04  0.100004E+01  0.411906E-04
  0.100000E+02  0.627041E-04  0.100006E+01  0.563122E-04
  0.103333E+02  0.870228E-04  0.100009E+01  0.763643E-04
  0.106667E+02  0.119328E-03  0.100012E+01  0.102216E-03
  0.110000E+02  0.162244E-03  0.100016E+01  0.135285E-03
  0.113333E+02  0.218153E-03  0.100022E+01  0.177174E-03
  0.116667E+02  0.291109E-03  0.100029E+01  0.230326E-03
  0.120000E+02  0.385165E-03  0.100039E+01  0.296851E-03
  0.123333E+02  0.505567E-03  0.100051E+01  0.380120E-03
  0.126667E+02  0.658989E-03  0.100066E+01  0.483663E-03
  0.130000E+02  0.853062E-03  0.100085E+01  0.612112E-03
  0.133333E+02  0.109744E-02  0.100110E+01  0.770809E-03
  0.136667E+02  0.140405E-02  0.100140E+01  0.966038E-03
  0.140000E+02  0.178730E-02  0.100179E+01  0.120642E-02
  0.143333E+02  0.226486E-02  0.100226E+01  0.150210E-02
  0.146667E+02  0.285864E-02  0.100286E+01  0.186528E-02
  0.150000E+02  0.359547E-02  0.100360E+01  0.231142E-02
  0.153333E+02  0.450814E-02  0.100451E+01  0.285876E-02
  0.156667E+02  0.563693E-02  0.100564E+01  0.352988E-02
  0.160000E+02  0.703096E-02  0.100703E+01  0.435128E-02
  0.163333E+02  0.874949E-02  0.100875E+01  0.535345E-02
  0.166667E+02  0.108637E-01  0.101086E+01  0.657060E-02
  0.170000E+02  0.134572E-01  0.101346E+01  0.804021E-02
  0.173333E+02  0.166280E-01  0.101663E+01  0.979964E-02
  0.176667E+02  0.204870E-01  0.102049E+01  0.118834E-01
  0.180000E+02  0.251557E-01  0.102516E+01  0.143161E-01
  0.183333E+02  0.307620E-01  0.103076E+01  0.171034E-01
  0.186667E+02  0.374297E-01  0.103743E+01  0.202195E-01
  0.190000E+02  0.452645E-01  0.104526E+01  0.235905E-01
  0.193333E+02  0.543321E-01  0.105433E+01  0.270757E-01
  0.196667E+02  0.646312E-01  0.106463E+01  0.304496E-01
  0.200000E+02  0.760597E-01  0.107606E+01  0.333920E-01
  0.203333E+02  0.883825E-01  0.108838E+01  0.354627E-01
  0.206667E+02  0.101206E+00  0.110121E+01  0.361011E-01
  0.210000E+02  0.113969E+00  0.111397E+01  0.348797E-01
  0.213333E+02  0.125967E+00  0.112597E+01  0.314436E-01
  0.216667E+02  0.136397E+00  0.113640E+01  0.256628E-01
  0.220000E+02  0.144143E+00  0.114414E+01  0.177125E-01
  0.223333E+02  0.148722E+00  0.114872E+01  0.812034E-02
  0.226667E+02  0.149732E+00  0.114973E+01 -0.230073E-02
  0.230000E+02  0.147086E+00  0.114709E+01 -0.124911E-01
  0.233333E+02  0.141029E+00  0.114103E+01 -0.214272E-01
  0.236667E+02  0.132095E+00  0.113210E+01 -0.284304E-01
  0.240000E+02  0.120975E+00  0.112097E+01 -0.331391E-01
  0.243333E+02  0.108543E+00  0.110854E+01 -0.355292E-01
  0.246667E+02  0.956932E-01  0.109569E+01 -0.358545E-01
  0.250000E+02  0.830652E-01  0.108307E+01 -0.345368E-01
  0.253333E+02  0.711393E-01  0.107114E+01 -0.320637E-01
  0.256667E+02  0.602304E-01  0.106023E+01 -0.288990E-01
  0.260000E+02  0.505058E-01  0.105051E+01 -0.254423E-01
  0.263333E+02  0.420152E-01  0.104202E+01 -0.219992E-01
  0.266667E+02  0.347244E-01  0.103472E+01 -0.187525E-01
  0.270000E+02  0.285456E-01  0.102855E+01 -0.158080E-01
  0.273333E+02  0.233626E-01  0.102336E+01 -0.132133E-01
  0.276667E+02  0.190490E-01  0.101905E+01 -0.109747E-01
  0.280000E+02  0.154802E-01  0.101548E+01 -0.907329E-02
  0.283333E+02  0.125406E-01  0.101254E+01 -0.747585E-02
  0.286667E+02  0.101273E-01  0.101013E+01 -0.614360E-02
  0.290000E+02  0.815177E-02  0.100815E+01 -0.503649E-02
  0.293333E+02  0.653911E-02  0.100654E+01 -0.411758E-02
  0.296667E+02  0.522661E-02  0.100523E+01 -0.335476E-02
  0.300000E+02  0.416267E-02  0.100416E+01 -0.272052E-02
