  0.  0.
  0.340743423  0.0600823164
  0.681486845  0.120164514
  1.02223027  0.18024683
  1.36297369  0.240329087
  1.70371711  0.300411344
  2.04446054  0.3604936
  2.38520384  0.420575798
  2.72594738  0.480658114
  3.06669092  0.540740371
  3.40743423  0.600822568
  3.74817753  0.660904765
  4.08892107  0.720987082
  4.42966461  0.781052053
  4.77040768  0.840054512
  5.11115122  0.89418608
  5.45189476  0.938811958
  5.7926383  0.970780194
  6.13338184  0.989660919
  6.47412491  0.997902334
  6.81486845  0.999902964
  7.15561199  1.
  7.49635506  1.
  7.8370986  1.
  8.17784214  1.
  8.51858521  1.
  8.85932922  1.
  9.20007229  1.
  9.54081535  1.
  9.88155937  1.
  10.2223024  1.
  10.5630465  1.
  10.9037895  1.
  11.2445326  1.
  11.5852766  1.
  11.9260197  1.
  12.2667637  1.
  12.6075068  1.
  12.9482498  1.
  13.2889938  1.
  13.6297369  1.
  13.97048  1.
  14.311224  1.
  14.651967  1.
  14.9927101  1.
  15.3334541  1.
  15.6741972  1.
  16.0149403  1.
  16.3556843  1.
  16.6964283  1.
  17.0371704  1.
  17.3779144  1.
  17.7186584  1.
  18.0594006  1.
  18.4001446  1.
  18.7408886  1.
  19.0816307  1.
  19.4223747  1.
  19.7631187  1.
  20.1038628  1.
  20.4446049  1.
  20.7853489  1.
  21.1260929  1.
  21.466835  1.
  21.807579  1.
  22.1483231  1.
  22.4890652  1.
  22.8298092  1.
  23.1705532  1.
  23.5112953  1.
  23.8520393  1.
  24.1927834  1.
  24.5335274  1.
  24.8742695  1.
  25.2150135  1.
  25.5557575  1.
  25.8964996  1.
  26.2372437  1.
  26.5779877  1.
  26.9187298  1.
