  0.170370847 -3.02492253E-07
  0.511114776  3.68577162E-07
  0.851858199  7.18560784E-08
  1.19260168 -1.74206832E-07
  1.53334522 -1.24001502E-08
  1.87408864 -2.58191548E-08
  2.21483231  1.31609923E-08
  2.55557561 -4.76964601E-08
  2.89631915  5.53463941E-08
  3.23706245 -6.21308658E-08
  3.577806 -9.52688737E-08
  3.9185493  4.58657752E-08
  4.2592926  1.91995753E-09
  4.60003614  9.38341671E-09
  4.94077969  1.27271846E-08
  5.28152323  1.60980562E-09
  5.62226629  4.68378403E-09
  5.96300983  3.78573262E-08
  6.30375338 -9.33032851E-09
  6.64449692 -5.56546809E-09
  6.98523998 -3.13288595E-09
  7.32598352 -1.7528512E-09
  7.66672707 -9.83366055E-10
  8.00747013 -5.56408586E-10
  8.34821415 -3.23257088E-10
  8.68895721 -2.02702022E-10
  9.02970028 -1.52751894E-10
  9.3704443 -1.5600829E-10
  9.71118736 -2.13605217E-10
  10.0519314 -3.45604656E-10
  10.3926744 -5.9798444E-10
  10.7334175 -1.05865328E-09
  11.0741615 -1.88807014E-09
  11.4149046 -3.37513661E-09
  11.7556477 -6.03782269E-09
  12.0963917 -1.08035954E-08
  12.4371347 -1.93324539E-08
  12.7778788 -3.45951641E-08
  13.1186218 -6.1907997E-08
  13.4593649 -1.10784448E-07
  13.8001089 -1.98249182E-07
  14.140852 -3.5476782E-07
  14.481595 -5.12998781E-07
  14.8223391 -7.28056989E-07
  15.1630812 -1.07485107E-06
  15.5038252 -1.55231601E-06
  15.8445673 -2.20490028E-06
  16.1853104 -3.13805003E-06
  16.5260525 -4.55493137E-06
  16.8667946 -6.46162607E-06
  17.2075348 -9.03480486E-06
  17.548275 -1.26832629E-05
  17.8890152 -1.78247465E-05
  18.2297497 -2.47876069E-05
  18.5704823 -3.41689447E-05
  18.9112129 -4.6676756E-05
  19.2519341 -6.33763848E-05
  19.5926514 -8.54519967E-05
  19.9333553 -0.000114130547
  20.2740459 -0.000151108732
  20.6147175 -0.000198166308
  20.9553623 -0.000257540727
  21.2959747 -0.000331117655
  21.6365452 -0.000421324919
  21.9770622 -0.000530508289
  22.3175087 -0.000661492464
  22.6578693 -0.000816843356
  22.998127 -0.00100010249
  23.3382568 -0.00121589249
  23.6782303 -0.00147110259
  24.0180206 -0.00177635788
  24.3575897 -0.00214629457
  24.6968918 -0.00260260259
  25.0358772 -0.00317176525
  25.3744736 -0.003884051
  25.7125912 -0.00476707052
  26.0501194 -0.00583907962
  26.3869209 -0.00710213464
  26.7228336 -0.00855107512
  27.0577087 -0.0102143353
