  0.170370847 -2.75412759E-07
  0.511114597  2.2050645E-07
  0.851858079 -3.63134347E-07
  1.19260156  3.78053983E-07
  1.5333451 -3.21924688E-07
  1.87408853  1.78975483E-07
  2.21483207  2.59508468E-08
  2.55557537  5.96202554E-08
  2.89631915  1.24460115E-07
  3.23706245  2.45380036E-08
  3.577806 -1.21567638E-07
  3.9185493  2.8331435E-08
  4.2592926 -2.97306109E-08
  4.60003614 -6.71566767E-08
  4.94077969  3.5314077E-08
  5.28152323  3.85192465E-08
  5.62226629  2.70292588E-09
  5.96300983 -5.65307801E-11
  6.30375338 -3.03039513E-08
  6.64449692 -1.7592594E-08
  6.98523998 -1.05212425E-08
  7.32598352 -7.08016312E-09
  7.66672707 -6.10522299E-09
  8.00747013 -7.25684313E-09
  8.34821415 -1.0936164E-08
  8.68895721 -1.84247355E-08
  9.02970028 -3.23309983E-08
  9.3704443 -5.7498724E-08
  9.71118736 -1.02694287E-07
  10.0519314 -1.83660191E-07
  10.3926744 -3.28598219E-07
  10.7334175 -4.66133628E-07
  11.0741615 -6.44172019E-07
  11.4149036 -9.24727715E-07
  11.7556467 -1.28366287E-06
  12.0963898 -1.84600162E-06
  12.4371328 -2.56389421E-06
  12.7778759 -3.56553733E-06
  13.1186171 -4.95608947E-06
  13.4593582 -6.85431223E-06
  13.8000994 -9.43393843E-06
  14.1408386 -1.28622869E-05
  14.481576 -1.7602295E-05
  14.8223124 -2.37206114E-05
  15.1630449 -3.20076579E-05
  15.5037737 -4.29122447E-05
  15.8444967 -5.71852397E-05
  16.1852131 -7.56533773E-05
  16.5259209 -9.95066366E-05
  16.8666153 -0.000129981112
  17.2072926 -0.000168909886
  17.5479488 -0.000217653665
  17.8885784 -0.000278668682
  18.2291698 -0.000354407908
  18.5697174 -0.00044780178
  18.9102097 -0.00056205428
  19.2506275 -0.000701127865
  19.5909576 -0.000869525364
  19.9311771 -0.00107248162
  20.2712574 -0.0013163999
  20.6111736 -0.0016097941
  20.9508858 -0.00196262542
  21.29035 -0.00238789804
  21.6295185 -0.00290183863
  21.9683266 -0.00352492835
  22.3066978 -0.00428100256
  22.6445389 -0.00519753294
  22.9817448 -0.00630398467
  23.3181763 -0.00762893725
  23.6536751 -0.00919566024
  23.9880581 -0.0110177603
  24.321106 -0.0130935386
  24.6525803 -0.0154018644
  24.9822273 -0.0178997722
  25.309782 -0.0205228217
  25.6349792 -0.0231844112
  25.9575691 -0.0257700272
  26.277317 -0.0281218886
  26.5940228 -0.0300231948
  26.9075603 -0.0312081948
