  0.169562548 -0.000434972666
  0.509770155 -0.000664742547
  0.849780142 -0.000962885446
  1.18956673 -0.00133675395
  1.52909493 -0.00179607561
  1.86832285 -0.00235086959
  2.20720696 -0.00301403669
  2.54569793 -0.00379602285
  2.88374424 -0.0047065476
  3.22129035 -0.00575313298
  3.55827904 -0.00694069639
  3.89465117 -0.00827127881
  4.23034573 -0.0097397659
  4.56530046 -0.0113381054
  4.8993578 -0.0130740199
  5.23220444 -0.0149850883
  5.56341791 -0.0171110518
  5.89252615 -0.0194645897
  6.21907997 -0.0220050998
  6.5427494 -0.0246167555
  6.86340284 -0.0271073654
  7.18104506 -0.029230915
  7.49558544 -0.0307509676
  7.80695486 -0.0314608365
  8.11518669 -0.0311805233
  8.42042446 -0.0297825336
  8.72293282 -0.0272112787
  9.02309322 -0.023493737
  9.32138824 -0.0187396109
  9.61838722 -0.0131334364
  9.91471958 -0.00691848993
  10.2110453 -0.000377431512
  10.508028  0.00618495047
  10.8062983  0.012463063
  11.1064291  0.0181682557
  11.4089117  0.0230500326
  11.7141275  0.0269137993
  12.0223494  0.0296382755
  12.333724  0.0311849266
  12.6482906  0.0316012949
  12.9659824  0.0310096219
  13.2866497  0.0295896605
  13.6100845  0.027552098
  13.936038  0.0251127183
  14.2642403  0.0224709325
  14.5944223  0.0197932832
  14.926322  0.017206287
  15.2597017  0.0147949979
  15.5943422  0.012607852
  15.9300528  0.010664586
  16.2666626  0.00896306243
  16.6040287  0.00748919137
  16.9420261  0.00622198451
  17.2805405  0.00513946451
  17.6194839  0.00422071712
  17.9587746  0.00344861392
  18.2983418  0.00280613056
  18.6381397  0.0022780099
  18.9781189  0.00184840662
  19.3182449  0.00150004216
  19.6584949  0.00121690007
  19.9988422  0.000985704479
  20.3392677  0.000797919813
  20.6797581  0.000650545699
  21.020298  0.000542590278
  21.3608818  0.000471233216
  21.7015076  0.000426004728
  22.0421791  0.000389772467
  22.3828964  0.000343253865
  22.7236519  0.000275606668
  23.064436  0.000192267238
  23.4052277  0.000112368056
  23.7460175  5.24116258E-05
  24.0868073  7.66989979E-06
  24.4275932 -4.17756237E-05
  24.7683678 -0.000100653866
  25.1091137 -0.000127289939
  25.4498215 -7.27545703E-05
  25.7905273  1.79320996E-05
  26.1312866  0.
