  0.170370847 -3.72529058E-07
  0.511114776  3.87430191E-07
  0.851858199 -2.08616271E-07
  1.19260168  1.1920929E-07
  1.53334522 -4.47034836E-08
  1.87408864 -4.47034836E-08
  2.21483231  5.96046448E-08
  2.55557561 -1.49011612E-07
  2.89631915  2.23517418E-07
  3.23706245 -1.1920929E-07
  3.577806 -3.12924385E-07
  3.9185493  2.83122063E-07
  4.2592926 -7.45057989E-08
  4.60003614  1.4901163E-08
  4.94077969  4.47034836E-08
  5.28152323 -2.98023259E-08
  5.62226629 -7.4505806E-08
  5.96300983  2.49594478E-07
  6.30375338 -1.47148967E-07
  6.64449692 -1.86264604E-09
  6.98523998 -1.1641621E-10
  7.32598352  0.
  7.66672707  0.
  8.00747013  0.
  8.34821415  0.
  8.68895721  0.
  9.02970028  0.
  9.3704443  0.
  9.71118736  0.
  10.0519314  0.
  10.3926744  0.
  10.7334175  0.
  11.0741615  0.
  11.4149046  0.
  11.7556477  0.
  12.0963917  0.
  12.4371347  0.
  12.7778788  0.
  13.1186218  1.74925304E-07
  13.4593649  0.
  13.8001089 -1.7492529E-07
  14.140852 -3.49850609E-07
  14.481595 -3.49850666E-07
  14.8223391 -3.49850751E-07
  15.1630812 -6.99701673E-07
  15.5038252 -1.04955257E-06
  15.8445673 -1.39940403E-06
  16.1853104 -1.74925572E-06
  16.5260525 -3.14866384E-06
  16.8667946 -4.54807468E-06
  17.2075348 -5.94749508E-06
  17.548275 -8.39648419E-06
  17.8890152 -1.25947672E-05
  18.2297497 -1.78426817E-05
  18.5704823 -2.51898509E-05
  18.9112129 -3.46364031E-05
  19.2519341 -4.79318587E-05
  19.5926514 -6.64761319E-05
  19.9333553 -9.02699976E-05
  20.2740459 -0.000122113852
  20.6147175 -0.000162709723
  20.9553623 -0.000216610337
  21.2959747 -0.000283122266
  21.6365452 -0.000366454537
  21.9770622 -0.000467322185
  22.3175087 -0.000590647571
  22.6578693 -0.00073541177
  22.998127 -0.000904808985
  23.3382568 -0.00109994668
  23.6782303 -0.00132335338
  24.0180206 -0.00158459879
  24.3575897 -0.00188909168
  24.6968918 -0.00226443051
  25.0358772 -0.00273908582
  25.3744736 -0.00336079393
  25.7125912 -0.00417567417
  26.0501194 -0.00522138644
  26.3869209 -0.00647392496
  26.7228336 -0.00780618936
  27.0577087 -0.0102143353
