  0.170370847 -2.23517418E-07
  0.511114597  2.5331974E-07
  0.851858079 -4.02331352E-07
  1.19260156  2.23517418E-07
  1.5333451 -2.08616271E-07
  1.87408853  2.98023224E-07
  2.21483207 -4.47034836E-08
  2.55557537  2.98023153E-08
  2.89631915  2.5331974E-07
  3.23706245  1.04308135E-07
  3.577806 -4.61936025E-07
  3.9185493  2.98023224E-07
  4.2592926 -4.47034836E-08
  4.60003614 -3.42726707E-07
  4.94077969  2.23517418E-07
  5.28152323  1.34110451E-07
  5.62226629 -7.45058202E-08
  5.96300983  7.4505806E-08
  6.30375338 -1.47148967E-07
  6.64449692 -1.86264337E-09
  6.98523998 -1.1641621E-10
  7.32598352  0.
  7.66672707  0.
  8.00747013  0.
  8.34821415  0.
  8.68895721  0.
  9.02970028  0.
  9.3704443  0.
  9.71118736  1.74925304E-07
  10.0519314 -1.74925333E-07
  10.3926744 -3.49850609E-07
  10.7334175 -3.49850666E-07
  11.0741615 -3.49850751E-07
  11.4149036 -6.99701559E-07
  11.7556467 -6.99701843E-07
  12.0963898 -1.39940403E-06
  12.4371328 -1.74925606E-06
  12.7778759 -2.44895978E-06
  13.1186171 -3.49851825E-06
  13.4593582 -4.89793183E-06
  13.8000994 -6.99705834E-06
  14.1408386 -9.09620394E-06
  14.481576 -1.3644355E-05
  14.8223124 -1.74928573E-05
  15.1630449 -2.44901694E-05
  15.5037737 -3.32369964E-05
  15.8444967 -4.51329361E-05
  16.1852131 -6.01783322E-05
  16.5259209 -8.04729716E-05
  16.8666153 -0.000105667837
  17.2072926 -0.000140663091
  17.5479488 -0.000182312157
  17.8885784 -0.000236217835
  18.2291698 -0.000303436595
  18.5697174 -0.000387478445
  18.9102097 -0.000490109262
  19.2506275 -0.000615903118
  19.5909576 -0.000768746948
  19.9311771 -0.000952543924
  20.2712574 -0.0011708705
  20.6111736 -0.00143399485
  20.9508858 -0.00174698001
  21.29035 -0.00212197099
  21.6295185 -0.00257157348
  21.9683266 -0.00311804004
  22.3066978 -0.00378317619
  22.6445389 -0.0045976094
  22.9817448 -0.00559711922
  23.3181763 -0.00682113972
  23.6536751 -0.00830351282
  23.9880581 -0.0100735053
  24.321106 -0.0121428408
  24.6525803 -0.0145013575
  24.9822273 -0.017112555
  25.309782 -0.0199263431
  25.6349792 -0.0228930451
  25.9575691 -0.0259785913
  26.277317 -0.0291314274
  26.5940228 -0.0321768299
  26.9075603 -0.0312081948
