  0.170370758 -2.83122091E-07
  0.511114538  1.63912787E-07
  0.851858079  1.4901147E-08
  1.19260156 -3.12924385E-07
  1.5333451  5.51342964E-07
  1.87408864 -2.68220901E-07
  2.21483231 -1.34110465E-07
  2.55557561  1.49011683E-08
  2.89631915  2.23517418E-07
  3.23706245 -5.21540699E-07
  3.57780576 -3.57627869E-07
  3.91854882 -6.55651149E-07
  4.25929165 -3.42726764E-07
  4.60003519 -1.02818012E-06
  4.94077826 -1.25169754E-06
  5.28152084 -1.10268616E-06
  5.62226343 -1.53482006E-06
  5.96300554 -2.91317724E-06
  6.30374765 -3.64519747E-06
  6.64448881 -5.05801336E-06
  6.98522902 -7.34601099E-06
  7.32596827 -8.74635771E-06
  7.66670609 -1.22449455E-05
  8.00744152 -1.67931485E-05
  8.34817505 -2.0641708E-05
  8.68890476 -2.93884477E-05
  9.02962971 -3.70858397E-05
  9.37034988 -4.93318876E-05
  9.71106148 -6.4377622E-05
  10.0517645 -8.22234579E-05
  10.3924541 -0.000107768705
  10.7331266 -0.000138565607
  11.0737801 -0.000176715577
  11.4144058 -0.000225721509
  11.7549973 -0.000286638911
  12.0955486 -0.000362275983
  12.4360447 -0.000456846377
  12.776475 -0.000571070239
  13.1168203 -0.000714081572
  13.4570627 -0.000888729002
  13.7971783 -0.00110173761
  14.1371336 -0.00136127137
  14.4768934 -0.00167694851
  14.8164158 -0.00206197752
  15.1556444 -0.00252652215
  15.4945173 -0.00309039373
  15.8329544 -0.00377048878
  16.170866 -0.00459108129
  16.5081425 -0.00557907298
  16.8446503 -0.0067620445
  17.1802406 -0.00817135535
  17.5147343 -0.00983748212
  17.847929 -0.0117910635
  18.1795959 -0.0140449572
  18.5094852 -0.0166089535
  18.8373299 -0.0194564089
  19.1628513 -0.0225316845
  19.4857864 -0.0257298723
  19.8058891 -0.0288934037
  20.1229591 -0.0318026841
  20.4368744 -0.0341877937
  20.7475872 -0.0357410833
  21.0551643 -0.0361539647
  21.3597889 -0.0351532102
  21.6617622 -0.0325503722
  21.9614944 -0.0282811671
  22.259491 -0.0224400759
  22.5563412 -0.0152720511
  22.8526783 -0.00716091692
  23.1491547  0.00140565634
  23.4464245  0.00989712775
  23.7451038  0.017782867
  24.0457439  0.0245872289
  24.3488159  0.0299174935
  24.6546783  0.0335418731
  24.9635696  0.0354252756
  25.2756081  0.0357867926
  25.5908089  0.0350279957
  25.9090996  0.033491917
  26.2303581  0.0292579494
