  0.170371205  2.9802294E-08
  0.511114657  1.34110451E-07
  0.851858318 -4.61936025E-07
  1.19260144 -8.94069785E-07
  1.53334451 -2.98023281E-07
  1.87408721 -1.28149986E-06
  2.21482992 -1.99675583E-06
  2.55557179 -2.77161598E-06
  2.89631343 -4.03821514E-06
  3.23705411 -5.63263893E-06
  3.57779384 -7.46548176E-06
  3.91853237 -1.06990356E-05
  4.25926971 -1.23381615E-05
  4.60000563 -1.67340058E-05
  4.94073963 -2.02953815E-05
  5.2814703 -2.50488483E-05
  5.62219715 -3.06069887E-05
  5.96291971 -4.00915815E-05
  6.30363512 -5.43761998E-05
  6.64434147 -7.18883311E-05
  6.9850359 -9.4285213E-05
  7.3257165 -0.000121417674
  7.66637897 -0.000155715898
  8.00701714 -0.000197368674
  8.34762764 -0.000250229408
  8.6882 -0.000317104423
  9.02872562 -0.000397303957
  9.36919403 -0.000498543726
  9.70958805 -0.000622948282
  10.0498924 -0.000778257963
  10.3900833 -0.000964877196
  10.730135 -0.00119795278
  11.070014 -0.00147830998
  11.4096813 -0.00182471448
  11.7490883 -0.00224270462
  12.0881777 -0.002752339
  12.426878 -0.0033700252
  12.7651062 -0.00411597406
  13.1027594 -0.00501573645
  13.4397192 -0.00609475281
  13.7758465 -0.00738206226
  14.1109753 -0.00890742894
  14.4449177 -0.0106994938
  14.7774611 -0.0127832349
  15.1083641 -0.0151647907
  15.4373732 -0.01784092
  15.7642145 -0.0207791179
  16.0886192 -0.023899734
  16.4103298 -0.0270867459
  16.7291183 -0.0301600546
  17.0448151 -0.0328800157
  17.3573265 -0.0349659696
  17.6666527 -0.0361006111
  17.9729023 -0.0359765589
  18.2763081 -0.0343344212
  18.577219 -0.0310201943
  18.876091 -0.0260163769
  19.1734753 -0.0194815099
  19.4699898 -0.01174137
  19.7662849 -0.00325955451
  20.0630264  0.00540921092
  20.360857  0.0136870444
  20.6603584  0.0210620016
  20.9620495  0.0271323323
  21.2663383  0.0316541791
  21.5735321  0.0345295072
  21.8838196  0.0358286798
  22.1972828  0.0357142389
  22.5138969  0.0344284996
  22.8335419  0.0322498977
  23.1560402  0.0294671506
  23.4811516  0.0263759717
  23.8086147  0.0232286341
  24.1381645  0.0202322379
  24.4695454  0.0174745917
  24.802515  0.0149309579
  25.1368427  0.0125127621
  25.4723072  0.0102641378
  25.8087006  0.00851952843
  26.1458836  0.00790128484
