  0.170321494 -3.55094744E-05
  0.51101923 -6.02454093E-05
  0.851693332 -9.50544927E-05
  1.19233894 -0.00013890861
  1.53295147 -0.000196382403
  1.873523 -0.000264301925
  2.21404743 -0.000349864393
  2.5545156 -0.000451117696
  2.8949194 -0.000572592078
  3.23524761 -0.000714465918
  3.57549024 -0.000879868981
  3.91563511 -0.00107455265
  4.25566864 -0.00129357004
  4.59557724 -0.00152023137
  4.93533039 -0.00174811506
  5.27487326 -0.00201876462
  5.61412716 -0.00239125639
  5.95299578 -0.002928901
  6.29136801 -0.0036911834
  6.62913132 -0.00470166514
  6.96618223 -0.00590636954
  7.30241346 -0.00721168891
  7.63766766 -0.00872322544
  7.97175694 -0.0105002504
  8.30446911 -0.0125611816
  8.63556767 -0.0149147585
  8.96479702 -0.0175636411
  9.29188919 -0.0204668194
  9.61657238 -0.0235597417
  9.9385891 -0.0267254636
  10.2577095 -0.0297980905
  10.57376 -0.0325450972
  10.8866367 -0.034705393
  11.1963263 -0.0359561965
  11.5029287 -0.0360055044
  11.8066568 -0.0345812738
  12.1078415 -0.0315113962
  12.4069271 -0.026754275
  12.7044468 -0.0204293132
  13.0010099 -0.0128266364
  13.2972717 -0.00438988209
  13.5938959  0.0043400377
  13.8915348  0.0127835423
  14.190793  0.0203931481
  14.4921951  0.0267223567
  14.796176  0.0314778239
  15.1030531  0.0345360786
  15.4130287  0.0359363481
  15.7261848  0.0358622298
  16.0424976  0.0345797092
  16.3618507  0.0324030295
  16.6840649  0.0296490043
  17.0089073  0.0265981704
  17.3361168  0.0234719105
  17.6654339  0.0204347558
  17.9965954  0.0175969899
  18.3293495  0.0150085967
  18.6634769  0.0126963481
  18.998764  0.0106570031
  19.3350296  0.008875072
  19.6721115  0.00733985379
  20.0098686  0.00603632256
  20.3481789  0.00494955294
  20.6869488  0.00405676989
  21.0260944  0.00332438992
  21.3655472  0.00272018602
  21.7052498  0.00220045773
  22.0451546  0.0017446666
  22.3852177  0.00135243265
  22.7254009  0.00105430547
  23.0656834  0.000875263475
  23.4060535  0.000803205301
  23.7465038  0.000772523519
  24.0870361  0.000688306347
  24.4276371  0.00051979901
  24.76828  0.000372378621
  25.108963  0.000415370392
  25.4496937  0.000588661525
  25.7904778  0.000502674142
  26.1312866  0.
