  0.169562548 -0.000431180029
  0.509770155 -0.000650406
  0.849780142 -0.000931099174
  1.18956673 -0.00127872813
  1.52909493 -0.00170250284
  1.86832285 -0.00220757746
  2.20720696 -0.00280760159
  2.54569793 -0.00350980461
  2.88374424 -0.00432363153
  3.22129035 -0.00525696622
  3.55827904 -0.00631509908
  3.89465117 -0.00750899501
  4.23034573 -0.00882828422
  4.56530046 -0.0101202875
  4.8993578 -0.0112981964
  5.23220444 -0.0125859976
  5.56341791 -0.0142682679
  5.89252615 -0.0165974759
  6.21907997 -0.0197200701
  6.5427494 -0.0235335566
  6.86340284 -0.0275625363
  7.18104506 -0.0308922082
  7.49558544 -0.0334435254
  7.80695486 -0.0352568999
  8.11518669 -0.0360258669
  8.42042446 -0.0354592055
  8.72293282 -0.0333315879
  9.02309322 -0.0295245945
  9.32138824 -0.0240637511
  9.61838722 -0.017147094
  9.91471958 -0.00913958251
  10.2110453 -0.000521734357
  10.508028  0.00813446939
  10.8062983  0.0162644684
  11.1064291  0.0233551115
  11.4089117  0.0290298387
  11.7141275  0.0330616459
  12.0223494  0.0354026556
  12.333724  0.0361460969
  12.6482906  0.0355187729
  12.9659824  0.0338026285
  13.2866497  0.0313207135
  13.6100845  0.0283714011
  13.936038  0.0252134912
  14.2642403  0.022056777
  14.5944223  0.0190484338
  14.926322  0.0162854344
  15.2597017  0.0138144996
  15.5943422  0.0116465371
  15.9300528  0.00977476873
  16.2666626  0.00816615298
  16.6040287  0.00679265521
  16.9420261  0.00561846793
  17.2805405  0.0046177581
  17.6194839  0.00376375951
  17.9587746  0.00305177551
  18.2983418  0.00246099452
  18.6381397  0.00198395108
  18.9781189  0.0016078013
  19.3182449  0.00130797154
  19.6584949  0.00106459879
  19.9988422  0.000858967309
  20.3392677  0.00068047992
  20.6797581  0.000536428182
  21.020298  0.000436913513
  21.3608818  0.00039589667
  21.7015076  0.000400043093
  22.0421791  0.000419234158
  22.3828964  0.000403780024
  22.7236519  0.000320465217
  23.064436  0.000182257732
  23.4052277  5.50948607E-05
  23.7460175  8.74511898E-06
  24.0868073  2.11630831E-05
  24.4275932 -1.46917082E-05
  24.7683678 -0.000193097963
  25.1091137 -0.000360343576
  25.4498215 -0.000176689471
  25.7905273  0.000329928385
  26.1312866  0.
