  0.166667E+00 -0.406126E-12  0.676928E-12  0.121838E-11
  0.500000E+00 -0.108370E-11  0.180693E-11  0.325111E-11
  0.833333E+00 -0.302073E-11  0.503904E-11  0.906217E-11
  0.116667E+01 -0.747863E-11  0.124794E-10  0.224359E-10
  0.150000E+01 -0.184380E-10  0.307717E-10  0.553141E-10
  0.183333E+01 -0.460936E-10  0.769362E-10  0.138281E-09
  0.216667E+01 -0.107245E-09  0.179013E-09  0.321736E-09
  0.250000E+01 -0.249664E-09  0.416730E-09  0.748992E-09
  0.283333E+01 -0.563553E-09  0.940642E-09  0.169066E-08
  0.316667E+01 -0.119404E-08  0.199298E-08  0.358212E-08
  0.350000E+01 -0.267973E-08  0.447270E-08  0.803918E-08
  0.383333E+01 -0.576034E-08  0.961448E-08  0.172810E-07
  0.416667E+01 -0.118949E-07  0.198535E-07  0.356847E-07
  0.450000E+01 -0.257756E-07  0.430215E-07  0.773268E-07
  0.483333E+01 -0.548110E-07  0.914838E-07  0.164433E-06
  0.516667E+01 -0.111635E-06  0.186327E-06  0.334904E-06
  0.550000E+01 -0.221828E-06  0.285500E-06  0.498043E-06
  0.583333E+01 -0.409742E-06  0.464486E-06  0.711935E-06
  0.616667E+01 -0.712700E-06  0.806474E-06  0.108855E-05
  0.650000E+01 -0.118404E-05  0.136226E-05  0.160549E-05
  0.683333E+01 -0.190302E-05  0.212824E-05  0.234805E-05
  0.716667E+01 -0.297720E-05  0.322781E-05  0.345649E-05
  0.750000E+01 -0.458282E-05  0.480428E-05  0.492730E-05
  0.783333E+01 -0.693114E-05  0.707515E-05  0.686189E-05
  0.816667E+01 -0.103050E-04  0.102099E-04  0.959140E-05
  0.850000E+01 -0.150964E-04  0.145921E-04  0.133950E-04
  0.883333E+01 -0.218215E-04  0.206300E-04  0.185884E-04
  0.916667E+01 -0.311690E-04  0.287927E-04  0.254885E-04
  0.950000E+01 -0.440143E-04  0.396631E-04  0.344388E-04
  0.983333E+01 -0.614852E-04  0.540264E-04  0.456580E-04
  0.101667E+02 -0.849837E-04  0.727907E-04  0.598354E-04
  0.105000E+02 -0.116290E-03  0.971249E-04  0.773807E-04
  0.108333E+02 -0.157609E-03  0.128364E-03  0.991038E-04
  0.111667E+02 -0.211665E-03  0.168148E-03  0.125954E-03
  0.115000E+02 -0.281806E-03  0.218545E-03  0.159145E-03
  0.118333E+02 -0.372169E-03  0.281945E-03  0.199813E-03
  0.121667E+02 -0.487790E-03  0.361149E-03  0.249664E-03
  0.125000E+02 -0.634854E-03  0.459661E-03  0.310468E-03
  0.128333E+02 -0.820922E-03  0.581712E-03  0.384570E-03
  0.131667E+02 -0.105525E-02  0.732520E-03  0.474737E-03
  0.135000E+02 -0.134917E-02  0.918503E-03  0.584545E-03
  0.138333E+02 -0.171653E-02  0.114760E-02  0.718775E-03
  0.141667E+02 -0.217434E-02  0.142954E-02  0.882913E-03
  0.145000E+02 -0.274343E-02  0.177630E-02  0.108363E-02
  0.148333E+02 -0.344934E-02  0.220246E-02  0.132911E-02
  0.151667E+02 -0.432323E-02  0.272584E-02  0.162860E-02
  0.155000E+02 -0.540304E-02  0.336774E-02  0.199268E-02
  0.158333E+02 -0.673471E-02  0.415324E-02  0.243233E-02
  0.161667E+02 -0.837338E-02  0.511142E-02  0.295819E-02
  0.165000E+02 -0.103845E-01  0.627495E-02  0.357919E-02
  0.168333E+02 -0.128447E-01  0.767918E-02  0.430019E-02
  0.171667E+02 -0.158417E-01  0.936001E-02  0.511803E-02
  0.175000E+02 -0.194735E-01  0.113501E-01  0.601688E-02
  0.178333E+02 -0.238455E-01  0.136731E-01  0.696100E-02
  0.181667E+02 -0.290650E-01  0.163349E-01  0.788693E-02
  0.185000E+02 -0.352326E-01  0.193118E-01  0.869457E-02
  0.188333E+02 -0.424287E-01  0.225355E-01  0.924018E-02
  0.191667E+02 -0.506965E-01  0.258771E-01  0.933476E-02
  0.195000E+02 -0.600198E-01  0.291324E-01  0.875304E-02
  0.198333E+02 -0.703002E-01  0.320138E-01  0.725933E-02
  0.201667E+02 -0.813354E-01  0.341566E-01  0.465292E-02
  0.205000E+02 -0.928043E-01  0.351457E-01  0.767125E-03
  0.208333E+02 -0.104199E+00  0.345636E-01 -0.425228E-02
  0.211667E+02 -0.114950E+00  0.320678E-01 -0.100349E-01
  0.215000E+02 -0.124440E+00  0.274730E-01 -0.159876E-01
  0.218333E+02 -0.132066E+00  0.207355E-01 -0.213492E-01
  0.221667E+02 -0.137300E+00  0.122557E-01 -0.253288E-01
  0.225000E+02 -0.139758E+00  0.276257E-02 -0.272774E-01
  0.228333E+02 -0.139169E+00 -0.695243E-02 -0.267844E-01
  0.231667E+02 -0.135422E+00 -0.160592E-01 -0.238197E-01
  0.235000E+02 -0.129058E+00 -0.238310E-01 -0.190974E-01
  0.238333E+02 -0.120538E+00 -0.297491E-01 -0.133586E-01
  0.241667E+02 -0.110432E+00 -0.334037E-01 -0.740058E-02
  0.245000E+02 -0.993589E-01 -0.349847E-01 -0.191729E-02
  0.248333E+02 -0.879122E-01 -0.347979E-01  0.260899E-02
  0.251667E+02 -0.766126E-01 -0.332319E-01  0.594366E-02
  0.255000E+02 -0.658706E-01 -0.307111E-01  0.807359E-02
  0.258333E+02 -0.560091E-01 -0.276340E-01  0.911219E-02
  0.261667E+02 -0.471718E-01 -0.243302E-01  0.932828E-02
  0.265000E+02 -0.394009E-01 -0.210471E-01  0.897648E-02
  0.268333E+02 -0.326810E-01 -0.179516E-01  0.827013E-02
  0.271667E+02 -0.269482E-01 -0.151413E-01  0.738005E-02
  0.275000E+02 -0.221106E-01 -0.126606E-01  0.643134E-02
  0.278333E+02 -0.180635E-01 -0.105161E-01  0.550720E-02
  0.281667E+02 -0.147004E-01 -0.869062E-02  0.465712E-02
  0.285000E+02 -0.119206E-01 -0.715377E-02  0.390554E-02
  0.288333E+02 -0.963237E-02 -0.586932E-02  0.325959E-02
  0.291667E+02 -0.775531E-02 -0.480041E-02  0.271499E-02
  0.295000E+02 -0.622040E-02 -0.391264E-02  0.226093E-02
  0.298333E+02 -0.496920E-02 -0.317560E-02  0.188377E-02
