  0.17037122 -2.20287347E-07
  0.511115074 -1.25056365E-08
  0.851858497 -4.13529939E-08
  1.19260192 -1.88055189E-08
  1.53334546 -3.71408104E-09
  1.87408876 -9.06289976E-09
  2.21483231 -3.45713644E-08
  2.55557561  2.27906352E-08
  2.89631915  3.00787946E-08
  3.23706245 -2.05499866E-08
  3.577806 -2.15471836E-08
  3.9185493  6.73301415E-09
  4.2592926  7.27869631E-09
  4.60003614 -4.29112248E-08
  4.94077969 -5.93025362E-09
  5.28152323 -2.74696212E-08
  5.62226629 -2.10788791E-08
  5.96300983  1.95043981E-08
  6.30375338  2.59087347E-08
  6.64449692  1.32519595E-08
  6.98523998  7.33477634E-09
  7.32598352  4.0987751E-09
  7.66672707  2.29045116E-09
  8.00747013  1.27993427E-09
  8.34821415  7.15240478E-10
  8.68895721  3.99678735E-10
  9.02970028  2.23332131E-10
  9.3704443  1.24776314E-10
  9.71118736  6.96823155E-11
  10.0519314  3.885995E-11
  10.3926744  2.15732154E-11
  10.7334175  1.18008242E-11
  11.0741615  6.13887934E-12
  11.4149046  2.61521187E-12
  11.7556477  2.4754504E-15
  12.0963917 -2.60940228E-12
  12.4371347 -6.1301797E-12
  12.7778788 -1.17862126E-11
  13.1186218 -2.1547597E-11
  13.4593649 -3.88143996E-11
  13.8001089 -6.960095E-11
  14.140852 -1.2463082E-10
  14.481595 -2.23071839E-10
  14.8223391 -3.99212774E-10
  15.1630821 -7.14406978E-10
  15.5038261 -1.27844213E-09
  15.8445692 -2.28778152E-09
  16.1853123 -4.0939967E-09
  16.5260563 -7.32622674E-09
  16.8668003 -1.31103111E-08
  17.2075424 -2.34609576E-08
  17.5482864 -4.19834834E-08
  17.8890305 -7.51296128E-08
  18.2297726 -1.34444775E-07
  18.5705166 -2.40589401E-07
  18.9112606 -3.89915925E-07
  19.2520027 -5.93817504E-07
  19.5927467 -9.639366E-07
  19.9334888 -1.50733229E-06
  20.274231 -2.29141892E-06
  20.614975 -3.5893047E-06
  20.9557171 -5.52810388E-06
  21.2964592 -8.37692096E-06
  21.6371994 -1.26812001E-05
  21.9779396 -1.9087116E-05
  22.318676 -2.85259594E-05
  22.6594105 -4.23759775E-05
  23.0001392 -6.23328815E-05
  23.3408642 -9.09188748E-05
  23.6815739 -0.000131344917
  24.0222721 -0.00018757151
  24.3629513 -0.000264304748
  24.7035999 -0.000367453147
  25.0442142 -0.000502565061
  25.3847752 -0.000675088086
  25.7252731 -0.000888562296
  26.065691 -0.00114377798
  26.4060173 -0.00143791502
  26.7462387 -0.00176733697
