  0.170370936 -1.02973317E-07
  0.511114717 -1.71071139E-08
  0.851858258 -1.46945013E-07
  1.1926018 -7.37600558E-08
  1.53334534 -1.19147472E-07
  1.87408876 -3.74683253E-08
  2.21483231 -3.38903732E-08
  2.55557561  1.56190669E-08
  2.89631915  2.86210415E-08
  3.23706245 -1.96432168E-08
  3.577806 -1.8084382E-08
  3.9185493 -2.69192526E-08
  4.2592926 -4.46480399E-08
  4.60003614 -1.48622235E-08
  4.94077969  5.68737732E-08
  5.28152323  4.18053965E-08
  5.62226629  7.56656959E-09
  5.96300983 -8.10377898E-09
  6.30375338 -2.08345128E-08
  6.64449692 -1.3861305E-08
  6.98523998 -7.87970933E-09
  7.32598352 -4.40399228E-09
  7.66672707 -2.46226328E-09
  8.00747013 -1.37818656E-09
  8.34821415 -7.74157294E-10
  8.68895721 -4.39780767E-10
  9.02970028 -2.58587873E-10
  9.3704443 -1.67465861E-10
  9.71118736 -1.34675326E-10
  10.0519314 -1.48794657E-10
  10.3926744 -2.14741919E-10
  10.7334175 -3.55487667E-10
  11.0741615 -6.20056118E-10
  11.4149046 -1.1006015E-09
  11.7556477 -1.96450611E-09
  12.0963917 -3.51268437E-09
  12.4371347 -6.28439434E-09
  12.7778788 -1.12450742E-08
  13.1186218 -2.01226129E-08
  13.4593649 -3.60092329E-08
  13.8001089 -6.44385096E-08
  14.140852 -1.15312901E-07
  14.481595 -2.06352865E-07
  14.8223391 -3.28649406E-07
  15.1630821 -4.84180759E-07
  15.5038252 -7.67741255E-07
  15.8445683 -1.19686024E-06
  16.1853104 -1.75852756E-06
  16.5260544 -2.60776142E-06
  16.8667965 -3.7966438E-06
  17.2075367 -5.61741763E-06
  17.5482807 -8.0949867E-06
  17.8890228 -1.16048695E-05
  18.2297592 -1.65977926E-05
  18.5704994 -2.36348187E-05
  18.9112339 -3.34608339E-05
  19.2519646 -4.71014973E-05
  19.5926933 -6.5773449E-05
  19.9334145 -9.12672476E-05
  20.2741241 -0.000125676888
  20.6148243 -0.00017184396
  20.9555073 -0.000233046201
  21.2961674 -0.000313243305
  21.6368008 -0.00041735539
  21.977396 -0.000551062403
  22.3179436 -0.000720499607
  22.6584282 -0.00093283772
  22.9988346 -0.00119567872
  23.3391514 -0.00151768618
  23.679348 -0.00190828263
  24.0194073 -0.00237852475
  24.3592987 -0.00294280658
  24.6989899 -0.00361998216
  25.0384483 -0.00443652691
  25.3776188 -0.00542928837
  25.7164459 -0.00664760452
  26.0548439 -0.00815157406
  26.3927116 -0.0100055076
  26.7299175 -0.012264289
