  0.17037043 -1.44492404E-07
  0.511114419 -1.73304571E-07
  0.851857901  2.59882516E-08
  1.19260132  4.78794746E-08
  1.5333451 -1.65611283E-07
  1.87408853  1.38017384E-07
  2.21483231  8.93623664E-08
  2.55557561  4.04392644E-08
  2.89631915  1.14423024E-07
  3.23706245 -1.28314852E-08
  3.57780576  7.43720108E-08
  3.91854906 -5.72545673E-08
  4.2592926 -5.32764943E-10
  4.60003614 -1.90352587E-08
  4.94077969 -3.58921959E-08
  5.28152323 -1.58348232E-08
  5.62226629 -8.90661056E-09
  5.96300983 -6.61102177E-08
  6.30375338 -1.13306314E-07
  6.64449692 -1.21542868E-07
  6.98523998 -1.64814509E-07
  7.32598352 -2.65058162E-07
  7.66672659 -4.17006618E-07
  8.00746918 -6.32966419E-07
  8.3482132 -9.06920263E-07
  8.68895626 -1.33429137E-06
  9.02969837 -1.90146136E-06
  9.37044144 -2.64350547E-06
  9.7111845 -3.7376476E-06
  10.0519276 -5.1994175E-06
  10.3926678 -7.17239027E-06
  10.7334089 -9.93757112E-06
  11.0741491 -1.35644641E-05
  11.4148874 -1.85445497E-05
  11.7556238 -2.51500896E-05
  12.0963602 -3.39757134E-05
  12.4370909 -4.57798924E-05
  12.7778187 -6.13023149E-05
  13.1185398 -8.1805556E-05
  13.4592543 -0.000108661756
  13.7999601 -0.000143626792
  14.1406527 -0.000188923339
  14.481328 -0.000247323129
  14.8219843 -0.000322298234
  15.1626139 -0.000417724805
  15.5032091 -0.000538781169
  15.8437605 -0.000691429246
  16.1842575 -0.000882937806
  16.5246868 -0.00112212123
  16.8650303 -0.00141929951
  17.205265 -0.00178676716
  17.5453739 -0.00223969016
  17.8853168 -0.00279574143
  18.2250633 -0.00347606069
  18.5645695 -0.00430633873
  18.9037838 -0.00531710312
  19.2426357 -0.00654514926
  19.5810585 -0.00803442113
  19.9189587 -0.00983698852
  20.2562237 -0.0120135043
  20.5927277 -0.0146335158
  20.9283199 -0.0177745651
  21.2628155 -0.0215194151
  21.5960197 -0.0259517021
  21.9276924 -0.0311487634
  22.2575817 -0.0371725522
  22.5854187 -0.0440579839
  22.9109306 -0.0518003404
  23.2338524 -0.0603437237
  23.5539436 -0.0695724636
  23.8710251 -0.0793070346
  24.1849747 -0.0893060118
  24.4957523 -0.0992743447
  24.8034306 -0.108876154
  25.1081753 -0.117750667
  25.4102726 -0.125532046
  25.710125 -0.131874308
  26.0082397 -0.136483476
  26.3052025 -0.139154106
