  0.170370743  2.40916563E-07
  0.511114717 -2.3742821E-07
  0.851858139  2.1412621E-08
  1.19260156 -2.73752256E-08
  1.53334522 -3.46931124E-08
  1.87408853 -3.81511569E-08
  2.21483207 -7.30911012E-08
  2.55557537 -8.3324295E-08
  2.89631915  3.03713321E-09
  3.23706245 -5.06469746E-08
  3.577806  1.43266092E-08
  3.9185493  5.85191717E-09
  4.2592926  3.09085824E-09
  4.60003614 -2.19603997E-08
  4.94077969 -1.92067837E-08
  5.28152323 -4.89992473E-08
  5.62226629 -6.64496724E-08
  5.96300983 -2.76676744E-08
  6.30375338  5.30023669E-08
  6.64449692  2.58929305E-08
  6.98523998  1.40338301E-08
  7.32598352  7.43720108E-09
  7.66672707  3.43108297E-09
  8.00747013  6.20072882E-10
  8.34821415 -1.97495353E-09
  8.68895721 -5.25789456E-09
  9.02970028 -1.03722533E-08
  9.3704443 -1.9099458E-08
  9.71118736 -3.44793527E-08
  10.0519314 -6.18690308E-08
  10.3926744 -1.10808813E-07
  10.7334175 -1.98345276E-07
  11.0741615 -3.14349251E-07
  11.4149046 -4.58607104E-07
  11.7556467 -7.21986169E-07
  12.0963907 -1.11498616E-06
  12.4371338 -1.6120174E-06
  12.7778769 -2.30496357E-06
  13.1186199 -3.31332967E-06
  13.4593611 -4.74462558E-06
  13.8001032 -6.69119163E-06
  14.1408443 -9.3842209E-06
  14.4815836 -1.30711769E-05
  14.8223238 -1.81832293E-05
  15.1630602 -2.51604451E-05
  15.5037956 -3.45644221E-05
  15.8445272 -4.73144428E-05
  16.1852551 -6.44795218E-05
  16.5259762 -8.72849268E-05
  16.8666878 -0.000117579308
  17.2073898 -0.000157462404
  17.5480766 -0.00020956868
  17.8887463 -0.00027717097
  18.2293911 -0.000364221225
  18.5700073 -0.000475585577
  18.9105816 -0.000617067271
  19.2511024 -0.000795267348
  19.5915623 -0.00101816142
  19.931942 -0.00129521789
  20.2722225 -0.00163741515
  20.612381 -0.00205748691
  20.9523907 -0.00257063471
  21.2922134 -0.00319533609
  21.6318169 -0.00395378983
  21.9711552 -0.00487333536
  22.3101673 -0.00598741136
  22.6487846 -0.00733814528
  22.9869328 -0.00897640176
  23.3245068 -0.010963277
  23.6613827 -0.0133699952
  23.9974194 -0.0162754618
  24.3324413 -0.0197630264
  24.6662483 -0.0239133146
  24.9986153 -0.028798623
  25.3292999 -0.0344746523
  25.6580448 -0.0409768149
  25.9845905 -0.0483166352
  26.3086815 -0.0564781874
  26.6300602 -0.0654011145
