  0.169841796 -0.000461845455
  0.510216773 -0.000745552825
  0.850449383 -0.0011245606
  1.190521 -0.00161120424
  1.53040457 -0.00221997732
  1.87006903 -0.00296985521
  2.20948219 -0.0038803576
  2.54860568 -0.00497179804
  2.88740063 -0.00626683794
  3.22582364 -0.00778811937
  3.56382918 -0.00955793075
  3.90136933 -0.0115985703
  4.23839378 -0.0139312856
  4.57484818 -0.0165759604
  4.91060686 -0.0195922032
  5.24542236 -0.0231065154
  5.57896042 -0.0272831507
  5.91083384 -0.0322909318
  6.24065685 -0.0382638723
  6.56811237 -0.0452547744
  6.89301491 -0.0532003455
  7.21526575 -0.0619459078
  7.53467369 -0.07134258
  7.85105324 -0.0812050328
  8.16429234 -0.0912819654
  8.47436523 -0.101263657
  8.7813549 -0.11079821
  9.08546162 -0.119515568
  9.38699627 -0.127052546
  9.68638611 -0.133080214
  9.98415184 -0.137326926
  10.2808867 -0.139598057
  10.5772352 -0.139787689
  10.8738575 -0.137887776
  11.1714039 -0.13398613
  11.4704828 -0.128263265
  11.7716274 -0.12097957
  12.075285 -0.112457991
  12.3817892 -0.103060707
  12.6913595 -0.0931627452
  13.0040989 -0.0831247568
  13.3199968 -0.0732688606
  13.6389532 -0.063860327
  13.9607964 -0.0550969616
  14.2852974 -0.0471071675
  14.6122007 -0.0399558209
  14.9412384 -0.0336542949
  15.2721443 -0.028173212
  15.6046696 -0.0234565716
  15.9385843 -0.0194326304
  16.2736778 -0.0160241947
  16.6097755 -0.0131556699
  16.9467125 -0.0107563669
  17.2843513 -0.00876180828
  17.6225719 -0.0071147494
  17.9612732 -0.00576390233
  18.3003616 -0.00466236006
  18.6397686 -0.00376792462
  18.979435 -0.00304260151
  19.3193035 -0.00245358888
  19.6593475 -0.00197490864
  19.999527 -0.00158663245
  20.3398151 -0.00127355079
  20.6801968 -0.00102238404
  21.020649 -0.000819467648
  21.3611565 -0.000649864145
  21.7017097 -0.000498084701
  22.0423126 -0.000353486248
  22.382967 -0.000214590837
  22.7236671 -9.05067718E-05
  23.0644131  5.5177079E-06
  23.4051819  6.59678481E-05
  23.7459641  9.630352E-05
  24.08675  0.000110536392
  24.4275417  0.000114318304
  24.7683334  9.40441969E-05
  25.1091099  3.52968782E-05
  25.4498463 -3.57306562E-05
  25.790554 -5.32795748E-05
