  0.170370683 -1.12313489E-06
  0.511112809 -2.75804905E-06
  0.85185343 -5.0560443E-06
  1.1925931 -9.77104355E-06
  1.53333044 -1.54409936E-05
  1.87406492 -2.37939294E-05
  2.21479654 -3.48224057E-05
  2.5555234 -4.92634863E-05
  2.89624548 -6.78404249E-05
  3.23696136 -9.10818708E-05
  3.5776701 -0.00011981959
  3.91837001 -0.000155177375
  4.25905991 -0.000197980276
  4.5997386 -0.000249183271
  4.94040251 -0.000311052485
  5.28104687 -0.000387023989
  5.621665 -0.000482279429
  5.96224689 -0.000603459193
  6.30278206 -0.00075846049
  6.64325714 -0.000955953205
  6.98365784 -0.00120429567
  7.32397127 -0.00151267927
  7.66417503 -0.00189441291
  8.00424385 -0.00236608787
  8.34414482 -0.00294752326
  8.68383884 -0.00366255757
  9.02328014 -0.00454027299
  9.3624115 -0.00561439525
  9.70116234 -0.00692544505
  10.0394516 -0.00852076523
  10.3771782 -0.0104553122
  10.7142248 -0.0127912145
  11.0504551 -0.0155986901
  11.3857031 -0.0189527143
  11.7197866 -0.0229326598
  12.052494 -0.0276160538
  12.3835897 -0.0330732279
  12.7128201 -0.0393580198
  13.0399189 -0.0464971103
  13.3646154 -0.0544776767
  13.686655 -0.0632350743
  14.0058098 -0.0726423189
  14.3219051 -0.082504645
  14.6348381 -0.0925608426
  14.9445953 -0.102492481
  15.251276 -0.11194095
  15.55509 -0.120531693
  15.856369 -0.127901167
  16.1555538 -0.13372317
  16.4531765 -0.137733236
  16.7498417 -0.139746994
  17.0462036 -0.139671952
  17.3429184 -0.137514308
  17.6406364 -0.133378014
  17.9399529 -0.127457842
  18.2413921 -0.120025322
  18.5453777 -0.111410178
  18.852232 -0.101974756
  19.1621513 -0.0920877308
  19.4752216 -0.0820979625
  19.7914295 -0.0723117739
  20.1106701 -0.0629783571
  20.4327698 -0.0542836785
  20.757513 -0.0463504978
  21.0846481 -0.039244514
  21.413908 -0.0329822972
  21.7450256 -0.0275424626
  22.0777531 -0.0228732433
  22.4118519 -0.0189030021
  22.7471123 -0.0155506926
  23.0833569 -0.0127366204
  23.4204273 -0.0103912791
  23.7581806 -0.00845716894
  24.0964966 -0.00688373391
  24.4352608 -0.00561458152
  24.7743759 -0.00458311196
  25.1137924 -0.00372483698
  25.4534645 -0.00300654746
  25.7933483 -0.00243123784
