  0.170371085  2.39340551E-07
  0.511114776 -3.40389477E-07
  0.851858199  2.21866216E-07
  1.1926018 -4.08629234E-07
  1.53334486 -4.92087395E-07
  1.87408781 -9.01789406E-07
  2.21483088 -1.66110181E-06
  2.55557346 -2.66260236E-06
  2.89631581 -3.85464955E-06
  3.23705769 -5.56586292E-06
  3.5777986 -7.69150392E-06
  3.91853905 -1.0699101E-05
  4.25927877 -1.43792604E-05
  4.60001755 -1.89580205E-05
  4.94075489 -2.47367207E-05
  5.28148985 -3.20390645E-05
  5.62222242 -4.14242459E-05
  5.96295261 -5.36296429E-05
  6.30367756 -6.96993593E-05
  6.64439726 -9.07803187E-05
  6.98510742 -0.000118219781
  7.32580948 -0.000153481975
  7.66649818 -0.000198323993
  8.00717163 -0.000255562365
  8.3478241 -0.000328184018
  8.68844986 -0.000419855613
  9.0290451 -0.000535465078
  9.36959839 -0.000680543832
  9.71009922 -0.000862167682
  10.0505352 -0.00108884671
  10.390892 -0.00137066445
  10.7311468 -0.00172023708
  11.0712776 -0.00215278752
  11.4112539 -0.00268613407
  11.7510424 -0.00334242708
  12.0905981 -0.00414773263
  12.4298668 -0.00513345888
  12.7687874 -0.0063368082
  13.1072826 -0.00780141167
  13.4452629 -0.00957842078
  13.7826176 -0.0117267296
  14.1192188 -0.0143127581
  14.4549179 -0.0174097512
  14.7895384 -0.021095885
  15.1228809 -0.025450848
  15.4547215 -0.0305501018
  15.7848139 -0.0364572927
  16.112896 -0.043213658
  16.4386959 -0.0508263186
  16.7619514 -0.0592554137
  17.0824108 -0.0684021711
  17.3998814 -0.0781009048
  17.7142181 -0.0881169736
  18.0253677 -0.0981529802
  18.3333817 -0.107862823
  18.6384239 -0.116874486
  18.9407692 -0.12481562
  19.2408199 -0.131341979
  19.5390682 -0.136162356
  19.8360939 -0.139059648
  20.1325302 -0.139904514
  20.4290314 -0.138663501
  20.7262478 -0.13539961
  21.0248032 -0.130267456
  21.3252449 -0.123501867
  21.6280441 -0.115401439
  21.933567 -0.106308207
  22.2420788 -0.0965846032
  22.5537186 -0.0865895003
  22.8685207 -0.0766553432
  23.1864281 -0.0670688599
  23.5072861 -0.0580551326
  23.8308887 -0.0497679785
  24.1569939 -0.0422892272
  24.4853401 -0.0356419012
  24.81567 -0.0298124831
  25.1477394 -0.0247748643
  25.4812984 -0.0204945859
  25.8161011 -0.0169047378
