  0.164228261 -0.00468011945
  0.501717806 -0.00691860681
  0.838202775 -0.00979085919
  1.17358565 -0.0133404611
  1.5077312 -0.0176178552
  1.8405031 -0.0226562172
  2.17177892 -0.0284570847
  2.50145555 -0.0349848643
  2.82945967 -0.0421664454
  3.15575099 -0.049889259
  3.48032832 -0.0580051318
  3.80323172 -0.0663378611
  4.12454176 -0.0746904984
  4.44437361 -0.0828514397
  4.76258183 -0.0906929597
  5.0785346 -0.0982970521
  5.39141512 -0.105784453
  5.70052528 -0.113172047
  6.00553608 -0.120302856
  6.30669403 -0.126836687
  6.60489845 -0.132287025
  6.90144968 -0.136106893
  7.19735289 -0.137864158
  7.49326324 -0.137462467
  7.7898221 -0.134947225
  8.08764648 -0.130456686
  8.3873024 -0.124214545
  8.68928051 -0.11651583
  8.99396801 -0.107707322
  9.30164719 -0.0981626958
  9.6124773 -0.0882560611
  9.9265089 -0.0783366263
  10.2436895 -0.0687064081
  10.5638828 -0.0596052706
  10.8868847 -0.051204849
  11.2124519 -0.0436094888
  11.5403156 -0.036863409
  11.8702049 -0.0309620798
  12.2018528 -0.0258642398
  12.5350103 -0.0215056129
  12.8694572 -0.0178085491
  13.2049932 -0.0146918688
  13.5414448 -0.0120757772
  13.8786688 -0.00988720544
  14.2165346 -0.00806214754
  14.5549412 -0.00654556695
  14.8937922 -0.00529170781
  15.2330122 -0.00426163059
  15.5725346 -0.00342216459
  15.912302 -0.00274423417
  16.2522602 -0.00220064353
  16.5923748 -0.00176691357
  16.9326153 -0.00142008485
  17.2729511 -0.00114070019
  17.6133671 -0.000912267889
  17.9538498 -0.000723535311
  18.2943859 -0.000565731898
  18.6349716 -0.00043348383
  18.9755955 -0.000322190172
  19.3162498 -0.000226426491
  19.6569347 -0.000140637319
  19.9976463 -5.99591731E-05
  20.3383846  1.71930005E-05
  20.6791534  8.66612827E-05
  21.0199471  0.00013965508
  21.360754  0.000166152895
  21.7015667  0.000161098564
  22.0423698  0.000128501677
  22.3831539  8.17436594E-05
  22.7239132  3.62949286E-05
  23.064661  7.72546628E-07
  23.4053974 -2.71158497E-05
  23.7461224 -5.22566334E-05
  24.0868378 -6.77813223E-05
  24.4275475 -5.5322831E-05
  24.7682724 -7.62507261E-06
  25.1090298  4.19568241E-05
  25.4498081  4.12153422E-05
  25.7905617 -2.22005474E-06
