  0.170341149 -3.13804849E-05
  0.51105535 -5.8444828E-05
  0.851753116 -9.75131261E-05
  1.19243157 -0.000152604291
  1.53308654 -0.000223798765
  1.87371278 -0.000316141784
  2.21430588 -0.00043212538
  2.55485845 -0.000575749611
  2.89536524 -0.000751269341
  3.23581743 -0.000963244645
  3.57620811 -0.00121628738
  3.91652775 -0.00151612016
  4.25676632 -0.00186853623
  4.59691429 -0.00227997592
  4.9369483 -0.00276461011
  5.2768302 -0.00334893214
  5.61650181 -0.00406996626
  5.95589209 -0.0049733026
  6.29491997 -0.00610933825
  6.6335001 -0.00752755953
  6.97155237 -0.00927101821
  7.30899239 -0.0113826972
  7.64569569 -0.0139257833
  7.98151398 -0.0169730037
  8.31627464 -0.02060223
  8.64977646 -0.0248926543
  8.98180008 -0.0299194343
  9.31210136 -0.035746336
  9.64041805 -0.0424159318
  9.96648026 -0.0499381945
  10.2900248 -0.0582781881
  10.6108046 -0.0673438907
  10.9286175 -0.0769786537
  11.2433147 -0.0869582295
  11.5548334 -0.0969953164
  11.8632107 -0.1067525
  12.1685915 -0.115862727
  12.471242 -0.123954371
  12.7715378 -0.130678445
  13.0699625 -0.135733575
  13.3670845 -0.138887927
  13.6635294 -0.139994755
  13.9599552 -0.139002413
  14.2570238 -0.135957673
  14.5553637 -0.131002769
  14.855546 -0.124366395
  15.1580553 -0.116348192
  15.4632778 -0.107297555
  15.7714796 -0.0975877047
  16.0828114 -0.0875874907
  16.3973083 -0.0776360333
  16.7149124 -0.0680211335
  17.0354786 -0.0589664578
  17.3588009 -0.0506263971
  17.6846428 -0.0430905372
  18.0127449 -0.036391817
  18.3428421 -0.0305207204
  18.6746807 -0.0254373066
  19.0080223 -0.0210829191
  19.3426437 -0.0173891112
  19.6783524 -0.0142832939
  20.014967 -0.0116920024
  20.3523331 -0.00954365171
  20.6903267 -0.00777025567
  21.0288315 -0.00631033443
  21.3677635 -0.00511147967
  21.7070389 -0.00413187128
  22.0466022 -0.00333874393
  22.3863907 -0.00270453934
  22.7263565 -0.0022015525
  23.0664635 -0.00179787166
  23.406683 -0.00146007736
  23.7469978 -0.00116207427
  24.0874081 -0.000895968289
  24.427906 -0.000669319765
  24.7684727 -0.000489143422
  25.109087 -0.000339971622
  25.4497509 -0.000193242944
  25.7904816 -5.79331536E-05
