  1.  0.000322291889
  2.  0.000347859808
  3.  0.000375364703
  4.  0.000404945691
  5.  0.000436747796
  6.  0.00047092521
  7.  0.000508170284
  8.  0.000548433221
  9.  0.000591741875
  10.  0.000638311205
  11.  0.00068836892
  12.  0.000742154487
  13.  0.000800817215
  14.  0.000864154077
  15.  0.000932299125
  16.  0.00100554503
  17.  0.00108421396
  18.  0.00116873998
  19.  0.00126100099
  20.  0.00136046798
  21.  0.00146739394
  22.  0.00158229796
  23.  0.00170572195
  24.  0.001838236
  25.  0.0019829399
  26.  0.00213871896
  27.  0.00230607204
  28.  0.00248579495
  29.  0.00267872191
  30.  0.00288570905
  31.  0.00311175291
  32.  0.00335466
  33.  0.00361538911
  34.  0.00389510905
  35.  0.0041950508
  36.  0.0045166011
  37.  0.00486740703
  38.  0.00524362409
  39.  0.00564687187
  40.  0.00607884582
  41.  0.00654131919
  42.  0.00703680003
  43.  0.00757559901
  44.  0.00815220177
  45.  0.00876890216
  46.  0.00942803919
  47.  0.0101319999
  48.  0.0108849499
  49.  0.0117001701
  50.  0.0125698801
  51.  0.0134969996
  52.  0.01448448
  53.  0.0155352801
  54.  0.0166556798
  55.  0.0178614408
  56.  0.0191418491
  57.  0.0205000807
  58.  0.0219392702
  59.  0.0234624501
  60.  0.0250778999
  61.  0.0268020909
  62.  0.0286206398
  63.  0.0305359308
  64.  0.03255013
  65.  0.0346651897
  66.  0.0368906111
  67.  0.03923871
  68.  0.0416912884
  69.  0.0442484505
  70.  0.0469094589
  71.  0.0496728495
  72.  0.0525463484
  73.  0.0555325896
  74.  0.0586128086
  75.  0.0617800914
  76.  0.0650283396
  77.  0.0683524907
  78.  0.0717512965
  79.  0.0752153695
  80.  0.0787248537
  81.  0.0822694525
  82.  0.0858381987
  83.  0.0894195288
  84.  0.0929990709
  85.  0.0965569094
  86.  0.100079298
  87.  0.1035522
  88.  0.1069621
  89.  0.110295303
  90.  0.113518201
  91.  0.116613798
  92.  0.119577497
  93.  0.122396298
  94.  0.125057101
  95.  0.127546594
  96.  0.129824698
  97.  0.131880805
  98.  0.1337253
  99.  0.135348603
  100.  0.136742398
  101.  0.137900099
  102.  0.138777405
  103.  0.139380395
  104.  0.139731005
  105.  0.139827698
  106.  0.139669701
  107.  0.139257103
  108.  0.138549298
  109.  0.137575105
  110.  0.136360094
  111.  0.134910598
  112.  0.133233294
  113.  0.131336004
  114.  0.129191905
  115.  0.126841396
  116.  0.1243084
  117.  0.121607199
  118.  0.118751898
  119.  0.115753002
  120.  0.112604097
  121.  0.109344997
  122.  0.105994903
  123.  0.102568798
  124.  0.0990817696
  125.  0.0955478996
  126.  0.0919785127
  127.  0.0883978307
  128.  0.0848194733
  129.  0.0812555775
  130.  0.0777172074
  131.  0.0742139891
  132.  0.0707747564
  133.  0.0673990026
  134.  0.06409318
  135.  0.0608642697
  136.  0.0577184483
  137.  0.0546611212
  138.  0.0517212488
  139.  0.0488811508
  140.  0.0461422317
  141.  0.0435061604
  142.  0.0409741588
  143.  0.0385475382
  144.  0.0362512916
  145.  0.0340572894
  146.  0.03196612
  147.  0.0299761407
  148.  0.0280847996
  149.  0.0262915399
  150.  0.0246131402
  151.  0.0230240598
  152.  0.02152141
  153.  0.0201021601
  154.  0.0187632497
  155.  0.0175042003
  156.  0.0163341407
  157.  0.0152329598
  158.  0.0141971698
  159.  0.0132241501
  160.  0.0123113999
  161.  0.0114581399
  162.  0.0106687304
  163.  0.00992881134
  164.  0.00923580676
  165.  0.00858722068
  166.  0.00798063911
  167.  0.00741601083
  168.  0.00689494982
  169.  0.00640788209
  170.  0.00595286209
  171.  0.00552803185
  172.  0.00513158878
  173.  0.00476354221
  174.  0.00442456082
  175.  0.00410827203
  176.  0.00381328911
  177.  0.00353831891
  178.  0.00328213302
  179.  0.003045002
  180.  0.00282654795
  181.  0.00262294104
  182.  0.00243325299
  183.  0.00225661392
  184.  0.00209220499
  185.  0.00194032502
  186.  0.001800386
  187.  0.00166998699
  188.  0.00154861796
  189.  0.00143571605
  190.  0.00133069104
  191.  0.00123383
  192.  0.00114453596
  193.  0.00106141705
  194.  0.000984072452
  195.  0.000912126619
  196.  0.00084522902
  197.  0.000783616328
  198.  0.000726779224
  199.  0.000673885515
  200.  0.000624681183
  201.  0.000578917272
