 -0.17037268  0.
  0.17037119 -3.66374699E-08
  0.511115074  1.01731326E-08
  0.851858497 -1.19271881E-08
  1.19260192 -1.06441131E-08
  1.53334546  4.71570649E-09
  1.87408876  2.69869922E-08
  2.21483231 -7.08012777E-08
  2.55557561 -1.02807922E-08
  2.89631915  8.03450106E-08
  3.23706245  1.75832404E-09
  3.577806 -5.48521619E-08
  3.9185493 -1.15461607E-09
  4.2592926  1.1504531E-07
  4.60003614 -9.11714224E-08
  4.94077969  5.65241116E-08
  5.28152323 -1.76076824E-08
  5.62226629 -1.15621987E-07
  5.96300983 -1.86008791E-08
  6.30375338  3.70666946E-08
  6.64449692  1.73638366E-08
  6.98523998  9.49688594E-09
  7.32598352  5.3069944E-09
  7.66672707  2.96562597E-09
  8.00747013  1.65723868E-09
  8.34821415  9.26098198E-10
  8.68895721  5.17534571E-10
  9.02970028  2.89237689E-10
  9.3704443  1.61687594E-10
  9.71118736  9.04562189E-11
  10.0519314  5.07324079E-11
  10.3926744  2.86796142E-11
  10.7334175  1.66164547E-11
  11.0741615  1.03411073E-11
  11.4149046  7.66775879E-12
  11.7556477  7.66522869E-12
  12.0963917  1.03326384E-11
  12.4371347  1.65990936E-11
  12.7778788  2.86473154E-11
  13.1186218  5.06739199E-11
  13.4593649  9.0351171E-11
  13.8001089  1.61499369E-10
  14.140852  2.88900737E-10
  14.481595  5.16931498E-10
  14.8223391  9.25018839E-10
  15.1630821  1.65530722E-09
  15.5038261  2.9621694E-09
  15.8445692  5.30080868E-09
  16.1853123  9.48581569E-09
  16.5260563  1.6974905E-08
  16.8668003  3.03766612E-08
  17.2075424  5.43591625E-08
  17.5482864  9.72759437E-08
  17.8890305  1.74075709E-07
  18.2297726  3.11509211E-07
  18.5705166  4.38237635E-07
  18.9112606  5.98402721E-07
  19.2520027  1.08621134E-06
  19.5927467  1.59473836E-06
  19.9334888  2.30111186E-06
  20.274231  3.80900042E-06
  20.614975  5.68994528E-06
  20.9557171  8.36068102E-06
  21.2964573  1.26322275E-05
  21.6371975  1.8800265E-05
  21.9779358  2.77017443E-05
  22.3186722  4.06486761E-05
  22.6594028  5.8573547E-05
  23.0001297  8.39033819E-05
  23.3408489  0.000118662269
  23.6815529  0.00016505536
  24.0222416  0.000225280077
  24.3629074  0.00030288173
  24.7035389  0.000396826916
  25.0441303  0.000506853161
  25.3846626  0.000627400761
  25.7251244  0.000750428415
  26.0655003  0.00086534291
  26.405777  0.000969726127
  26.745945  0.00109077722
