 -0.173668206  0.
  0.163448244  0.000402354257
  0.500564694  0.00103871408
  0.836570978  0.00193818007
  1.17136228  0.00313721574
  1.50479484  0.00465738727
  1.83672702  0.00649295282
  2.16703606  0.00860727299
  2.49562478  0.0109327985
  2.82243204  0.0133655714
  3.14743614  0.0157717522
  3.47066069  0.0179976802
  3.79217529  0.0198764112
  4.11209345  0.021233106
  4.43056488  0.0221675541
  4.74746656  0.023209516
  5.06215191  0.0244673304
  5.37378454  0.025576001
  5.68166351  0.0258481447
  5.98548555  0.0244964119
  6.28555441  0.0208825227
  6.58285046  0.014800583
  6.87876511  0.00683851633
  7.17437553 -0.00156304578
  7.47035265 -0.00974514149
  7.76733112 -0.0172507465
  8.06590366 -0.0236874502
  8.36660004 -0.0287676696
  8.66986084 -0.0323316678
  8.976017 -0.0343561284
  9.2852869 -0.0349397063
  9.59776783 -0.0342750847
  9.9134531 -0.0326182768
  10.2322388 -0.0302488934
  10.5539484 -0.0274363104
  10.8783503 -0.0244174786
  11.205184 -0.0213843193
  11.5341721 -0.0184776448
  11.8650446 -0.0157929435
  12.1975422 -0.0133806234
  12.5314264 -0.0112624625
  12.8664894 -0.00943287462
  13.2025442 -0.00787467323
  13.5394325 -0.00655775052
  13.8770208 -0.00544769457
  14.2151909 -0.0045125247
  14.5538502 -0.00372097781
  14.89291 -0.00305023417
  15.2323017 -0.0024813877
  15.5719643 -0.00200102897
  15.9118443 -0.00160266401
  16.251894 -0.00127759797
  16.5920811 -0.00102088391
  16.9323788 -0.000821889844
  17.2727604 -0.000671684626
  17.6132145 -0.000554735365
  17.9537296 -0.000463675096
  18.2942924 -0.000388478657
  18.6348991 -0.000326850364
  18.9755421 -0.000281187531
  19.3162117 -0.000251857215
  19.6569118 -0.000236814914
  19.9976368 -0.000226428194
  20.3383884 -0.000203844218
  20.6791687 -0.000155479691
  21.0199699 -7.77347814E-05
  21.3607826  1.48272366E-05
  21.7015934  9.56308213E-05
  22.0423908  0.000137191964
  22.3831673  0.000133366819
  22.7239189  0.000104247985
  23.064661  8.18491171E-05
  23.4053936  7.37894661E-05
  23.7461128  4.55688678E-05
  24.0868263 -3.65699962E-05
  24.4275379 -0.000139996773
  24.7682705 -0.000145497761
  25.1090374  2.17567344E-06
  25.4498158  0.000127464358
  25.7905617 -6.51604705E-06
