 -0.170373097  0.
  0.170370787  8.43448902E-08
  0.511114657 -9.12812723E-08
  0.851858139  2.58078483E-08
  1.19260156  5.161362E-09
  1.53334522  3.04873748E-09
  1.87408853  3.69651225E-08
  2.21483207  1.26307205E-08
  2.55557537 -1.21822836E-07
  2.89631915  8.51936264E-08
  3.23706245 -1.14565914E-07
  3.577806  1.64374967E-08
  3.9185493  5.84218229E-09
  4.2592926  5.74225041E-08
  4.60003614 -6.78865097E-09
  4.94077969  7.81820262E-08
  5.28152323  4.80792046E-08
  5.62226629 -1.10490149E-07
  5.96300983 -2.34299392E-07
  6.30375338  7.93927839E-08
  6.64449692  3.48002693E-08
  6.98523998  1.93595255E-08
  7.32598352  1.17569936E-08
  7.66672707  8.24963742E-09
  8.00747013  7.61578001E-09
  8.34821415  9.63463709E-09
  8.68895721  1.50094159E-08
  9.02970028  2.56122465E-08
  9.3704443  4.51362894E-08
  9.71118736  8.03821223E-08
  10.0519314  1.43626508E-07
  10.3926744  2.5689863E-07
  10.7334175  3.40443847E-07
  11.0741615  4.23362479E-07
  11.4149046  7.72955048E-07
  11.7556467  1.15336275E-06
  12.0963907  1.45866943E-06
  12.4371338  2.03363675E-06
  12.7778769  2.95932432E-06
  13.118619  4.20053402E-06
  13.4593601  5.71275496E-06
  13.8001022  7.90349441E-06
  14.1408424  1.08205368E-05
  14.4815817  1.50030373E-05
  14.8223209  2.04771968E-05
  15.1630564  2.75998154E-05
  15.5037899  3.74208757E-05
  15.8445196  5.03802185E-05
  16.1852436  6.6937253E-05
  16.5259609  8.8922643E-05
  16.8666687  0.000117075659
  17.2073631  0.000152969282
  17.5480423  0.000198482943
  17.8887005  0.000255619088
  18.2293301  0.000327075919
  18.5699272  0.000415628194
  18.9104786  0.000523649971
  19.2509708  0.000655231939
  19.5913925  0.000814833329
  19.9317265  0.00100700208
  20.2719498  0.00123705668
  20.6120377  0.00151248637
  20.9519615  0.00184326724
  21.2916813  0.00224084081
  21.6311588  0.00272107776
  21.9703426  0.00330303353
  22.3091698  0.00401394907
  22.647562  0.00488202367
  22.9854374  0.00594105804
  23.3226795  0.00722619006
  23.6591549  0.0087674316
  23.9947071  0.010587777
  24.3291473  0.0126915947
  24.662262  0.01506902
  24.9938164  0.0176868066
  25.323555  0.0205008443
  25.6512146  0.0234546885
  25.9765377  0.0264775623
  26.2992687  0.0294377673
  26.6191597  0.0320516266
