 -0.170373648  0.
  0.1703704  5.08034681E-09
  0.511114419 -7.02814091E-08
  0.851857901 -1.15800454E-08
  1.19260132  1.50576611E-07
  1.5333451 -2.67689586E-07
  1.87408853  5.1475137E-08
  2.21483231  6.03852328E-08
  2.55557561 -1.04362677E-07
  2.89631915  2.01945596E-07
  3.23706245 -1.53763253E-07
  3.57780576  2.55302609E-07
  3.91854906 -1.20018953E-07
  4.2592926  4.24114113E-08
  4.60003614  4.15583763E-08
  4.94077969 -5.26349488E-08
  5.28152323 -1.90885174E-08
  5.62226629  1.6297345E-07
  5.96300983  1.37077151E-07
  6.30375338  2.41215634E-08
  6.64449692  1.269796E-07
  6.98523998  2.94191153E-07
  7.32598352  4.45932272E-07
  7.66672659  6.33790307E-07
  8.00746918  8.0399019E-07
  8.3482132  1.25423367E-06
  8.68895626  1.66451093E-06
  9.02969837  2.17772777E-06
  9.37044144  3.21106313E-06
  9.71118355  4.28997464E-06
  10.0519266  5.790258E-06
  10.3926668  8.11526115E-06
  10.733407  1.06442758E-05
  11.0741472  1.46157681E-05
  11.4148846  1.93863943E-05
  11.75562  2.59023946E-05
  12.0963545  3.46448724E-05
  12.4370832  4.55588706E-05
  12.7778082  6.01797474E-05
  13.1185265  7.88297693E-05
  13.4592361  0.00010263711
  13.7999363  0.000132974033
  14.1406212  0.000171456675
  14.481287  0.000220147223
  14.8219309  0.000280242035
  15.1625443  0.00035558088
  15.5031195  0.000448490639
  15.8436451  0.000562844973
  16.1841106  0.000703244528
  16.5244999  0.000874198275
  16.8647938  0.00108164141
  17.2049675  0.00133420643
  17.5450001  0.00163955393
  17.8848515  0.00200829841
  18.2244835  0.00245446409
  18.5638523  0.00299319997
  18.9028969  0.00364430901
  19.2415447  0.00443082768
  19.5797195  0.00537956506
  19.9173183  0.00651994627
  20.254221  0.00788403954
  20.5902882  0.00950348563
  20.9253578  0.0114044594
  21.2592297  0.0136032868
  21.5916939  0.0160978697
  21.9225006  0.0188609362
  22.2513866  0.0218296107
  22.5780754  0.0248986781
  22.902298  0.0279174205
  23.2237949  0.0306919385
  23.5423489  0.03299262
  23.8578072  0.0345684588
  24.1700897  0.035168808
  24.4792061  0.0345623717
  24.785284  0.0325618424
  25.0885506  0.0290531386
  25.3893509  0.0240359027
  25.6881466  0.0176722091
  25.9854927  0.0103188092
  26.282011  0.00249056285
