 -0.170372471  0.
  0.17037113  1.02221961E-07
  0.511114717 -1.98281683E-07
  0.851858258  3.33520092E-07
  1.19260168  5.88638187E-08
  1.53334475  3.6120835E-07
  1.87408769  8.03326316E-07
  2.21483064  1.23614734E-06
  2.55557299  1.68153167E-06
  2.8963151  2.71562362E-06
  3.23705673  3.74812726E-06
  3.57779741  5.83362635E-06
  3.91853738  7.78711455E-06
  4.25927639  1.0495728E-05
  4.60001421  1.42470853E-05
  4.9407506  1.91638537E-05
  5.2814846  2.58595373E-05
  5.62221575  3.4776047E-05
  5.96294355  4.66781603E-05
  6.30366611  6.17466503E-05
  6.644382  8.05356103E-05
  6.98508787  0.000103511564
  7.32578373  0.000131642635
  7.66646528  0.000168050421
  8.00712872  0.000213240652
  8.34776974  0.000269218173
  8.68838024  0.000339583552
  9.02895546  0.000426248065
  9.3694849  0.000533780607
  9.70995522  0.000666447857
  10.050354  0.000828953111
  10.3906631  0.00102885591
  10.7308598  0.00127400714
  11.070919  0.00157230732
  11.4108067  0.00193691172
  11.7504854  0.00237995223
  12.0899067  0.00291806087
  12.4290113  0.00356962765
  12.7677317  0.00435553119
  13.1059828  0.00530073512
  13.4436665  0.00643206807
  13.7806635  0.00777730113
  14.1168337  0.00936420355
  14.4520159  0.0112174843
  14.7860222  0.0133546432
  15.118639  0.0157789383
  15.4496298  0.0184730925
  15.778738  0.0213885214
  16.1056938  0.0244380645
  16.4302254  0.0274872612
  16.7520752  0.0303494874
  17.0710106  0.0327908024
  17.3868637  0.0345419198
  17.6995316  0.0353230014
  18.0090084  0.0348747149
  18.3154049  0.0330012403
  18.6189442  0.0296010505
  18.9199657  0.0247011706
  19.2189293  0.0184652116
  19.5163746  0.0111899963
  19.8129177  0.00327608851
  20.1092129 -0.0048100776
  20.40592 -0.012589599
  20.7036819 -0.0196194816
  21.0030918 -0.0255399775
  21.3046608 -0.0301047321
  21.6088104 -0.0331941098
  21.9158497 -0.0348119065
  22.2259808 -0.0350689664
  22.5392876 -0.0341578536
  22.8557453 -0.032322403
  23.1752491 -0.0298342109
  23.4976101 -0.0269657001
  23.8225937 -0.0239634663
  24.1499462 -0.0210095048
  24.4794006 -0.0182035435
  24.8107014 -0.0155668082
  25.14361 -0.0131086577
  25.4778824 -0.0109124882
  25.8132839 -0.00911585987
