 -0.170373812  0.
  0.170335919  4.772995E-06
  0.511045635  1.37812922E-05
  0.851736844  2.91532942E-05
  1.19240618  5.02401454E-05
  1.53304923  8.14688465E-05
  1.87366009  0.000122814832
  2.21423388  0.00017747219
  2.5547626  0.000247935706
  2.89524007  0.000336967874
  3.23565698  0.000447108148
  3.57600546  0.000583004265
  3.91627502  0.000747898186
  4.25645494  0.000946410932
  4.59653425  0.00119978585
  4.93648767  0.00154117635
  5.27627182  0.00199913816
  5.61582327  0.00259416946
  5.95506334  0.00333300419
  6.29390192  0.00420666207
  6.63224554  0.00519791432
  6.97000742  0.00631921878
  7.30709505  0.00764352642
  7.64337492  0.00920710526
  7.97868538  0.0110351183
  8.31284046  0.0131441019
  8.64562798  0.0155375013
  8.97681332  0.018199129
  9.30614376  0.0210836846
  9.63334846  0.0241090264
  9.95815754  0.0271477476
  10.2803116  0.0300207958
  10.5995808  0.0325041898
  10.9157877  0.0343372375
  11.2288218  0.0352432989
  11.5386677  0.0349624008
  11.8454189  0.0332876854
  12.1492815  0.0301018395
  12.4505825  0.0254077502
  12.7497578  0.0193415619
  13.0473404  0.0121751046
  13.3439369  0.00429158891
  13.6401968 -0.00384818646
  13.9367886 -0.0117561575
  14.2343645 -0.018968923
  14.5335302 -0.0250955466
  14.8348179 -0.0298561007
  15.1386642 -0.0331043936
  15.4453945 -0.0348322913
  15.7552147 -0.0351563953
  16.0682125 -0.0342838317
  16.3843689 -0.0324797668
  16.7035751 -0.0300246924
  17.02565 -0.0271849651
  17.3503628 -0.0241852663
  17.6774616 -0.0212035645
  18.0066795 -0.0183597095
  18.3377552 -0.015730083
  18.6704407 -0.013353019
  19.004509 -0.01124065
  19.3397465 -0.00939038675
  19.675972 -0.00779253524
  20.0130177 -0.00643167598
  20.3507423 -0.00528957322
  20.6890316 -0.00434134481
  21.0277805 -0.00355611485
  21.3669109 -0.00289980834
  21.7063503 -0.00234386558
  22.0460453 -0.00187170634
  22.3859406 -0.00148289674
  22.7259903 -0.00118915632
  23.066164 -0.000994413043
  23.4064388 -0.000876761274
  23.7468033 -0.00078247994
  24.0872593 -0.000666118052
  24.4277954 -0.0005293258
  24.7683907 -0.000438115298
  25.1090298 -0.000430817396
  25.4497185 -0.000397125463
  25.790472 -0.000169959138
