 -0.170562878  0.
  0.169764817  5.0133669E-05
  0.510092497  0.000134060232
  0.850261986  0.000258443586
  1.19025242  0.000431547989
  1.53003454  0.000665324624
  1.86957407  0.000970845169
  2.20883536  0.0013600525
  2.54777694  0.0018478781
  2.88635612  0.0024474056
  3.22452569  0.00317141972
  3.56223631  0.004033498
  3.89943624  0.00504539162
  4.23607206  0.00621768599
  4.57208538  0.00765857846
  4.90734148  0.00955179799
  5.24157143  0.0120100155
  5.5744133  0.0150401136
  5.90545225  0.0185159333
  6.23427963  0.0221692137
  6.56056976  0.0256454758
  6.88414812  0.028696904
  7.20494127  0.0313849337
  7.52278328  0.0335743278
  7.83751917  0.0349959508
  8.14907837  0.0353764929
  8.45748806  0.0344737321
  8.76288891  0.0321198069
  9.06554222  0.0282459855
  9.36582088  0.0229143631
  9.6642065  0.0163206607
  9.96126366  0.00878879894
  10.2576199  0.000735808397
  10.553937 -0.00735790748
  10.8508759 -0.0150164049
  11.1490726 -0.021801034
  11.4491053 -0.0273673795
  11.7514639 -0.0314912386
  12.0565424 -0.0340852141
  12.3646126 -0.0351937339
  12.6758327 -0.0349724069
  12.9902449 -0.0336543545
  13.307785 -0.0315133892
  13.6283102 -0.0288284328
  13.9516134 -0.0258546099
  14.2774458 -0.0228024963
  14.6055412 -0.019832937
  14.9356289 -0.0170563608
  15.2674484 -0.0145349605
  15.6007605 -0.0122973844
  15.9353456 -0.0103429742
  16.2710075 -0.00865288451
  16.6075821 -0.00720139174
  16.9449196 -0.00596168963
  17.2828903 -0.00490608485
  17.6213856 -0.00401239563
  17.9603119 -0.00326435477
  18.2995853 -0.002645656
  18.6391411 -0.00214220025
  18.9789276 -0.00173748832
  19.3188953 -0.00141061959
  19.6590176 -0.00114328077
  19.9992619 -0.000921263127
  20.3396034 -0.000738687697
  20.680027 -0.000596536323
  21.0205116 -0.000498437905
  21.3610477 -0.00044592825
  21.7016258 -0.000424711528
  22.0422535 -0.000407842075
  22.3829308 -0.000364245556
  22.7236519 -0.000281808199
  23.0644131 -0.000177377835
  23.4051933 -8.90075171E-05
  23.7459793 -4.17595911E-05
  24.0867691 -1.10959973E-05
  24.4275608  5.94825287E-05
  24.7683487  0.000172375643
  25.1091156  0.000208457117
  25.4498405  5.1512674E-05
  25.7905445 -0.000156371578
