 -1.89502389E-05  3.21865082E-06
  0.340690762  1.5232712E-05
  0.681391239  3.52561474E-05
  0.681391239 -0.120147705
  0.681391239  3.52561474E-05
  1.02207148  6.72191381E-05
  1.36272776  0.000114232302
  1.70335472  0.000180751085
  2.04394698  0.000270545483
  2.38449812  0.000389307737
  2.38449812 -0.420451403
  2.38449812  0.000389307737
  2.72500134  0.000542640686
  3.06544852  0.000737249851
  3.40583134  0.000980138779
  3.74614  0.00127929449
  4.08636522  0.00164443254
  4.42649508  0.00208437443
  4.76651049  0.00260829926
  5.10637951  0.00322687626
  5.10637951 -0.893483698
  5.10637951  0.00322687626
  5.44604778  0.00395953655
  5.78544378  0.0048379302
  6.12448311  0.00590604544
  6.46307373  0.0072209239
  6.80112648  0.00884652138
  7.13855124  0.0108453035
  7.47523499  0.0132733583
  7.47523499 -1.
  7.47523499  0.0132733583
  7.81102991  0.016202569
  8.14576244  0.0197173357
  8.47923374  0.0239061117
  8.81122112  0.0288575888
  9.14147854  0.0346580744
  9.46974564  0.0413765907
  9.79575253  0.049057126
  10.1192341  0.0577021837
  10.4399471  0.0672585964
  10.7576847  0.0775991678
  11.0723038  0.0885179043
  11.3837452  0.0997158289
  11.6920433  0.110816002
  11.9973507  0.121373653
  12.2999315  0.130908251
  12.6001692  0.138940811
  12.8985491  0.145036459
  13.1956387  0.148847103
  13.4920664  0.150148392
  13.7884932  0.148861885
  14.085577  0.145064116
  14.3839474  0.138979435
  14.6841745  0.130956769
  14.9867411  0.121432781
  15.2920284  0.110889554
  15.6003046  0.099811554
  15.9117136  0.0886440277
  16.2262897  0.0777662992
  16.543972  0.0674726963
  16.8646126  0.0579662323
  17.1880054  0.049364686
  17.5139122  0.0417151451
  17.8420715  0.0350093842
  18.1722164  0.0291998386
  18.5040989  0.0242187977
  18.8374748  0.0199861526
  19.1721287  0.0164197683
  19.5078583  0.0134401321
  19.8444939  0.0109692812
  20.181881  0.00893270969
  20.5198879  0.00725972652
  20.8584061  0.00588643551
  21.1973457  0.0047596693
  21.5366306  0.00383675098
  21.8761978  0.00308954716
  22.2159939  0.00249671936
  22.5559654  0.00203692913
  22.8960762  0.00167834759
  23.2363014  0.00138056278
  23.576622  0.00110721588
  23.9170303  0.000844240189
  24.2575283  0.000609874725
  24.5980949  0.00043284893
  24.9387112  0.000306010246
  25.2793751  0.00016450882
  25.6200962 -3.60608101E-05
  25.9608803 -0.000207364559
