 -1.63092568E-06  1.1920929E-07
  0.340742409  6.70552254E-08
  0.681486189  5.21540642E-08
  0.681486189 -0.120164454
  0.681486189  5.21540642E-08
  1.02222967  1.04308128E-07
  1.36297321  0.
  1.70371687 -2.98023224E-08
  2.04446054 -5.96046448E-08
  2.38520384  5.96046448E-08
  2.38520384 -0.420575798
  2.38520384  5.96046448E-08
  2.72594738  2.98023224E-08
  3.06669092 -5.96046448E-08
  3.40743423  0.
  3.74817729  5.96046448E-08
  4.08892107 -5.96046448E-08
  4.42966461 -1.1920929E-07
  4.77040768  5.96046448E-08
  5.11115122 -5.96046448E-08
  5.11115122 -0.89418608
  5.11115122 -5.96046448E-08
  5.45189476 -5.96046448E-08
  5.7926383  1.1920929E-07
  6.13338184  1.78813934E-07
  6.47412491  0.
  6.81486845  5.96046448E-08
  7.15561199  1.1920929E-07
  7.49635458  2.38418579E-07
  7.49635458 -1.
  7.49635458  2.38418579E-07
  7.83709812  4.76837158E-07
  8.17784119  7.15255737E-07
  8.51858425  1.07288361E-06
  8.85932827  1.54972076E-06
  9.20007038  2.14576721E-06
  9.54081249  3.33786011E-06
  9.8815546  4.529953E-06
  10.2222958  6.07967377E-06
  10.5630379  8.70227814E-06
  10.9037771  1.18017197E-05
  11.2445154  1.63316727E-05
  11.5852528  2.19345093E-05
  11.9259872  2.99215317E-05
  12.2667189  4.06503677E-05
  12.6074457  5.47170639E-05
  12.9481668  7.31945038E-05
  13.2888823  9.75131989E-05
  13.6295862  0.000129580498
  13.9702778  0.000171065331
  14.310955  0.00022482872
  14.6516094  0.000294208527
  14.9922371  0.00038254261
  15.3328314  0.000495314598
  15.6733818  0.000637888908
  16.0138779  0.000817298889
  16.3543053  0.00104188919
  16.6946468  0.00132155418
  17.0348797  0.00166809559
  17.3749828  0.00209641457
  17.7149258  0.00262260437
  18.0546665  0.00326728821
  18.3941689  0.00405466557
  18.7333736  0.00501430035
  19.0722198  0.00618135929
  19.4106331  0.00759875774
  19.748518  0.00931727886
  20.0857697  0.0113976002
  20.4222546  0.0139112473
  20.7578239  0.0169398785
  21.0922947  0.02057302
  21.4254627  0.0249073505
  21.7570972  0.0300382376
  22.0869446  0.0360534191
  22.4147301  0.0430172682
  22.7401867  0.0509614944
  23.0630455  0.059866786
  23.38307  0.0696499348
  23.700079  0.0801541805
  24.0139484  0.0911432505
  24.3246498  0.102306962
  24.632246  0.113263845
  24.9369164  0.123580337
  25.2389507  0.13278234
  25.5387478  0.140388846
  25.8368206  0.145953059
  26.1337528  0.149142146
  26.4301815  0.149837732
