 -4.31960416E-07  0.
  0.340741426  5.66244125E-07
  0.681482494  1.85519457E-06
  0.681482494 -0.120163798
  0.681482494  1.85519457E-06
  1.02222204  3.88920307E-06
  1.36295962  7.56978989E-06
  1.70369446  1.29938126E-05
  2.04442596  2.0891428E-05
  2.38515282  3.21567059E-05
  2.38515282 -0.420566797
  2.38515282  3.21567059E-05
  2.7258749  4.74154949E-05
  3.06659031  6.75916672E-05
  3.40729809  9.38773155E-05
  3.74799705  0.000127315521
  4.08868551  0.000169813633
  4.4293623  0.000221967697
  4.77002335  0.000286340714
  5.11066628  0.000364243984
  5.11066628 -0.894114792
  5.11066628  0.000364243984
  5.45128345  0.000458598137
  5.79186535  0.000574409962
  6.13240147  0.00071823597
  6.47287655  0.000899553299
  6.81327772  0.00112837553
  7.15358829  0.00141572952
  7.4937892  0.00177371502
  7.4937892 -1.
  7.4937892  0.00177371502
  7.8338542  0.00221657753
  8.17375088  0.00276386738
  8.51344109  0.00343871117
  8.85287666  0.00426828861
  9.19199944  0.0052857399
  9.53074169  0.00653040409
  9.86901951  0.00804889202
  10.2067327  0.0098965168
  10.5437651  0.0121353865
  10.8799744  0.0148380995
  11.2151995  0.0180854797
  11.5492554  0.0219638348
  11.8819284  0.0265637636
  12.212985  0.0319738388
  12.5421686  0.0382725
  12.8692141  0.0455182791
  13.1938524  0.0537350178
  13.5158262  0.0628967285
  13.8349094  0.0729122162
  14.1509295  0.0836114883
  14.4637833  0.0947362185
  14.7734623  0.105941534
  15.0800667  0.116806865
  15.38381  0.126861334
  15.6850262  0.135618091
  15.9841595  0.142615199
  16.281744  0.147461057
  16.5783844  0.149874806
  16.8747368  0.149713635
  17.1714611  0.146991372
  17.469202  0.141873717
  17.7685585  0.134663463
  18.0700493  0.125764012
  18.3740978  0.115643501
  18.6810226  0.104784727
  18.9910202  0.0936467648
  19.3041706  0.0826318264
  19.6204567  0.0720636845
  19.9397755  0.0621798038
  20.2619495  0.0531364679
  20.5867558  0.0450168848
  20.9139481  0.0378475189
  21.2432594  0.0316102505
  21.5744209  0.0262548923
  21.9071884  0.0217061043
  22.2413216  0.0178729296
  22.5766106  0.0146584511
  22.912878  0.0119693279
  23.2499657  0.00972986221
  23.5877342  0.00788497925
  23.9260597  0.00639736652
  24.2648373  0.00521945953
  24.6039696  0.00428080559
  24.9433918  0.00349271297
  25.2830677  0.0028026104
  25.6229553  0.00224030018
  25.9630032  0.00183999538
