 -6.72335887E-07  0.
  0.340742946  2.23517418E-08
  0.681486487 -2.23517418E-08
  0.681486487 -0.120164514
  0.681486487 -2.23517418E-08
  1.02223003  1.49011612E-08
  1.36297321  4.02331352E-07
  1.70371628  5.36441803E-07
  2.0444591  9.83476639E-07
  2.38520169  1.63912773E-06
  2.38520169 -0.42057544
  2.38520169  1.63912773E-06
  2.72594404  2.56299973E-06
  3.06668591  3.93390656E-06
  3.40742707  5.84125519E-06
  3.74816728  8.40425491E-06
  4.08890676  1.19805336E-05
  4.42964554  1.61528587E-05
  4.7703824  2.19941139E-05
  5.11111736  2.92062759E-05
  5.11111736 -0.894181073
  5.11111736  2.92062759E-05
  5.45185041  3.81469727E-05
  5.79258013  4.92930412E-05
  6.13330507  6.38961792E-05
  6.47402382  8.31484795E-05
  6.81473494  0.000108063221
  7.15543604  0.000140309334
  7.49612427  0.000181674957
  7.49612427 -1.
  7.49612427  0.000181674957
  7.83679676  0.000234723091
  8.17744923  0.00030195713
  8.51807499  0.000387191772
  8.85866833  0.000495195389
  9.1992197  0.000630497932
  9.53971958  0.000800251961
  9.88015461  0.00101232529
  10.2205086  0.00127720833
  10.5607615  0.00160551071
  10.9008894  0.00201296806
  11.2408628  0.00251555443
  11.5806465  0.00313556194
  11.9201956  0.00389707088
  12.2594595  0.00483083725
  12.5983715  0.00597298145
  12.9368572  0.00736618042
  13.2748251  0.00906133652
  13.6121655  0.0111173391
  13.9487486  0.0136020184
  14.2844257  0.0165920258
  14.6190195  0.0201719999
  14.9523296  0.0244327784
  15.2841349  0.0294644833
  15.6141834  0.0353528261
  15.9422159  0.0421689749
  16.2679596  0.0499540567
  16.5911503  0.0587080717
  16.9115429  0.0683709383
  17.2289371  0.0788066387
  17.5431976  0.089794755
  17.854269  0.101024389
  18.1622066  0.112102628
  18.4671745  0.122573256
  18.769455  0.131949902
  19.0694466  0.139754534
  19.3676529  0.14556396
  19.6646481  0.14905107
  19.9610653  0.150017262
  20.2575665  0.14841342
  20.5548019  0.144345164
  20.8533859  0.138056397
  21.1538754  0.129903555
  21.4567356  0.120316982
  21.7623291  0.109765172
  22.0709152  0.0987092257
  22.3826332  0.0875767469
  22.6975155  0.0767360926
  23.0154972  0.0664814711
  23.3364296  0.0570247173
  23.6601028  0.0484876633
  23.986269  0.0409113169
  24.3146725  0.0342670679
  24.645052  0.0284938812
  24.9771557  0.0235352516
  25.3107471  0.0193611383
  25.6455841  0.0159243345
  25.9814587  0.0130628347
