  0.00000000E+00 -0.59604645E-07
  0.84918812E-01 -0.14973581E-01
  0.16983762E+00 -0.29946983E-01
  0.25475645E+00 -0.44920504E-01
  0.33967525E+00 -0.59894025E-01
  0.42459404E+00 -0.74867427E-01
  0.50951290E+00 -0.89840949E-01
  0.59443170E+00 -0.10481441E+00
  0.67935050E+00 -0.11978787E+00
  0.76426929E+00 -0.13476133E+00
  0.84918809E+00 -0.14973485E+00
  0.93410695E+00 -0.16470826E+00
  0.10190258E+01 -0.17968178E+00
  0.11039445E+01 -0.19465518E+00
  0.11888634E+01 -0.20962870E+00
  0.12737821E+01 -0.22460222E+00
  0.13587010E+01 -0.23957574E+00
  0.14436198E+01 -0.25454915E+00
  0.15285386E+01 -0.26952267E+00
  0.16134574E+01 -0.28449607E+00
  0.16983762E+01 -0.29946959E+00
  0.17832950E+01 -0.31444311E+00
  0.18682139E+01 -0.32941657E+00
  0.19531326E+01 -0.34439003E+00
  0.20380516E+01 -0.35936350E+00
  0.21229703E+01 -0.37433696E+00
  0.22078891E+01 -0.38931042E+00
  0.22928078E+01 -0.40428388E+00
  0.23777268E+01 -0.41925740E+00
  0.24626455E+01 -0.43423086E+00
  0.25475643E+01 -0.44920433E+00
  0.26324832E+01 -0.46417785E+00
  0.27174020E+01 -0.47915131E+00
  0.28023207E+01 -0.49412477E+00
  0.28872397E+01 -0.50909823E+00
  0.29721584E+01 -0.52407169E+00
  0.30570772E+01 -0.53904521E+00
  0.31419961E+01 -0.55401868E+00
  0.32269149E+01 -0.56899214E+00
  0.33118336E+01 -0.58396560E+00
  0.33967524E+01 -0.59893906E+00
  0.34816713E+01 -0.61391258E+00
  0.35665901E+01 -0.62888604E+00
  0.36515088E+01 -0.64385951E+00
  0.37364278E+01 -0.65883303E+00
  0.38213465E+01 -0.67380643E+00
  0.39062653E+01 -0.68877995E+00
  0.39911842E+01 -0.70375347E+00
  0.40761032E+01 -0.71872693E+00
  0.41610217E+01 -0.73370039E+00
  0.42459407E+01 -0.74867386E+00
  0.43308592E+01 -0.76364660E+00
  0.44157782E+01 -0.77860826E+00
  0.45006971E+01 -0.79352939E+00
  0.45856156E+01 -0.80836415E+00
  0.46705346E+01 -0.82305443E+00
  0.47554536E+01 -0.83753240E+00
  0.48403721E+01 -0.85172462E+00
  0.49252911E+01 -0.86555439E+00
  0.50102100E+01 -0.87894464E+00
  0.50951285E+01 -0.89182025E+00
  0.51800475E+01 -0.90411043E+00
  0.52649665E+01 -0.91575021E+00
  0.53498850E+01 -0.92668235E+00
  0.54348040E+01 -0.93685877E+00
  0.55197229E+01 -0.94624150E+00
  0.56046414E+01 -0.95480353E+00
  0.56895604E+01 -0.96252948E+00
  0.57744794E+01 -0.96941596E+00
  0.58593979E+01 -0.97547156E+00
  0.59443169E+01 -0.98071665E+00
  0.60292358E+01 -0.98518312E+00
  0.61141543E+01 -0.98891336E+00
  0.61990733E+01 -0.99195957E+00
  0.62839923E+01 -0.99438250E+00
  0.63689108E+01 -0.99624985E+00
  0.64538298E+01 -0.99763447E+00
  0.65387487E+01 -0.99861270E+00
  0.66236672E+01 -0.99926162E+00
  0.67085862E+01 -0.99965703E+00
  0.67935047E+01 -0.99987024E+00
  0.68784237E+01 -0.99996525E+00
  0.69633427E+01 -0.99999541E+00
  0.70482612E+01 -0.99999994E+00
  0.71331801E+01 -0.10000000E+01
  0.72180991E+01 -0.10000000E+01
  0.73030176E+01 -0.10000000E+01
  0.73879366E+01 -0.10000000E+01
  0.74728556E+01 -0.10000000E+01
  0.75577741E+01 -0.10000000E+01
  0.76426930E+01 -0.10000000E+01
  0.77276120E+01 -0.10000000E+01
  0.78125305E+01 -0.10000000E+01
  0.78974495E+01 -0.10000000E+01
  0.79823685E+01 -0.10000000E+01
  0.80672874E+01 -0.10000000E+01
  0.81522064E+01 -0.10000000E+01
  0.82371244E+01 -0.10000000E+01
  0.83220434E+01 -0.10000000E+01
  0.84069624E+01 -0.10000000E+01
  0.84918814E+01 -0.10000000E+01
  0.85768003E+01 -0.10000000E+01
  0.86617184E+01 -0.10000000E+01
  0.87466373E+01 -0.10000000E+01
  0.88315563E+01 -0.10000000E+01
  0.89164753E+01 -0.10000000E+01
  0.90013943E+01 -0.10000000E+01
  0.90863132E+01 -0.10000000E+01
  0.91712313E+01 -0.10000000E+01
  0.92561502E+01 -0.10000000E+01
  0.93410692E+01 -0.10000000E+01
  0.94259882E+01 -0.10000000E+01
  0.95109072E+01 -0.10000000E+01
  0.95958261E+01 -0.10000000E+01
  0.96807442E+01 -0.10000000E+01
  0.97656631E+01 -0.10000000E+01
  0.98505821E+01 -0.10000000E+01
  0.99355011E+01 -0.10000000E+01
  0.10020420E+02 -0.10000000E+01
  0.10105339E+02 -0.10000000E+01
  0.10190257E+02 -0.10000000E+01
  0.10275176E+02 -0.10000000E+01
  0.10360095E+02 -0.10000000E+01
  0.10445014E+02 -0.10000000E+01
  0.10529933E+02 -0.10000000E+01
  0.10614852E+02 -0.10000000E+01
  0.10699770E+02 -0.10000000E+01
  0.10784689E+02 -0.10000000E+01
  0.10869608E+02 -0.10000000E+01
  0.10954527E+02 -0.10000000E+01
  0.11039446E+02 -0.10000000E+01
  0.11124364E+02 -0.10000000E+01
  0.11209283E+02 -0.10000000E+01
  0.11294202E+02 -0.10000000E+01
  0.11379121E+02 -0.10000000E+01
  0.11464040E+02 -0.10000000E+01
  0.11548959E+02 -0.10000000E+01
  0.11633877E+02 -0.10000000E+01
  0.11718796E+02 -0.10000000E+01
  0.11803715E+02 -0.10000000E+01
  0.11888634E+02 -0.10000000E+01
  0.11973553E+02 -0.10000000E+01
  0.12058472E+02 -0.10000000E+01
  0.12143390E+02 -0.10000000E+01
  0.12228309E+02 -0.10000000E+01
  0.12313228E+02 -0.10000000E+01
  0.12398147E+02 -0.10000000E+01
  0.12483066E+02 -0.10000000E+01
  0.12567985E+02 -0.10000000E+01
  0.12652903E+02 -0.10000000E+01
  0.12737822E+02 -0.10000000E+01
  0.12822741E+02 -0.10000000E+01
  0.12907660E+02 -0.10000000E+01
  0.12992579E+02 -0.10000000E+01
  0.13077497E+02 -0.10000000E+01
  0.13162416E+02 -0.10000000E+01
  0.13247334E+02 -0.10000000E+01
  0.13332253E+02 -0.10000000E+01
  0.13417172E+02 -0.10000000E+01
  0.13502091E+02 -0.10000000E+01
  0.13587009E+02 -0.10000000E+01
  0.13671928E+02 -0.10000000E+01
  0.13756847E+02 -0.10000000E+01
  0.13841766E+02 -0.10000000E+01
  0.13926685E+02 -0.10000000E+01
  0.14011604E+02 -0.10000000E+01
  0.14096522E+02 -0.10000000E+01
  0.14181441E+02 -0.10000000E+01
  0.14266360E+02 -0.10000000E+01
  0.14351279E+02 -0.10000000E+01
  0.14436198E+02 -0.10000000E+01
  0.14521117E+02 -0.10000000E+01
  0.14606035E+02 -0.10000000E+01
  0.14690954E+02 -0.10000000E+01
  0.14775873E+02 -0.10000000E+01
  0.14860792E+02 -0.10000000E+01
  0.14945711E+02 -0.10000000E+01
  0.15030630E+02 -0.10000000E+01
  0.15115548E+02 -0.10000000E+01
  0.15200467E+02 -0.10000000E+01
  0.15285386E+02 -0.10000000E+01
  0.15370305E+02 -0.10000000E+01
  0.15455224E+02 -0.10000000E+01
  0.15540143E+02 -0.10000000E+01
  0.15625061E+02 -0.10000000E+01
  0.15709980E+02 -0.10000000E+01
  0.15794899E+02 -0.10000000E+01
  0.15879818E+02 -0.10000000E+01
  0.15964737E+02 -0.10000000E+01
  0.16049656E+02 -0.10000000E+01
  0.16134575E+02 -0.10000000E+01
  0.16219494E+02 -0.10000000E+01
  0.16304413E+02 -0.10000000E+01
  0.16389330E+02 -0.10000000E+01
  0.16474249E+02 -0.10000000E+01
  0.16559168E+02 -0.10000000E+01
  0.16644087E+02 -0.10000000E+01
  0.16729006E+02 -0.10000000E+01
  0.16813925E+02 -0.10000000E+01
  0.16898844E+02 -0.10000000E+01
  0.16983763E+02 -0.10000000E+01
  0.17068682E+02 -0.10000000E+01
  0.17153601E+02 -0.10000000E+01
  0.17238520E+02 -0.10000000E+01
  0.17323437E+02 -0.10000000E+01
  0.17408356E+02 -0.10000000E+01
  0.17493275E+02 -0.10000000E+01
  0.17578194E+02 -0.10000000E+01
  0.17663113E+02 -0.10000000E+01
  0.17748032E+02 -0.10000000E+01
  0.17832951E+02 -0.10000000E+01
  0.17917870E+02 -0.10000000E+01
  0.18002789E+02 -0.10000000E+01
  0.18087708E+02 -0.10000000E+01
  0.18172626E+02 -0.10000000E+01
  0.18257545E+02 -0.10000000E+01
  0.18342463E+02 -0.10000000E+01
  0.18427382E+02 -0.10000000E+01
  0.18512300E+02 -0.10000000E+01
  0.18597219E+02 -0.10000000E+01
  0.18682138E+02 -0.10000000E+01
  0.18767057E+02 -0.10000000E+01
  0.18851976E+02 -0.10000000E+01
  0.18936895E+02 -0.10000000E+01
  0.19021814E+02 -0.10000000E+01
  0.19106733E+02 -0.10000000E+01
  0.19191652E+02 -0.10000000E+01
  0.19276569E+02 -0.10000000E+01
  0.19361488E+02 -0.10000000E+01
  0.19446407E+02 -0.10000000E+01
  0.19531326E+02 -0.10000000E+01
  0.19616245E+02 -0.10000000E+01
  0.19701164E+02 -0.10000000E+01
  0.19786083E+02 -0.10000000E+01
  0.19871002E+02 -0.10000000E+01
  0.19955921E+02 -0.10000000E+01
  0.20040840E+02 -0.10000000E+01
  0.20125759E+02 -0.10000000E+01
  0.20210678E+02 -0.10000000E+01
  0.20295595E+02 -0.10000000E+01
  0.20380514E+02 -0.10000000E+01
  0.20465433E+02 -0.10000000E+01
  0.20550352E+02 -0.10000000E+01
  0.20635271E+02 -0.10000000E+01
  0.20720190E+02 -0.10000000E+01
  0.20805109E+02 -0.10000000E+01
  0.20890028E+02 -0.10000000E+01
  0.20974947E+02 -0.10000000E+01
  0.21059866E+02 -0.10000000E+01
  0.21144785E+02 -0.10000000E+01
  0.21229704E+02 -0.10000000E+01
  0.21314621E+02 -0.10000000E+01
  0.21399540E+02 -0.10000000E+01
  0.21484459E+02 -0.10000000E+01
  0.21569378E+02 -0.10000000E+01
  0.21654297E+02 -0.10000000E+01
  0.21739216E+02 -0.10000000E+01
  0.21824135E+02 -0.10000000E+01
  0.21909054E+02 -0.10000000E+01
  0.21993973E+02 -0.10000000E+01
  0.22078892E+02 -0.10000000E+01
  0.22163811E+02 -0.10000000E+01
  0.22248728E+02 -0.10000000E+01
  0.22333647E+02 -0.10000000E+01
  0.22418566E+02 -0.10000000E+01
  0.22503485E+02 -0.10000000E+01
  0.22588404E+02 -0.10000000E+01
  0.22673323E+02 -0.10000000E+01
  0.22758242E+02 -0.10000000E+01
  0.22843161E+02 -0.10000000E+01
  0.22928080E+02 -0.10000000E+01
  0.23012999E+02 -0.10000000E+01
  0.23097918E+02 -0.10000000E+01
  0.23182837E+02 -0.10000000E+01
  0.23267754E+02 -0.10000000E+01
  0.23352673E+02 -0.10000000E+01
  0.23437592E+02 -0.10000000E+01
  0.23522511E+02 -0.10000000E+01
  0.23607430E+02 -0.10000000E+01
  0.23692348E+02 -0.10000000E+01
  0.23777267E+02 -0.10000000E+01
  0.23862186E+02 -0.10000000E+01
  0.23947105E+02 -0.10000000E+01
  0.24032024E+02 -0.10000000E+01
  0.24116943E+02 -0.10000000E+01
  0.24201862E+02 -0.10000000E+01
  0.24286779E+02 -0.10000000E+01
  0.24371698E+02 -0.10000000E+01
  0.24456617E+02 -0.10000000E+01
  0.24541536E+02 -0.10000000E+01
  0.24626455E+02 -0.10000000E+01
  0.24711374E+02 -0.10000000E+01
  0.24796293E+02 -0.10000000E+01
  0.24881212E+02 -0.10000000E+01
  0.24966131E+02 -0.10000000E+01
  0.25051050E+02 -0.10000000E+01
  0.25135969E+02 -0.10000000E+01
  0.25220886E+02 -0.10000000E+01
  0.25305805E+02 -0.10000000E+01
  0.25390724E+02 -0.10000000E+01
  0.25475643E+02 -0.10000000E+01
  0.25560562E+02 -0.10000000E+01
  0.25645481E+02 -0.10000000E+01
  0.25730400E+02 -0.10000000E+01
  0.25815319E+02 -0.10000000E+01
  0.25900238E+02 -0.10000000E+01
  0.25985157E+02 -0.10000000E+01
  0.26070076E+02 -0.10000000E+01
  0.26154995E+02 -0.10000000E+01
  0.26239912E+02 -0.10000000E+01
  0.26324831E+02 -0.10000000E+01
  0.26409750E+02 -0.10000000E+01
  0.26494669E+02 -0.10000000E+01
  0.26579588E+02 -0.10000000E+01
  0.26664507E+02 -0.10000000E+01
  0.26749426E+02 -0.10000000E+01
  0.26834345E+02 -0.10000000E+01
  0.26919264E+02 -0.10000000E+01
  0.27004183E+02 -0.10000000E+01
  0.27089102E+02 -0.10000000E+01
  0.27174019E+02 -0.10000000E+01
  0.27258938E+02 -0.10000000E+01
  0.27343857E+02 -0.10000000E+01
  0.27428776E+02 -0.10000000E+01
  0.27513695E+02 -0.10000000E+01
  0.27598614E+02 -0.10000000E+01
  0.27683533E+02 -0.10000000E+01
  0.27768452E+02 -0.10000000E+01
  0.27853371E+02 -0.10000000E+01
  0.27938290E+02 -0.10000000E+01
  0.28023209E+02 -0.10000000E+01
  0.28108128E+02 -0.10000000E+01
  0.28193045E+02 -0.10000000E+01
  0.28277964E+02 -0.10000000E+01
  0.28362883E+02 -0.10000000E+01
  0.28447802E+02 -0.10000000E+01
  0.28532721E+02 -0.10000000E+01
  0.28617640E+02 -0.10000000E+01
  0.28702559E+02 -0.10000000E+01
  0.28787477E+02 -0.10000000E+01
  0.28872396E+02 -0.10000000E+01
  0.28957315E+02 -0.10000000E+01
  0.29042234E+02 -0.10000000E+01
  0.29127153E+02 -0.10000000E+01
  0.29212070E+02 -0.10000000E+01
  0.29296989E+02 -0.10000000E+01
  0.29381908E+02 -0.10000000E+01
  0.29466827E+02 -0.10000000E+01
  0.29551746E+02 -0.10000000E+01
  0.29636665E+02 -0.10000000E+01
  0.29721584E+02 -0.10000000E+01
  0.29806503E+02 -0.10000000E+01
  0.29891422E+02 -0.10000000E+01
  0.29976341E+02 -0.10000000E+01
  0.30061260E+02 -0.10000000E+01
  0.30146177E+02 -0.10000000E+01
  0.30231096E+02 -0.10000000E+01
  0.30316015E+02 -0.10000000E+01
  0.30400934E+02 -0.10000000E+01
  0.30485853E+02 -0.10000000E+01
  0.30570772E+02 -0.10000000E+01
  0.30655691E+02 -0.10000000E+01
  0.30740610E+02 -0.10000000E+01
  0.30825529E+02 -0.10000000E+01
  0.30910448E+02 -0.10000000E+01
  0.30995367E+02 -0.10000000E+01
  0.31080286E+02 -0.10000000E+01
  0.31165203E+02 -0.10000000E+01
  0.31250122E+02 -0.10000000E+01
  0.31335041E+02 -0.10000000E+01
  0.31419960E+02 -0.10000000E+01
  0.31504879E+02 -0.10000000E+01
  0.31589798E+02 -0.10000000E+01
  0.31674717E+02 -0.10000000E+01
  0.31759636E+02 -0.10000000E+01
  0.31844555E+02 -0.10000000E+01
  0.31929474E+02 -0.10000000E+01
  0.32014393E+02 -0.10000000E+01
  0.32099312E+02 -0.10000000E+01
  0.32184231E+02 -0.10000000E+01
  0.32269150E+02 -0.10000000E+01
  0.32354069E+02 -0.10000000E+01
  0.32438988E+02 -0.10000000E+01
  0.32523907E+02 -0.10000000E+01
