 -0.0849188119  1.
  0.0849188119  1.
  0.254756451  1.
  0.424594104  1.
  0.594431698  1.
  0.764269292  1.
  0.934107006  1.
  1.10394454  1.
  1.27378213  1.
  1.44361973  1.
  1.61345732  1.
  1.78329504  1.
  1.95313275  1.
  2.12297034  1.
  2.29280806  1.
  2.46264553  1.
  2.63248324  1.
  2.80232096  1.
  2.97215843  1.
  3.14199615  1.
  3.31183362  1.
  3.48167133  1.
  3.65150905  1.
  3.82134652  1.
  3.99118447  1.
  4.16102171  1.
  4.33085918  1.
  4.50069666  1.
  4.67053461  1.
  4.84037209  1.
  5.01020956  1.
  5.18004751  1.
  5.34988499  1.
  5.51972246  1.
  5.68956041  1.
  5.85939789  1.
  6.02923536  1.
  6.19907331  1.
  6.36891079  1.
  6.53874826  1.
  6.70858574  1.
  6.87842369  1.
  7.04826117  1.
  7.21809864  1.
  7.38793659  1.
  7.55777407  1.
  7.72761154  1.
  7.89744949  1.
  8.06728745  1.
  8.23712444  1.
  8.40696239  1.
  8.57679939  1.
  8.74663734  1.
  8.9164753  1.
  9.08631229  1.
  9.25615025  1.
  9.4259882  1.
  9.5958252  1.
  9.76566315  1.
  9.9355011  1.
  10.1053381  1.
  10.275176  1.
  10.445014  1.
  10.614851  1.
  10.7846889  1.
  10.9545269  1.
  11.1243639  1.
  11.2942019  1.
  11.4640398  1.
  11.6338768  1.
  11.8037148  1.
  11.9735527  1.
  12.1433897  1.
  12.3132277  1.
  12.4830656  1.
  12.6529026  1.
  12.8227406  1.
  12.9925785  1.
  13.1624155  1.
  13.3322535  1.
  13.5020905  1.
  13.6719284  1.
  13.8417664  1.
  14.0116034  1.
  14.1814413  1.
  14.3512793  1.
  14.5211163  1.
  14.6909542  1.
  14.8607922  1.
  15.0306292  1.
  15.2004671  1.
  15.3703051  1.
  15.5401421  1.
  15.70998  1.
  15.879818  1.
  16.0496559  1.
  16.2194939  1.
  16.3893299  1.
  16.5591679  1.
  16.7290058  1.
  16.8988438  1.
  17.0686817  1.
  17.2385178  1.
  17.4083557  1.
  17.5781937  1.
  17.7480316  1.
  17.9178696  1.
  18.0877075  1.
  18.2575436  1.
  18.4273815  1.
  18.5972195  1.
  18.7670574  1.
  18.9368954  1.
  19.1067333  1.
  19.2765694  1.
  19.4464073  1.
  19.6162453  1.
  19.7860832  1.
  19.9559212  1.
  20.1257591  1.
  20.2955952  1.
  20.4654331  1.
  20.6352711  1.
  20.805109  1.
  20.974947  1.
  21.1447849  1.
  21.314621  1.
  21.4844589  1.
  21.6542969  1.
  21.8241348  1.
  21.9939728  1.
  22.1638088  1.
  22.3336468  1.
  22.5034847  1.
  22.6733227  1.
  22.8431606  1.
  23.0129986  1.
  23.1828346  1.
  23.3526726  1.
  23.5225105  1.
  23.6923485  1.
  23.8621864  1.
  24.0320244  1.
  24.2018604  1.
  24.3716984  1.
  24.5415363  1.
  24.7113743  1.
  24.8812122  1.
  25.0510502  1.
  25.2208862  1.
  25.3907242  1.
  25.5605621  1.
  25.7304001  1.
  25.900238  1.
  26.070076  1.
  26.239912  1.
  26.40975  1.
  26.5795879  1.
  26.7494259  1.
  26.9192638  1.
