 -0.00513089681  0.000904560089
  0.163108051  0.00147115812
  0.331221431  0.00215017051
  0.499081641  0.00296690315
  0.666678011  0.0039351359
  0.833993435  0.00506798923
  1.00101006  0.00638054311
  1.1677084  0.0078882128
  1.33406985  0.00960367918
  1.50007653  0.0115407407
  1.66571093  0.0137123764
  1.83095729  0.0161283314
  1.99580085  0.0187982023
  2.16022849  0.0217288733
  2.32422972  0.0249253213
  2.48779535  0.0283896923
  2.65091991  0.0321215391
  2.81359887  0.0361177325
  2.97583127  0.040372014
  3.13761902  0.0448758602
  3.29896617  0.0496163368
  3.45987988  0.0545788407
  3.62037015  0.0597454309
  3.78044939  0.065094769
  3.94013357  0.0706040859
  4.09943962  0.0762472749
  4.25838757  0.0819965005
  4.4169817  0.0878285766
  4.57519341  0.0936962962
  4.73295403  0.0995449424
  4.89017391  0.105319321
  5.0467515  0.110966027
  5.20258093  0.116434097
  5.35756636  0.121674418
  5.51162863  0.126639485
  5.66470957  0.131283283
  5.81678486  0.135561407
  5.96786642  0.139430642
  6.11800718  0.142851412
  6.26730347  0.145788968
  6.4158926  0.148214877
  6.56393957  0.150107205
  6.71161985  0.151455045
  6.85909081  0.152260542
  7.00647116  0.152548075
  7.15384817  0.15225625
  7.30130196  0.151347518
  7.44891167  0.149829626
  7.59675407  0.14772141
  7.74490452  0.145048141
  7.89343643  0.141844034
  8.04241657  0.13815093
  8.1919117  0.134016395
  8.34197807  0.129494071
  8.49266815  0.124637723
  8.64403057  0.119508147
  8.79610157  0.114162207
  8.94891453  0.108659744
  9.10249615  0.103058338
  9.25686264  0.0974113941
  9.41202354  0.0917707682
  9.56798553  0.0861829519
  9.7247448  0.0806891918
  9.88229275  0.0753284693
  10.040617  0.0701287985
  10.1996984  0.0651190281
  10.3595133  0.0603177547
  10.5200367  0.0557422638
  10.6812391  0.0514030457
  10.8430882  0.0473059416
  11.0055542  0.0434551239
  11.168602  0.0398488045
  11.3321953  0.0364835262
  11.4963036  0.03335464
  11.6608906  0.0304539204
  11.825923  0.0277709961
  11.9913712  0.0252968073
  12.1572037  0.0230196714
  12.3233891  0.0209275484
  12.4899015  0.0190087557
  12.6567144  0.0172520876
  12.8238049  0.0156446695
  12.991147  0.0141768456
  13.158721  0.0128364563
  13.3265076  0.0116134882
  13.4944878  0.0104995966
  13.6626453  0.0094846487
  13.830965  0.00856077671
  13.9994307  0.00772106647
  14.1680307  0.00695717335
  14.3367529  0.00626337528
  14.5055866  0.005636096
  14.6745195  0.00506675243
  14.843545  0.00455319881
  15.0126514  0.00409054756
  15.1818333  0.00367295742
  15.3510809  0.00329852104
  15.5203867  0.00296294689
  15.6897488  0.00266265869
  15.8591585  0.00239419937
  16.0286102  0.0021545887
  16.198101  0.00194036961
  16.3676243  0.00174772739
  16.5371819  0.00157499313
  16.7067642  0.00141894817
  16.8763752  0.00127601624
  17.0460072  0.00114643574
  17.2156601  0.00102674961
  17.3853321  0.000915288925
  17.5550232  0.000812649727
  17.7247314  0.000716328621
  17.894455  0.000626921654
  18.0641937  0.000544548035
  18.2339458  0.000469565392
  18.4037075  0.000400304794
  18.5734825  0.000339150429
  18.7432671  0.000284433365
  18.9130611  0.000236153603
  19.0828629  0.000192403793
  19.2526722  0.000155329704
  19.4224834  0.00012075901
  19.5923042  8.893013E-05
  19.7621307  5.76972961E-05
  19.9319611  2.59876251E-05
  20.1017971 -5.36441803E-06
  20.2716389 -3.86834145E-05
  20.4414845 -7.27176666E-05
  20.6113377 -0.000106275082
  20.7811966 -0.000137329102
  20.9510593 -0.000163793564
  21.1209278 -0.000184714794
  21.2907963 -0.000195860863
  21.4606667 -0.000198662281
  21.6305389 -0.000190496445
  21.8004074 -0.000173509121
  21.9702721 -0.000148236752
  22.1401329 -0.00011831522
  22.3099861 -8.61883163E-05
  22.4798355 -5.42402267E-05
  22.6496811 -2.59280205E-05
  22.819521 -2.74181366E-06
  22.989357  1.75237656E-05
  23.1591911  3.34978104E-05
  23.3290215  4.91142273E-05
  23.498848  6.42538071E-05
  23.6686745  7.91549683E-05
  23.8384972  9.22679901E-05
  24.0083199  0.000101804733
  24.1781406  9.8824501E-05
  24.3479614  8.14199448E-05
  24.5177879  4.72068787E-05
  24.6876221 -1.90734863E-06
  24.8574657 -5.38825989E-05
  25.0273151 -9.5307827E-05
  25.1971703 -0.000107824802
  25.3670235 -8.48174095E-05
  25.536871 -3.2544136E-05
  25.7067108  2.51531601E-05
  25.8765411  5.6385994E-05
  26.0463696  4.63724136E-05
