 -2.15166165E-06  3.57627869E-07
  0.169836581 -2.79396772E-08
  0.33967495 -3.7252903E-09
  0.509512901 -7.4505806E-08
  0.679350615 -5.96046448E-08
  0.849188149  1.04308128E-07
  1.0190258  2.98023224E-08
  1.18886352 -1.93715096E-07
  1.35870111 -1.49011612E-07
  1.52853882  0.
  1.69837642 -2.98023224E-08
  1.86821413 -2.98023224E-08
  2.03805184 -5.96046448E-08
  2.20788932 -8.94069672E-08
  2.37772703 -8.94069672E-08
  2.54756451 -2.98023224E-08
  2.71740222 -1.1920929E-07
  2.88723993 -1.1920929E-07
  3.05707717 -5.96046448E-08
  3.22691488 -5.96046448E-08
  3.39675236  0.
  3.56659007  0.
  3.73642778  0.
  3.90626526  5.96046448E-08
  4.07610321  0.
  4.24594069  5.96046448E-08
  4.41577768  1.78813934E-07
  4.58561516  1.1920929E-07
  4.75545359  0.
  4.92529106  0.
  5.09512806  1.1920929E-07
  5.26496601  0.
  5.43480349  5.96046448E-08
  5.60464144  0.
  5.77447891  5.96046448E-08
  5.94431639  0.
  6.11415434 -1.1920929E-07
  6.28399229  0.
  6.45382977  0.
  6.62366724  0.
  6.79350471  0.
  6.96334267  0.
  7.13318014  0.
  7.30301762  0.
  7.47285557  0.
  7.64269304  0.
  7.81253052  0.
  7.98236847  0.
  8.15220642  0.
  8.32204342  0.
  8.49188137  0.
  8.66171837  0.
  8.83155632  0.
  9.00139427  0.
  9.17123127  0.
  9.34106922  0.
  9.51090717  0.
  9.68074417  0.
  9.85058212  0.
  10.0204201  0.
  10.1902571  0.
  10.360095  0.
  10.529933  0.
  10.69977  0.
  10.8696079  1.1920929E-07
  11.0394459  1.1920929E-07
  11.2092829  2.38418579E-07
  11.3791208  3.57627869E-07
  11.5489588  4.76837158E-07
  11.7187958  5.96046448E-07
  11.8886328  7.15255737E-07
  12.0584707  9.53674316E-07
  12.2283077  1.1920929E-06
  12.3981457  1.43051147E-06
  12.5679827  1.78813934E-06
  12.7378197  2.14576721E-06
  12.9076576  2.50339508E-06
  13.0774946  3.21865082E-06
  13.2473307  3.69548798E-06
  13.4171686  4.41074371E-06
  13.5870047  5.36441803E-06
  13.7568417  6.43730164E-06
  13.9266787  7.62939453E-06
  14.0965137  8.94069672E-06
  14.2663498  1.06096268E-05
  14.4361858  1.2755394E-05
  14.6060209  1.49011612E-05
  14.775856  1.75237656E-05
  14.9456902  2.08616257E-05
  15.1155233  2.44379044E-05
  15.2853565  2.88486481E-05
  15.4551897  3.37362289E-05
  15.62502  3.95774841E-05
  15.7948513  4.63724136E-05
  15.9646807  5.41210175E-05
  16.1345081  6.33001328E-05
  16.3043346  7.37905502E-05
  16.4741573  8.59498978E-05
  16.64398  9.98973846E-05
  16.8137989  0.000115990639
  16.9836159  0.000134706497
  17.153429  0.000155568123
  17.3232365  0.000180125237
  17.493042  0.00020802021
  17.6628418  0.000239253044
  17.8326359  0.000275373459
  18.0024242  0.000316143036
  18.1722031  0.00036251545
  18.3419743  0.000415205956
  18.5117359  0.000474214554
  18.681488  0.000541210175
  18.8512268  0.000616550446
  19.0209541  0.000700712204
  19.1906643  0.000795722008
  19.3603573  0.000901937485
  19.5300312  0.00102043152
  19.6996841  0.00115251541
  19.8693142  0.00129985809
  20.0389194  0.00146329403
  20.2084923  0.00164473057
  20.3780327  0.00184571743
  20.5475388  0.00206792355
  20.7170067  0.00231397152
  20.8864288  0.00258505344
  21.0558033  0.0028835535
  21.2251263  0.00321292877
  21.3943882  0.00357556343
  21.5635872  0.00397443771
  21.7327156  0.00441336632
  21.9017658  0.00489616394
  22.0707321  0.00542771816
  22.239603  0.00601172447
  22.408371  0.00665533543
  22.5770264  0.00736391544
  22.7455578  0.00814414024
  22.9139519  0.00900411606
  23.0821953  0.00995194912
  23.2502708  0.010997057
  23.4181671  0.0121484995
  23.5858612  0.0134179592
  23.753334  0.0148159266
  23.9205666  0.0163537264
  24.087534  0.0180431604
  24.2542076  0.0198961496
  24.4205666  0.0219242573
  24.5865822  0.0241384506
  24.7522221  0.0265485048
  24.9174576  0.0291625261
  25.0822563  0.0319907665
  25.2465858  0.0350369215
  25.4104156  0.0383070707
  25.5737133  0.0418065786
  25.7364445  0.0455363989
  25.8985786  0.0494992733
  26.0600853  0.05369699
  26.2209282  0.0581287146
  26.3810844  0.0627944469
  26.5405216  0.0676882267
  26.699213  0.072796464
  26.8571377  0.0780931711
