  1.00392708E-06 -2.38418579E-07
  0.169838145  1.49011612E-08
  0.339675695 -1.71363354E-07
  0.509513676 -2.68220901E-07
  0.679351449 -1.34110451E-07
  0.849189043 -1.93715096E-07
  1.01902676 -4.47034836E-08
  1.18886423 -1.04308128E-07
  1.35870171  1.49011612E-07
  1.52853918 -2.98023224E-08
  1.69837677 -5.96046448E-08
  1.86821437  5.96046448E-08
  2.03805208 -5.96046448E-08
  2.20788956 -5.96046448E-08
  2.37772727 -1.49011612E-07
  2.54756474 -1.49011612E-07
  2.71740246  5.96046448E-08
  2.88723993  1.1920929E-07
  3.05707717  1.1920929E-07
  3.22691488  1.78813934E-07
  3.39675236  1.1920929E-07
  3.56658983  2.98023224E-07
  3.73642755  1.78813934E-07
  3.90626502  2.98023224E-07
  4.07610273  4.76837158E-07
  4.24594021  3.57627869E-07
  4.41577721  5.36441803E-07
  4.58561468  8.34465027E-07
  4.75545263  8.34465027E-07
  4.92529011  1.07288361E-06
  5.09512711  1.31130219E-06
  5.26496506  1.43051147E-06
  5.43480206  1.84774399E-06
  5.60463953  1.84774399E-06
  5.77447701  2.56299973E-06
  5.944314  2.74181366E-06
  6.114151  3.4570694E-06
  6.28398848  3.81469727E-06
  6.453825  4.58955765E-06
  6.62366199  5.36441803E-06
  6.79349852  6.37769699E-06
  6.96333504  7.4505806E-06
  7.13317156  8.58306885E-06
  7.30300713  1.00135803E-05
  7.47284365  1.16825104E-05
  7.64267874  1.37090683E-05
  7.81251383  1.58548355E-05
  7.98234892  1.82390213E-05
  8.15218353  2.13384628E-05
  8.32201672  2.46763229E-05
  8.4918499  2.86102295E-05
  8.66168118  3.27825546E-05
  8.8315134  3.79085541E-05
  9.00134468  4.37498093E-05
  9.1711731  5.01871109E-05
  9.34100246  5.79357147E-05
  9.51082993  6.66379929E-05
  9.68065453  7.65323639E-05
  9.85047817  8.79764557E-05
  10.0202999  0.000101089478
  10.1901188  0.000115394592
  10.3599358  0.000132083893
  10.5297499  0.00015103817
  10.6995592  0.000172495842
  10.8693657  0.000196933746
  11.0391684  0.000224709511
  11.2089643  0.000255346298
  11.3787556  0.000290513039
  11.5485411  0.000330448151
  11.718318  0.000374674797
  11.8880882  0.000425219536
  12.0578489  0.00048148632
  12.2275991  0.000544428825
  12.3973389  0.00061583519
  12.5670652  0.000695586205
  12.7367764  0.000785112381
  12.9064732  0.000884532928
  13.0761509  0.000996351242
  13.2458086  0.00112056732
  13.4154444  0.00125932693
  13.5850554  0.00141406059
  13.7546387  0.00158631802
  13.9241915  0.00177776814
  14.093709  0.00199103355
  14.2631893  0.00222694874
  14.4326277  0.00248932838
  14.6020184  0.00278019905
  14.7713585  0.00310230255
  14.9406414  0.00345957279
  15.1098595  0.00385415554
  15.2790079  0.00429058075
  15.4480801  0.00477337837
  15.6170654  0.00530683994
  15.7859573  0.00589573383
  15.9547453  0.00654494762
  16.1234188  0.0072606802
  16.2919674  0.0080498457
  16.4603729  0.00891888142
  16.6286297  0.00987541676
  16.7967205  0.0109268427
  16.9646263  0.0120825768
  17.1323318  0.0133517981
  17.2998161  0.0147430897
  17.4670601  0.0162682533
  17.6340427  0.0179380178
  17.8007374  0.0197618008
  17.967123  0.0217535496
  18.1331692  0.0239231586
  18.2988453  0.0262823105
  18.4641285  0.0288432837
  18.6289825  0.0316159725
  18.7933769  0.0346101522
  18.9572792  0.0378350019
  19.1206532  0.041297555
  19.2834644  0.04500103
  19.4456825  0.0489500761
  19.6072731  0.0531412363
  19.7682037  0.0575717688
  19.9284439  0.0622309446
  20.087965  0.0671070814
  20.2467442  0.0721802711
  20.4047642  0.0774270296
  20.5620041  0.0828175545
  20.7184563  0.0883176327
  20.874115  0.0938874483
  21.0289803  0.0994801521
  21.1830597  0.105046034
  21.3363743  0.110532045
  21.4889412  0.115880847
  21.6407928  0.121034741
  21.7919636  0.125932574
  21.9424973  0.13051784
  22.0924492  0.134730816
  22.2418728  0.138518572
  22.390831  0.141830921
  22.5393925  0.144622922
  22.6876259  0.146856189
  22.8356094  0.148499846
  22.9834213  0.149530768
  23.1311398  0.1499331
  23.2788486  0.149700284
  23.4266281  0.148835897
  23.5745583  0.147349596
  23.7227173  0.145263076
  23.8711872  0.142602682
  24.0200367  0.139405489
  24.1693363  0.135714889
  24.3191528  0.131582737
  24.4695435  0.127061725
  24.6205578  0.122215271
  24.7722454  0.117105365
  24.9246426  0.111794472
  25.0777779  0.106346846
  25.2316761  0.100819588
  25.3863506  0.0952652693
  25.5418091  0.0897277594
  25.6980572  0.0842423439
  25.8550911  0.078838706
  26.0129051  0.0735452175
  26.1714897  0.068400979
