 -1.84642831E-05  3.21865082E-06
  0.169806123  7.82497227E-06
  0.339628577  1.43833458E-05
  0.509446859  2.30669975E-05
  0.679260612  3.43769789E-05
  0.849069357  4.87565994E-05
  1.01887286  6.61760569E-05
  1.18867028  8.74698162E-05
  1.35846126  0.00011280179
  1.52824497  0.000143289566
  1.69802094  0.000178486109
  1.86778843  0.000220149755
  2.03754663  0.000267863274
  2.20729423  0.000322908163
  2.37703109  0.000385552645
  2.54675603  0.000456959009
  2.71646833  0.000537574291
  2.88616657  0.000628530979
  3.05584979  0.000730276108
  3.22551751  0.000844299793
  3.39516807  0.000970959663
  3.56480026  0.00111180544
  3.73441315  0.00126761198
  3.90400505  0.00143933296
  4.0735755  0.0016285181
  4.24312162  0.0018362999
  4.41264296  0.00206381083
  4.58213663  0.00231260061
  4.75160074  0.00258266926
  4.92102814  0.00287634134
  5.09041405  0.00319510698
  5.2597518  0.00354194641
  5.42903233  0.00392055511
  5.59824657  0.00433433056
  5.76738501  0.00478863716
  5.93643522  0.0052896142
  6.10538721  0.00584340096
  6.27422953  0.00645804405
  6.4429493  0.00714045763
  6.6115365  0.0078997016
  6.77998018  0.00874304771
  6.94827032  0.00967824459
  7.11639404  0.0107126236
  7.28433657  0.0118517876
  7.45208168  0.0131043196
  7.6196084  0.0144804716
  7.78689718  0.0159900188
  7.95392656  0.0176435709
  8.12067223  0.019451499
  8.28710747  0.0214246511
  8.45320797  0.0235751867
  8.61894417  0.0259135962
  8.78428841  0.0284507275
  8.94920826  0.031196475
  9.1136713  0.0341610909
  9.27764606  0.0373516083
  9.44109917  0.0407764912
  9.60399628  0.0444393158
  9.76630497  0.0483422279
  9.92799282  0.0524851084
  10.0890255  0.0568643808
  10.2493773  0.0614711046
  10.4090176  0.0662940741
  10.5679226  0.0713154078
  10.7260714  0.0765138865
  10.8834486  0.0818608999
  11.04004  0.0873256922
  11.1958418  0.0928689241
  11.350852  0.0984467268
  11.5050783  0.104012012
  11.658534  0.109511852
  11.8112392  0.114890933
  11.9632206  0.120091319
  12.1145153  0.125052452
  12.2651634  0.129714608
  12.4152145  0.134019613
  12.5647249  0.137909889
  12.7137547  0.141333699
  12.8623714  0.144242525
  13.0106478  0.14659512
  13.1586571  0.148357034
  13.3064795  0.149502873
  13.454196  0.1500144
  13.6018867  0.149884224
  13.7496357  0.149114609
  13.8975248  0.147716403
  14.0456333  0.145709753
  14.1940384  0.143124461
  14.3428164  0.13999784
  14.492034  0.136373758
  14.641758  0.132303715
  14.7920485  0.127839088
  14.942956  0.123041272
  15.0945301  0.117968082
  15.2468071  0.112681031
  15.3998213  0.107239842
  15.5535946  0.101702094
  15.7081451  0.0961225033
  15.8634853  0.09055233
  16.0196171  0.0850377083
  16.1765366  0.0796201229
  16.3342361  0.0743349791
  16.4926987  0.0692141056
  16.6519108  0.0642806292
  16.8118477  0.0595539808
  16.9724808  0.0550498962
  17.1337852  0.0507766008
  17.2957268  0.0467401743
  17.4582748  0.04294312
  17.6213989  0.0393828154
  17.7850647  0.036057353
  17.9492378  0.032959342
  18.1138859  0.0300825834
  18.2789764  0.0274173021
  18.444479  0.0249551535
  18.6103668  0.0226855278
  18.7766056  0.0205990076
  18.9431725  0.0186851025
  19.1100388  0.0169337988
  19.2771797  0.0153338909
  19.4445724  0.0138764381
  19.6121941  0.0125504732
  19.7800274  0.0113469362
  19.9480515  0.0102561712
  20.1162472  0.00926733017
  20.2845993  0.00837266445
  20.4530945  0.00756263733
  20.6217175  0.00682926178
  20.7904606  0.0061634779
  20.9593086  0.00555884838
  21.1282539  0.00500905514
  21.2972851  0.00450861454
  21.4664001  0.00405347347
  21.6355858  0.0036406517
  21.8048401  0.00326681137
  21.9741535  0.00293016434
  22.1435204  0.0026293993
  22.312933  0.00236284733
  22.4823914  0.00212693214
  22.651886  0.00191962719
  22.8214149  0.00173664093
  22.9909706  0.00157308578
  23.1605549  0.00142467022
  23.330162  0.00128519535
  23.4997921  0.00115251541
  23.669445  0.00102412701
  23.8391209  0.000899076462
  24.0088158  0.000777721405
  24.1785316  0.000666499138
  24.3482628  0.00056540966
  24.518013  0.000478029251
  24.6877747  0.000405430794
  24.8575497  0.000341057777
  25.0273361  0.000277161598
  25.1971321  0.000203609467
  25.3669415  0.000113844872
  25.5367699  1.02519989E-05
  25.7066154 -9.40561295E-05
  25.8764763 -0.000175774097
  26.0463467 -0.000223815441
