 -0.000401817524  7.0810318E-05
  0.169257909  0.000133544207
  0.338900536  0.000211562961
  0.508507907  0.000308930874
  0.678077579  0.000427432358
  0.84760654  0.000570252538
  1.01709139  0.000739663839
  1.18652844  0.000937879086
  1.35591388  0.0011690408
  1.52524364  0.00143542886
  1.69451332  0.00174114108
  1.86371875  0.00208872557
  2.03285503  0.00248324871
  2.20191693  0.00292754173
  2.37089992  0.0034263432
  2.53979802  0.00398388505
  2.70860672  0.00460454822
  2.87731934  0.00529313087
  3.04593039  0.00605416298
  3.21443415  0.00689327717
  3.38282418  0.00781488419
  3.55109406  0.00882416964
  3.71923733  0.00992709398
  3.88724732  0.0111280084
  4.05511808  0.0124329329
  4.22284174  0.0138474107
  4.39041138  0.0153758526
  4.55781507  0.017021656
  4.72503328  0.0187863111
  4.89203548  0.0206741691
  5.05878592  0.0226908326
  5.22524357  0.0248447061
  5.39136028  0.0271472931
  5.55708647  0.0296112299
  5.72237015  0.0322521925
  5.88715887  0.0350878239
  6.05140352  0.0381348729
  6.21505928  0.0414103866
  6.378088  0.0449283719
  6.54046345  0.0487014651
  6.70216703  0.0527355671
  6.86319017  0.0570304394
  7.02352333  0.0615780354
  7.18315077  0.066357255
  7.3420496  0.0713385344
  7.50019789  0.0765006542
  7.65757847  0.081815362
  7.8141799  0.0872499943
  7.96999407  0.092767477
  8.12502003  0.0983234644
  8.2792654  0.103870273
  8.43274117  0.109356046
  8.58546829  0.114724636
  8.73747349  0.119919062
  8.88879013  0.12487793
  9.03946209  0.129543185
  9.18953609  0.133855462
  9.33906651  0.137757421
  9.48811626  0.141197324
  9.63675022  0.144126534
  9.78503799  0.146504045
  9.93305874  0.148294091
  10.0808868  0.149471164
  10.2286043  0.150018096
  10.3762932  0.149923563
  10.5240355  0.149191856
  10.6719112  0.147832274
  10.8200016  0.145864487
  10.9683857  0.143316507
  11.1171341  0.14022541
  11.2663212  0.136633396
  11.4160099  0.132591248
  11.5662584  0.128151655
  11.717124  0.12337327
  11.8686523  0.118315101
  12.0208807  0.11303699
  12.1738453  0.107598424
  12.327569  0.102058887
  12.4820709  0.0964715481
  12.6373615  0.0908890963
  12.7934456  0.0853592157
  12.9503202  0.0799225569
  13.1079769  0.0746170282
  13.2664013  0.069472909
  13.4255762  0.0645166636
  13.5854778  0.0597692728
  13.7460804  0.0552442074
  13.9073553  0.0509529114
  14.069272  0.046902895
  14.2317963  0.0430938005
  14.3948965  0.0395270586
  14.5585394  0.0361976624
  14.7226887  0.0330997705
  14.8873148  0.0302255154
  15.0523834  0.0275650024
  15.2178631  0.0251077414
  15.3837252  0.0228434801
  15.5499372  0.0207607746
  15.7164774  0.0188479424
  15.883317  0.0170937777
  16.0504322  0.0154882669
  16.217802  0.0140197277
  16.3854008  0.0126793385
  16.5532131  0.0114574432
  16.72122  0.0103451014
  16.8894024  0.009334445
  17.0577469  0.00841784477
  17.2262363  0.00758779049
  17.3948555  0.00683736801
  17.5635967  0.00616014004
  17.7324467  0.00555062294
  17.901392  0.00500130653
  18.0704269  0.0045081377
  18.2395401  0.00406479836
  18.4087219  0.00366485119
  18.5779705  0.00330531597
  18.7472763  0.00298035145
  18.9166336  0.00268614292
  19.0860405  0.0024176836
  19.2554893  0.0021739006
  19.4249744  0.00195109844
  19.5944996  0.00174689293
  19.7640572  0.00156056881
  19.9336452  0.00139093399
  20.10326  0.00123810768
  20.2728996  0.00110042095
  20.4425602  0.000976920128
  20.6122398  0.000868558884
  20.7819386  0.000772833824
  20.9516525  0.000689148903
  21.1213818  0.000613808632
  21.2911186  0.000546455383
  21.4608688  0.000482678413
  21.6306305  0.000421762466
  21.8004017  0.000359892845
  21.9701843  0.000296711922
  22.1399765  0.000231742859
  22.3097801  0.000166535378
  22.4795952  0.00010228157
  22.6494198  4.18424606E-05
  22.8192558 -1.25169754E-05
  22.9890995 -5.69820404E-05
  23.1589508 -9.12547112E-05
  23.328804 -0.000114262104
  23.498661 -0.000128030777
  23.6685219 -0.000134944916
  23.8383827 -0.00013923645
  24.0082455 -0.000142276287
  24.1781082 -0.000145435333
  24.3479691 -0.000147163868
  24.5178318 -0.000142097473
  24.6876907 -0.000123441219
  24.8575478 -8.65459442E-05
  25.0273952 -3.26633453E-05
  25.1972332  3.21865082E-05
  25.3670597  8.92877579E-05
  25.5368805  0.000118732452
  25.7066994  0.000102162361
  25.876524  4.08887863E-05
  26.0463638 -4.0948391E-05
