 -0.0849189162  0.
  0.0849185064  0.0299470127
  0.254755944  0.0598938391
  0.424594074  0.089840956
  0.594431758  0.119787887
  0.764269292  0.149734855
  0.934106886  0.179681763
  1.10394454  0.209628731
  1.27378201  0.239575744
  1.44361985  0.269522667
  1.61345744  0.29946959
  1.78329492  0.329416573
  1.95313263  0.359363526
  2.12297034  0.389310449
  2.29280782  0.419257373
  2.46264553  0.449204326
  2.63248324  0.479151249
  2.80232072  0.509098172
  2.97215843  0.539045155
  3.14199638  0.568992138
  3.31183386  0.598939121
  3.48167133  0.628886044
  3.65150881  0.658833027
  3.82134652  0.68877995
  3.99118423  0.718726933
  4.16102171  0.748673856
  4.33085918  0.778608263
  4.50069714  0.808364272
  4.67053461  0.837532401
  4.84037209  0.865554392
  5.01021004  0.891820252
  5.18004751  0.915750146
  5.34988499  0.936858773
  5.51972294  0.954803586
  5.68956041  0.969415963
  5.85939789  0.980716646
  6.02923584  0.988913357
  6.19907331  0.994382501
  6.36891079  0.99763447
  6.53874874  0.999261618
  6.70858622  0.999870241
  6.87842369  0.99999541
  7.04826117  1.
  7.21809912  1.
  7.38793659  1.
  7.55777407  1.
  7.72761202  1.
  7.89744949  1.
  8.06728745  1.
  8.23712444  1.
  8.40696239  1.
  8.57680035  1.
  8.74663734  1.
  8.9164753  1.
  9.08631325  1.
  9.25615025  1.
  9.4259882  1.
  9.59582615  1.
  9.76566315  1.
  9.9355011  1.
  10.1053391  1.
  10.275176  1.
  10.445014  1.
  10.614852  1.
  10.7846889  1.
  10.9545269  1.
  11.1243639  1.
  11.2942019  1.
  11.4640398  1.
  11.6338768  1.
  11.8037148  1.
  11.9735527  1.
  12.1433897  1.
  12.3132277  1.
  12.4830656  1.
  12.6529026  1.
  12.8227406  1.
  12.9925785  1.
  13.1624155  1.
  13.3322535  1.
  13.5020914  1.
  13.6719284  1.
  13.8417664  1.
  14.0116043  1.
  14.1814413  1.
  14.3512793  1.
  14.5211172  1.
  14.6909542  1.
  14.8607922  1.
  15.0306301  1.
  15.2004671  1.
  15.3703051  1.
  15.540143  1.
  15.70998  1.
  15.879818  1.
  16.0496559  1.
  16.2194939  1.
  16.3893299  1.
  16.5591679  1.
  16.7290058  1.
  16.8988438  1.
  17.0686817  1.
  17.2385197  1.
  17.4083557  1.
  17.5781937  1.
  17.7480316  1.
  17.9178696  1.
  18.0877075  1.
  18.2575455  1.
  18.4273815  1.00000012
  18.5972195  1.00000012
  18.7670574  1.00000024
  18.9368954  1.00000036
  19.1067333  1.00000048
  19.2765694  1.0000006
  19.4464073  1.00000072
  19.6162453  1.00000095
  19.7860832  1.00000119
  19.9559193  1.00000167
  20.1257572  1.00000191
  20.2955933  1.0000025
  20.4654312  1.0000031
  20.6352692  1.00000381
  20.8051052  1.00000489
  20.9749432  1.00000608
  21.1447792  1.00000739
  21.3146152  1.00000918
  21.4844513  1.00001132
  21.6542873  1.00001383
  21.8241234  1.00001717
  21.9939575  1.00002098
  22.1637917  1.00002587
  22.3336239  1.00003171
  22.5034561  1.0000385
  22.6732883  1.00004721
  22.8431168  1.00005722
  23.0129452  1.0000695
  23.1827717  1.0000844
  23.3525944  1.00010192
  23.5224152  1.00012302
  23.6922321  1.00014782
  23.8620434  1.00017715
  24.0318527  1.00021219
  24.2016544  1.00025284
  24.3714466  1.00030017
  24.541235  1.00035536
  24.7110119  1.00041866
  24.8807793  1.0004915
  25.0505333  1.00057447
  25.2202721  1.00066793
  25.3899956  1.00077248
  25.5597038  1.00088835
  25.7293911  1.00101519
  25.8990555  1.00115252
  26.0686989  1.00129902
  26.2383137  1.00145245
  26.4079056  1.00161088
  26.5774708  1.00177097
  26.7470093  1.00192916
  26.9165192  1.00208199
