 -0.0892503709  0.
  0.0789885819  0.0302315317
  0.24722755  0.0605535433
  0.415215343  0.090968512
  0.58294791  0.121488489
  0.750408053  0.152123556
  0.917578876  0.182885632
  1.08444118  0.213786736
  1.25097561  0.244836211
  1.41716421  0.276044816
  1.58298898  0.307422191
  1.74843311  0.338975579
  1.91348135  0.370711774
  2.07811999  0.402635455
  2.24233675  0.434749752
  2.40612221  0.467055142
  2.56946874  0.499550283
  2.73237085  0.532231152
  2.89482665  0.565091372
  3.05683613  0.598122716
  3.21840191  0.631313086
  3.37953043  0.66464895
  3.54022908  0.698114336
  3.70051074  0.73168999
  3.86038828  0.765355945
  4.01987839  0.799089015
  4.17900038  0.832865059
  4.33777428  0.866648674
  4.49619007  0.900246263
  4.65419626  0.933266103
  4.81171179  0.965203524
  4.96863651  0.995518565
  5.12486553  1.02369905
  5.28029633  1.04930902
  5.43483734  1.07202172
  5.58841944  1.0916388
  5.74100018  1.10809708
  5.89257002  1.12146235
  6.04316235  1.13191736
  6.19285202  1.13974142
  6.34175587  1.14528561
  6.49002934  1.14894331
  6.63784933  1.15112245
  6.78539038  1.15221155
  6.93279171  1.15254724
  7.08015013  1.15225625
  7.22754574  1.15134752
  7.37505817  1.14982963
  7.52276516  1.14772141
  7.67074251  1.14504814
  7.81906652  1.14184403
  7.96780634  1.13815093
  8.11702824  1.13401639
  8.26679516  1.12949407
  8.41716194  1.12463772
  8.56817627  1.11950815
  8.71988392  1.11416221
  8.87231922  1.10865974
  9.02551079  1.10305834
  9.17948055  1.09741139
  9.33424377  1.09177077
  9.48980427  1.08618295
  9.6461668  1.08068919
  9.80332375  1.07532847
  9.96126366  1.0701288
  10.1199713  1.06511903
  10.2794247  1.06031775
  10.4396009  1.05574226
  10.6004715  1.05140305
  10.7620058  1.04730594
  10.9241714  1.04345512
  11.086937  1.0398488
  11.2502651  1.03648353
  11.4141254  1.03335464
  11.5784807  1.03045392
  11.7432985  1.027771
  11.9085474  1.02529681
  12.0741949  1.02301967
  12.2402105  1.02092755
  12.4065666  1.01900876
  12.5732365  1.01725209
  12.7401934  1.01564467
  12.9074154  1.01417685
  13.0748787  1.01283646
  13.2425632  1.01161349
  13.4104519  1.0104996
  13.5785246  1.00948465
  13.7467661  1.00856078
  13.915163  1.00772107
  14.0836992  1.00695717
  14.2523632  1.00626338
  14.4211435  1.0056361
  14.5900297  1.00506675
  14.7590103  1.0045532
  14.9280787  1.00409055
  15.0972252  1.00367296
  15.2664413  1.00329852
  15.4357185  1.00296295
  15.6050549  1.00266266
  15.7744427  1.0023942
  15.9438744  1.00215459
  16.113348  1.00194037
  16.282856  1.00174773
  16.4523964  1.00157499
  16.6219673  1.00141895
  16.791563  1.00127602
  16.9611855  1.00114644
  17.1308289  1.00102675
  17.3004932  1.00091529
  17.4701729  1.00081265
  17.6398735  1.00071633
  17.8095894  1.00062692
  17.9793205  1.00054455
  18.1490669  1.00046957
  18.3188229  1.0004003
  18.4885921  1.00033915
  18.6583729  1.00028443
  18.8281631  1.00023615
  18.997961  1.0001924
  19.1677666  1.00015533
  19.3375759  1.00012076
  19.5073929  1.00008893
  19.6772156  1.0000577
  19.847044  1.00002599
  20.0168781  0.999994636
  20.1867161  0.999961317
  20.3565598  0.999927282
  20.5264091  0.999893725
  20.6962643  0.999862671
  20.866127  0.999836206
  21.0359917  0.999815285
  21.205862  0.999804139
  21.3757305  0.999801338
  21.5456028  0.999809504
  21.7154732  0.999826491
  21.8853416  0.999851763
  22.0552044  0.999881685
  22.2250614  0.999913812
  22.3949127  0.99994576
  22.5647602  0.999974072
  22.734602  0.999997258
  22.9044399  1.00001752
  23.074276  1.0000335
  23.2441082  1.00004911
  23.4139347  1.00006425
  23.5837631  1.00007915
  23.7535858  1.00009227
  23.9234085  1.0001018
  24.0932293  1.00009882
  24.2630501  1.00008142
  24.4328728  1.00004721
  24.6027031  0.999998093
  24.772541  0.999946117
  24.9423885  0.999904692
  25.1122437  0.999892175
  25.2820969  0.999915183
  25.4519501  0.999967456
  25.6217937  1.00002515
  25.791626  1.00005639
  25.9614544  1.00004637
