 -0.0849215239  0.
  0.0849172175  0.0299467761
  0.254755974  0.0598939024
  0.424593955  0.0898408741
  0.594431758  0.119787812
  0.764269412  0.149734959
  0.934106946  0.179681808
  1.10394454  0.209628507
  1.27378225  0.239575595
  1.44362009  0.269522667
  1.61345768  0.29946962
  1.78329527  0.329416543
  1.95313287  0.359363496
  2.12297058  0.38931039
  2.29280806  0.419257373
  2.46264577  0.449204355
  2.63248348  0.479151249
  2.80232096  0.509098172
  2.97215843  0.539045155
  3.14199615  0.568992078
  3.31183362  0.598939061
  3.48167157  0.628886044
  3.65150881  0.658833027
  3.82134652  0.68878001
  3.99118423  0.718726933
  4.16102171  0.748673916
  4.33085918  0.778608322
  4.50069666  0.808364213
  4.67053413  0.837532401
  4.84037209  0.865554392
  5.01021004  0.891820312
  5.18004704  0.915750146
  5.34988451  0.936858773
  5.51972294  0.954803526
  5.68956041  0.969416022
  5.85939741  0.980716646
  6.02923584  0.988913238
  6.19907331  0.994382501
  6.36891031  0.99763447
  6.53874874  0.999261618
  6.70858622  0.999870241
  6.87842369  0.99999541
  7.04826117  1.
  7.21809912  1.
  7.38793659  1.
  7.55777407  1.
  7.72761202  1.
  7.89744949  1.
  8.06728745  1.
  8.23712444  1.
  8.40696239  1.
  8.57680035  1.
  8.74663734  1.
  8.9164753  1.
  9.08631325  1.
  9.25615025  1.
  9.4259882  1.
  9.59582615  1.
  9.76566315  1.
  9.9355011  1.
  10.1053391  1.
  10.275176  1.
  10.445014  1.
  10.614852  1.
  10.7846889  1.00000012
  10.9545269  1.00000012
  11.1243639  1.00000024
  11.2942019  1.00000036
  11.4640398  1.00000048
  11.6338768  1.0000006
  11.8037138  1.00000072
  11.9735518  1.00000095
  12.1433887  1.00000119
  12.3132267  1.00000143
  12.4830647  1.00000179
  12.6529007  1.00000215
  12.8227386  1.0000025
  12.9925756  1.00000322
  13.1624126  1.0000037
  13.3322496  1.00000441
  13.5020866  1.00000536
  13.6719227  1.00000644
  13.8417597  1.00000763
  14.0115967  1.00000894
  14.1814318  1.00001061
  14.3512678  1.00001276
  14.5211039  1.0000149
  14.690938  1.00001752
  14.8607731  1.00002086
  15.0306072  1.00002444
  15.2004404  1.00002885
  15.3702736  1.00003374
  15.5401058  1.00003958
  15.7099361  1.00004637
  15.8797665  1.00005412
  16.0495949  1.0000633
  16.2194214  1.00007379
  16.389246  1.00008595
  16.5590687  1.0000999
  16.7288895  1.00011599
  16.8987083  1.00013471
  17.0685234  1.00015557
  17.2383347  1.00018013
  17.4081402  1.00020802
  17.5779419  1.00023925
  17.7477398  1.00027537
  17.917532  1.00031614
  18.0873146  1.00036252
  18.2570915  1.00041521
  18.426857  1.00047421
  18.5966148  1.00054121
  18.7663612  1.00061655
  18.9360943  1.00070071
  19.105814  1.00079572
  19.2755146  1.00090194
  19.4452  1.00102043
  19.6148643  1.00115252
  19.7845058  1.00129986
  19.9541245  1.00146329
  20.1237125  1.00164473
  20.2932701  1.00184572
  20.4627953  1.00206792
  20.6322823  1.00231397
  20.8017292  1.00258505
  20.9711285  1.00288355
  21.1404781  1.00321293
  21.3097706  1.00357556
  21.4790039  1.00397444
  21.6481686  1.00441337
  21.8172607  1.00489616
  21.9862709  1.00542772
  22.1551933  1.00601172
  22.3240147  1.00665534
  22.4927292  1.00736392
  22.6613255  1.00814414
  22.829792  1.00900412
  22.9981136  1.00995195
  23.1662788  1.01099706
  23.3342667  1.0121485
  23.5020657  1.01341796
  23.6696548  1.01481593
  23.8370132  1.01635373
  24.0041199  1.01804316
  24.1709461  1.01989615
  24.3374691  1.02192426
  24.503664  1.02413845
  24.6694984  1.0265485
  24.8349438  1.02916253
  24.9999695  1.03199077
  25.1645412  1.03503692
  25.3286304  1.03830707
  25.4922028  1.04180658
  25.6552238  1.0455364
  25.8176651  1.04949927
  25.9794941  1.05369699
  26.1406746  1.05812871
  26.3011818  1.06279445
  26.4609852  1.06768823
  26.6200562  1.07279646
  26.7783699  1.07809317
