 -0.0849175677  0.
  0.0849195719  0.0299470574
  0.254756719  0.0598939136
  0.424594671  0.0898407996
  0.594432652  0.119787857
  0.764270306  0.14973484
  0.9341079  0.179681912
  1.10394537  0.209628776
  1.27378285  0.239575952
  1.44362044  0.269522697
  1.61345804  0.29946959
  1.78329551  0.329416692
  1.95313311  0.359363556
  2.12297082  0.389310479
  2.29280829  0.419257373
  2.46264601  0.449204296
  2.63248372  0.479151428
  2.8023212  0.509098411
  2.97215843  0.539045334
  3.14199615  0.568992317
  3.31183362  0.59893918
  3.48167133  0.628886282
  3.65150857  0.658833146
  3.82134628  0.688780189
  3.99118376  0.71872735
  4.16102123  0.748674154
  4.33085871  0.77860862
  4.50069618  0.808364868
  4.67053366  0.837533116
  4.84037113  0.865555286
  5.01020908  0.891821384
  5.18004608  0.915751457
  5.34988356  0.936860383
  5.51972103  0.954805195
  5.68955851  0.969418347
  5.8593955  0.980719268
  6.02923298  0.988916636
  6.19906998  0.994386256
  6.3689065  0.997639
  6.53874397  0.999266982
  6.70858049  0.999876559
  6.87841702  1.00000286
  7.04825306  1.00000858
  7.21808958  1.00001001
  7.38792562  1.00001168
  7.55776119  1.00001371
  7.72759676  1.00001585
  7.89743137  1.00001824
  8.06726646  1.00002134
  8.23709965  1.00002468
  8.40693378  1.00002861
  8.57676601  1.00003278
  8.74659824  1.00003791
  8.91642952  1.00004375
  9.08625984  1.00005019
  9.25608826  1.00005794
  9.42591667  1.00006664
  9.59574318  1.00007653
  9.76556683  1.00008798
  9.93538952  1.00010109
  10.1052103  1.00011539
  10.2750282  1.00013208
  10.4448433  1.00015104
  10.6146555  1.0001725
  10.7844639  1.00019693
  10.9542685  1.00022471
  11.1240673  1.00025535
  11.2938614  1.00029051
  11.4636497  1.00033045
  11.6334305  1.00037467
  11.8032055  1.00042522
  11.972971  1.00048149
  12.1427259  1.00054443
  12.3124723  1.00061584
  12.4822054  1.00069559
  12.6519241  1.00078511
  12.8216286  1.00088453
  12.9913168  1.00099635
  13.160985  1.00112057
  13.3306322  1.00125933
  13.5002565  1.00141406
  13.6698542  1.00158632
  13.8394232  1.00177777
  14.0089598  1.00199103
  14.1784592  1.00222695
  14.3479195  1.00248933
  14.5173359  1.0027802
  14.6867018  1.0031023
  14.8560143  1.00345957
  15.0252676  1.00385416
  15.1944523  1.00429058
  15.3635645  1.00477338
  15.5325956  1.00530684
  15.7015362  1.00589573
  15.8703785  1.00654495
  16.0391121  1.00726068
  16.2077255  1.00804985
  16.3762054  1.00891888
  16.5445423  1.00987542
  16.712719  1.01092684
  16.880722  1.01208258
  17.0485325  1.0133518
  17.2161312  1.01474309
  17.3835011  1.01626825
  17.5506191  1.01793802
  17.7174644  1.0197618
  17.8840122  1.02175355
  18.0502338  1.02392316
  18.2161026  1.02628231
  18.3815899  1.02884328
  18.5466671  1.03161597
  18.7112999  1.03461015
  18.8754559  1.037835
  19.0391026  1.04129755
  19.2022018  1.04500103
  19.364727  1.04895008
  19.526638  1.05314124
  19.6879063  1.05757177
  19.8484993  1.06223094
  20.0083866  1.06710708
  20.1675434  1.07218027
  20.3259468  1.07742703
  20.4835796  1.08281755
  20.6404285  1.08831763
  20.796484  1.09388745
  20.9517441  1.09948015
  21.1062145  1.10504603
  21.2599068  1.11053205
  21.4128418  1.11588085
  21.5650425  1.12103474
  21.7165432  1.12593257
  21.8673859  1.13051784
  22.0176125  1.13473082
  22.1672859  1.13851857
  22.3164597  1.14183092
  22.4652023  1.14462292
  22.6135807  1.14685619
  22.7616711  1.14849985
  22.9095478  1.14953077
  23.0572929  1.1499331
  23.2049866  1.14970028
  23.3527107  1.1488359
  23.5005455  1.1473496
  23.648571  1.14526308
  23.7968655  1.14260268
  23.945507  1.13940549
  24.0945663  1.13571489
  24.2441082  1.13158274
  24.3941975  1.12706172
  24.5448856  1.12221527
  24.696228  1.11710536
  24.8482628  1.11179447
  25.0010223  1.10634685
  25.1545353  1.10081959
  25.3088188  1.09526527
  25.4638824  1.08972776
  25.6197357  1.08424234
  25.7763767  1.07883871
  25.9338036  1.07354522
  26.0920067  1.06840098
