 -0.0849189088  0.
  0.0849188715  0.0299469419
  0.254756659  0.0598939434
  0.424594522  0.089841038
  0.594432056  0.119787835
  0.76426971  0.14973481
  0.934107363  0.179681897
  1.1039449  0.209628925
  1.27378225  0.239575669
  1.44361997  0.269522995
  1.61345732  0.299469888
  1.7832948  0.329416901
  1.95313227  0.359364241
  2.12296963  0.389311254
  2.29280663  0.419258565
  2.46264386  0.449205756
  2.6324811  0.479153246
  2.80231786  0.509100854
  2.97215438  0.539048135
  3.14199114  0.568995893
  3.31182766  0.598943472
  3.48166418  0.628891468
  3.65149999  0.658839524
  3.82133603  0.688787758
  3.99117184  0.718736351
  4.16100693  0.748684764
  4.33084202  0.778620899
  4.50067711  0.808379352
  4.67051125  0.837550044
  4.84034538  0.865574896
  5.01017904  0.891844034
  5.18001223  0.915777922
  5.34984446  0.936891258
  5.51967669  0.954841435
  5.68950748  0.969460487
  5.85933685  0.980768323
  6.02916622  0.988973558
  6.19899321  0.994452059
  6.36881876  0.997715116
  6.53864288  0.999354243
  6.7084651  0.999976337
  6.87828445  1.00011647
  7.04810143  1.00013804
  7.21791601  1.00015712
  7.38772678  1.00017869
  7.55753374  1.00020289
  7.72733736  1.00023067
  7.89713573  1.00026143
  8.06692886  1.00029624
  8.23671627  1.00033545
  8.406497  1.00037992
  8.5762701  1.00042939
  8.74603462  1.00048506
  8.9157896  1.00054753
  9.08553505  1.00061774
  9.25526714  1.00069618
  9.42498684  1.00078368
  9.59469223  1.00088191
  9.7643795  1.00099158
  9.93404865  1.00111365
  10.1036978  1.00124955
  10.2733231  1.00140166
  10.4429235  1.00157094
  10.6124945  1.00175858
  10.7820339  1.00196838
  10.9515381  1.00220132
  11.1210022  1.00245917
  11.2904234  1.00274587
  11.459796  1.00306404
  11.6291142  1.00341642
  11.7983742  1.00380743
  11.9675674  1.0042398
  12.1366873  1.00471795
  12.305728  1.00524724
  12.474679  1.00583196
  12.6435318  1.00647771
  12.8122768  1.00719059
  12.9809017  1.00797629
  13.149395  1.00884259
  13.3177443  1.00979662
  13.4859343  1.01084602
  13.6539488  1.01199973
  13.8217735  1.0132668
  13.9893875  1.01465738
  14.1567707  1.0161804
  14.323905  1.01784706
  14.4907646  1.01966906
  14.6573257  1.02165687
  14.8235636  1.02382135
  14.9894495  1.0261749
  15.1549549  1.02872705
  15.3200502  1.03149009
  15.4847031  1.0344727
  15.648881  1.03768325
  15.8125505  1.04112875
  15.9756794  1.04481399
  16.1382332  1.04874182
  16.3001747  1.05291069
  16.4614792  1.05731761
  16.6221104  1.06195319
  16.7820396  1.06680524
  16.9412422  1.07185698
  17.0996933  1.07708335
  17.2573757  1.08245838
  17.4142761  1.08794773
  17.5703831  1.0935111
  17.7256985  1.09910464
  17.8802223  1.10467875
  18.0339661  1.1101799
  18.1869469  1.11555219
  18.3391933  1.12073481
  18.4907341  1.12566817
  18.6416111  1.13029218
  18.791872  1.13454747
  18.9415665  1.13837779
  19.0907593  1.14173186
  19.2395134  1.14456248
  19.3879013  1.14682961
  19.5359936  1.14850152
  19.6838722  1.14955378
  19.8316135  1.14997244
  19.9793015  1.14975178
  20.127018  1.14889646
  20.2748451  1.1474191
  20.422863  1.1453433
  20.5711498  1.14269876
  20.7197762  1.13952446
  20.8688183  1.13586414
  21.0183411  1.13176775
  21.1684055  1.12728918
  21.319067  1.12248516
  21.4703732  1.11741376
  21.6223621  1.11213219
  21.7750759  1.10669827
  21.9285393  1.10116839
  22.0827751  1.09559584
  22.237793  1.09002972
  22.3936043  1.08451617
  22.5502033  1.07909787
  22.7075939  1.07381105
  22.865757  1.06868827
  23.0246792  1.06375539
  23.1843376  1.05903518
  23.3447075  1.05454266
  23.5057602  1.05028737
  23.6674652  1.0462749
  23.829792  1.04250586
  23.9927063  1.03897643
  24.1561718  1.03567851
  24.320158  1.03260458
  24.4846325  1.02974498
  24.6495647  1.02709043
  24.8149223  1.02463484
  24.9806786  1.02237439
  25.1467991  1.02030492
  25.3132553  1.01842225
  25.4800205  1.01671505
  25.6470661  1.01516509
  25.8143673  1.01374114
  25.9819031  1.01240647
