 -0.0849195495  0.
  0.0849179551  0.0299469866
  0.254755467  0.0598942637
  0.424592376  0.0898414254
  0.594429195  0.11978896
  0.764265239  0.149736419
  0.934101105  0.179684177
  1.10393643  0.209632143
  1.27377129  0.23958078
  1.44360542  0.269529045
  1.61343884  0.299478561
  1.78327143  0.329428047
  1.95310318  0.359378278
  2.12293386  0.389329106
  2.29276323  0.41928041
  2.46259141  0.449232578
  2.63241839  0.479185611
  2.80224371  0.509139657
  2.97206736  0.539094388
  3.14188957  0.569050789
  3.31170964  0.599008083
  3.48152781  0.628967106
  3.65134335  0.658927619
  3.82115674  0.688889682
  3.99096727  0.718853831
  4.16077471  0.74881959
  4.3305788  0.778775096
  4.50038052  0.808555484
  4.67017794  0.837751508
  4.83997107  0.865805805
  5.0097599  0.892109156
  5.17954206  0.916082978
  5.34931803  0.937242687
  5.51908636  0.955246091
  5.68884516  0.969925582
  5.85859346  0.981302321
  6.02832985  0.989584029
  6.19805241  0.995148301
  6.36775923  0.998505116
  6.53744888  1.00024688
  6.70711946  1.0009799
  6.87676859  1.00124085
  7.04639482  1.00139534
  7.21599627  1.0015614
  7.38556862  1.00174665
  7.55510998  1.00195253
  7.724617  1.00218213
  7.89408493  1.00243723
  8.06350994  1.00271988
  8.23288631  1.00303388
  8.40221024  1.00338233
  8.57147598  1.00376868
  8.74067497  1.00419676
  8.90980339  1.00467014
  9.0788517  1.00519502
  9.24781132  1.00577474
  9.41667366  1.00641549
  9.58542919  1.00712371
  9.75406456  1.00790489
  9.92257118  1.00876606
  10.0909328  1.00971556
  10.2591352  1.01076055
  10.427165  1.01191008
  10.5950041  1.01317215
  10.7626333  1.01455843
  10.9300346  1.01607692
  11.0971842  1.01773942
  11.2640619  1.0195564
  11.4306421  1.02153862
  11.5968981  1.02369785
  11.762804  1.0260452
  11.9283314  1.02859116
  12.0934467  1.0313468
  12.2581234  1.03432071
  12.4223251  1.03752136
  12.5860205  1.04095626
  12.749176  1.04462981
  12.9117575  1.04854393
  13.0737324  1.05269873
  13.2350674  1.05708981
  13.3957338  1.06170881
  13.5556993  1.06654382
  13.714941  1.07157755
  13.8734341  1.07678759
  14.0311594  1.08214724
  14.1881046  1.08762145
  14.3442602  1.0931735
  14.4996214  1.09875894
  14.6541939  1.10432804
  14.8079872  1.10983038
  14.9610167  1.11520791
  15.1133099  1.1204021
  15.2648964  1.12535322
  15.4158154  1.13000047
  15.5661144  1.13428569
  15.7158451  1.13815236
  15.8650675  1.14154673
  16.0138454  1.14442158
  16.1622505  1.14673615
  16.3103561  1.14845669
  16.4582386  1.14955759
  16.6059818  1.1500231
  16.753664  1.14984632
  16.9013672  1.14902985
  17.0491753  1.14758623
  17.1971722  1.14553821
  17.3454323  1.14291418
  17.4940338  1.13975334
  17.6430454  1.1361016
  17.7925358  1.13200819
  17.9425678  1.12752891
  18.0931969  1.12272203
  18.2444706  1.11764669
  18.396431  1.11236215
  18.5491104  1.10692978
  18.7025433  1.10140359
  18.8567448  1.09583938
  19.0117283  1.09028518
  19.1675034  1.08478796
  19.3240662  1.0793848
  19.481411  1.07411313
  19.6395302  1.06900108
  19.7984047  1.06407392
  19.9580173  1.05934989
  20.1183395  1.05484271
  20.2793465  1.050565
  20.4410095  1.04652321
  20.6032963  1.04271984
  20.7661762  1.03915489
  20.929615  1.03582644
  21.0935783  1.03273141
  21.2580338  1.02986181
  21.422945  1.02721071
  21.5882835  1.02476764
  21.7540169  1.02252281
  21.9201145  1.02046382
  22.0865459  1.01857829
  22.2532864  1.01685345
  22.4203072  1.0152756
  22.5875912  1.01383352
  22.7551117  1.01251566
  22.9228497  1.0113101
  23.0907879  1.01021063
  23.2589092  1.00920773
  23.4271965  1.00829732
  23.5956364  1.00747418
  23.7642136  1.00673437
  23.9329166  1.00607145
  24.1017284  1.00548184
  24.2706394  1.00495565
  24.43964  1.00448346
  24.6087189  1.00405598
  24.7778721  1.00366127
  24.9470901  1.00329435
  25.1163692  1.00295103
  25.2857056  1.00263691
  25.4550972  1.00235999
  25.6245365  1.00212812
  25.794014  1.00193751
  25.963522  1.00175691
