  0.  0.
  0.169837624  0.0299469829
  0.339675248  0.0598940253
  0.509512901  0.0898409486
  0.679350495  0.119787872
  0.849188089  0.149734855
  1.0190258  0.179681778
  1.1888634  0.209628701
  1.35870099  0.239575744
  1.52853858  0.269522667
  1.69837618  0.29946959
  1.86821389  0.329416573
  2.03805161  0.359363496
  2.20788908  0.38931042
  2.37772679  0.419257402
  2.54756427  0.449204326
  2.71740198  0.479151309
  2.88723969  0.509098232
  3.05707717  0.539045215
  3.22691488  0.568992138
  3.39675236  0.598939061
  3.56659007  0.628886044
  3.73642778  0.658833027
  3.90626526  0.68877995
  4.07610321  0.718726933
  4.24594069  0.748673856
  4.41577816  0.778608263
  4.58561563  0.808364153
  4.75545359  0.837532401
  4.92529106  0.865554392
  5.09512854  0.891820252
  5.26496649  0.915750206
  5.43480396  0.936858773
  5.60464144  0.954803526
  5.77447939  0.969415963
  5.94431686  0.980716646
  6.11415434  0.988913357
  6.28399229  0.994382501
  6.45382977  0.99763447
  6.62366724  0.999261618
  6.79350471  0.999870241
  6.96334267  0.99999541
  7.13318014  1.
  7.30301762  1.
  7.47285557  1.
  7.64269304  1.
  7.81253052  1.
  7.98236847  1.
  8.15220642  1.
  8.32204342  1.
  8.49188137  1.
  8.66171837  1.
  8.83155632  1.
  9.00139427  1.
  9.17123127  1.
  9.34106922  1.
  9.51090717  1.
  9.68074417  1.
  9.85058212  1.
  10.0204201  1.
  10.1902571  1.
  10.360095  1.
  10.529933  1.
  10.69977  1.
  10.8696079  1.
  11.0394459  1.
  11.2092829  1.
  11.3791208  1.
  11.5489588  1.
  11.7187958  1.
  11.8886337  1.
  12.0584717  1.
  12.2283087  1.
  12.3981466  1.
  12.5679846  1.
  12.7378216  1.
  12.9076595  1.
  13.0774975  1.
  13.2473345  1.
  13.4171724  1.
  13.5870094  1.
  13.7568474  1.
  13.9266853  1.
  14.0965223  1.
  14.2663603  1.
  14.4361982  1.
  14.6060352  1.
  14.7758732  1.
  14.9457111  1.
  15.1155481  1.
  15.2853861  1.
  15.455224  1.
  15.625061  1.
  15.794899  1.
  15.9647369  1.
  16.1345749  1.
  16.3044128  1.
  16.4742489  1.
  16.6440868  1.
  16.8139248  1.
  16.9837627  1.
  17.1536007  1.
  17.3234367  1.
  17.4932747  1.
  17.6631126  1.
  17.8329506  1.
  18.0027885  1.
  18.1726265  1.
  18.3424625  1.
  18.5123005  1.
  18.6821384  1.
  18.8519764  1.
  19.0218143  1.
  19.1916523  1.
  19.3614883  1.
  19.5313263  1.
  19.7011642  1.
  19.8710022  1.
  20.0408401  1.
  20.2106781  1.
  20.3805141  1.
  20.5503521  1.
  20.72019  1.
  20.890028  1.
  21.059866  1.
  21.2297039  1.
  21.3995399  1.
  21.5693779  1.
  21.7392159  1.
  21.9090538  1.
  22.0788918  1.
  22.2487278  1.
  22.4185658  1.
  22.5884037  1.
  22.7582417  1.
  22.9280796  1.
  23.0979176  1.
  23.2677536  1.
  23.4375916  1.
  23.6074295  1.
  23.7772675  1.
  23.9471054  1.
  24.1169434  1.
  24.2867794  1.
  24.4566174  1.
  24.6264553  1.
  24.7962933  1.
  24.9661312  1.
  25.1359692  1.
  25.3058052  1.
  25.4756432  1.
  25.6454811  1.
  25.8153191  1.
  25.985157  1.
  26.154995  1.
  26.324831  1.
  26.494669  1.
  26.6645069  1.
  26.8343449  1.
  27.0041828  1.
