  0.16666667E+00 -0.14024220E-07 -0.48619546E-06 -0.82574282E-07 -0.27423545E-06
  0.33333334E+00 -0.41462236E-07 -0.14374241E-05 -0.24412870E-06 -0.81076990E-06
  0.50000000E+00 -0.82126974E-07 -0.28472002E-05 -0.48356173E-06 -0.16059452E-05
  0.66666669E+00 -0.13381309E-06 -0.46390687E-05 -0.78788838E-06 -0.26166369E-05
  0.83333337E+00 -0.19595944E-06 -0.67935753E-05 -0.11538046E-05 -0.38318726E-05
  0.10000000E+01 -0.26476562E-06 -0.91789661E-05 -0.15589338E-05 -0.51773372E-05
  0.11666667E+01 -0.32302535E-06 -0.11198730E-04 -0.19019658E-05 -0.63165726E-05
  0.13333334E+01 -0.36913272E-06 -0.12797193E-04 -0.21734450E-05 -0.72181751E-05
  0.15000000E+01 -0.40281722E-06 -0.13964976E-04 -0.23717785E-05 -0.78768562E-05
  0.16666667E+01 -0.42381873E-06 -0.14693063E-04 -0.24954350E-05 -0.82875285E-05
  0.18333334E+01 -0.43250481E-06 -0.14994194E-04 -0.25465783E-05 -0.84573794E-05
  0.20000000E+01 -0.43002314E-06 -0.14908159E-04 -0.25319662E-05 -0.84088515E-05
  0.21666667E+01 -0.40888440E-06 -0.14175315E-04 -0.24075018E-05 -0.79954962E-05
  0.23333335E+01 -0.37306441E-06 -0.12933499E-04 -0.21965946E-05 -0.72950570E-05
  0.25000000E+01 -0.32809237E-06 -0.11374395E-04 -0.19318002E-05 -0.64156552E-05
  0.26666667E+01 -0.28099009E-06 -0.97414413E-05 -0.16544632E-05 -0.54945976E-05
  0.28333335E+01 -0.23788714E-06 -0.82471361E-05 -0.14006739E-05 -0.46517443E-05
  0.30000000E+01 -0.20466635E-06 -0.70954284E-05 -0.12050707E-05 -0.40021314E-05
  0.31666667E+01 -0.21862000E-06 -0.75791777E-05 -0.12872296E-05 -0.42749866E-05
  0.33333335E+01 -0.27953396E-06 -0.96909598E-05 -0.16458895E-05 -0.54661236E-05
  0.35000000E+01 -0.37116465E-06 -0.12867637E-04 -0.21854089E-05 -0.72579082E-05
  0.36666667E+01 -0.48695449E-06 -0.16881870E-04 -0.28671768E-05 -0.95221112E-05
  0.38333335E+01 -0.61725905E-06 -0.21399304E-04 -0.36344070E-05 -0.12070141E-04
  0.40000000E+01 -0.75304661E-06 -0.26106823E-04 -0.44339208E-05 -0.14725388E-04
  0.41666670E+01 -0.88346354E-06 -0.30628154E-04 -0.52018131E-05 -0.17275615E-04
  0.43333335E+01 -0.99874217E-06 -0.34624663E-04 -0.58805708E-05 -0.19529822E-04
  0.45000000E+01 -0.10932677E-05 -0.37901700E-04 -0.64371347E-05 -0.21378211E-04
  0.46666670E+01 -0.11615938E-05 -0.40270450E-04 -0.68394374E-05 -0.22714290E-04
  0.48333335E+01 -0.12024606E-05 -0.41687228E-04 -0.70800602E-05 -0.23513416E-04
  0.50000000E+01 -0.11892275E-05 -0.41228464E-04 -0.70021442E-05 -0.23254652E-04
  0.51666670E+01 -0.11558097E-05 -0.40069925E-04 -0.68053810E-05 -0.22601187E-04
  0.53333335E+01 -0.11081183E-05 -0.38416547E-04 -0.65245749E-05 -0.21668609E-04
  0.55000000E+01 -0.10513050E-05 -0.36446931E-04 -0.61900596E-05 -0.20557658E-04
  0.56666670E+01 -0.99084650E-06 -0.34350935E-04 -0.58340811E-05 -0.19375426E-04
  0.58333335E+01 -0.93111078E-06 -0.32280001E-04 -0.54823586E-05 -0.18207329E-04
  0.60000000E+01 -0.87641712E-06 -0.30383866E-04 -0.51603238E-05 -0.17137827E-04
  0.61666670E+01 -0.83016261E-06 -0.28780303E-04 -0.48879783E-05 -0.16233345E-04
  0.63333335E+01 -0.79403839E-06 -0.27527938E-04 -0.46752798E-05 -0.15526957E-04
  0.65000000E+01 -0.76701713E-06 -0.26591159E-04 -0.45161792E-05 -0.14998574E-04
  0.66666670E+01 -0.74377738E-06 -0.25785475E-04 -0.43793439E-05 -0.14544134E-04
  0.68333335E+01 -0.72469652E-06 -0.25123976E-04 -0.42669963E-05 -0.14171018E-04
  0.70000000E+01 -0.71104500E-06 -0.24650701E-04 -0.41866165E-05 -0.13904071E-04
  0.71666670E+01 -0.70343094E-06 -0.24386734E-04 -0.41417852E-05 -0.13755182E-04
  0.73333335E+01 -0.70598855E-06 -0.24475403E-04 -0.41568442E-05 -0.13805195E-04
  0.75000000E+01 -0.72183457E-06 -0.25024758E-04 -0.42501451E-05 -0.14115055E-04
  0.76666670E+01 -0.75538037E-06 -0.26187732E-04 -0.44476619E-05 -0.14771023E-04
  0.78333335E+01 -0.84770465E-06 -0.29388455E-04 -0.49912655E-05 -0.16576370E-04
  0.80000000E+01 -0.99885767E-06 -0.34628669E-04 -0.58812507E-05 -0.19532079E-04
  0.81666670E+01 -0.12036444E-05 -0.41728272E-04 -0.70870301E-05 -0.23536564E-04
  0.83333340E+01 -0.14247198E-05 -0.49392573E-04 -0.83887171E-05 -0.27859565E-04
  0.85000000E+01 -0.16514521E-05 -0.57252990E-04 -0.97237116E-05 -0.32293185E-04
  0.86666670E+01 -0.18694536E-05 -0.64810723E-04 -0.11007300E-04 -0.36556077E-04
  0.88333340E+01 -0.20403777E-05 -0.70736365E-04 -0.12013697E-04 -0.39898398E-04
  0.90000000E+01 -0.21516616E-05 -0.74594391E-04 -0.12668934E-04 -0.42074491E-04
  0.91666670E+01 -0.21651642E-05 -0.75062504E-04 -0.12748437E-04 -0.42338525E-04
  0.93333340E+01 -0.20745156E-05 -0.71919872E-04 -0.12214699E-04 -0.40565945E-04
  0.95000000E+01 -0.19077565E-05 -0.66138622E-04 -0.11232826E-04 -0.37305068E-04
  0.96666670E+01 -0.16396657E-05 -0.56844376E-04 -0.96543135E-05 -0.32062708E-04
  0.98333340E+01 -0.13068727E-05 -0.45307017E-04 -0.76948363E-05 -0.25555135E-04
  0.10000000E+02 -0.91875074E-06 -0.31851501E-04 -0.54095831E-05 -0.17965636E-04
  0.10166667E+02 -0.49675003E-06 -0.17221466E-04 -0.29248527E-05 -0.97136572E-05
  0.10333334E+02 -0.55511315E-07 -0.19244812E-05 -0.32684935E-06 -0.10854915E-05
  0.10500000E+02  0.37717189E-06  0.13075897E-04  0.22207794E-05  0.73753768E-05
  0.10666667E+02  0.79335638E-06  0.27504295E-04  0.46712639E-05  0.15513622E-04
  0.10833334E+02  0.11512338E-05  0.39911287E-04  0.67784381E-05  0.22511707E-04
  0.11000000E+02  0.14408412E-05  0.49951472E-04  0.84836392E-05  0.28174811E-04
  0.11166667E+02  0.16777672E-05  0.58165286E-04  0.98786541E-05  0.32807759E-04
  0.11333334E+02  0.18264668E-05  0.63320447E-04  0.10754195E-04  0.35715493E-04
  0.11500000E+02  0.18824692E-05  0.65261949E-04  0.11083935E-04  0.36810587E-04
  0.11666667E+02  0.18439157E-05  0.63925370E-04  0.10856933E-04  0.36056696E-04
  0.11833334E+02  0.17115747E-05  0.59337337E-04  0.10077712E-04  0.33468845E-04
  0.12000000E+02  0.14848017E-05  0.51475508E-04  0.87424778E-05  0.29034432E-04
  0.12166667E+02  0.12012615E-05  0.41645661E-04  0.70729998E-05  0.23489969E-04
  0.12333334E+02  0.87000933E-06  0.30161720E-04  0.51225948E-05  0.17012526E-04
  0.12500000E+02  0.52018771E-06  0.18034008E-04  0.30628532E-05  0.10171968E-04
  0.12666667E+02  0.19351229E-06  0.67087367E-05  0.11393959E-05  0.37840202E-05
  0.12833334E+02 -0.12018916E-06 -0.41667504E-05 -0.70767095E-06 -0.23502289E-05
  0.13000000E+02 -0.40744439E-06 -0.14125393E-04 -0.23990231E-05 -0.79673373E-05
  0.13166667E+02 -0.64543707E-06 -0.22376187E-04 -0.38003186E-05 -0.12621146E-04
  0.13333334E+02 -0.82414817E-06 -0.28571792E-04 -0.48525653E-05 -0.16115737E-04
  0.13500000E+02 -0.93279931E-06 -0.32338539E-04 -0.54923007E-05 -0.18240347E-04
  0.13666667E+02 -0.96492704E-06 -0.33452354E-04 -0.56814679E-05 -0.18868586E-04
  0.13833334E+02 -0.91717681E-06 -0.31796935E-04 -0.54003158E-05 -0.17934859E-04
  0.14000000E+02 -0.79111635E-06 -0.27426637E-04 -0.46580749E-05 -0.15469819E-04
  0.14166667E+02 -0.58711402E-06 -0.20354228E-04 -0.34569136E-05 -0.11480673E-04
  0.14333334E+02 -0.31493320E-06 -0.10918190E-04 -0.18543194E-05 -0.61583355E-05
  0.14500000E+02  0.11567067E-07  0.40101023E-06  0.68106623E-07  0.22618727E-06
  0.14666667E+02  0.35967577E-06  0.12469337E-04  0.21177625E-05  0.70332503E-05
  0.14833334E+02  0.69657324E-06  0.24148991E-04  0.41014073E-05  0.13621084E-04
  0.15000000E+02  0.10039271E-05  0.34804416E-04  0.59110994E-05  0.19631208E-04
  0.15166667E+02  0.12361046E-05  0.42853611E-04  0.72781554E-05  0.24171306E-04
  0.15333334E+02  0.14096859E-05  0.48871374E-04  0.83001978E-05  0.27565586E-04
  0.15500000E+02  0.15164899E-05  0.52574083E-04  0.89290570E-05  0.29654077E-04
  0.15666667E+02  0.15517570E-05  0.53796732E-04  0.91367092E-05  0.30343705E-04
  0.15833334E+02  0.15110352E-05  0.52384978E-04  0.88969400E-05  0.29547413E-04
  0.16000000E+02  0.14007745E-05  0.48562433E-04  0.82477281E-05  0.27391330E-04
  0.16166668E+02  0.12296343E-05  0.42629297E-04  0.72400585E-05  0.24044783E-04
  0.16333334E+02  0.10113840E-05  0.35062938E-04  0.59550057E-05  0.19777026E-04
  0.16500000E+02  0.77644472E-06  0.26917996E-04  0.45716884E-05  0.15182924E-04
  0.16666668E+02  0.54028959E-06  0.18730907E-04  0.31812126E-05  0.10565048E-04
  0.16833334E+02  0.34510362E-06  0.11964145E-04  0.20319621E-05  0.67483002E-05
  0.17000000E+02  0.20096648E-06  0.69671605E-05  0.11832860E-05  0.39297825E-05
  0.17166668E+02  0.87915396E-07  0.30478748E-05  0.51764380E-06  0.17191344E-05
  0.17333334E+02  0.93194927E-08  0.32309072E-06  0.54872956E-07  0.18223726E-06
  0.17500000E+02 -0.36657973E-07 -0.12708686E-05 -0.21584130E-06 -0.71682530E-06
  0.17666668E+02 -0.53595716E-07 -0.18580708E-05 -0.31557033E-06 -0.10480330E-05
  0.17833334E+02 -0.46725901E-07 -0.16199062E-05 -0.27512104E-06 -0.91369776E-06
  0.18000000E+02 -0.17475291E-07 -0.60583812E-06 -0.10289411E-06 -0.34171913E-06
  0.18166668E+02  0.26076446E-07  0.90402528E-06  0.15353751E-06  0.50990968E-06
  0.18333334E+02  0.57982827E-07  0.20101645E-05  0.34140155E-06  0.11338204E-05
  0.18500000E+02  0.72019709E-07  0.24967987E-05  0.42405037E-06  0.14083034E-05
  0.18666668E+02  0.64640325E-07  0.22409683E-05  0.38060074E-06  0.12640039E-05
  0.18833334E+02  0.33475416E-07  0.11605348E-05  0.19710248E-06  0.65459227E-06
  0.19000000E+02 -0.20912559E-07 -0.72500228E-06 -0.12313266E-06 -0.40893289E-06
  0.19166668E+02 -0.86986894E-07 -0.30156853E-05 -0.51217683E-06 -0.17009780E-05
  0.19333334E+02 -0.16224946E-06 -0.56249087E-05 -0.95532107E-06 -0.31726938E-05
  0.19500000E+02 -0.24457336E-06 -0.84789353E-05 -0.14400423E-05 -0.47824897E-05
  0.19666668E+02 -0.31769395E-06 -0.11013900E-04 -0.18705746E-05 -0.62123199E-05
  0.19833334E+02 -0.38158416E-06 -0.13228863E-04 -0.22467586E-05 -0.74616560E-05
  0.20000000E+02 -0.43542650E-06 -0.15095484E-04 -0.25637812E-05 -0.85145111E-05
  0.20166668E+02 -0.49800309E-06 -0.17264907E-04 -0.29322307E-05 -0.97381599E-05
  0.20333334E+02 -0.56763872E-06 -0.19679053E-04 -0.33422436E-05 -0.11099844E-04
  0.20500000E+02 -0.63970634E-06 -0.22177514E-04 -0.37665761E-05 -0.12509085E-04
  0.20666668E+02 -0.70526693E-06 -0.24450386E-04 -0.41525955E-05 -0.13791084E-04
  0.20833334E+02 -0.75918467E-06 -0.26319620E-04 -0.44700619E-05 -0.14845414E-04
  0.21000000E+02 -0.79874974E-06 -0.27691272E-04 -0.47030198E-05 -0.15619085E-04
  0.21166668E+02 -0.84993860E-06 -0.29465902E-04 -0.50044187E-05 -0.16620053E-04
  0.21333334E+02 -0.90769333E-06 -0.31468160E-04 -0.53444774E-05 -0.17749415E-04
  0.21500000E+02 -0.96545591E-06 -0.33470689E-04 -0.56845820E-05 -0.18878927E-04
  0.21666668E+02 -0.10451378E-05 -0.36233119E-04 -0.61537471E-05 -0.20437061E-04
  0.21833334E+02 -0.11906570E-05 -0.41278021E-04 -0.70105611E-05 -0.23282604E-04
  0.22000000E+02 -0.13906421E-05 -0.48211157E-04 -0.81880680E-05 -0.27193195E-04
  0.22166668E+02 -0.16625143E-05 -0.57636495E-04 -0.97888451E-05 -0.32509499E-04
  0.22333334E+02 -0.20627708E-05 -0.71512695E-04 -0.12145547E-04 -0.40336283E-04
  0.22500000E+02 -0.25970539E-05 -0.90035370E-04 -0.15291393E-04 -0.50783878E-04
  0.22666668E+02 -0.33041288E-05 -0.11454843E-03 -0.19454634E-04 -0.64610314E-04
  0.22833334E+02 -0.41947615E-05 -0.14542513E-03 -0.24698658E-04 -0.82026119E-04
  0.23000000E+02 -0.52931614E-05 -0.18350476E-03 -0.31166011E-04 -0.10350469E-03
  0.23166668E+02 -0.66286216E-05 -0.22980286E-03 -0.39029172E-04 -0.12961883E-03
  0.23333334E+02 -0.82408296E-05 -0.28569531E-03 -0.48521815E-04 -0.16114462E-03
  0.23500000E+02 -0.10164310E-04 -0.35237905E-03 -0.59847222E-04 -0.19875716E-03
  0.23666668E+02 -0.12466758E-04 -0.43220093E-03 -0.73403979E-04 -0.24378019E-03
  0.23833334E+02 -0.15217846E-04 -0.52757643E-03 -0.89602327E-04 -0.29757613E-03
  0.24000000E+02 -0.18464283E-04 -0.64012478E-03 -0.10871727E-03 -0.36105831E-03
  0.24166668E+02 -0.22289787E-04 -0.77274838E-03 -0.13124174E-03 -0.43586380E-03
  0.24333334E+02 -0.26827809E-04 -0.93007379E-03 -0.15796152E-03 -0.52460219E-03
  0.24500000E+02 -0.32240838E-04 -0.11177341E-02 -0.18983331E-03 -0.63045078E-03
  0.24666668E+02 -0.38651895E-04 -0.13399944E-02 -0.22758146E-03 -0.75581530E-03
  0.24833334E+02 -0.46260229E-04 -0.16037622E-02 -0.27237917E-03 -0.90459181E-03
  0.25000000E+02 -0.55243116E-04 -0.19151834E-02 -0.32527020E-03 -0.10802470E-02
  0.25166668E+02 -0.65818909E-04 -0.22818279E-02 -0.38754020E-03 -0.12870504E-02
  0.25333334E+02 -0.78269382E-04 -0.27134642E-02 -0.46084830E-03 -0.15305122E-02
  0.25500000E+02 -0.92890492E-04 -0.32203528E-02 -0.54693705E-03 -0.18164194E-02
  0.25666668E+02 -0.11004021E-03 -0.38149038E-02 -0.64791419E-03 -0.21517721E-02
  0.25833334E+02 -0.13014805E-03 -0.45120078E-02 -0.76630875E-03 -0.25449693E-02
  0.26000000E+02 -0.15365645E-03 -0.53270035E-02 -0.90472563E-03 -0.30046625E-02
  0.26166668E+02 -0.18111039E-03 -0.62787840E-02 -0.10663738E-02 -0.35415082E-02
  0.26333334E+02 -0.21311996E-03 -0.73885005E-02 -0.12548454E-02 -0.41674366E-02
  0.26500000E+02 -0.25037900E-03 -0.86802077E-02 -0.14742258E-02 -0.48960154E-02
  0.26666668E+02 -0.29366533E-03 -0.10180869E-01 -0.17290947E-02 -0.57424544E-02
  0.26833334E+02 -0.34383422E-03 -0.11920138E-01 -0.20244881E-02 -0.67234780E-02
  0.27000000E+02 -0.40181752E-03 -0.13930319E-01 -0.23658923E-02 -0.78573078E-02
  0.27166668E+02 -0.46872185E-03 -0.16249776E-01 -0.27598233E-02 -0.91655822E-02
  0.27333334E+02 -0.54583966E-03 -0.18923318E-01 -0.32138913E-02 -0.10673577E-01
  0.27500000E+02 -0.63453778E-03 -0.21998327E-01 -0.37361437E-02 -0.12408016E-01
  0.27666668E+02 -0.73640293E-03 -0.25529817E-01 -0.43359236E-02 -0.14399930E-01
  0.27833334E+02 -0.85324585E-03 -0.29580560E-01 -0.50238916E-02 -0.16684726E-01
  0.28000000E+02 -0.98708237E-03 -0.34220438E-01 -0.58119181E-02 -0.19301821E-01
  0.28166668E+02 -0.11402089E-02 -0.39529074E-01 -0.67135235E-02 -0.22296121E-01
  0.28333334E+02 -0.13152263E-02 -0.45596622E-01 -0.77440222E-02 -0.25718484E-01
  0.28500000E+02 -0.15150001E-02 -0.52522436E-01 -0.89202859E-02 -0.29624945E-01
  0.28666668E+02 -0.17428038E-02 -0.60419995E-01 -0.10261589E-01 -0.34079514E-01
  0.28833334E+02 -0.20023468E-02 -0.69417901E-01 -0.11789772E-01 -0.39154727E-01
  0.29000000E+02 -0.22977814E-02 -0.79660110E-01 -0.13529284E-01 -0.44931777E-01
  0.29166668E+02 -0.26337891E-02 -0.91308914E-01 -0.15507690E-01 -0.51502213E-01
  0.29333334E+02 -0.30156560E-02 -0.10454758E+00 -0.17756114E-01 -0.58969397E-01
  0.29500000E+02 -0.34492763E-02 -0.11958045E+00 -0.20309260E-01 -0.67448586E-01
  0.29666668E+02 -0.39412421E-02 -0.13663605E+00 -0.23205942E-01 -0.77068694E-01
  0.29833334E+02 -0.44990154E-02 -0.15597309E+00 -0.26490098E-01 -0.87975629E-01
  0.30000000E+02 -0.51308968E-02 -0.17787932E+00 -0.30210601E-01 -0.10033170E+00
