  0.0849184915 -8.06746073E-07
  0.254755914  9.76322326E-07
  0.424594074 -4.21260808E-07
  0.594431758 -3.59747645E-08
  0.764269292  9.14735239E-08
  0.934106886  5.90388325E-08
  1.10394454 -1.08541848E-07
  1.27378201 -2.5635174E-09
  1.44361973 -4.101096E-08
  1.61345732  3.44176954E-09
  1.78329492 -9.79434986E-08
  1.95313263 -1.01017434E-08
  2.12297034  7.0209353E-08
  2.29280782  9.82267281E-08
  2.46264553  9.65154783E-08
  2.63248324  5.47855308E-08
  2.80232072 -1.94800123E-08
  2.97215843 -2.48777532E-08
  3.14199638 -4.09507521E-08
  3.31183386 -4.58773073E-08
  3.48167133 -1.1801653E-08
  3.65150881 -1.67349441E-08
  3.82134652 -6.85957957E-09
  3.99118423 -2.60435513E-08
  4.16102171  9.04083208E-09
  4.33085918 -3.66026143E-09
  4.50069714 -1.54640247E-08
  4.67053461  1.67429164E-08
  4.84037209  1.48394577E-08
  5.01021004  1.13778853E-08
  5.18004751  4.52800464E-09
  5.34988499 -1.86959994E-08
  5.51972294 -1.79228365E-08
  5.68956041  9.67929736E-10
  5.85939789 -1.03725029E-08
  6.02923584 -9.64953983E-09
  6.19907331 -1.21724497E-09
  6.36891079 -3.88416765E-09
  6.53874874 -3.53221452E-09
  6.70858622 -1.84518001E-09
  6.87842369 -1.46527057E-09
  7.04826117 -1.09142562E-09
  7.21809912 -8.1413809E-10
  7.38793659 -6.07295547E-10
  7.55777407 -4.53008298E-10
  7.72761202 -3.37919026E-10
  7.89744949 -2.52065036E-10
  8.06728745 -1.88029592E-10
  8.23712444 -1.40262468E-10
  8.40696239 -1.04634301E-10
  8.57680035 -7.80608911E-11
  8.74663734 -5.82417448E-11
  8.9164753 -4.34625669E-11
  9.08631325 -3.24447136E-11
  9.25615025 -2.42341147E-11
  9.4259882 -1.81203386E-11
  9.59582615 -1.35748912E-11
  9.76566315 -1.02041708E-11
  9.9355011 -7.71649411E-12
  10.1053391 -5.89636673E-12
  10.275176 -4.58670601E-12
  10.445014 -3.67368636E-12
  10.614852 -3.07872478E-12
  10.7846889 -2.75014386E-12
  10.9545269 -2.65954966E-12
  11.1243639 -2.79913072E-12
  11.2942019 -3.18090606E-12
  11.4640398 -3.83794819E-12
  11.6338768 -4.82709966E-12
  11.8037148 -6.23395996E-12
  11.9735527 -8.18028197E-12
  12.1433897 -1.08344687E-11
  12.3132277 -1.44262206E-11
  12.4830656 -1.92663281E-11
  12.6529026 -2.57736332E-11
  12.8227406 -3.4511248E-11
  12.9925785 -4.62352864E-11
  13.1624155 -6.19602702E-11
  13.3322535 -8.30469027E-11
  13.5020914 -1.11320078E-10
  13.6719284 -1.49225965E-10
  13.8417664 -2.00045563E-10
  14.0116043 -2.68175815E-10
  14.1814413 -3.5951192E-10
  14.3512793 -4.81959472E-10
  14.5211172 -6.46111165E-10
  14.6909542 -8.66176464E-10
  14.8607922 -1.16119314E-09
  15.0306301 -1.55669544E-09
  15.2004671 -2.08690265E-09
  15.3703051 -2.79769941E-09
  15.540143 -3.75059184E-09
  15.70998 -5.02804465E-09
  15.879818 -6.74060008E-09
  16.0496559 -9.03644626E-09
  16.2194939 -1.21142403E-08
  16.3893299 -1.62403531E-08
  16.5591679 -2.17718004E-08
  16.7290058 -2.91872766E-08
  16.8988438 -3.91284658E-08
  17.0686817 -5.24555546E-08
  17.2385197 -7.03219456E-08
  17.4083557 -9.42735596E-08
  17.5781937 -1.26382957E-07
  17.7480316 -1.69428887E-07
  17.9178696 -2.27136667E-07
  18.0877075 -3.04498997E-07
  18.2575455 -4.08211235E-07
  18.4273815 -5.47247964E-07
  18.5972195 -6.72900455E-07
  18.7670574 -8.56784254E-07
  18.9368954 -1.0540673E-06
  19.1067333 -1.28182819E-06
  19.2765694 -1.55977136E-06
  19.4464073 -1.91195113E-06
  19.6162453 -2.36883989E-06
  19.7860813 -2.90923526E-06
  19.9559193 -3.57989393E-06
  20.1257572 -4.31738681E-06
  20.2955933 -5.30700527E-06
  20.4654293 -6.45217187E-06
  20.6352673 -7.85195516E-06
  20.8051052 -9.56673648E-06
  20.9749413 -1.15627263E-05
  21.1447773 -1.39518415E-05
  21.3146133 -1.68801052E-05
  21.4844475 -2.03579511E-05
  21.6542835 -2.45040792E-05
  21.8241196 -2.94949787E-05
  21.9939537 -3.53372307E-05
  22.1637859 -4.2293359E-05
  22.3336163 -5.04187192E-05
  22.5034485 -5.99299965E-05
  22.6732769 -7.11642788E-05
  22.8431053 -8.41215224E-05
  23.0129318 -9.92540445E-05
  23.1827545 -0.000116716954
  23.3525734 -0.00013668387
  23.5223904 -0.00015954455
  23.6922016 -0.000185454497
  23.862009 -0.00021476968
  24.0318108 -0.000247715623
  24.2016048 -0.000284223352
  24.3713894 -0.000324593042
  24.5411663 -0.00036891026
  24.7109337 -0.000416993746
  24.8806877 -0.000468863756
  25.0504284 -0.000524138566
  25.22015 -0.000582429813
  25.3898563 -0.000643417938
  25.5595436 -0.000706720864
  25.7292099 -0.000772022177
  25.8988533 -0.000839370769
  26.06847 -0.000909226248
  26.23806 -0.000982918544
  26.4076233 -0.00106326886
  26.577158 -0.00115461973
  26.7466621 -0.00126393791
  26.9161377 -0.00140152685
  27.0855846 -0.00158182997
