  0.0849178433 -9.86228656E-07
  0.254755229 -2.12178657E-06
  0.424591899 -2.34765321E-06
  0.594428539 -4.67817836E-06
  0.764264345 -5.16573255E-06
  0.934099793 -7.38317431E-06
  1.10393476 -9.63849016E-06
  1.27376902 -1.29135224E-05
  1.44360256 -1.50119995E-05
  1.61343527 -1.9770825E-05
  1.78326702 -2.34814215E-05
  1.9530977 -2.83794543E-05
  2.12292719 -3.35931618E-05
  2.29275537 -3.92520815E-05
  2.46258211 -4.59991643E-05
  2.63240743 -5.35974686E-05
  2.80223083 -6.19957427E-05
  2.97205257 -7.10660097E-05
  3.14187241 -8.17057444E-05
  3.31168985 -9.29428206E-05
  3.48150516 -0.000105622108
  3.65131736 -0.000119374017
  3.82112718 -0.000134368893
  3.9909339 -0.000150796986
  4.16073704 -0.0001684897
  4.33053684 -0.000187916419
  4.50033331 -0.000209161488
  4.67012501 -0.000231960788
  4.83991241 -0.000256862899
  5.0096941 -0.000284192443
  5.17946911 -0.000314494246
  5.34923649 -0.000348110567
  5.51899576 -0.000385478139
  5.68874407 -0.000427316409
  5.85848045 -0.000474302215
  6.02820349 -0.000527155004
  6.19791079 -0.000586800976
  6.36760044 -0.00065373606
  6.53727102 -0.000728661893
  6.70692015 -0.000812307
  6.87654495 -0.000905491412
  7.04614449 -0.0010088752
  7.21571589 -0.00112301507
  7.38525534 -0.0012493562
  7.55475998 -0.00138898613
  7.724226 -0.00154336402
  7.89364815 -0.00171364378
  8.06302261 -0.00190139981
  8.23234272 -0.00210865214
  8.40160561 -0.00233712746
  8.57080173 -0.00258875638
  8.73992538 -0.00286565535
  8.90896988 -0.00317008607
  9.07792473 -0.00350479502
  9.24678135 -0.00387187209
  9.41553116 -0.0042744074
  9.58416176 -0.00471521169
  9.7526598 -0.00519691966
  9.92101383 -0.00572276115
  10.0892086 -0.0062958207
  10.2572289 -0.0069188308
  10.4250574 -0.00759480894
  10.5926762 -0.00832626969
  10.7600632 -0.00911605731
  10.9272003 -0.00996552408
  11.0940628 -0.010876514
  11.2606268 -0.0118495189
  11.4268656 -0.0128842592
  11.5927515 -0.0139795616
  11.7582579 -0.0151326768
  11.9233522 -0.0163392685
  12.0880032 -0.0175934136
  12.2521801 -0.0188869089
  12.4158487 -0.0202095509
  12.5789738 -0.0215490684
  12.7415247 -0.0228901505
  12.9034662 -0.0242152959
  13.0647669 -0.0255047232
  13.2253962 -0.0267364606
  13.3853254 -0.0278863013
  13.5445271 -0.0289291888
  13.70298 -0.0298383236
  13.8606663 -0.0305874199
  14.0175695 -0.031150192
  14.1736832 -0.0315014273
  14.3290033 -0.0316187292
  14.4835339 -0.0314817578
  14.6372871 -0.0310741514
  14.7902784 -0.0303839296
  14.9425325 -0.0294038057
  15.0940838 -0.0281312317
  15.2449703 -0.0265694708
  15.395237 -0.0247271061
  15.54494 -0.0226175487
  15.6941385 -0.0202589035
  15.8428955 -0.017673701
  15.9912815 -0.0148887634
  16.1393738 -0.0119343996
  16.2872486 -0.00884342194
  16.4349842 -0.00565105677
  16.5826664 -0.00239396095
  16.7303734  0.000890046358
  16.8781891  0.00416278839
  17.0261974  0.00738635659
  17.1744728  0.0105235577
  17.3230934  0.0135387182
  17.4721298  0.0163978636
  17.6216469  0.0190697014
  17.7717075  0.021526739
  17.922369  0.0237443894
  18.0736771  0.0257028043
  18.2256737  0.0273869187
  18.3783951  0.0287864953
  18.5318661  0.0298961252
  18.6861076  0.0307168812
  18.8411331  0.0312538594
  18.9969501  0.0315174758
  19.1535549  0.0315219015
  19.3109436  0.0312865376
  19.469101  0.0308313221
  19.6280155  0.0301802605
  19.7876663  0.0293584317
  19.9480247  0.0283915848
  20.1090679  0.0273050219
  20.2707653  0.0261230171
  20.4330826  0.0248699561
  20.5959911  0.0235674977
  20.7594566  0.022236608
  20.9234467  0.0208950341
  21.0879269  0.0195587352
  21.2528629  0.0182428211
  21.4182205  0.0169590712
  21.5839748  0.0157178901
  21.7500896  0.0145275928
  21.9165401  0.0133946501
  22.0832958  0.0123236552
  22.2503338  0.0113173127
  22.4176273  0.010376662
  22.5851612  0.00950050727
  22.7529106  0.0086870268
  22.9208584  0.00793294609
  23.0889874  0.00723380037
  23.2572823  0.00658595189
  23.4257278  0.00598502532
  23.5943108  0.00542814843
  23.7630196  0.00491329841
  23.9318371  0.00443973765
  24.1007557  0.00400686264
  24.2697601  0.00361556746
  24.4388466  0.00326514244
  24.6080017  0.00295353122
  24.7772236  0.00267712958
  24.9465065  0.00242926553
  25.1158447  0.0022030226
  25.2852345  0.00199117558
  25.4546738  0.00179049745
  25.624155  0.00160272606
  25.7936687  0.00143470662
  25.963213  0.00129304826
  26.1327839  0.00117079471
