  0.0848888457 -2.72138786E-05
  0.254711121 -3.99487399E-05
  0.424528629 -5.29802855E-05
  0.594341278 -6.92152244E-05
  0.764148593 -8.79457657E-05
  0.933950067 -0.000107920976
  1.1037451 -0.000132014015
  1.27353323 -0.00015892167
  1.44331384 -0.000189903367
  1.61308551 -0.000223388022
  1.78284824 -0.000262331392
  1.95260096 -0.000304282992
  2.12234259 -0.000351110066
  2.2920723 -0.000402512611
  2.46178937 -0.000459490693
  2.63149261 -0.000521784648
  2.8011806 -0.00058992533
  2.97085285 -0.00066406501
  3.14050794 -0.000745106488
  3.31014442 -0.000832785387
  3.4797616 -0.000927908113
  3.64935708 -0.00103074149
  3.81893086 -0.00114172138
  3.98848057 -0.00126155117
  4.15800476 -0.00139050675
  4.32750177 -0.00152921397
  4.49697018 -0.00167829311
  4.66640663 -0.00183857884
  4.83580685 -0.00201200182
  5.00516415 -0.00220074132
  5.17447138 -0.00240766956
  5.34371996 -0.00263576768
  5.51290083 -0.00288825296
  5.68200159 -0.00316900481
  5.85101175 -0.00348180626
  6.01991892 -0.00383042917
  6.18870974 -0.00421858393
  6.35737133 -0.00464944448
  6.52589226 -0.00512615964
  6.69425964 -0.00565075502
  6.862463 -0.00622511655
  7.03048944 -0.00685062446
  7.19832659 -0.0075287316
  7.3659544 -0.00826210901
  7.53335428 -0.00905326009
  7.7005043 -0.00990403444
  7.86738157 -0.0108157732
  8.03396225 -0.0117890909
  8.2002182 -0.0128239542
  8.36612511 -0.013919089
  8.53165245 -0.0150716119
  8.69676781 -0.0162774324
  8.86144352 -0.0175304487
  9.02564526 -0.0188228041
  9.18933868 -0.0201442167
  9.35249329 -0.0214826167
  9.51507378 -0.0228226483
  9.67704582 -0.0241471902
  9.83837986 -0.0254366845
  9.99904346 -0.0266692489
  10.1590071 -0.0278209001
  10.3182468 -0.0288666934
  10.4767389 -0.029780075
  10.6344643 -0.0305352062
  10.7914095 -0.031105265
  10.9475651 -0.0314664245
  11.1029282 -0.0315953046
  11.2575035 -0.0314717442
  11.4112988 -0.0310793817
  11.5643339 -0.0304060131
  11.7166319 -0.0294445306
  11.8682241 -0.0281918943
  12.0191498 -0.0266506076
  12.1694565 -0.0248288065
  12.3191938 -0.0227397233
  12.4684229 -0.0204003453
  12.6172085 -0.0178338289
  12.7656174 -0.0150656104
  12.9137278 -0.0121258199
  13.061615 -0.00904646516
  13.2093582 -0.00586277246
  13.3570404 -0.00261077285
  13.5047436  0.000671982765
  13.6525488  0.00394722819
  13.800539  0.0071772337
  13.9487934  0.0103248954
  14.0973854  0.013353914
  14.2463894  0.016230315
  14.3958721  0.018922627
  14.5458937  0.0214017034
  14.6965132  0.0236436278
  14.8477783  0.0256266296
  14.9997301  0.027335152
  15.1524067  0.0287578404
  15.3058357  0.0298888385
  15.4600353  0.0307279229
  15.6150188  0.0312799215
  15.7707968  0.0315543562
  15.9273653  0.0315658003
  16.0847187  0.0313325822
  16.2428474  0.0308762491
  16.4017296  0.0302211642
  16.5613461  0.0293935686
  16.7216759  0.0284198374
  16.8826866  0.0273264125
  17.0443516  0.026139982
  17.2066383  0.0248847529
  17.3695145  0.0235837027
  17.5329437  0.0222575516
  17.6968975  0.0209243819
  17.8613415  0.0196001306
  18.0262413  0.0182978734
  18.1915684  0.0170286521
  18.3572884  0.0158006586
  18.5233765  0.0146208555
  18.6898041  0.0134937912
  18.8565407  0.0124230981
  19.0235653  0.0114109889
  19.1908512  0.0104588047
  19.3583736  0.00956670195
  19.5261173  0.00873466954
  19.6940594  0.00796172954
  19.8621826  0.00724679232
  20.0304699  0.006588405
  20.1989059  0.00598402508
  20.3674755  0.00543142296
  20.5361671  0.00492765941
  20.7049713  0.00446973927
  20.8738747  0.00405366998
  21.0428715  0.00367566571
  21.2119503  0.00333177578
  21.3811035  0.00301809143
  21.5503273  0.0027311258
  21.7196159  0.00246804301
  21.8889599  0.00222633826
  22.0583534  0.00200435333
  22.2277946  0.00180140371
  22.3972721  0.00161756342
  22.5667877  0.00145271374
  22.7363338  0.00130731286
  22.9059086  0.00118127838
  23.0755062  0.00107371481
  23.2451286  0.000983109931
  23.4147701  0.000906251371
  23.5844345  0.000840013381
  23.7541199  0.000780888833
  23.9238243  0.000725498423
  24.0935497  0.000670948299
  24.2632885  0.000617696671
  24.4330463  0.000566307572
  24.6028175  0.000519332942
  24.7725983  0.000480250921
  24.9423904  0.000449883635
  25.1121922  0.000425862847
  25.2820053  0.000401200494
  25.4518356  0.000365508604
  25.6216812  0.000308637391
  25.7915421  0.000225274824
  25.9614124  0.000119713484
  26.1312847  0.
