  0.0843489319 -0.000371235015
  0.253984243 -0.000471395091
  0.423581034 -0.000588641153
  0.593137145 -0.000719943666
  0.762649715 -0.000870922348
  0.93211478 -0.0010380547
  1.10152876 -0.00122265355
  1.27088726 -0.00143042207
  1.44018626 -0.00165833021
  1.60942078 -0.00191026367
  1.77858603 -0.00218562735
  1.94767725 -0.00248844875
  2.11668897 -0.00281751947
  2.28561521 -0.00317597575
  2.45445108 -0.00356458593
  2.6231904 -0.00398435444
  2.79182673 -0.0044366112
  2.96035409 -0.00492225867
  3.12876606 -0.0054424312
  3.29705596 -0.0059971232
  3.46521711 -0.00658700243
  3.63324213 -0.00721253827
  3.80112481 -0.00787302665
  3.96885777 -0.00856857374
  4.1364336 -0.00929822959
  4.30384541 -0.0100606866
  4.47108555 -0.0108548999
  4.63813591 -0.0116812438
  4.80496979 -0.0125431381
  4.97155142 -0.0134452544
  5.13783741 -0.0143932141
  5.30378056 -0.0153920911
  5.46932793 -0.0164457522
  5.63442326 -0.0175565779
  5.79901171 -0.0187237635
  5.9630394 -0.019942604
  6.12645626 -0.0212043375
  6.2892189 -0.0224949941
  6.45129728 -0.0237961784
  6.61266947 -0.0250842199
  6.77332687 -0.0263315365
  6.93326664 -0.0275076628
  7.09248543 -0.0285807699
  7.25096321 -0.0295205265
  7.40868092 -0.0303010494
  7.56562424 -0.0308962762
  7.72178268 -0.0312818438
  7.87715435 -0.0314351767
  8.03173923 -0.0313366055
  8.18554974 -0.0309689641
  8.33860111 -0.0303208977
  8.49091625 -0.0293839574
  8.64252758 -0.0281558633
  8.79347324 -0.02663894
  8.94379807 -0.0248412341
  9.0935545 -0.0227753073
  9.24280071 -0.0204586387
  9.39160061 -0.0179132223
  9.5400238 -0.0151649415
  9.68814278 -0.0122434795
  9.83603477 -0.00918021798
  9.98378086 -0.00601047277
  10.1314621 -0.00277009606
  10.2791576  0.000504165888
  10.4269524  0.00377368927
  10.5749264  0.00700128078
  10.7231588  0.0101496577
  10.871726  0.0131829679
  11.0206985  0.0160671473
  11.170146  0.0187705457
  11.3201303  0.0212638378
  11.470706  0.0235223472
  11.6219254  0.0255245715
  11.7738314  0.027254194
  11.9264584  0.0286994576
  12.0798368  0.0298539251
  12.2339859  0.0307159871
  12.3889217  0.0312904716
  12.5446501  0.0315856934
  12.7011719  0.0316155106
  12.8584805  0.0313979834
  13.0165653  0.0309540331
  13.1754093  0.0303077549
  13.3349915  0.0294848084
  13.4952879  0.0285117924
  13.6562691  0.0274161547
  13.8179064  0.0262236893
  13.9801674  0.0249598324
  14.1430187  0.0236485675
  14.306427  0.0223109052
  14.4703588  0.0209663361
  14.6347809  0.0196314454
  14.7996588  0.0183205605
  14.964963  0.0170451254
  15.130661  0.0158141926
  15.2967243  0.0146345794
  15.4631224  0.0135112144
  15.6298342  0.0124473386
  15.7968321  0.0114445612
  15.9640923  0.0105029605
  16.1315937  0.00962223485
  16.2993164  0.00880062953
  16.4672375  0.00803642906
  16.6353455  0.00732726976
  16.8036194  0.00667053647
  16.9720459  0.00606369786
  17.1406116  0.00550427288
  17.3093033  0.00498967431
  17.4781055  0.0045174351
  17.6470108  0.00408522226
  17.8160076  0.00369116664
  17.9850883  0.00333270896
  18.1542435  0.00300812814
  18.3234634  0.0027153343
  18.4927444  0.00245156977
  18.6620808  0.00221501011
  18.8314667  0.00200313795
  19.0008965  0.0018135407
  19.1703682  0.00164315896
  19.3398762  0.00149000064
  19.5094185  0.00135164196
  19.6789932  0.00122570526
  19.8485966  0.00111048971
  20.0182247  0.00100460462
  20.1878777  0.000907515641
  20.3575478  0.000818577362
  20.5272388  0.000737367198
  20.6969471  0.000664600404
  20.8666706  0.000600450207
  21.0364056  0.000545518356
  21.206152  0.000499327085
  21.375906  0.000461964402
  21.5456734  0.000432033325
  21.7154522  0.000408414169
  21.8852386  0.000388587127
  22.0550365  0.000370175927
  22.2248459  0.000350679271
  22.3946629  0.000328291557
  22.5644913  0.000301562715
  22.7343311  0.000270118704
  22.9041786  0.000234338106
  23.0740318  0.000196167268
  23.2438889  0.000157498755
  23.4137478  0.000120730314
  23.5836105  8.73921672E-05
  23.7534714  5.80931373E-05
  23.9233341  3.1635398E-05
  24.0931969  6.36649202E-06
  24.2630558 -1.9961808E-05
  24.4329185 -4.88992373E-05
  24.6027775 -7.94860243E-05
  24.7726326 -0.000107439846
  24.9424801 -0.000125881168
  25.112318 -0.000127753126
  25.2821426 -0.000107641448
  25.4519615 -6.77671633E-05
  25.6217785 -1.87684345E-05
  25.7916012  2.01703951E-05
  25.9614372  2.96511571E-05
  26.1312847  0.
