  0.0849184915 -8.19563866E-07
  0.254755914  1.04308128E-06
  0.424594074 -5.06639481E-07
  0.594431758 -2.98023153E-08
  0.764269292  1.1920929E-07
  0.934106886  1.1920929E-07
  1.10394454 -2.23517418E-07
  1.27378201 -5.06639481E-07
  1.44361973  2.98023259E-08
  1.61345732  6.10947609E-07
  1.78329492 -3.12924385E-07
  1.95313263 -2.98023366E-08
  2.12297034  1.34110451E-07
  2.29280782  1.49011612E-07
  2.46264553  1.93715096E-07
  2.63248324  1.63912773E-07
  2.80232072 -1.93715096E-07
  2.97215843  1.49011576E-08
  3.14199638 -7.4505806E-08
  3.31183386 -2.08616271E-07
  3.48167133  1.49011612E-07
  3.65150881 -8.94069672E-08
  3.82134652  1.4901164E-07
  3.99118423 -3.42726707E-07
  4.16102171  2.98023224E-07
  4.33085918  0.
  4.50069714 -3.42726707E-07
  4.67053461  2.68220901E-07
  4.84037209  2.98023224E-08
  5.01021004  4.47034836E-08
  5.18004751  1.63912773E-07
  5.34988499 -2.38418579E-07
  5.51972294 -2.01165676E-07
  5.68956041  3.05473804E-07
  5.85939789 -1.34110451E-07
  6.02923584 -9.31322646E-08
  6.19907331  1.1920929E-07
  6.36891079 -3.72529101E-08
  6.53874874 -1.8626455E-08
  6.70858622  1.30385169E-08
  6.87842369 -1.39698386E-09
  7.04826117  2.36477504E-11
  7.21809912  0.
  7.38793659  0.
  7.55777407  0.
  7.72761202  0.
  7.89744949  0.
  8.06728745  0.
  8.23712444  0.
  8.40696239  0.
  8.57680035  0.
  8.74663734  0.
  8.9164753  0.
  9.08631325  0.
  9.25615025  0.
  9.4259882  0.
  9.59582615  0.
  9.76566315  0.
  9.9355011  0.
  10.1053391  0.
  10.275176  0.
  10.445014  0.
  10.614852  0.
  10.7846889  0.
  10.9545269  0.
  11.1243639  0.
  11.2942019  0.
  11.4640398  0.
  11.6338768  0.
  11.8037148  0.
  11.9735527  0.
  12.1433897  0.
  12.3132277  0.
  12.4830656  0.
  12.6529026  0.
  12.8227406  0.
  12.9925785  0.
  13.1624155  0.
  13.3322535  0.
  13.5020914  0.
  13.6719284  0.
  13.8417664  0.
  14.0116043  0.
  14.1814413  0.
  14.3512793  0.
  14.5211172  0.
  14.6909542  0.
  14.8607922  0.
  15.0306301  0.
  15.2004671  0.
  15.3703051  0.
  15.540143  0.
  15.70998  0.
  15.879818  0.
  16.0496559  0.
  16.2194939  0.
  16.3893299  0.
  16.5591679  0.
  16.7290058  0.
  16.8988438  0.
  17.0686817  0.
  17.2385197  0.
  17.4083557  0.
  17.5781937  0.
  17.7480316  0.
  17.9178696  3.50950756E-07
  18.0877075  0.
  18.2575455 -3.50950756E-07
  18.4273815 -7.01901513E-07
  18.5972195  0.
  18.7670574 -7.01901683E-07
  18.9368954 -7.01901854E-07
  19.1067333 -7.01901854E-07
  19.2765694 -7.01901854E-07
  19.4464073 -7.01901854E-07
  19.6162453 -1.40380439E-06
  19.7860813 -1.40380439E-06
  19.9559193 -2.80761014E-06
  20.1257572 -1.40380507E-06
  20.2955933 -3.50951541E-06
  20.4654293 -3.50951814E-06
  20.6352673 -4.2114234E-06
  20.8051052 -6.31714192E-06
  20.9749413 -7.01905265E-06
  21.1447773 -7.7209661E-06
  21.3146133 -1.0528609E-05
  21.4844475 -1.26343548E-05
  21.6542835 -1.47401224E-05
  21.8241196 -1.96535439E-05
  21.9939537 -2.24612741E-05
  22.1637859 -2.87786315E-05
  22.3336163 -3.43941792E-05
  22.5034485 -4.00097924E-05
  22.6732769 -5.12410188E-05
  22.8431053 -5.89628035E-05
  23.0129318 -7.23004632E-05
  23.1827545 -8.77444691E-05
  23.3525734 -0.000103189173
  23.5223904 -0.000124250539
  23.6922016 -0.000146015285
  23.862009 -0.000172695844
  24.0318108 -0.000206399214
  24.2016048 -0.000239404093
  24.3713894 -0.000278731983
  24.5411663 -0.000325086876
  24.7109337 -0.000372853945
  24.8806877 -0.00042905705
  25.0504284 -0.000488783699
  25.22015 -0.000550632714
  25.3898563 -0.00061601121
  25.5595436 -0.000682814978
  25.7292099 -0.000747533748
  25.8988533 -0.000809466932
  26.06847 -0.000863694353
  26.23806 -0.000904590357
  26.4076233 -0.000934256008
  26.577158 -0.000944247935
  26.7466621 -0.000933146104
  26.9161377 -0.000901642721
  27.0855846 -0.00158182997
