  0.0849172398  2.25007534E-06
  0.254756063 -2.9802311E-07
  0.424594015  4.02331352E-07
  0.594431818 -7.45057775E-08
  0.764269412 -9.83476639E-07
  0.934106946  4.17232542E-07
  1.10394454  1.44541275E-06
  1.27378225 -3.42726707E-07
  1.44362009 -5.81145287E-07
  1.61345768 -1.49011896E-08
  1.78329527 -1.04308157E-07
  1.95313287 -1.4901147E-08
  2.12297058  4.32133675E-07
  2.29280806 -7.4505806E-08
  2.46264577 -1.93715096E-07
  2.63248348  4.47034893E-07
  2.80232096 -1.93715096E-07
  2.97215843 -8.94069672E-08
  3.14199615  1.63912773E-07
  3.31183362 -1.78813934E-07
  3.48167133 -8.94069672E-08
  3.65150881 -8.94069672E-08
  3.82134652 -2.08616314E-07
  3.99118423  0.
  4.16102171 -4.47034836E-08
  4.33085918 -1.49011683E-08
  4.50069666  2.98023224E-07
  4.67053413  0.
  4.84037209  2.98023153E-08
  5.01021004 -2.38418608E-07
  5.18004704  4.61936025E-07
  5.34988451 -2.38418608E-07
  5.51972294  1.49011612E-07
  5.68956041 -3.948808E-07
  5.85939741  4.09781933E-07
  6.02923536  6.14672899E-07
  6.19907331 -6.70552254E-07
  6.36891031 -3.72529101E-08
  6.53874874 -1.86264444E-08
  6.70858622  1.30385196E-08
  6.87842369 -1.39698386E-09
  7.04826117  2.36450859E-11
  7.21809912  0.
  7.38793659  0.
  7.55777407  0.
  7.72761202  0.
  7.89744949  0.
  8.06728745  0.
  8.23712444  0.
  8.40696239  0.
  8.57680035  0.
  8.74663734  0.
  8.9164753  0.
  9.08631325  0.
  9.25615025  0.
  9.4259882  0.
  9.59582615  0.
  9.76566315  0.
  9.9355011  0.
  10.1053391  0.
  10.275176  3.50950756E-07
  10.445014  0.
  10.614852 -3.50950756E-07
  10.7846889 -7.01901513E-07
  10.9545269  0.
  11.1243639 -7.01901683E-07
  11.2942019 -7.01901854E-07
  11.4640398 -7.01901854E-07
  11.6338758 -7.01901854E-07
  11.8037138 -7.01901854E-07
  11.9735518 -1.40380439E-06
  12.1433887 -1.40380439E-06
  12.3132267 -1.40380507E-06
  12.4830637 -2.10570761E-06
  12.6529007 -2.10570897E-06
  12.8227377 -2.10571034E-06
  12.9925756 -4.21142067E-06
  13.1624117 -2.8076156E-06
  13.3322487 -4.21142613E-06
  13.5020857 -5.61523939E-06
  13.6719217 -6.31715011E-06
  13.8417587 -7.01906356E-06
  14.0115948 -7.72098247E-06
  14.1814299 -9.82671736E-06
  14.3512659 -1.26343766E-05
  14.521101 -1.26343984E-05
  14.6909351 -1.5442085E-05
  14.8607693 -1.96536203E-05
  15.0306025 -2.10575236E-05
  15.2004347 -2.59710432E-05
  15.3702669 -2.87788716E-05
  15.5400982 -3.43944412E-05
  15.7099266 -4.0010098E-05
  15.879756 -4.56258858E-05
  16.0495834 -5.40496112E-05
  16.219408 -6.17715705E-05
  16.3892288 -7.15997012E-05
  16.5590496 -8.21301219E-05
  16.7288685 -9.47669323E-05
  16.8986816 -0.000110212335
  17.0684929 -0.000122850586
  17.2383003 -0.000144615944
  17.408102 -0.000164276833
  17.577898 -0.000183939293
  17.7476883 -0.000212730956
  17.9174728 -0.00024012127
  18.0872478 -0.000273132348
  18.2570152 -0.000310361094
  18.4267693 -0.000347595778
  18.5965157 -0.000394668896
  18.7662487 -0.000443858444
  18.9359665 -0.000495868851
  19.105669 -0.000559833949
  19.2753506 -0.000625924906
  19.445015 -0.000698360614
  19.6146564 -0.000778551679
  19.7842712 -0.000868613832
  19.9538612 -0.000963636674
  20.1234188 -0.00106995413
  20.2929401 -0.00118547073
  20.4624252 -0.00131090451
  20.6318703 -0.0014518993
  20.8012676 -0.00160003407
  20.9706154 -0.00176236778
  21.1399059 -0.0019452651
  21.3091335 -0.00214243121
  21.4782963 -0.00235742703
  21.6473846 -0.00259524118
  21.816391 -0.00285593234
  21.9853077 -0.00314593501
  22.1541252 -0.00345828384
  22.3228321 -0.00381356757
  22.4914207 -0.00420134794
  22.6598797 -0.0046295654
  22.8281937 -0.00510693155
  22.9963474 -0.0056337174
  23.1643276 -0.00621802546
  23.3321152 -0.00685812905
  23.499691 -0.00757009909
  23.6670361 -0.00834739767
  23.8341274 -0.00919564068
  24.0009403 -0.0101184323
  24.167448 -0.0111173205
  24.3336239 -0.0121911541
  24.4994392 -0.0133373849
  24.6648655 -0.0145499781
  24.8298683 -0.0158200264
  24.9944191 -0.0171618015
  25.1584797 -0.0185367912
  25.3220253 -0.0199606642
  25.4850178 -0.021430403
  25.6474266 -0.0229201689
  25.8092194 -0.0244420543
  25.9703655 -0.0259913653
  26.1308346 -0.0275528803
  26.2905998 -0.0291327015
  26.4496326 -0.0306943506
  26.6079082 -0.0321898609
  26.7654076 -0.033539772
  26.9221191 -0.031233117
