  0.0849197134 -9.08970947E-07
  0.254756689  2.98023281E-07
  0.424594671  8.34465084E-07
  0.594432652 -8.19563979E-07
  0.764270246  4.02331352E-07
  0.9341079 -9.08970833E-07
  1.10394537  4.17232542E-07
  1.27378285 -1.5795232E-06
  1.44362044  1.11758698E-06
  1.61345804  4.32133675E-07
  1.78329563 -9.38773155E-07
  1.95313311  5.66244182E-07
  2.12297082  1.34110451E-07
  2.29280829  3.12924385E-07
  2.46264601  1.4901147E-08
  2.63248372 -1.08778477E-06
  2.8023212 -2.5331974E-07
  2.97215843  8.94069672E-08
  3.14199615 -2.53319797E-07
  3.31183362  4.47034836E-07
  3.48167109 -9.38773155E-07
  3.65150833  4.47034836E-07
  3.82134628 -4.91738319E-07
  3.99118376 -1.44541275E-06
  4.16102123  7.59959221E-07
  4.33085823 -2.53319627E-07
  4.50069618 -1.84774444E-06
  4.67053366 -5.81145287E-07
  4.84037113 -1.17719185E-06
  5.01020861 -1.01327919E-06
  5.1800456 -1.07288361E-06
  5.34988308 -2.1904707E-06
  5.51972055 -1.41560577E-07
  5.68955803 -4.08291862E-06
  5.85939455 -9.76026513E-07
  6.02923203 -3.96370979E-06
  6.19906902 -2.35810876E-06
  6.36890554 -4.22261564E-06
  6.53874254 -4.57558872E-06
  6.70857906 -5.9537133E-06
  6.87841558 -6.31745024E-06
  7.04825163 -6.66808228E-06
  7.21808767 -8.42289592E-06
  7.38792324 -9.82672827E-06
  7.55775833 -1.19324795E-05
  7.72759342 -1.26344094E-05
  7.89742804 -1.4038269E-05
  8.0672617 -1.82498043E-05
  8.23709488 -1.96536967E-05
  8.40692806 -2.31633676E-05
  8.57676029 -2.45673145E-05
  8.74659061 -3.01828186E-05
  8.91642094 -3.43945721E-05
  9.08625031 -3.79044504E-05
  9.25607681 -4.56260605E-05
  9.42590427 -5.12419792E-05
  9.59572887 -5.82619978E-05
  9.76555061 -6.73881004E-05
  9.9353714 -7.72164494E-05
  10.1051893 -8.42373411E-05
  10.2750034 -9.82783386E-05
  10.4448156 -0.000111618137
  10.614624 -0.000126362691
  10.7844267 -0.000143916404
  10.9542265 -0.000163577555
  11.1240196 -0.000180431991
  11.293808 -0.000207117526
  11.4635897 -0.000235209998
  11.6333618 -0.000260497327
  11.8031273 -0.000297725201
  11.9728832 -0.000331447693
  12.1426268 -0.000370794092
  12.3123598 -0.000420682831
  12.4820786 -0.000469880062
  12.651782 -0.000527518219
  12.8214684 -0.000585874775
  12.9911366 -0.00065900269
  13.1607819 -0.00073215575
  13.3304052 -0.00081798574
  13.5000019 -0.000912285643
  13.6695681 -0.00101576932
  13.8391037 -0.00112914992
  14.0086021 -0.00125806779
  14.1780596 -0.00139199244
  14.3474731 -0.00154852867
  14.5168381 -0.00171715161
  14.6861467 -0.00190211646
  14.8553963 -0.00211050035
  15.024579 -0.00233178958
  15.1936865 -0.00258012582
  15.3627129 -0.00285558309
  15.5316496 -0.00315683987
  15.7004862 -0.00348681584
  15.8692141 -0.00384633243
  16.0378208 -0.00424330775
  16.2062969 -0.00468215905
  16.3746223 -0.00516027398
  16.5427914 -0.00568498112
  16.7107849 -0.00625516288
  16.8785839 -0.00688322447
  17.0461731 -0.00756818242
  17.2135296 -0.00830696896
  17.3806343 -0.00911936536
  17.5474644 -0.00999968871
  17.7139931 -0.0109408088
  17.8801975 -0.0119707994
  18.0460472 -0.0130663589
  18.2115154 -0.0142393224
  18.3765678 -0.0154945739
  18.5411758 -0.0168190375
  18.7053051 -0.0182134286
  18.8689251 -0.0196756348
  19.0319958 -0.021194078
  19.1944885 -0.0227468982
  19.3563671 -0.0243441537
  19.517601 -0.02593714
  19.6781559 -0.0275309533
  19.838007 -0.0290763974
  19.9971256 -0.0305672586
  20.155489 -0.0319511443
  20.3130817 -0.0332036912
  20.4698887 -0.0342822969
  20.6259041 -0.0351554006
  20.7811241 -0.0357826352
  20.9355545 -0.0361134857
  21.0892048 -0.0361231416
  21.2420998 -0.0357832611
  21.3942623 -0.0350588858
  21.5457287 -0.0339407176
  21.696537 -0.0323993862
  21.846735 -0.0304597467
  21.9963779 -0.0280957371
  22.1455269 -0.0253492892
  22.2942467 -0.0222368538
  22.4426098 -0.0187937915
  22.5906849 -0.0150657892
  22.738554 -0.0111070275
  22.8862934 -0.0069745481
  23.033987 -0.00272360444
  23.181715  0.00157615542
  23.3295593  0.00584918261
  23.4775982  0.0100472867
  23.6259117  0.014082849
  23.7745705  0.0179189444
  23.9236546  0.021479398
  24.0732231  0.0247194171
  24.2233429  0.0275816917
  24.3740654  0.0300621092
  24.5254383  0.032092452
  24.6775093  0.0336872488
  24.830307  0.0348493159
  24.98386  0.0355740041
  25.1381855  0.0359154046
  25.2932949  0.0359100401
  25.4491901  0.0356213003
  25.605875  0.0351066738
  25.7633419  0.0344108194
  25.9215813  0.0335426778
  26.0805817  0.0324388593
  26.2403183  0.0292759538
