  0.0849178433 -8.49366188E-07
  0.254755229 -2.27987766E-06
  0.424591899 -2.26497605E-06
  0.594428539 -4.51505048E-06
  0.764264345 -4.58955856E-06
  0.934099793 -6.91413697E-06
  1.10393476 -8.83638677E-06
  1.27376902 -1.27106923E-05
  1.44360256 -1.18315256E-05
  1.61343527 -2.00420582E-05
  1.78326702 -2.09063328E-05
  1.9530977 -2.5734309E-05
  2.12292719 -3.09199022E-05
  2.29275537 -3.44961809E-05
  2.46258211 -4.11719084E-05
  2.63240743 -4.7519803E-05
  2.80223083 -5.53876162E-05
  2.97205257 -6.1288476E-05
  3.14187241 -7.29262683E-05
  3.31168985 -7.99298286E-05
  3.48150516 -9.27000947E-05
  3.65131736 -0.000103831262
  3.82112718 -0.000115722389
  3.9909339 -0.000131160021
  4.16073704 -0.000143617362
  4.33053684 -0.000159472256
  4.50033331 -0.000178903341
  4.67012501 -0.000194549561
  4.83991241 -0.000212699175
  5.0096941 -0.000231206417
  5.17946911 -0.000254869403
  5.34923649 -0.000281043292
  5.51899576 -0.000308424351
  5.68874407 -0.000342480722
  5.85848045 -0.000381857157
  6.02820349 -0.000426430372
  6.19791079 -0.000483024982
  6.36760044 -0.000545477495
  6.53727102 -0.000617120415
  6.70692015 -0.000694775954
  6.87654495 -0.000784129137
  7.04614449 -0.000882045133
  7.21571589 -0.000979194185
  7.38525534 -0.00109255873
  7.55475998 -0.00121442601
  7.724226 -0.00135465665
  7.89364815 -0.00150553929
  8.06302261 -0.00166850025
  8.23234272 -0.00185412727
  8.40160561 -0.00205824059
  8.57080173 -0.00228299573
  8.73992538 -0.00253056642
  8.90896988 -0.00279960874
  9.07792473 -0.00310571585
  9.24678135 -0.00343206804
  9.41553116 -0.00379571691
  9.58416176 -0.00419822708
  9.7526598 -0.00463412516
  9.92101383 -0.00511280447
  10.0892086 -0.00564230606
  10.2572289 -0.00621586293
  10.4250574 -0.00684515946
  10.5926762 -0.00752422214
  10.7600632 -0.00827558711
  10.9272003 -0.00907776877
  11.0940628 -0.00995422527
  11.2606268 -0.0108978823
  11.4268656 -0.0119110309
  11.5927515 -0.013001103
  11.7582579 -0.0141649023
  11.9233522 -0.015400026
  12.0880032 -0.0167114139
  12.2521801 -0.0180852637
  12.4158487 -0.0195223019
  12.5789738 -0.0210181922
  12.7415247 -0.0225554109
  12.9034662 -0.0241198763
  13.0647669 -0.0257017314
  13.2253962 -0.0272737965
  13.3853254 -0.028812021
  13.5445271 -0.0302939862
  13.70298 -0.0316853374
  13.8606663 -0.0329522789
  14.0175695 -0.0340653062
  14.1736832 -0.0349680036
  14.3290033 -0.0356454849
  14.4835339 -0.0360429436
  14.6372871 -0.0361204147
  14.7902784 -0.0358667672
  14.9425325 -0.035225451
  15.0940838 -0.034186095
  15.2449703 -0.0327342153
  15.395237 -0.0308565348
  15.54494 -0.0285654366
  15.6941385 -0.0258682072
  15.8428955 -0.0227809846
  15.9912815 -0.0193473995
  16.1393738 -0.0156120658
  16.2872486 -0.0116257668
  16.4349842 -0.00744795799
  16.5826664 -0.00315150619
  16.7303734  0.00119698048
  16.8781891  0.0055257082
  17.0261974  0.00976064801
  17.1744728  0.0138259828
  17.3230934  0.0176786184
  17.4721298  0.0212413073
  17.6216469  0.0244669318
  17.7717075  0.0273328722
  17.922369  0.0297964811
  18.0736771  0.0318441689
  18.2256737  0.0334749967
  18.3783951  0.0346937031
  18.5318661  0.0354927331
  18.6861076  0.0359274298
  18.8411331  0.0359930098
  18.9969501  0.0357464254
  19.1535549  0.0352008194
  19.3109436  0.0344251692
  19.469101  0.0334217548
  19.6280155  0.032253474
  19.7876663  0.0309413373
  19.9480247  0.0295314789
  20.1090679  0.0280534253
  20.2707653  0.0265144855
  20.4330826  0.0249532163
  20.5959911  0.0233934224
  20.7594566  0.0218496546
  20.9234467  0.0203325301
  21.0879269  0.018848151
  21.2528629  0.0174249709
  21.4182205  0.0160550326
  21.5839748  0.0147586204
  21.7500896  0.0135300346
  21.9165401  0.0123838149
  22.0832958  0.0113186985
  22.2503338  0.010335736
  22.4176273  0.00943960994
  22.5851612  0.00861448422
  22.7529106  0.0078617502
  22.9208584  0.00718288869
  23.0889874  0.0065432936
  23.2572823  0.00596243329
  23.4257278  0.00540733896
  23.5943108  0.00488485023
  23.7630196  0.00438694842
  23.9318371  0.00392826833
  24.1007557  0.00349166058
  24.2697601  0.00311436318
  24.4388466  0.00279335305
  24.6080017  0.00252776686
  24.7772236  0.00233296305
  24.9465065  0.00216796668
  25.1158447  0.00202778913
  25.2852345  0.00185467768
  25.4546738  0.00163459126
  25.624155  0.00136826187
  25.7936687  0.0011246223
  25.963213  0.00106534548
  26.1327839  0.00117079471
