  0.0848888457 -2.74181439E-05
  0.254711121 -3.91304566E-05
  0.424528629 -5.14388012E-05
  0.594341278 -6.72936294E-05
  0.764148593 -8.50111392E-05
  0.933950067 -0.000102773265
  1.1037451 -0.000125855237
  1.27353323 -0.000149145751
  1.44331384 -0.000179961382
  1.61308551 -0.000207468867
  1.78284824 -0.00024589902
  1.95260096 -0.000281214772
  2.12234259 -0.000324487744
  2.2920723 -0.000369221088
  2.46178937 -0.000420630095
  2.63149261 -0.000475495937
  2.8011806 -0.000535890344
  2.97085285 -0.000599682215
  3.14050794 -0.000672399765
  3.31014442 -0.000747263432
  3.4797616 -0.00083000958
  3.64935708 -0.000918954844
  3.81893086 -0.00101280212
  3.98848057 -0.00111651421
  4.15800476 -0.00122548663
  4.32750177 -0.00134126795
  4.49697018 -0.00146277202
  4.66640663 -0.00158108817
  4.83580685 -0.00170695782
  5.00516415 -0.00184185756
  5.17447138 -0.00199253904
  5.34371996 -0.0021650428
  5.51290083 -0.00235947222
  5.68200159 -0.00258882344
  5.85101175 -0.00285952538
  6.01991892 -0.00317304488
  6.18870974 -0.00354187656
  6.35737133 -0.00395948254
  6.52589226 -0.0044383686
  6.69425964 -0.00496546179
  6.862463 -0.00553948805
  7.03048944 -0.00615030527
  7.19832659 -0.00678304397
  7.3659544 -0.00746690109
  7.53335428 -0.00821450539
  7.7005043 -0.00902358815
  7.86738157 -0.00989980996
  8.03396225 -0.0108424723
  8.2002182 -0.0118553191
  8.36612511 -0.0129472017
  8.53165245 -0.0141091906
  8.69676781 -0.0153446272
  8.86144352 -0.0166490525
  9.02564526 -0.0180260092
  9.18933868 -0.0194573924
  9.35249329 -0.0209533945
  9.51507378 -0.0224855393
  9.67704582 -0.0240463167
  9.83837986 -0.0256229416
  9.99904346 -0.0271948501
  10.1590071 -0.0287291631
  10.3182468 -0.0302116424
  10.4767389 -0.0315997303
  10.6344643 -0.0328709632
  10.7914095 -0.0339761674
  10.9475651 -0.0348984897
  11.1029282 -0.0355790555
  11.2575035 -0.0359835774
  11.4112988 -0.0360853672
  11.5643339 -0.0358402133
  11.7166319 -0.0352255404
  11.8682241 -0.034217298
  12.0191498 -0.0327914804
  12.1694565 -0.030947417
  12.3191938 -0.0286902934
  12.4684229 -0.0260202885
  12.6172085 -0.0229740143
  12.7656174 -0.0195726156
  12.9137278 -0.0158663392
  13.061615 -0.0119040012
  13.2093582 -0.00775149465
  13.3570404 -0.00346291065
  13.5047436  0.000881373882
  13.6525488  0.00520893931
  13.800539  0.00945442915
  13.9487934  0.013548553
  14.0973854  0.0174205005
  14.2463894  0.0210155547
  14.3958721  0.0242872238
  14.5458937  0.0271836519
  14.6965132  0.0297068954
  14.8477783  0.0317930281
  14.9997301  0.0334703922
  15.1524067  0.0347200781
  15.3058357  0.0355604589
  15.4600353  0.0360125452
  15.6150188  0.0361019969
  15.7707968  0.0358582288
  15.9273653  0.0353206694
  16.0847187  0.0345248133
  16.2428474  0.0335142463
  16.4017296  0.0323157012
  16.5613461  0.030987069
  16.7216759  0.0295535848
  16.8826866  0.0280395895
  17.0443516  0.0264924243
  17.2066383  0.0249252096
  17.3695145  0.0233594924
  17.5329437  0.0218258947
  17.6968975  0.0203188062
  17.8613415  0.0188704804
  18.0262413  0.0174722001
  18.1915684  0.0161442943
  18.3572884  0.0148766935
  18.5233765  0.0136818253
  18.6898041  0.012551263
  18.8565407  0.0114903711
  19.0235653  0.0104952827
  19.1908512  0.00957220048
  19.3583736  0.00870678015
  19.5261173  0.00791040994
  19.6940594  0.0071710702
  19.8621826  0.00649177283
  20.0304699  0.00587911159
  20.1989059  0.00531423278
  20.3674755  0.0048074238
  20.5361671  0.00434917118
  20.7049713  0.00394558813
  20.8738747  0.00358091109
  21.0428715  0.00325427391
  21.2119503  0.00296060555
  21.3811035  0.00269133132
  21.5503273  0.00244003627
  21.7196159  0.0022087656
  21.8889599  0.00198831176
  22.0583534  0.00177582074
  22.2277946  0.00157336984
  22.3972721  0.00139218103
  22.5667877  0.00122307613
  22.7363338  0.00107938866
  22.9059086  0.000964602688
  23.0755062  0.00087517756
  23.2451286  0.000822337344
  23.4147701  0.00078216847
  23.5844345  0.000756770605
  23.7541199  0.000737002585
  23.9238243  0.000715134898
  24.0935497  0.000655347132
  24.2632885  0.000595579273
  24.4330463  0.00051476236
  24.6028175  0.000427646795
  24.7725983  0.000379168312
  24.9423904  0.000376335578
  25.1121922  0.000433177367
  25.2820053  0.000528615783
  25.4518356  0.000609990326
  25.6216812  0.000614138145
  25.7915421  0.000481088588
  25.9614124  0.000282809837
  26.1312847  0.
