  0.833333E-01 -0.298259E-12  0.517217E-12  0.894777E-12
  0.250000E+00 -0.435060E-12  0.753747E-12  0.130518E-11
  0.416667E+00 -0.714352E-12  0.123799E-11  0.214306E-11
  0.583333E+00 -0.118093E-11  0.204783E-11  0.354280E-11
  0.750000E+00 -0.193557E-11  0.335844E-11  0.580672E-11
  0.916667E+00 -0.313085E-11  0.543521E-11  0.939256E-11
  0.108333E+01 -0.495884E-11  0.861205E-11  0.148765E-10
  0.125000E+01 -0.781619E-11  0.135783E-10  0.234486E-10
  0.141667E+01 -0.121095E-10  0.210410E-10  0.363287E-10
  0.158333E+01 -0.187541E-10  0.325911E-10  0.562622E-10
  0.175000E+01 -0.286714E-10  0.498308E-10  0.860142E-10
  0.191667E+01 -0.438898E-10  0.762863E-10  0.131670E-09
  0.208333E+01 -0.662061E-10  0.115081E-09  0.198619E-09
  0.225000E+01 -0.100274E-09  0.174306E-09  0.300823E-09
  0.241667E+01 -0.150307E-09  0.261284E-09  0.450922E-09
  0.258333E+01 -0.227527E-09  0.395526E-09  0.682581E-09
  0.275000E+01 -0.341644E-09  0.593913E-09  0.102493E-08
  0.291667E+01 -0.505678E-09  0.879078E-09  0.151704E-08
  0.308333E+01 -0.753240E-09  0.130945E-08  0.225972E-08
  0.325000E+01 -0.111682E-08  0.194151E-08  0.335045E-08
  0.341667E+01 -0.163651E-08  0.284496E-08  0.490952E-08
  0.358333E+01 -0.241838E-08  0.420422E-08  0.725515E-08
  0.375000E+01 -0.355863E-08  0.618648E-08  0.106759E-07
  0.391667E+01 -0.518655E-08  0.901654E-08  0.155597E-07
  0.408333E+01 -0.763086E-08  0.132659E-07  0.228926E-07
  0.425000E+01 -0.111351E-07  0.193578E-07  0.334052E-07
  0.441667E+01 -0.161740E-07  0.281177E-07  0.485220E-07
  0.458333E+01 -0.233512E-07  0.405949E-07  0.700535E-07
  0.475000E+01 -0.338808E-07  0.589001E-07  0.101642E-06
  0.491667E+01 -0.490930E-07  0.853458E-07  0.147279E-06
  0.508333E+01 -0.707004E-07  0.122909E-06  0.212101E-06
  0.525000E+01 -0.103126E-06  0.179280E-06  0.309379E-06
  0.541667E+01 -0.149854E-06  0.260514E-06  0.449562E-06
  0.558333E+01 -0.216539E-06  0.376443E-06  0.649618E-06
  0.575000E+01 -0.310406E-06  0.520574E-06  0.643562E-06
  0.591667E+01 -0.429043E-06  0.672834E-06  0.711814E-06
  0.608333E+01 -0.576080E-06  0.848411E-06  0.865268E-06
  0.625000E+01 -0.761235E-06  0.107082E-05  0.113307E-05
  0.641667E+01 -0.994910E-06  0.134402E-05  0.125878E-05
  0.658333E+01 -0.128290E-05  0.165676E-05  0.148414E-05
  0.675000E+01 -0.164124E-05  0.203179E-05  0.163289E-05
  0.691667E+01 -0.207904E-05  0.246758E-05  0.195670E-05
  0.708333E+01 -0.261527E-05  0.299076E-05  0.222487E-05
  0.725000E+01 -0.326432E-05  0.362388E-05  0.276820E-05
  0.741667E+01 -0.404830E-05  0.437816E-05  0.365301E-05
  0.758333E+01 -0.499679E-05  0.528033E-05  0.468043E-05
  0.775000E+01 -0.614371E-05  0.637001E-05  0.595218E-05
  0.791667E+01 -0.752644E-05  0.768230E-05  0.729270E-05
  0.808333E+01 -0.918708E-05  0.924810E-05  0.882834E-05
  0.825000E+01 -0.111736E-04  0.111147E-04  0.106395E-04
  0.841667E+01 -0.135351E-04  0.133096E-04  0.128741E-04
  0.858333E+01 -0.163400E-04  0.158664E-04  0.153855E-04
  0.875000E+01 -0.196644E-04  0.188486E-04  0.181150E-04
  0.891667E+01 -0.235925E-04  0.223267E-04  0.212518E-04
  0.908333E+01 -0.282204E-04  0.263549E-04  0.247329E-04
  0.925000E+01 -0.336581E-04  0.310285E-04  0.286009E-04
  0.941667E+01 -0.400223E-04  0.364422E-04  0.329176E-04
  0.958333E+01 -0.474563E-04  0.426871E-04  0.374744E-04
  0.975000E+01 -0.561085E-04  0.498577E-04  0.426527E-04
  0.991667E+01 -0.661594E-04  0.580855E-04  0.483553E-04
  0.100833E+02 -0.778016E-04  0.675052E-04  0.548080E-04
  0.102500E+02 -0.912487E-04  0.782436E-04  0.622374E-04
  0.104167E+02 -0.106752E-03  0.904257E-04  0.706311E-04
  0.105833E+02 -0.124584E-03  0.104230E-03  0.801030E-04
  0.107500E+02 -0.145046E-03  0.119830E-03  0.908568E-04
  0.109167E+02 -0.168476E-03  0.137429E-03  0.103139E-03
  0.110833E+02 -0.195251E-03  0.157274E-03  0.116799E-03
  0.112500E+02 -0.225788E-03  0.179604E-03  0.132035E-03
  0.114167E+02 -0.260552E-03  0.204693E-03  0.148894E-03
  0.115833E+02 -0.300057E-03  0.232821E-03  0.167516E-03
  0.117500E+02 -0.344870E-03  0.264326E-03  0.188190E-03
  0.119167E+02 -0.395618E-03  0.299591E-03  0.211098E-03
  0.120833E+02 -0.452999E-03  0.339034E-03  0.236345E-03
  0.122500E+02 -0.517773E-03  0.383055E-03  0.264095E-03
  0.124167E+02 -0.590796E-03  0.432152E-03  0.294508E-03
  0.125833E+02 -0.673002E-03  0.486872E-03  0.327972E-03
  0.127500E+02 -0.765429E-03  0.547798E-03  0.364831E-03
  0.129167E+02 -0.869225E-03  0.615569E-03  0.405121E-03
  0.130833E+02 -0.985664E-03  0.690895E-03  0.449455E-03
  0.132500E+02 -0.111615E-02  0.774600E-03  0.498262E-03
  0.134167E+02 -0.126222E-02  0.867525E-03  0.552216E-03
  0.135833E+02 -0.142562E-02  0.970681E-03  0.611911E-03
  0.137500E+02 -0.160823E-02  0.108516E-02  0.677832E-03
  0.139167E+02 -0.181218E-02  0.121216E-02  0.750939E-03
  0.140833E+02 -0.203980E-02  0.135303E-02  0.831908E-03
  0.142500E+02 -0.229367E-02  0.150923E-02  0.921676E-03
  0.144167E+02 -0.257667E-02  0.168242E-02  0.102105E-02
  0.145833E+02 -0.289196E-02  0.187441E-02  0.113130E-02
  0.147500E+02 -0.324305E-02  0.208721E-02  0.125359E-02
  0.149167E+02 -0.363382E-02  0.232305E-02  0.138892E-02
  0.150833E+02 -0.406856E-02  0.258435E-02  0.153854E-02
  0.152500E+02 -0.455197E-02  0.287376E-02  0.170363E-02
  0.154167E+02 -0.508927E-02  0.319419E-02  0.188564E-02
  0.155833E+02 -0.568617E-02  0.354878E-02  0.208594E-02
  0.157500E+02 -0.634894E-02  0.394090E-02  0.230603E-02
  0.159167E+02 -0.708446E-02  0.437424E-02  0.254694E-02
  0.160833E+02 -0.790022E-02  0.485266E-02  0.281010E-02
  0.162500E+02 -0.880439E-02  0.538020E-02  0.309649E-02
  0.164167E+02 -0.980582E-02  0.596119E-02  0.340705E-02
  0.165833E+02 -0.109141E-01  0.660004E-02  0.374219E-02
  0.167500E+02 -0.121394E-01  0.730125E-02  0.410236E-02
  0.169167E+02 -0.134929E-01  0.806933E-02  0.448727E-02
  0.170833E+02 -0.149860E-01  0.890863E-02  0.489609E-02
  0.172500E+02 -0.166312E-01  0.982331E-02  0.532717E-02
  0.174167E+02 -0.184413E-01  0.108170E-01  0.577752E-02
  0.175833E+02 -0.204303E-01  0.118929E-01  0.624277E-02
  0.177500E+02 -0.226139E-01  0.130529E-01  0.671719E-02
  0.179167E+02 -0.250034E-01  0.142982E-01  0.719342E-02
  0.180833E+02 -0.276124E-01  0.156279E-01  0.766134E-02
  0.182500E+02 -0.304536E-01  0.170394E-01  0.810838E-02
  0.184167E+02 -0.335388E-01  0.185277E-01  0.851938E-02
  0.185833E+02 -0.368783E-01  0.200845E-01  0.887581E-02
  0.187500E+02 -0.404804E-01  0.216985E-01  0.915661E-02
  0.189167E+02 -0.443504E-01  0.233541E-01  0.933774E-02
  0.190833E+02 -0.484906E-01  0.250314E-01  0.939220E-02
  0.192500E+02 -0.528988E-01  0.267057E-01  0.929129E-02
  0.194167E+02 -0.575681E-01  0.283469E-01  0.900440E-02
  0.195833E+02 -0.624857E-01  0.299198E-01  0.850133E-02
  0.197500E+02 -0.676327E-01  0.313783E-01  0.775277E-02
  0.199167E+02 -0.729830E-01  0.326750E-01  0.673306E-02
  0.200833E+02 -0.785030E-01  0.337617E-01  0.542178E-02
  0.202500E+02 -0.841519E-01  0.345858E-01  0.380630E-02
  0.204167E+02 -0.898807E-01  0.350932E-01  0.188394E-02
  0.205833E+02 -0.956332E-01  0.352312E-01 -0.335531E-03
  0.207500E+02 -0.101340E+00  0.349498E-01 -0.284024E-02
  0.209167E+02 -0.106926E+00  0.342053E-01 -0.557478E-02
  0.210833E+02 -0.112319E+00  0.329628E-01 -0.847658E-02
  0.212500E+02 -0.117441E+00  0.311984E-01 -0.114725E-01
  0.214167E+02 -0.122214E+00  0.288744E-01 -0.144761E-01
  0.215833E+02 -0.126562E+00  0.260053E-01 -0.173917E-01
  0.217500E+02 -0.130412E+00  0.226393E-01 -0.201185E-01
  0.219167E+02 -0.133696E+00  0.188206E-01 -0.225536E-01
  0.220833E+02 -0.136286E+00  0.146092E-01 -0.245533E-01
  0.222500E+02 -0.138195E+00  0.100833E-01 -0.260651E-01
  0.224167E+02 -0.139388E+00  0.533194E-02 -0.270256E-01
  0.225833E+02 -0.139842E+00  0.452111E-03 -0.273938E-01
  0.227500E+02 -0.139548E+00 -0.443265E-02 -0.271532E-01
  0.229167E+02 -0.138513E+00 -0.921515E-02 -0.263139E-01
  0.230833E+02 -0.136708E+00 -0.137943E-01 -0.248791E-01
  0.232500E+02 -0.134190E+00 -0.180780E-01 -0.229317E-01
  0.234167E+02 -0.131036E+00 -0.219866E-01 -0.205757E-01
  0.235833E+02 -0.127303E+00 -0.254413E-01 -0.179043E-01
  0.237500E+02 -0.123056E+00 -0.283686E-01 -0.150181E-01
  0.239167E+02 -0.118366E+00 -0.307737E-01 -0.120192E-01
  0.240833E+02 -0.113310E+00 -0.326468E-01 -0.900566E-02
  0.242500E+02 -0.107956E+00 -0.339941E-01 -0.607423E-02
  0.244167E+02 -0.102391E+00 -0.348362E-01 -0.331003E-02
  0.245833E+02 -0.967022E-01 -0.352063E-01 -0.768762E-03
  0.247500E+02 -0.909592E-01 -0.351464E-01  0.150629E-02
  0.249167E+02 -0.852266E-01 -0.347051E-01  0.348753E-02
  0.250833E+02 -0.795624E-01 -0.339210E-01  0.516230E-02
  0.252500E+02 -0.740172E-01 -0.328645E-01  0.653034E-02
  0.254167E+02 -0.686338E-01 -0.315939E-01  0.760267E-02
  0.255833E+02 -0.634475E-01 -0.301595E-01  0.839791E-02
  0.257500E+02 -0.584859E-01 -0.286076E-01  0.894130E-02
  0.259167E+02 -0.537696E-01 -0.269799E-01  0.926147E-02
  0.260833E+02 -0.493124E-01 -0.253127E-01  0.938896E-02
  0.262500E+02 -0.451255E-01 -0.236375E-01  0.935293E-02
  0.264167E+02 -0.412156E-01 -0.219801E-01  0.918274E-02
  0.265833E+02 -0.375732E-01 -0.203613E-01  0.890974E-02
  0.267500E+02 -0.341932E-01 -0.187974E-01  0.855879E-02
  0.269167E+02 -0.310677E-01 -0.173006E-01  0.815134E-02
  0.270833E+02 -0.281866E-01 -0.158794E-01  0.770613E-02
  0.272500E+02 -0.255383E-01 -0.145395E-01  0.723886E-02
  0.274167E+02 -0.231103E-01 -0.132837E-01  0.676237E-02
  0.275833E+02 -0.208893E-01 -0.121130E-01  0.628722E-02
  0.277500E+02 -0.188619E-01 -0.110264E-01  0.582148E-02
  0.279167E+02 -0.170146E-01 -0.100218E-01  0.537142E-02
  0.280833E+02 -0.153342E-01 -0.909625E-02  0.494132E-02
  0.282500E+02 -0.138078E-01 -0.824589E-02  0.453419E-02
  0.284167E+02 -0.124232E-01 -0.746655E-02  0.415190E-02
  0.285833E+02 -0.111687E-01 -0.675374E-02  0.379531E-02
  0.287500E+02 -0.100333E-01 -0.610294E-02  0.346448E-02
  0.289167E+02 -0.900685E-02 -0.550958E-02  0.315896E-02
  0.290833E+02 -0.807966E-02 -0.496920E-02  0.287786E-02
  0.292500E+02 -0.724293E-02 -0.447756E-02  0.261973E-02
  0.294167E+02 -0.648845E-02 -0.403064E-02  0.238327E-02
  0.295833E+02 -0.580869E-02 -0.362463E-02  0.216686E-02
  0.297500E+02 -0.519676E-02 -0.325605E-02  0.196883E-02
  0.299167E+02 -0.464630E-02 -0.292162E-02  0.178740E-02
