  0.084462449 -0.000412829773
  0.254133016 -0.000542689639
  0.423771203 -0.000695401628
  0.593375087 -0.000871807977
  0.762942076 -0.00107282714
  0.932468891 -0.00130111922
  1.10195208 -0.00155718997
  1.27138829 -0.00184489251
  1.44077373 -0.00216580112
  1.6101042 -0.00252141524
  1.77937567 -0.00291590788
  1.94858396 -0.00335037173
  2.11772418 -0.00382812158
  2.28679132 -0.0043516783
  2.45578122 -0.00492402958
  2.62468791 -0.00554780569
  2.79350638 -0.00622596312
  2.96223116 -0.00696132192
  3.13085651 -0.00775697641
  3.29937625 -0.00861561019
  3.46778512 -0.00954021141
  3.63607574 -0.0105333747
  3.80424309 -0.0115978485
  3.97228003 -0.012736287
  4.14017963 -0.013951066
  4.30793619 -0.0152443703
  4.47554159 -0.0166188143
  4.64298058 -0.018081639
  4.8102293 -0.0196447857
  4.97725582 -0.0213242471
  5.14402199 -0.0231389664
  5.31048536 -0.0251098908
  5.47659922 -0.0272588599
  5.64231253 -0.0296072215
  5.8075757 -0.0321749151
  5.9723382 -0.0349789597
  6.13655329 -0.0380318686
  6.300179 -0.0413402617
  6.46318388 -0.0449032746
  6.62554407 -0.0487120673
  6.78724575 -0.0527499616
  6.94827986 -0.056994766
  7.10863495 -0.0614226535
  7.26828671 -0.0660136566
  7.42720938 -0.0707473829
  7.58538198 -0.0755994618
  7.74278736 -0.0805413052
  7.89941216 -0.0855404884
  8.05524921 -0.0905605257
  8.21030045 -0.0955620557
  8.36456871 -0.10050305
  8.51806736 -0.105339512
  8.67081642 -0.110026091
  8.82284355 -0.11451681
  8.97417927 -0.11876636
  9.12486935 -0.122730233
  9.27496052 -0.126366302
  9.42450714 -0.129634857
  9.5735693 -0.132499665
  9.72221565 -0.134928659
  9.87051392 -0.136894435
  10.0185413 -0.138374388
  10.1663771 -0.139351651
  10.3140965 -0.139814809
  10.4617872 -0.139758542
  10.6095276 -0.139183298
  10.7574005 -0.138095811
  10.9054871 -0.13650845
  11.0538616 -0.1344392
  11.2026024 -0.13191171
  11.351778 -0.128954411
  11.5014524 -0.125600576
  11.6516886 -0.121887431
  11.8025379 -0.117855459
  11.9540482 -0.113547809
  12.1062593 -0.109009683
  12.2592049 -0.104287088
  12.4129086 -0.0994265005
  12.5673904 -0.0944736153
  12.722662 -0.0894728005
  12.8787251 -0.0844661817
  13.0355787 -0.0794932321
  13.1932154 -0.0745898411
  13.3516197 -0.0697882771
  13.5107746 -0.0651167408
  13.6706572 -0.0605990514
  13.8312416 -0.0562546775
  13.9924984 -0.0520990491
  14.154398 -0.048143521
  14.316906 -0.0443956219
  14.479991 -0.0408597924
  14.6436195 -0.0375365205
  14.8077555 -0.0344246849
  14.9723692 -0.0315201506
  15.1374254 -0.0288172401
  15.3028955 -0.0263090711
  15.4687443 -0.0239873454
  15.6349497 -0.0218431074
  15.8014812 -0.0198669378
  15.9683132 -0.018049188
  16.1354218 -0.0163802374
  16.302784 -0.0148504432
  16.470377 -0.0134508349
  16.6381836 -0.0121722938
  16.8061867 -0.0110062407
  16.9743633 -0.00994478725
  17.142704 -0.00897994079
  17.3111897 -0.00810441095
  17.4798069 -0.00731136836
  17.6485443 -0.00659373496
  17.8173923 -0.00594558893
  17.9863358 -0.0053606336
  18.1553669 -0.00483310875
  18.3244762 -0.00435730536
  18.49366 -0.00392824085
  18.6629047 -0.00354070822
  18.8322086 -0.00319038285
  19.0015659 -0.00287316088
  19.170969 -0.0025855829
  19.340416 -0.00232419255
  19.509903 -0.00208660075
  19.6794262 -0.00187038397
  19.8489838 -0.0016738975
  20.0185699 -0.00149578776
  20.1881847 -0.00133458304
  20.3578224 -0.00118942582
  20.527483 -0.00105915451
  20.6971645 -0.000942771789
  20.8668633 -0.00083866308
  21.0365772 -0.000745243509
  21.2063026 -0.000660889782
  21.3760395 -0.000583380228
  21.5457897 -0.000511050515
  21.7155495 -0.00044216204
  21.8853207 -0.000375483825
  22.0551052 -0.000310146948
  22.2248974 -0.000246196694
  22.3946991 -0.000184285163
  22.5645142 -0.000125373073
  22.7343407 -7.10645691E-05
  22.9041767 -2.31064623E-05
  23.0740223  1.76449539E-05
  23.2438736  5.02787007E-05
  23.4137268  7.51933549E-05
  23.5835838  9.31753602E-05
  23.7534428  0.000105400788
  23.9233055  0.000113221322
  24.0931664  0.000117920063
  24.2630272  0.000118763332
  24.4328899  0.000114884926
  24.6027527  0.000104272753
  24.7726135  8.459542E-05
  24.9424706  5.56919258E-05
  25.1123161  1.98583584E-05
  25.2821503 -1.66508835E-05
  25.4519749 -4.5276247E-05
  25.6217937 -5.79724001E-05
  25.7916126 -5.11326871E-05
  25.9614429 -2.89171585E-05
