  0.07934843 -0.00431819586
  0.24767521 -0.00537200738
  0.415763468 -0.00657761749
  0.583609343 -0.00793720596
  0.751196384 -0.00945974793
  0.918508232 -0.0111520998
  1.08552647 -0.0130239287
  1.25223243 -0.0150812929
  1.41860831 -0.0173294321
  1.58463669 -0.0197724253
  1.75030065 -0.022410756
  1.91558504 -0.0252447445
  2.08047581 -0.028270185
  2.24496031 -0.0314819552
  2.40902805 -0.0348715559
  2.57267118 -0.0384278633
  2.73588228 -0.0421375372
  2.89865875 -0.0459846482
  3.06099868 -0.0499514267
  3.22290325 -0.0540175065
  3.38437724 -0.0581611544
  3.54542565 -0.0623587109
  3.70605946 -0.0665854961
  3.86628962 -0.0708157271
  4.0261302 -0.0750228018
  4.18559885 -0.0791794956
  4.34471226 -0.0832581222
  4.50345993 -0.0872381628
  4.66178942 -0.0911180228
  4.81962109 -0.0949090943
  4.97685575 -0.0986284018
  5.13338995 -0.102293029
  5.28912258 -0.105915263
  5.4439621 -0.109499045
  5.59783936 -0.113038316
  5.75071001 -0.11651592
  5.90256214 -0.119903013
  6.05342579 -0.123159647
  6.20337152 -0.126235649
  6.35251188 -0.129072905
  6.50099659 -0.131607264
  6.64899683 -0.133771762
  6.79668236 -0.135501131
  6.94418669 -0.136737347
  7.09160376 -0.137444749
  7.23901367 -0.137615919
  7.38649607 -0.137252495
  7.53412867 -0.136362135
  7.68198919 -0.134958312
  7.8301549 -0.13305977
  7.9786973 -0.130690649
  8.12768459 -0.127880111
  8.27718353 -0.124661684
  8.42725182 -0.121073052
  8.57793903 -0.117154874
  8.72929668 -0.112950742
  8.88136101 -0.108506083
  9.03416634 -0.103867143
  9.18773746 -0.0990806893
  9.34209347 -0.094192788
  9.49724197 -0.0892482623
  9.65319061 -0.0842895806
  9.80993652 -0.07935673
  9.96747112 -0.0744864494
  10.1257801 -0.0697111934
  10.2848463 -0.0650601313
  10.4446478 -0.0605579019
  10.6051569 -0.0562248565
  10.766346 -0.0520772003
  10.9281816 -0.0481270999
  11.0906353 -0.0443828255
  11.2536688 -0.0408493169
  11.4172525 -0.0375282578
  11.5813494 -0.0344186723
  11.7459249 -0.0315171964
  11.9109488 -0.0288184807
  12.0763874 -0.0263155103
  12.2422104 -0.0240002833
  12.4083881 -0.0218635947
  12.5748949 -0.0198958628
  12.7417002 -0.0180872064
  12.9087839 -0.0164273996
  13.0761213 -0.0149065387
  13.2436895 -0.0135146249
  13.4114723 -0.0122422641
  13.5794477 -0.0110805938
  13.7476015 -0.0100207739
  13.9159174 -0.00905484427
  14.0843801 -0.00817558356
  14.2529774 -0.00737569574
  14.4216976 -0.00664919661
  14.5905285 -0.0059899427
  14.7594595 -0.00539278798
  14.928483 -0.00485261949
  15.0975885 -0.00436476385
  15.2667685 -0.00392475398
  15.4360123 -0.00352856051
  15.605319 -0.0031724188
  15.7746801 -0.00285260566
  15.944088 -0.00256559416
  16.1135406 -0.00230820477
  16.2830296 -0.00207699672
  16.4525528 -0.00186910364
  16.6221066 -0.00168171013
  16.7916889 -0.00151224202
  16.961298 -0.00135840604
  17.1309299 -0.00121817959
  17.3005848 -0.001089792
  17.470253 -0.000971869449
  17.639946 -0.000863119611
  17.8096523 -0.00076301489
  17.9793758 -0.000670647132
  18.1491165 -0.000585873844
  18.3188648 -0.000508464407
  18.4886284 -0.000437892915
  18.6584034 -0.000374100404
  18.8281898 -0.00031668524
  18.9979839 -0.000265209062
  19.1677856 -0.00021876322
  19.3375912 -0.0001766723
  19.5074043 -0.000138087227
  19.6772232 -0.000101906655
  19.8470497 -6.73817995E-05
  20.01688 -3.39307589E-05
  20.1867161 -1.23877544E-06
  20.3565578  3.05908325E-05
  20.5264034  6.14016608E-05
  20.6962566  9.00461164E-05
  20.8661175  0.000115556933
  21.0359802  0.000136552684
  21.2058487  0.000151917469
  21.3757172  0.000160435855
  21.5455894  0.000161683813
  21.7154598  0.000155498215
  21.8853302  0.00014264838
  22.0551949  0.000124410275
  22.2250538  0.000102509744
  22.394907  7.86324963E-05
  22.5647564  5.46108058E-05
  22.7346001  3.18748353E-05
  22.9044399  1.1280863E-05
  23.074276 -6.99204975E-06
  23.2441101 -2.31292943E-05
  23.4139385 -3.75346281E-05
  23.5837669 -5.02418989E-05
  23.7535915 -6.08379632E-05
  23.9234142 -6.77606076E-05
  24.093235 -6.89190056E-05
  24.2630558 -6.2385705E-05
  24.4328766 -4.68691724E-05
  24.602705 -2.32726452E-05
  24.772541  4.45026672E-06
  24.9423866  3.02023254E-05
  25.1122398  4.6825633E-05
  25.282093  4.87785765E-05
  25.4519463  3.55301891E-05
  25.6217918  1.2910139E-05
  25.791626 -7.44813588E-06
  25.9614563 -1.36833623E-05
