  0.0849179998 -4.94771086E-07
  0.254755557 -1.00953139E-06
  0.424592584 -2.47442381E-06
  0.594429433 -3.08318363E-06
  0.764265597 -4.6475302E-06
  0.934101641 -6.77140179E-06
  1.10393715 -8.62666184E-06
  1.27377224 -1.12650378E-05
  1.44360662 -1.46792354E-05
  1.61344039 -1.83324864E-05
  1.78327334 -2.27002492E-05
  1.95310557 -2.80209842E-05
  2.12293673 -3.37931415E-05
  2.29276657 -4.05775936E-05
  2.46259546 -4.82081086E-05
  2.63242316 -5.7009951E-05
  2.80224919 -6.68225694E-05
  2.97207379 -7.78477333E-05
  3.1418972 -9.01838794E-05
  3.31171823 -0.000103876242
  3.48153782 -0.000119105767
  3.65135455 -0.000135892216
  3.82116961 -0.000154373469
  3.99098182 -0.000174841553
  4.16079092 -0.000197353205
  4.3305974 -0.000221990907
  4.50040102 -0.000248886878
  4.6702013 -0.000278412306
  4.83999681 -0.000310858246
  5.00978899 -0.000346666056
  5.17957449 -0.000386362663
  5.34935379 -0.000430692744
  5.51912642 -0.000480355113
  5.68888998 -0.000536261068
  5.85864353 -0.000599460735
  6.02838564 -0.000670838053
  6.19811487 -0.000751568703
  6.36782932 -0.000842635753
  6.53752756 -0.00094531395
  6.70720768 -0.0010606196
  6.87686777 -0.00118964259
  7.04650593 -0.00133354205
  7.21612072 -0.00149371137
  7.38570786 -0.001671887
  7.5552659 -0.00187000632
  7.72479105 -0.00209014257
  7.89427948 -0.00233466574
  8.06372738 -0.00260600331
  8.23312855 -0.0029070545
  8.40248013 -0.00324095157
  8.57177734 -0.00361098163
  8.74100971 -0.0040207766
  8.91017628 -0.00447435211
  9.07926655 -0.00497612916
  9.24827194 -0.00553076714
  9.41718578 -0.00614354573
  9.58599758 -0.00681987591
  9.75469494 -0.00756585784
  9.92327023 -0.00838801172
  10.0917072 -0.00929327868
  10.2599926 -0.010288991
  10.4281139 -0.0113831516
  10.5960531 -0.0125840716
  10.763792 -0.0139004141
  10.9313135 -0.0153415259
  11.0985937 -0.0169169791
  11.2656145 -0.0186361372
  11.4323511 -0.0205089152
  11.5987768 -0.0225452259
  11.7648668 -0.0247545466
  11.9305935 -0.027146114
  12.0959244 -0.0297283418
  12.2608328 -0.0325087421
  12.4252825 -0.0354937129
  12.5892448 -0.038687937
  12.7526836 -0.0420940854
  12.9155664 -0.0457125343
  13.0778608 -0.0495408252
  13.2395315 -0.0535735376
  13.4005508 -0.0578016862
  13.5608835 -0.0622123778
  13.7205067 -0.0667887703
  13.8793936 -0.0715099499
  14.0375223 -0.0763507485
  14.1948786 -0.0812817439
  14.351449 -0.0862695202
  14.5072279 -0.0912772492
  14.6622162 -0.0962647423
  14.8164196 -0.101189077
  14.9698505 -0.106005624
  15.1225319 -0.110668153
  15.2744904 -0.115130693
  15.4257612 -0.119347148
  15.5763874 -0.12327297
  15.7264175 -0.12686567
  15.8759079 -0.130085602
  16.0249195 -0.132896781
  16.1735229 -0.135267347
  16.3217869 -0.1371703
  16.4697876 -0.138583809
  16.6176052 -0.139491647
  16.7653217 -0.139883548
  16.9130135 -0.139754847
  17.0607681 -0.139107347
  17.2086678 -0.137948886
  17.3567905 -0.13629292
  17.5052128 -0.134158835
  17.6540089 -0.131571293
  17.8032494 -0.128559947
  17.9529972 -0.125158995
  18.1033134 -0.121406257
  18.2542496 -0.117342815
  18.4058495 -0.11301215
  18.5581493 -0.108459301
  18.7111874 -0.103730105
  18.8649845 -0.0988704264
  19.019556 -0.0939250439
  19.1749153 -0.0889370292
  19.3310623 -0.0839473531
  19.4879932 -0.078993924
  19.6457062 -0.0741113424
  19.8041821 -0.0693305284
  19.9634075 -0.0646785572
  20.123354 -0.0601782799
  20.2840004 -0.0558488667
  20.4453182 -0.0517054424
  20.6072769 -0.0477595441
  20.7698441 -0.0440192819
  20.9329891 -0.0404895432
  21.0966759 -0.0371723659
  21.2608719 -0.0340673067
  21.4255428 -0.0311715789
  21.5906563 -0.0284802578
  21.7561817 -0.0259865224
  21.9220886 -0.0236823633
  22.0883427 -0.0215584897
  22.254921 -0.0196046904
  22.4217911 -0.0178101212
  22.5889378 -0.0161640905
  22.7563324 -0.0146558676
  22.9239559 -0.0132753812
  23.0917892 -0.012013223
  23.2598152 -0.0108609833
  23.4280148 -0.00981139578
  23.5963745 -0.00885751564
  23.7648792 -0.00799324829
  23.9335175 -0.00721253827
  24.1022701 -0.00650945865
  24.2711296 -0.00587690948
  24.4400826 -0.00530764833
  24.6091175 -0.00479395268
  24.7782326 -0.00432773447
  24.9474144 -0.00390238967
  25.1166611 -0.00351322722
  25.2859688 -0.00315807993
  25.4553337 -0.00283742091
  25.6247501 -0.00255210605
  25.7942066 -0.00230103475
  25.9636955 -0.00207730313
