 -0.0833333358  0.
  0.0833333358 -0.000340899685
  0.25 -0.000381262245
  0.416666657 -0.00042618587
  0.583333373 -0.00047615447
  0.75000006 -0.000532615755
  0.916666687 -0.000595620018
  1.08333337 -0.000665731728
  1.25 -0.000743645302
  1.41666663 -0.000831697602
  1.58333337 -0.00092996622
  1.75 -0.00103926868
  1.91666663 -0.00116059778
  2.08333349 -0.00129771722
  2.25000024 -0.00145061419
  2.41666675 -0.00162062398
  2.58333349 -0.0018092104
  2.75000024 -0.00202214438
  2.91666675 -0.00225945888
  3.08333349 -0.00252309721
  3.25000024 -0.00281525147
  3.41666675 -0.00314457528
  3.58333349 -0.00351134315
  3.75000024 -0.00391823892
  3.91666675 -0.00436856737
  4.08333349 -0.00487468624
  4.25 -0.00543778995
  4.41666651 -0.00606116001
  4.58333349 -0.00674991496
  4.75 -0.0075203809
  4.91666651 -0.00837615598
  5.08333349 -0.00932042114
  5.25 -0.010360511
  5.41666651 -0.0115172025
  5.58333349 -0.0127977636
  5.75 -0.0142037468
  5.91666651 -0.0157446936
  6.08333349 -0.0174454469
  6.25 -0.0193173997
  6.41666651 -0.0213578101
  6.58333349 -0.0235770866
  6.75 -0.0260018054
  6.91666651 -0.0286457334
  7.08333349 -0.031497702
  7.25 -0.0345652923
  7.41666651 -0.037872199
  7.58333349 -0.0414270721
  7.75 -0.0452064499
  7.91666651 -0.0492086262
  8.08333397 -0.0534454957
  8.25000095 -0.0579122566
  8.41666698 -0.0625695735
  8.58333397 -0.0673989803
  8.75000095 -0.0723901168
  8.91666698 -0.0775128007
  9.08333397 -0.0827183202
  9.25000095 -0.0879729837
  9.41666698 -0.0932365209
  9.58333397 -0.0984526277
  9.75000095 -0.103575952
  9.91666698 -0.108563915
  10.083334 -0.113351479
  10.250001 -0.11786779
  10.416667 -0.122087516
  10.583334 -0.125969753
  10.750001 -0.129449084
  10.916667 -0.132453308
  11.083334 -0.134993196
  11.250001 -0.137041718
  11.416667 -0.138551414
  11.583334 -0.139461532
  11.750001 -0.139823064
  11.916667 -0.13963446
  12.083334 -0.138874486
  12.250001 -0.137508929
  12.416667 -0.135620669
  12.583334 -0.133232653
  12.750001 -0.130356207
  12.916667 -0.126985863
  13.083334 -0.123217918
  13.250001 -0.119098678
  13.416667 -0.114662111
  13.583334 -0.10993351
  13.750001 -0.105002396
  13.916667 -0.0999164209
  14.083334 -0.0947215259
  14.250001 -0.0894636884
  14.416667 -0.0842029154
  14.583334 -0.0789779797
  14.750001 -0.0738218874
  14.916667 -0.0687980577
  15.083334 -0.0639187321
  15.250001 -0.0592068918
  15.416667 -0.054679662
  15.583334 -0.0503913499
  15.750001 -0.0463192537
  15.916667 -0.0424699746
  16.083334 -0.0388446935
  16.25 -0.0354837179
  16.416666 -0.0323451459
  16.583334 -0.0294268727
  16.75 -0.0267195962
  16.916666 -0.0242472719
  17.083334 -0.0219693854
  17.25 -0.019874353
  17.416666 -0.0179519672
  17.583334 -0.016213879
  17.75 -0.0146277705
  17.916666 -0.0131800417
  18.083334 -0.0118622659
  18.25 -0.0106784292
  18.416666 -0.00960603449
  18.583334 -0.00863269065
  18.75 -0.00775072444
  18.916666 -0.00696154824
  19.083334 -0.00625041267
  19.25 -0.00560714211
  19.416666 -0.00502606714
  19.583334 -0.00450730743
  19.75 -0.0040418352
  19.916666 -0.00362170301
  20.083334 -0.00324301119
  20.25 -0.00290550734
  20.416666 -0.00260336651
  20.583334 -0.00233101984
  20.75 -0.00208583288
  20.916666 -0.00186754484
  21.083334 -0.00167241239
  21.25 -0.00149670604
  21.416666 -0.00133867702
  21.583334 -0.00119806489
  21.75 -0.00107257557
  21.916666 -0.000959631288
  22.083334 -0.000858061598
  22.25 -0.000767712423
  22.416666 -0.00068715302
  22.583334 -0.000614668126
  22.75  0.
  22.916666  0.
  23.083334  0.
  23.25  0.
  23.416666  0.
  23.583334  0.
  23.75  0.
  23.916666  0.
  24.083334  0.
  24.25  0.
  24.416666  0.
  24.583334  0.
  24.75  0.
  24.916666  0.
  25.083334  0.
  25.25  0.
  25.416666  0.
  25.583334  0.
  25.75  0.
  25.916666  0.
  26.083334  0.
  26.25  0.
  26.416666  0.
  26.583334  0.
  26.75  0.
  26.916666  0.
  27.083334  0.
  27.25  0.
  27.416666  0.
  27.583334  0.
  27.75  0.
  27.916666  0.
  28.083334  0.
  28.25  0.
  28.416666  0.
  28.583334  0.
  28.75  0.
  28.916666  0.
  29.083334  0.
  29.25  0.
  29.416666  0.
  29.583334  0.
  29.75  0.
