 -0.0849189162  0.
  0.0849185064  5.62776528E-08
  0.254755944 -9.84218218E-08
  0.424594074 -2.84865145E-08
  0.594431758  5.41361374E-08
  0.764269292 -8.90607499E-09
  0.934106886  2.213977E-09
  1.10394454  3.05350056E-08
  1.27378201 -1.59567293E-08
  1.44361985  6.54091181E-08
  1.61345744 -3.10179296E-08
  1.78329492  1.86559372E-08
  1.95313263 -1.02897779E-07
  2.12297034 -5.52807791E-08
  2.29280782  7.94931267E-08
  2.46264553  5.17854417E-08
  2.63248324 -1.63247634E-07
  2.80232072  5.55268631E-09
  2.97215843 -7.74342226E-08
  3.14199638  7.6692562E-11
  3.31183386 -7.93910804E-09
  3.48167133  6.39600231E-08
  3.65150881 -1.63019308E-07
  3.82134652  1.26392749E-07
  3.99118423  2.20919517E-07
  4.16102171  4.91754513E-08
  4.33085918  6.3497744E-08
  4.50069714 -1.54389099E-07
  4.67053461 -4.03890148E-08
  4.84037209  1.58502562E-08
  5.01021004  9.53646691E-08
  5.18004751 -1.26636081E-07
  5.34988499 -3.11781321E-08
  5.51972294  1.50352903E-07
  5.68956041  1.58335041E-07
  5.85939789 -3.84137877E-08
  6.02923584 -1.66116891E-07
  6.19907331  3.30713057E-08
  6.36891079 -1.6345659E-08
  6.53874874 -3.72836055E-08
  6.70858622 -1.22850174E-08
  6.87842369 -1.0756386E-08
  7.04826117 -7.9961433E-09
  7.21809912 -5.96460259E-09
  7.38793659 -4.44920412E-09
  7.55777407 -3.31881522E-09
  7.72761202 -2.4756186E-09
  7.89744949 -1.84664817E-09
  8.06728745 -1.37747647E-09
  8.23712444 -1.02750397E-09
  8.40696239 -7.66445962E-10
  8.57680035 -5.71711956E-10
  8.74663734 -4.2645068E-10
  8.9164753 -3.18092108E-10
  9.08631325 -2.3725949E-10
  9.25615025 -1.7695799E-10
  9.4259882 -1.31969463E-10
  9.59582615 -9.84008361E-11
  9.76566315 -7.33472727E-11
  9.9355011 -5.46407745E-11
  10.1053391 -4.06625809E-11
  10.275176 -3.02031004E-11
  10.445014 -2.23572237E-11
  10.614852 -1.64460164E-11
  10.7846889 -1.19579546E-11
  10.9545269 -8.50466746E-12
  11.1243639 -5.78732678E-12
  11.2942019 -3.5707895E-12
  11.4640398 -1.66324832E-12
  11.6338768  1.00364588E-13
  11.8037148  1.87266262E-12
  11.9735527  3.80701026E-12
  12.1433897  6.07079578E-12
  12.3132277  8.85991367E-12
  12.4830656  1.24157186E-11
  12.6529026  1.70459116E-11
  12.8227406  2.31511633E-11
  12.9925785  3.12597864E-11
  13.1624155  4.20734558E-11
  13.3322535  5.65279282E-11
  13.5020914  7.58740085E-11
  13.6719284  1.01785809E-10
  13.8417664  1.36505585E-10
  14.0116043  1.83037779E-10
  14.1814413  2.45409054E-10
  14.3512793  3.29016647E-10
  14.5211172  4.41095521E-10
  14.6909542  5.91344307E-10
  14.8607922  7.92764798E-10
  15.0306301  1.06278664E-09
  15.2004671  1.42477619E-09
  15.3703051  1.91005789E-09
  15.540143  2.56062527E-09
  15.70998  3.43277518E-09
  15.879818  4.60197791E-09
  16.0496559  6.16941076E-09
  16.2194939  8.27070945E-09
  16.3893299  1.10877103E-08
  16.5591679  1.48641783E-08
  16.7290058  1.99269099E-08
  16.8988438  2.67140035E-08
  17.0686817  3.58127785E-08
  17.2385197  4.80105911E-08
  17.4083557  6.43629718E-08
  17.5781937  8.62849703E-08
  17.7480316  1.15673586E-07
  17.9178696  1.55071945E-07
  18.0877075  2.07889371E-07
  18.2575455  2.78696376E-07
  18.4273815  3.73620225E-07
  18.5972195  5.00875103E-07
  18.7670574  6.11868245E-07
  18.9368954  7.16204283E-07
  19.1067333  8.22911886E-07
  19.2765694  1.17964362E-06
  19.4464073  1.40003624E-06
  19.6162453  1.62237029E-06
  19.7860832  2.22351332E-06
  19.9559193  2.54022893E-06
  20.1257572  3.13636497E-06
  20.2955933  4.06350819E-06
  20.4654312  4.86544332E-06
  20.6352692  5.90958916E-06
  20.8051052  7.10748236E-06
  20.9749432  9.039617E-06
  21.1447792  1.06810867E-05
  21.3146152  1.28891843E-05
  21.4844513  1.5974183E-05
  21.6542873  1.93685573E-05
  21.8241234  2.34852141E-05
  21.9939575  2.8263119E-05
  22.1637917  3.42944768E-05
  22.3336239  4.13858579E-05
  22.5034561  4.99719608E-05
  22.6732883  5.99015075E-05
  22.8431168  7.16162467E-05
  23.0129452  8.54738391E-05
  23.1827717  0.00010124236
  23.3525944  0.000119987526
  23.5224152  0.000141482597
  23.6922321  0.000166095939
  23.8620434  0.000194644002
  24.0318527  0.000226912045
  24.2016544  0.000263065827
  24.3714466  0.000303188805
  24.541235  0.000348183006
  24.7110119  0.00039692616
  24.8807793  0.000450346299
  25.0505333  0.000506614277
  25.2202721  0.000566586677
  25.3899956  0.00062821887
  25.5597038  0.000690498506
  25.7293911  0.000753179367
  25.8990555  0.000814495317
  26.0686989  0.000873331446
  26.2383137  0.000930257724
  26.4079056  0.000985853956
  26.5774708  0.00104492507
  26.7470093  0.00111465296
  26.9165192  0.00121052039
