 -0.0892503709  0.
  0.0789885819  0.000189166065
  0.24722755  0.000434059621
  0.415215343  0.000736367947
  0.58294791  0.00110289804
  0.750408053  0.00153742719
  0.917578876  0.00204774621
  1.08444118  0.00263569341
  1.25097561  0.00330460351
  1.41716421  0.00405683741
  1.58298898  0.00488945236
  1.74843311  0.00580382766
  1.91348135  0.00679149479
  2.07811999  0.00784919597
  2.24233675  0.00896639097
  2.40612221  0.0101317568
  2.56946874  0.0113329245
  2.73237085  0.0125542097
  2.89482665  0.0137799522
  3.05683613  0.0149898911
  3.21840191  0.016165819
  3.37953043  0.0172857679
  3.54022908  0.0183294695
  3.70051074  0.019274924
  3.86038828  0.0201003123
  4.01987839  0.0207838062
  4.17900038  0.0213036891
  4.33777428  0.0216829199
  4.49619007  0.0220155343
  4.65419626  0.0223720092
  4.81171179  0.0227864757
  4.96863651  0.023260776
  5.12486553  0.0237645302
  5.28029633  0.0242395028
  5.43483734  0.0246100072
  5.58841944  0.0247864742
  5.74100018  0.0246702712
  5.89257002  0.0241650436
  6.04316235  0.0231807176
  6.19285202  0.0216481127
  6.34175587  0.0195200853
  6.49002934  0.0167828705
  6.63784933  0.0134663451
  6.78539038  0.00964973122
  6.93279171  0.00552848168
  7.08015013  0.00133788027
  7.22754574 -0.00283772987
  7.37505817 -0.00693798577
  7.52276516 -0.0109053394
  7.67074251 -0.0146879954
  7.81906652 -0.0182356331
  7.96780634 -0.0215039849
  8.11702824 -0.0244571641
  8.26679516 -0.0270639788
  8.41716194 -0.0293062124
  8.56817627 -0.0311676636
  8.71988392 -0.0326450244
  8.87231922 -0.0337426439
  9.02551079 -0.0344693698
  9.17948055 -0.0348432884
  9.33424377 -0.034886729
  9.48980427 -0.0346291922
  9.6461668 -0.0340991877
  9.80332375 -0.0333303325
  9.96126366 -0.0323607288
  10.1199713 -0.0312199164
  10.2794247 -0.0299436636
  10.4396009 -0.0285646524
  10.6004715 -0.0271125622
  10.7620058 -0.0256146677
  10.9241714 -0.024096258
  11.086937 -0.0225777458
  11.2502651 -0.0210783947
  11.4141254 -0.0196127892
  11.5784807 -0.0181935821
  11.7432985 -0.0168305729
  11.9085474 -0.0155315753
  12.0741949 -0.0143000977
  12.2402105 -0.0131410109
  12.4065666 -0.0120543297
  12.5732365 -0.0110398578
  12.7401934 -0.0100977765
  12.9074154 -0.00922445208
  13.0748787 -0.00841896143
  13.2425632 -0.00767635135
  13.4104519 -0.006992321
  13.5785246 -0.00636581657
  13.7467661 -0.0057907002
  13.915163 -0.00526188919
  14.0836992 -0.00477926573
  14.2523632 -0.0043344656
  14.4211435 -0.00392809277
  14.5900297 -0.00355385244
  14.7590103 -0.00321123493
  14.9280787 -0.00289742695
  15.0972252 -0.00261096726
  15.2664413 -0.00234911288
  15.4357185 -0.00211014133
  15.6050549 -0.0018936859
  15.7744427 -0.00169850187
  15.9438744 -0.00152242731
  16.113348 -0.00136694277
  16.282856 -0.00122860575
  16.4523964 -0.0011070529
  16.6219673 -0.00100082473
  16.791563 -0.000908234215
  16.9611855 -0.000827657757
  17.1308289 -0.000757591974
  17.3004932 -0.000695677125
  17.4701729 -0.000641427177
  17.6398735 -0.000590317592
  17.8095894 -0.000544590468
  17.9793205 -0.000499728718
  18.1490669 -0.000456247886
  18.3188229 -0.000415883667
  18.4885921 -0.000375887175
  18.6583729 -0.00033827062
  18.8281631 -0.000303248642
  18.997961 -0.00027359018
  19.1677666 -0.000247917837
  19.3375759 -0.000227251119
  19.5073929 -0.00021307604
  19.6772156 -0.000203312346
  19.847044 -0.000196975088
  20.0168781 -0.000192493666
  20.1867161 -0.000187403479
  20.3565598 -0.000181392461
  20.5264091 -0.000168627346
  20.6962643 -0.000150169319
  20.866127 -0.000123584774
  21.0359917 -9.04354092E-05
  21.205862 -5.01366994E-05
  21.3757305 -7.34506648E-06
  21.5456028  3.64065309E-05
  21.7154732  7.56323861E-05
  21.8853416  0.000107351734
  22.0552044  0.000128916334
  22.2250614  0.00014056146
  22.3949127  0.000141420678
  22.5647602  0.00013385895
  22.734602  0.000121253739
  22.9044399  0.000107592248
  23.074276  9.50207468E-05
  23.2441082  8.48252675E-05
  23.4139347  7.48286402E-05
  23.5837631  6.23987871E-05
  23.7535858  4.0767638E-05
  23.9234085  6.82195241E-06
  24.0932293 -3.84757077E-05
  24.2630501 -9.13772237E-05
  24.4328728 -0.000138952135
  24.6027031 -0.000163235891
  24.772541 -0.000151615328
  24.9423885 -9.78606404E-05
  25.1122437 -1.1496455E-05
  25.2820969  7.79917755E-05
  25.4519501  0.000133175214
  25.6217937  0.000119872268
  25.791626  3.67168068E-05
  25.9614544 -8.05758755E-05
