 -0.0849197805  0.
  0.0849180296  6.43012754E-08
  0.254755855  8.24761059E-08
  0.424593925 -1.90549983E-07
  0.594431639 -1.69291582E-07
  0.764269054  1.35024337E-07
  0.934106708  3.6697422E-08
  1.10394442 -7.88252095E-08
  1.27378201 -1.91924727E-07
  1.44361973  4.29998224E-08
  1.61345744  1.90321344E-07
  1.78329504  5.10528011E-08
  1.95313263  5.2022461E-08
  2.12297034 -1.69763993E-07
  2.29280782 -2.16761276E-08
  2.46264553  2.54113424E-08
  2.63248324 -4.13947134E-08
  2.80232072  1.59414157E-07
  2.97215843  1.07054589E-07
  3.14199615 -9.41727762E-08
  3.31183362 -1.367534E-07
  3.48167157  4.24407975E-09
  3.65150881  1.72380012E-07
  3.82134652 -5.1540983E-08
  3.99118423  5.01224093E-08
  4.16102171  1.09615549E-07
  4.33085918  1.19355036E-07
  4.50069714 -1.04281462E-07
  4.67053461 -1.0623576E-07
  4.84037209  1.26150912E-08
  5.01021004  1.75239222E-07
  5.18004751  1.4307237E-07
  5.34988499 -3.78175713E-08
  5.51972294 -1.51763615E-07
  5.68956041 -1.33864376E-07
  5.85939789 -5.18748067E-08
  6.02923584  1.5470134E-07
  6.19907331  5.42734675E-08
  6.36891079 -4.14299528E-08
  6.53874874 -8.10330363E-08
  6.70858622 -2.93731013E-08
  6.87842369 -2.50904062E-08
  7.04826117 -1.86603888E-08
  7.21809912 -1.39188545E-08
  7.38793659 -1.0381779E-08
  7.55777407 -7.7430844E-09
  7.72761202 -5.77443382E-09
  7.89744949 -4.30547065E-09
  8.06728745 -3.20907878E-09
  8.23712444 -2.39038278E-09
  8.40696239 -1.77853732E-09
  8.57680035 -1.32059674E-09
  8.74663734 -9.76933312E-10
  8.9164753 -7.17808146E-10
  9.08631325 -5.20798127E-10
  9.25615025 -3.68855141E-10
  9.4259882 -2.48830873E-10
  9.59582615 -1.50339033E-10
  9.76566315 -6.48566895E-11
  9.9355011  1.50133135E-11
  10.1053391  9.61824925E-11
  10.275176  1.85674781E-10
  10.445014  2.91234314E-10
  10.614852  4.21995605E-10
  10.7846889  5.89274074E-10
  10.9545269  8.07544975E-10
  11.1243639  1.09569631E-09
  11.2942019  1.47866308E-09
  11.4640398  1.98958516E-09
  11.6338768  2.67267497E-09
  11.8037148  3.58704311E-09
  11.9735527  4.81181361E-09
  12.1433897  6.45297193E-09
  12.3132277  8.6525338E-09
  12.4830656  1.16008376E-08
  12.6529026  1.55530131E-08
  12.8227406  2.08510613E-08
  12.9925785  2.79534422E-08
  13.1624155  3.74747593E-08
  13.3322535  5.02389312E-08
  13.5020914  6.73504985E-08
  13.6719284  9.02902073E-08
  13.8417664  1.21043115E-07
  14.0116043  1.62270425E-07
  14.1814413  2.17539707E-07
  14.3512793  2.91633683E-07
  14.5211172  3.90964004E-07
  14.6909542  4.64521491E-07
  14.8607922  6.3788076E-07
  15.0306301  7.47229308E-07
  15.2004671  8.61634021E-07
  15.3703051  9.9099509E-07
  15.5401421  1.14650641E-06
  15.7099791  1.63964842E-06
  15.879817  1.85744329E-06
  16.049654  2.11676115E-06
  16.219492  2.61885589E-06
  16.389328  3.16875662E-06
  16.559166  3.87365162E-06
  16.7290039  4.49651543E-06
  16.89884  5.32966487E-06
  17.0686779  6.44519196E-06
  17.2385139  7.46278738E-06
  17.40835  8.88773957E-06
  17.578186  1.09029506E-05
  17.7480221  1.31463585E-05
  17.9178581  1.52160319E-05
  18.0876942  1.80659117E-05
  18.2575302  2.11677252E-05
  18.4273624  2.55647101E-05
  18.5971966  2.96107373E-05
  18.7670307  3.47883652E-05
  18.9368629  4.1366704E-05
  19.1066952  4.82459727E-05
  19.2765217  5.6378889E-05
  19.446352  6.57537239E-05
  19.6161785  7.64661163E-05
  19.7860031  8.88465729E-05
  19.9558277  0.000103369734
  20.1256466  0.000119443786
  20.2954617  0.000137862487
  20.4652767  0.000158847339
  20.6350861  0.000182066477
  20.8048897  0.000208990066
  20.9746895  0.000239262168
  21.1444836  0.000272279518
  21.3142662  0.000310058793
  21.484045  0.000351152878
  21.6538124  0.000396783842
  21.8235703  0.000447430997
  21.9933147  0.000502574258
  22.1630478  0.000563687528
  22.3327618  0.000629776448
  22.5024605  0.000701165525
  22.672142  0.000779464259
  22.8418007  0.000863654306
  23.0114365  0.000954586023
  23.1810455  0.0010526086
  23.3506222  0.00115884817
  23.5201721  0.00127297931
  23.6896858  0.00139623077
  23.8591614  0.0015300595
  24.028595  0.00167710183
  24.1979828  0.00183764694
  24.3673191  0.00201453269
  24.5366039  0.00221094303
  24.7058277  0.00243048836
  24.8749886  0.00267809676
  25.0440788  0.00295637432
  25.2130871  0.00327251712
  25.3820114  0.00363005023
  25.5508423  0.00403253641
  25.7195663  0.00448436337
  25.8881702  0.0049878112
  26.0566444  0.0055411025
  26.2249699  0.00614263257
  26.3931332  0.00678418204
  26.5611172  0.00745774526
  26.728899  0.00815322436
  26.8964653  0.00886213779
