 -0.0849215239  0.
  0.0849172175 -1.54437515E-07
  0.254755974  1.01727359E-07
  0.424593955  9.18459122E-08
  0.594431758  2.19974527E-08
  0.764269412  5.59973117E-08
  0.934106946  2.53556578E-07
  1.10394454 -2.2227384E-07
  1.27378225 -1.94669653E-07
  1.44362009 -1.81858759E-08
  1.61345768  6.11364541E-08
  1.78329527  4.61357068E-08
  1.95313287  9.41539398E-08
  2.12297058  1.12462629E-07
  2.29280806 -1.3891335E-07
  2.46264577 -4.08347312E-08
  2.63248348  1.02878737E-07
  2.80232096  1.6565555E-07
  2.97215843  7.49352225E-08
  3.14199615  9.89465789E-08
  3.31183362  1.17160639E-07
  3.48167157  7.65800792E-08
  3.65150881 -5.18733714E-08
  3.82134652 -1.55629237E-07
  3.99118423 -1.09485775E-07
  4.16102171  1.52579275E-07
  4.33085918  9.78475754E-08
  4.50069666 -8.75874022E-08
  4.67053413 -7.39376418E-08
  4.84037209  1.16003754E-07
  5.01021004 -1.52885391E-07
  5.18004704 -1.93649647E-08
  5.34988451 -5.12594367E-09
  5.51972294  1.3297762E-08
  5.68956041  1.25267931E-07
  5.85939741 -5.83081494E-08
  6.02923584 -1.04324009E-07
  6.19907331  1.11471081E-07
  6.36891031 -3.9932516E-08
  6.53874874 -1.05007338E-07
  6.70858622 -3.16287831E-08
  6.87842369 -2.81860135E-08
  7.04826117 -2.06890132E-08
  7.21809912 -1.5092402E-08
  7.38793659 -1.08018021E-08
  7.55777407 -7.44593009E-09
  7.72761202 -4.73438799E-09
  7.89744949 -2.43253462E-09
  8.06728745 -3.41178613E-10
  8.23712444  1.72065373E-09
  8.40696239  3.93138189E-09
  8.57680035  6.48231024E-09
  8.74663734  9.59418145E-09
  8.9164753  1.35362797E-08
  9.08631325  1.86497324E-08
  9.25615025  2.53770303E-08
  9.4259882  3.43003173E-08
  9.59582615  4.61917686E-08
  9.76566315  6.20803959E-08
  9.9355011  8.33411136E-08
  10.1053391  1.11813705E-07
  10.275176  1.49962034E-07
  10.445014  2.01087246E-07
  10.614852  2.69613423E-07
  10.7846889  3.61470484E-07
  10.9545269  4.84607199E-07
  11.1243639  5.90074478E-07
  11.2942019  6.8699876E-07
  11.4640398  7.83767348E-07
  11.6338768  8.88753902E-07
  11.8037138  1.01104365E-06
  11.9735518  1.45924196E-06
  12.1433887  1.61648188E-06
  12.3132267  1.97320719E-06
  12.4830647  2.20265883E-06
  12.6529007  2.56311046E-06
  12.8227386  3.14535805E-06
  12.9925756  3.58255193E-06
  13.1624126  4.38936104E-06
  13.3322496  5.33757793E-06
  13.5020866  5.91320713E-06
  13.6719227  6.9409175E-06
  13.8417597  8.21161484E-06
  14.0115967  9.77564741E-06
  14.1814318  1.14107252E-05
  14.3512678  1.33179255E-05
  14.5211039  1.56622827E-05
  14.690938  1.82294079E-05
  14.8607731  2.11222068E-05
  15.0306072  2.4889001E-05
  15.2004404  2.9080833E-05
  15.3702736  3.32855161E-05
  15.5401058  3.88204826E-05
  15.7099361  4.46744671E-05
  15.8797665  5.18307024E-05
  16.0495949  6.00737912E-05
  16.2194214  6.92226822E-05
  16.389246  7.95322339E-05
  16.5590687  9.14172488E-05
  16.7288895  0.000105130639
  16.8987083  0.000119891265
  17.0685234  0.000137213705
  17.2383347  0.00015680732
  17.4081402  0.000178696748
  17.5779419  0.000202806652
  17.7477398  0.00023086241
  17.917532  0.000260996312
  18.0873146  0.000295273785
  18.2570915  0.000333197444
  18.426857  0.000376311102
  18.5966148  0.000422911078
  18.7663612  0.000475286797
  18.9360943  0.000532409409
  19.105814  0.000595981663
  19.2755146  0.000666111999
  19.4452  0.000742575969
  19.6148643  0.000827714452
  19.7845058  0.000919723185
  19.9541245  0.00102172769
  20.1237125  0.00113204401
  20.2932701  0.00125344109
  20.4627953  0.00138646609
  20.6322823  0.00153252576
  20.8017292  0.0016919754
  20.9711285  0.00186592957
  21.1404781  0.00205742614
  21.3097706  0.00226773997
  21.4790039  0.00249839225
  21.6481686  0.00275221816
  21.8172607  0.003031448
  21.9862709  0.00334001984
  22.1551933  0.00367996446
  22.3240147  0.00405595358
  22.4927292  0.00447095884
  22.6613255  0.00492942752
  22.829792  0.0054358351
  22.9981136  0.00599439442
  23.1662788  0.00660934113
  23.3342667  0.00728448527
  23.5020657  0.00802389998
  23.6696548  0.00883095525
  23.8370132  0.00970690232
  24.0041199  0.0106553296
  24.1709461  0.0116739981
  24.3374691  0.0127637247
  24.503664  0.0139213922
  24.6694984  0.0151445949
  24.8349438  0.0164274871
  24.9999695  0.0177662726
  25.1645412  0.0191526171
  25.3286304  0.0205803197
  25.4922028  0.0220427215
  25.6552238  0.0235292949
  25.8176651  0.0250314735
  25.9794941  0.0265364405
  26.1406746  0.0280276854
  26.3011818  0.0294797644
  26.4609852  0.0308571998
  26.6200562  0.0321074389
  26.7783699  0.0331603624
