 -0.0849169865  0.
  0.0849199593 -1.84281959E-07
  0.254756927 -1.27403496E-07
  0.424594641  1.99597654E-08
  0.594432294  2.2113403E-07
  0.764270008  3.22128074E-07
  0.934107542 -3.44287344E-07
  1.10394514  1.12028737E-07
  1.27378261  1.2665555E-07
  1.44362032 -3.1188668E-07
  1.61345792  2.10674767E-09
  1.78329551  1.84516054E-07
  1.95313311  1.34878476E-07
  2.12297082  1.39048694E-07
  2.29280829 -3.99936617E-08
  2.46264601 -1.14930998E-07
  2.63248348  1.65641097E-07
  2.80232096  1.29233513E-07
  2.97215843 -1.74530427E-07
  3.14199615 -2.02178342E-07
  3.31183362  4.56797657E-08
  3.48167133  5.69488918E-08
  3.65150857 -2.8699084E-08
  3.82134652  1.7094651E-08
  3.991184  1.01929052E-08
  4.16102171  1.05131534E-07
  4.33085871  2.39791945E-07
  4.50069666 -1.45945762E-07
  4.67053413 -1.0425088E-07
  4.84037209  2.08019593E-08
  5.01021004 -7.48108508E-09
  5.18004704  9.03652762E-08
  5.34988451 -8.25650659E-08
  5.51972246  8.63782148E-08
  5.68955994 -1.33665736E-07
  5.85939741  1.49697868E-07
  6.02923536 -2.51530849E-07
  6.19907331  1.8192388E-07
  6.36891031  1.74113907E-07
  6.53874826  8.11750027E-08
  6.70858622  1.80707573E-07
  6.87842369  2.18517769E-07
  7.04826117  2.83814614E-07
  7.21809912  3.73516571E-07
  7.38793659  4.95540576E-07
  7.55777407  6.00841247E-07
  7.72761154  6.98530641E-07
  7.89744902  7.97062057E-07
  8.06728745  9.04962008E-07
  8.23712349  1.03156754E-06
  8.40696144  1.18783453E-06
  8.57679939  1.62570359E-06
  8.74663639  1.78701919E-06
  8.91647434  2.16257718E-06
  9.08631134  2.48685342E-06
  9.25614834  2.78790753E-06
  9.42598534  3.44941986E-06
  9.59582329  3.87297996E-06
  9.76565933  4.51247388E-06
  9.93549633  5.12521365E-06
  10.1053333  6.24105678E-06
  10.2751694  7.30090778E-06
  10.4450064  8.5156862E-06
  10.6148434  9.87129988E-06
  10.7846785  1.13062288E-05
  10.9545145  1.27658286E-05
  11.1243486  1.53896599E-05
  11.2941847  1.77954353E-05
  11.4640188  2.025092E-05
  11.633853  2.35646057E-05
  11.8036861  2.69503143E-05
  11.9735193  3.11181939E-05
  12.1433506  3.61308121E-05
  12.3131819  4.15873692E-05
  12.4830122  4.77214853E-05
  12.6528397  5.42889284E-05
  12.8226671  6.25134126E-05
  12.9924936  7.1675815E-05
  13.1623163  8.16745378E-05
  13.3321381  9.32550538E-05
  13.5019579  0.000106226711
  13.6717739  0.000121055367
  13.8415871  0.000137473413
  14.0113974  0.000155469505
  14.1812019  0.000176777728
  14.3510027  0.000200378563
  14.5207987  0.000226105738
  14.690587  0.000255227671
  14.8603706  0.000287815521
  15.0301456  0.000324357883
  15.1999111  0.000365326297
  15.369668  0.000409844855
  15.5394144  0.000459785137
  15.7091465  0.000514862884
  15.8788662  0.000576186518
  16.0485706  0.000644208398
  16.2182579  0.000718881493
  16.3879223  0.000801857503
  16.5575695  0.000892874843
  16.72719  0.000993546797
  16.8967857  0.00110475824
  17.0663509  0.00122614205
  17.2358837  0.00136116683
  17.4053764  0.00150921172
  17.574831  0.00167056907
  17.7442398  0.00184985669
  17.913599  0.00204557343
  18.0829048  0.00226132548
  18.2521477  0.00249862787
  18.4213219  0.0027582082
  18.5904236  0.00304487557
  18.7594452  0.00335975154
  18.9283752  0.00370493182
  19.0972061  0.00408457592
  19.2659283  0.00450243568
  19.4345303  0.00495957769
  19.6030006  0.00546189677
  19.7713261  0.00601255521
  19.9394932  0.00661547389
  20.1074848  0.00727412105
  20.2752838  0.00799327716
  20.4428749  0.0087761879
  20.6102352  0.00962718949
  20.7773457  0.0105480645
  20.9441814  0.0115404995
  21.1107178  0.0126086604
  21.276926  0.0137516037
  21.4427834  0.0149679845
  21.6082573  0.0162562691
  21.7733154  0.0176100004
  21.9379272  0.0190249402
  22.1020603  0.0204885006
  22.2656746  0.0219927952
  22.4287453  0.0235206913
  22.5912304  0.0250548143
  22.7531013  0.0265755691
  22.9143219  0.0280591287
  23.0748653  0.0294803791
  23.2346992  0.0308097899
  23.3938026  0.032020513
  23.5521526  0.0330800228
  23.7097321  0.0339563154
  23.8665295  0.0346194878
  24.0225372  0.0350363776
  24.1777515  0.0351801887
  24.3321838  0.0350219496
  24.4858398  0.0345376655
  24.6387424  0.0337038599
  24.7909145  0.0325085893
  24.9423885  0.0309362002
  25.0932045  0.028983904
  25.2434101  0.02665787
  25.3930569  0.0239678938
  25.5422039  0.0209389441
  25.6909199  0.0176082607
  25.8392715  0.0140224546
  25.9873428  0.0102443127
  26.1352062  0.00634117518
  26.2829456  0.00238210754
  26.4306431 -0.00157578976
