 -0.0849175677  0.
  0.0849195719  2.67149488E-07
  0.254756719 -1.23497131E-07
  0.424594671  1.70517434E-09
  0.594432652  9.31897191E-08
  0.764270306 -1.55623951E-07
  0.9341079  1.51956499E-07
  1.10394537 -2.67262095E-07
  1.27378285 -1.06964947E-07
  1.44362044  1.64910958E-07
  1.61345804 -1.76745601E-07
  1.78329551  1.57285854E-07
  1.95313311  2.4095624E-07
  2.12297082 -1.13839882E-07
  2.29280829  6.22911571E-08
  2.46264601 -1.90512694E-07
  2.63248372 -5.42034968E-08
  2.8023212  3.15315418E-07
  2.97215843  2.27437784E-08
  3.14199615  2.27814695E-07
  3.31183362  2.2227465E-07
  3.48167133  1.02298728E-07
  3.65150857  9.99628966E-08
  3.82134628  4.38434228E-07
  3.99118376  3.27628385E-07
  4.16102123  3.5607917E-07
  4.33085871  6.45416605E-07
  4.50069618  5.44539375E-07
  4.67053366  5.8835235E-07
  4.84037113  9.03522277E-07
  5.01020908  1.4558882E-06
  5.18004608  1.52135124E-06
  5.34988356  1.64981373E-06
  5.51972103  1.9814247E-06
  5.68955851  2.44542912E-06
  5.8593955  2.85014812E-06
  6.02923298  3.28488682E-06
  6.19906998  4.11159635E-06
  6.3689065  4.58978639E-06
  6.53874397  5.24366988E-06
  6.70858049  6.21663094E-06
  6.87841702  7.11612711E-06
  7.04825306  8.01030092E-06
  7.21808958  9.47821445E-06
  7.38792562  1.0753015E-05
  7.55776119  1.27198628E-05
  7.72759676  1.42376466E-05
  7.89743137  1.66297814E-05
  8.06726646  1.92687839E-05
  8.23709965  2.22041763E-05
  8.40693378  2.503428E-05
  8.57676601  2.93748417E-05
  8.74659824  3.3038421E-05
  8.91642952  3.82492908E-05
  9.08625984  4.31932785E-05
  9.25608826  4.95497625E-05
  9.42591667  5.66168928E-05
  9.59574318  6.40523212E-05
  9.76556683  7.31547552E-05
  9.93538952  8.34001476E-05
  10.1052103  9.44823914E-05
  10.2750282  0.000107359767
  10.4448433  0.000121238387
  10.6146555  0.00013815242
  10.7844639  0.000155570582
  10.9542685  0.000175474968
  11.1240673  0.000198512484
  11.2938614  0.000223991578
  11.4636497  0.000252265076
  11.6334305  0.000283986272
  11.8032055  0.000318913662
  11.972971  0.000357736862
  12.1427259  0.000401480182
  12.3124723  0.000449565414
  12.4822054  0.000503752788
  12.6519241  0.000563585316
  12.8216286  0.000629148213
  12.9913168  0.000702864549
  13.160985  0.000783563766
  13.3306322  0.000872994249
  13.5002565  0.000972634298
  13.6698542  0.00108262629
  13.8394232  0.00120345398
  14.0089598  0.00133663544
  14.1784592  0.00148371619
  14.3479195  0.00164705457
  14.5173359  0.00182543136
  14.6867018  0.00202209246
  14.8560143  0.00223995792
  15.0252676  0.00247811223
  15.1944523  0.00274146907
  15.3635645  0.00303016952
  15.5325956  0.0033478979
  15.7015362  0.00369693735
  15.8703785  0.0040800618
  16.0391121  0.00449995976
  16.2077255  0.00496061007
  16.3762054  0.00546524581
  16.5445423  0.00601645466
  16.712719  0.00661875121
  16.880722  0.00727644563
  17.0485325  0.00799093582
  17.2161312  0.00876834989
  17.3835011  0.0096108187
  17.5506191  0.0105209919
  17.7174644  0.0115014082
  17.8840122  0.0125550395
  18.0502338  0.0136810709
  18.2161026  0.0148802949
  18.3815899  0.0161495879
  18.5466671  0.0174869467
  18.7112999  0.0188856255
  18.8754559  0.0203378219
  19.0391026  0.0218336824
  19.2022018  0.0233584549
  19.364727  0.0248967409
  19.526638  0.0264275819
  19.6879063  0.0279305279
  19.8484993  0.029376138
  20.0083866  0.0307387207
  20.1675434  0.0319848396
  20.3259468  0.0330817215
  20.4835796  0.0339943506
  20.6404285  0.034689527
  20.796484  0.0351325981
  20.9517441  0.0352918245
  21.1062145  0.0351381749
  21.2599068  0.0346478075
  21.4128418  0.0338008925
  21.5650425  0.0325847082
  21.7165432  0.0309931561
  21.8673859  0.0290277246
  22.0176125  0.0266996287
  22.1672859  0.0240264405
  22.3164597  0.0210327785
  22.4652023  0.0177521408
  22.6135807  0.0142245563
  22.7616711  0.0104959328
  22.9095478  0.00661480706
  23.0572929  0.0026369046
  23.2049866 -0.00138348562
  23.3527107 -0.00538737653
  23.5005455 -0.0093188826
  23.648571 -0.0131196976
  23.7968655 -0.0167372413
  23.945507 -0.0201199111
  24.0945663 -0.0232238676
  24.2441082 -0.0260091778
  24.3941975 -0.0284434501
  24.5448856 -0.0305049475
  24.696228 -0.0321801528
  24.8482628 -0.0334676318
  25.0010223 -0.034375608
  25.1545353 -0.034926299
  25.3088188 -0.0351471193
  25.4638824 -0.0350732692
  25.6197357 -0.0347351544
  25.7763767 -0.0341572687
  25.9338036 -0.0333464332
  26.0920067 -0.0322885588
