 -0.0849189088  0.
  0.0849188715  1.00034178E-07
  0.254756659 -1.4926708E-07
  0.424594522 -1.17639907E-07
  0.594432056  1.92395984E-08
  0.76426971  8.90121044E-08
  0.934107363 -8.36936636E-08
  1.1039449  4.95211566E-07
  1.27378225  9.70368674E-08
  1.44361997  2.81383649E-07
  1.61345732  8.61339231E-07
  1.7832948  2.67415743E-07
  1.95313227  6.62860089E-07
  2.12296963  7.07948857E-07
  2.29280663  9.45820204E-07
  2.46264386  1.47097819E-06
  2.6324811  1.60599188E-06
  2.80231786  2.66968868E-06
  2.97215438  2.89077866E-06
  3.14199114  3.77068068E-06
  3.31182766  4.31813442E-06
  3.48166418  5.04474656E-06
  3.65149999  5.74689011E-06
  3.82133603  7.21617198E-06
  3.99117184  8.32866772E-06
  4.16100693  9.67885444E-06
  4.33084202  1.13274655E-05
  4.50067711  1.29485188E-05
  4.67051125  1.50112874E-05
  4.84034538  1.72977689E-05
  5.01017904  2.0459338E-05
  5.18001223  2.35609004E-05
  5.34984446  2.71447752E-05
  5.51967669  3.12824413E-05
  5.68950748  3.67544635E-05
  5.85933685  4.23335841E-05
  6.02916622  4.94612432E-05
  6.19899321  5.66218987E-05
  6.36881876  6.49320209E-05
  6.53864288  7.39399038E-05
  6.7084651  8.46544863E-05
  6.87828445  9.6163858E-05
  7.04810143  0.000108043205
  7.21791601  0.000122352169
  7.38772678  0.000138004645
  7.55753374  0.000156115057
  7.72733736  0.000175566587
  7.89713573  0.00019714568
  8.06692886  0.000222239818
  8.23671627  0.00024985752
  8.406497  0.00028065496
  8.5762701  0.000314668257
  8.74603462  0.000352865754
  8.9157896  0.000395741255
  9.08553505  0.00044270113
  9.25526714  0.000495646847
  9.42498684  0.000554014521
  9.59469223  0.000618598482
  9.7643795  0.000690664514
  9.93404865  0.000770747894
  10.1036978  0.000858578191
  10.2733231  0.000956212811
  10.4429235  0.00106427784
  10.6124945  0.00118440285
  10.7820339  0.00131662015
  10.9515381  0.00146328786
  11.1210022  0.00162399292
  11.2904234  0.00180199742
  11.459796  0.00199891394
  11.6291142  0.00221519032
  11.7983742  0.00245418586
  11.9675674  0.00271714409
  12.1366873  0.00300566736
  12.305728  0.00332420901
  12.474679  0.00367423985
  12.6435318  0.00405886769
  12.8122768  0.00447973516
  12.9809017  0.00494162785
  13.149395  0.00544707291
  13.3177443  0.00599974627
  13.4859343  0.00660335831
  13.6539488  0.00726056844
  13.8217735  0.00797583815
  13.9893875  0.00875243265
  14.1567707  0.00959149003
  14.323905  0.0104993647
  14.4907646  0.0114755752
  14.6573257  0.0125225997
  14.8235636  0.0136425626
  14.9894495  0.0148321548
  15.1549549  0.0160913486
  15.3200502  0.0174177699
  15.4847031  0.0188051462
  15.648881  0.0202460494
  15.8125505  0.0217296854
  15.9756794  0.0232430752
  16.1382332  0.0247721858
  16.3001747  0.0262967162
  16.4614792  0.0277952254
  16.6221104  0.0292415991
  16.7820396  0.0306088049
  16.9412422  0.0318652838
  17.0996933  0.0329771526
  17.2573757  0.0339121632
  17.4142761  0.0346346162
  17.5703831  0.0351082347
  17.7256985  0.0353035256
  17.8802223  0.0351882651
  18.0339661  0.0347355232
  18.1869469  0.0339262113
  18.3391933  0.0327439718
  18.4907341  0.0311812777
  18.6416111  0.0292390455
  18.791872  0.0269263908
  18.9415665  0.0242573507
  19.0907593  0.0212622471
  19.2395134  0.0179710574
  19.3879013  0.014427566
  19.5359936  0.0106767491
  19.6838722  0.00677505089
  19.8316135  0.00277649751
  19.9793015 -0.00125874928
  20.127018 -0.00527203362
  20.2748451 -0.00920256693
  20.422863 -0.0129934903
  20.5711498 -0.0165947005
  20.7197762 -0.0199580714
  20.8688183 -0.023042148
  21.0183411 -0.0258124415
  21.1684055 -0.0282423291
  21.319067 -0.0303156041
  21.4703732 -0.0320185497
  21.6223621 -0.0333511382
  21.7750759 -0.0343165547
  21.9285393 -0.03492653
  22.0827751 -0.0351970382
  22.237793 -0.0351502262
  22.3936043 -0.0348119736
  22.5502033 -0.034209799
  22.7075939 -0.0333769396
  22.865757 -0.03234699
  23.0246792 -0.0311514568
  23.1843376 -0.0298279822
  23.3447075 -0.0284067243
  23.5057602 -0.0269234348
  23.6674652 -0.0254067294
  23.829792 -0.0238834228
  23.9927063 -0.022373002
  24.1561718 -0.0208981019
  24.320158 -0.0194643084
  24.4846325 -0.0180790983
  24.6495647 -0.0167462733
  24.8149223 -0.0154605592
  24.9806786 -0.0142242974
  25.1467991 -0.0130384928
  25.3132553 -0.0119141918
  25.4800205 -0.0108682904
  25.6470661 -0.00991961174
  25.8143673 -0.00907716621
  25.9819031 -0.00831511989
