 -0.0849195495  0.
  0.0849179551  9.07661999E-08
  0.254755467  5.16604416E-07
  0.424592376  3.22025983E-07
  0.594429195  1.10336487E-06
  0.764265239  1.8725159E-06
  0.934101105  1.96284304E-06
  1.10393643  3.25661767E-06
  1.27377129  4.81630877E-06
  1.44360542  5.79775769E-06
  1.61343884  7.70197494E-06
  1.78327143  1.03207467E-05
  1.95310318  1.22143738E-05
  2.12293386  1.55530561E-05
  2.29276323  1.88384493E-05
  2.46259141  2.32827624E-05
  2.63241839  2.76873652E-05
  2.80224371  3.30535913E-05
  2.97206736  3.91602298E-05
  3.14188957  4.58811919E-05
  3.31170964  5.3718999E-05
  3.48152781  6.21729559E-05
  3.65134335  7.17115909E-05
  3.82115674  8.30335412E-05
  3.99096727  9.52975024E-05
  4.16077471  0.000108646818
  4.3305788  0.000123352103
  4.50038052  0.000140592078
  4.67017794  0.000160081749
  4.83997107  0.00018258905
  5.0097599  0.000208574551
  5.17954206  0.000239187473
  5.34931803  0.000274159072
  5.51908636  0.000314570498
  5.68884516  0.000361093174
  5.85859346  0.000412626949
  6.02832985  0.000470671279
  6.19805241  0.0005339614
  6.36775923  0.000604129978
  6.53744888  0.000679678225
  6.70711946  0.000761176285
  6.87676859  0.000849267002
  7.04639482  0.000945557491
  7.21599627  0.00105218613
  7.38556862  0.0011703748
  7.55510998  0.00130094134
  7.724617  0.00144569017
  7.89408493  0.00160499779
  8.06350994  0.00178171135
  8.23288631  0.00197727792
  8.40221024  0.00219268934
  8.57147598  0.00243010651
  8.74067497  0.00269189547
  8.90980339  0.00298063643
  9.0788517  0.00329789938
  9.24781132  0.00364761194
  9.41667366  0.00403079111
  9.58542919  0.00445182016
  9.75406456  0.00491367513
  9.92257118  0.00541919284
  10.0909328  0.00597131206
  10.2591352  0.00657466194
  10.427165  0.00723179569
  10.5950041  0.00794571359
  10.7626333  0.00872156117
  10.9300346  0.00956192613
  11.0971842  0.0104667041
  11.2640619  0.0114409253
  11.4306421  0.0124863042
  11.5968981  0.0136020938
  11.762804  0.0147889275
  11.9283314  0.0160440784
  12.0934467  0.0173645169
  12.2581234  0.0187457707
  12.4223251  0.0201797541
  12.5860205  0.0216563363
  12.749176  0.0231635459
  12.9117575  0.0246851761
  13.0737324  0.0262038708
  13.2350674  0.0276972782
  13.3957338  0.029140221
  13.5556993  0.0305049848
  13.714941  0.0317624509
  13.8734341  0.0328796245
  14.0311594  0.0338224545
  14.1881046  0.0345559679
  14.3442602  0.0350475758
  14.4996214  0.035263367
  14.6541939  0.0351719484
  14.8079872  0.0347490236
  14.9610167  0.0339694358
  15.1133099  0.032822337
  15.2648964  0.0312949158
  15.4158154  0.0293879621
  15.5661144  0.0271082092
  15.7158451  0.024471147
  15.8650675  0.021501841
  16.0138454  0.0182320364
  16.1622505  0.0147024384
  16.3103561  0.0109598972
  16.4582386  0.00705655478
  16.6059818  0.00305042625
  16.753664 -0.00100202765
  16.9013672 -0.00503719365
  17.0491753 -0.00899473019
  17.1971722 -0.0128187183
  17.3454323 -0.0164529607
  17.4940338 -0.0198487658
  17.6430454 -0.0229626577
  17.7925358 -0.0257578138
  17.9425678 -0.0282083955
  18.0931969 -0.0302937925
  18.2444706 -0.0320035852
  18.396431 -0.0333352387
  18.5491104 -0.0342947692
  18.7025433 -0.0348942727
  18.8567448 -0.0351541005
  19.0117283 -0.0350991003
  19.1675034 -0.0347570144
  19.3240662 -0.0341593176
  19.481411 -0.0333392546
  19.6395302 -0.0323301591
  19.7984047 -0.0311646387
  19.9580173 -0.0298758149
  20.1183395 -0.028491864
  20.2793465 -0.0270415973
  20.4410095 -0.0255488325
  20.6032963 -0.0240364149
  20.7661762 -0.022523487
  20.929615 -0.0210267864
  21.0935783 -0.0195604693
  21.2580338 -0.0181365721
  21.422945 -0.0167660806
  21.5882835 -0.0154581415
  21.7540169 -0.0142177064
  21.9201145 -0.0130500672
  22.0865459 -0.011958682
  22.2532864 -0.0109451571
  22.4203072 -0.0100065339
  22.5875912 -0.00914152712
  22.7551117 -0.00834443327
  22.9228497 -0.00761015154
  23.0907879 -0.00693151634
  23.2589092 -0.00630083261
  23.4271965 -0.00571540697
  23.5956364 -0.00516956812
  23.7642136 -0.00466252305
  23.9329166 -0.00419304566
  24.1017284 -0.00376773416
  24.2706394 -0.00338699808
  24.43964 -0.00305336202
  24.6087189 -0.00276866392
  24.7778721 -0.00252385647
  24.9470901 -0.00230738567
  25.1163692 -0.00210419204
  25.2857056 -0.00189859921
  25.4550972 -0.00168833858
  25.6245365 -0.00148496823
  25.794014 -0.00132272707
  25.963522 -0.00123965181
