 -0.0849307552  0.
  0.0848938227  2.07019411E-06
  0.254718423  5.13320538E-06
  0.424538732  9.89055115E-06
  0.594354928  1.49384896E-05
  0.764166296  2.18319819E-05
  0.933972478  3.11161966E-05
  1.10377312  4.06672298E-05
  1.27356732  5.30248581E-05
  1.44335508  6.90210945E-05
  1.61313498  8.55922772E-05
  1.78290689  0.000105915984
  1.95266986  0.000129621636
  2.12242317  0.000156094058
  2.29216552  0.00018683869
  2.46189666  0.000221558526
  2.63161564  0.000260412024
  2.80132103  0.000304306799
  2.97101212  0.000353625772
  3.14068794  0.000408036256
  3.31034732  0.000469141232
  3.47998905  0.000536229461
  3.64961171  0.000610453426
  3.81921458  0.000692611269
  3.988796  0.000783013529
  4.15835428  0.000881455024
  4.32788849  0.000989804743
  4.49739695  0.00111242535
  4.66687679  0.00125338323
  4.83632374  0.00141656399
  5.00573254  0.00160650234
  5.17509604  0.00182749704
  5.34440708  0.00208162516
  5.51365757  0.0023717226
  5.68283606  0.00269955839
  5.851933  0.00306445127
  6.02093792  0.00346635655
  6.18983746  0.00390379806
  6.35862064  0.00437467173
  6.52727747  0.00487559335
  6.69579554  0.00540491566
  6.86416483  0.00596544612
  7.03237486  0.0065664188
  7.20041275  0.00721907336
  7.36826086  0.00792992767
  7.53590155  0.00870147534
  7.70331526  0.00953794178
  7.87048006  0.0104409559
  8.03737354  0.0114118531
  8.20396996  0.0124531407
  8.37024498  0.0135660442
  8.53617191  0.014748686
  8.70171833  0.016001137
  8.86685848  0.01731712
  9.03155804  0.0186949968
  9.19578457  0.0201244056
  9.35950756  0.0215969253
  9.52269173  0.0231008083
  9.68530178  0.0246188901
  9.84730816  0.0261339024
  10.0086765  0.0276244786
  10.1693754  0.0290661789
  10.3293781  0.0304313004
  10.488657  0.031688299
  10.6471882  0.0328099765
  10.8049545  0.0337568782
  10.9619408  0.0344984494
  11.1181383  0.0349992067
  11.2735443  0.0352276787
  11.4281597  0.0351525322
  11.5819969  0.0347481593
  11.7350712  0.0339919738
  11.8874063  0.0328688398
  12.0390348  0.0313678049
  12.1899948  0.0294884089
  12.3403311  0.0272376668
  12.490097  0.0246300157
  12.6393518  0.021688018
  12.7881575  0.0184451789
  12.9365854  0.014938972
  13.0847092  0.0112152826
  13.232605  0.00732697314
  13.3803539  0.00332829542
  13.528038 -0.000719913805
  13.6757364 -0.00475804973
  13.8235359 -0.00872699637
  13.9715147 -0.0125667192
  14.1197519 -0.0162228271
  14.2683258 -0.0196466725
  14.4173069 -0.0227908082
  14.566762 -0.0256211367
  14.7167549 -0.0281079821
  14.867342 -0.0302292798
  15.0185719 -0.0319744498
  15.1704884 -0.0333378129
  15.3231268 -0.0343235955
  15.4765158 -0.034945339
  15.6306725 -0.0352218822
  15.7856169 -0.0351755694
  15.9413528 -0.0348353684
  16.0978794 -0.0342349
  16.2551937 -0.033406008
  16.4132805 -0.0323843919
  16.5721207 -0.0312051475
  16.7317009 -0.0299015604
  16.8919926 -0.0285046138
  17.052969 -0.0270453114
  17.2145996 -0.0255480222
  17.3768539 -0.0240363684
  17.5396976 -0.0225309618
  17.7031002 -0.021047974
  17.8670273 -0.019599434
  18.0314465 -0.0181979574
  18.1963234 -0.0168515798
  18.3616276 -0.0155622298
  18.5273304 -0.0143388482
  18.6934013 -0.0131800231
  18.8598118 -0.0120888371
  19.026535 -0.0110621862
  19.1935444 -0.0101051936
  19.360815 -0.00921271835
  19.5283279 -0.00838435628
  19.6960621 -0.00761862099
  19.8639946 -0.00691434741
  20.0321083 -0.00627115183
  20.200386 -0.00568336807
  20.3688126 -0.0051485044
  20.5373745 -0.00466487091
  20.7060604 -0.00422874512
  20.8748589 -0.00383544271
  21.0437584 -0.00347816339
  21.2127495 -0.00315536512
  21.3818226 -0.0028590553
  21.5509758 -0.00258866069
  21.7201977 -0.0023367086
  21.8894825 -0.002103267
  22.0588245 -0.00188610307
  22.2282162 -0.00168621051
  22.3976517 -0.00150475977
  22.5671291 -0.00134244491
  22.7366428 -0.00120116514
  22.9061852 -0.0010839738
  23.0757561 -0.000987564446
  23.2453537 -0.000912190881
  23.4149704 -0.000852555211
  23.5846138 -0.000802526134
  23.7542782 -0.000754967856
  23.9239635 -0.000706811959
  24.0936699 -0.000651197159
  24.2633915 -0.000590753043
  24.4331341 -0.000530453457
  24.60289 -0.000477471534
  24.7726593 -0.000442297955
  24.94244 -0.00042583191
  25.1122303 -0.000427896011
  25.282032 -0.000427604624
  25.4518509 -0.00040081612
  25.6216869 -0.000319504645
  25.7915421 -0.000179508148
  25.9614086 -2.11131046E-05
