 -0.0852316841  0.
  0.0844280496  2.29429024E-05
  0.254087806  5.39812463E-05
  0.423713267  9.35731805E-05
  0.593302429  0.000142233403
  0.762852669  0.00020200896
  0.93236047  0.00027204791
  1.10182226  0.000356792094
  1.27123451  0.000455099129
  1.44059324  0.000567724404
  1.60989404  0.000700258068
  1.77913272  0.000848965428
  1.94830477  0.00101923652
  2.11740518  0.00121108524
  2.28642869  0.00142710668
  2.4553709  0.0016680616
  2.62422562  0.00193640706
  2.79298759  0.00223345216
  2.96165109  0.00256175501
  3.13021016  0.00292176637
  3.29865837  0.00331621687
  3.46698999  0.00374546321
  3.63519788  0.00421175174
  3.80327654  0.00471644104
  3.97121859  0.00526009779
  4.13901711  0.00584344333
  4.3066659  0.00646999758
  4.47415686  0.00716341846
  4.64147377  0.00794894993
  4.80859232  0.00884970743
  4.97547865  0.00988334604
  5.14209366  0.0110622691
  5.308393  0.0123916408
  5.47432756  0.0138674751
  5.63984537  0.0154787544
  5.80489445  0.0172046944
  5.96942329  0.0190144274
  6.13338375  0.0208689645
  6.29673386  0.0227207225
  6.45944214  0.0245213192
  6.62148476  0.0262245182
  6.78284979  0.0278006233
  6.94353008  0.0292461049
  7.10351658  0.0305912253
  7.26278543  0.0318321213
  7.42131376  0.0329382569
  7.57908201  0.0338757746
  7.7360754  0.0346109159
  7.89228392  0.0351073295
  8.04770279  0.0353340022
  8.20233727  0.0352615342
  8.35619354  0.0348622277
  8.50928879  0.0341143645
  8.6616478  0.0330001451
  8.81330013  0.0315128267
  8.96428204  0.0296473801
  9.11464214  0.0274131801
  9.26443005  0.0248221457
  9.41370392  0.0218973234
  9.56252766  0.0186706353
  9.71097183  0.0151805598
  9.85910606  0.0114708915
  10.0070105  0.00759455422
  10.1547642  0.00360466447
  10.3024454 -0.000438023882
  10.450141 -0.00447594933
  10.597929 -0.0084465174
  10.7458925 -0.0122937663
  10.8941116 -0.0159632564
  11.0426588 -0.0194029808
  11.1916094 -0.0225701835
  11.341032 -0.025425924
  11.4909859 -0.0279403217
  11.641531 -0.0300930738
  11.792717 -0.031870883
  11.9445858 -0.0332674831
  12.0971756 -0.0342882946
  12.250514 -0.0349424817
  12.404623 -0.0352484547
  12.5595179 -0.0352289677
  12.7152061 -0.0349124074
  12.871686 -0.034328904
  13.0289545 -0.0335135013
  13.1869993 -0.032499902
  13.3458042 -0.031322442
  13.5053482 -0.0300159287
  13.6656075 -0.0286125541
  13.8265533 -0.027141571
  13.9881573 -0.0256302133
  14.1503859 -0.0241029356
  14.3132067 -0.022578666
  14.4765863 -0.0210807435
  14.6404915 -0.0196173918
  14.8048868 -0.0182047151
  14.9697428 -0.0168500002
  15.1350241 -0.0155581739
  15.300703 -0.0143353464
  15.4667454 -0.0131832026
  15.6331291 -0.0121023571
  15.7998257 -0.01109205
  15.9668093 -0.0101503842
  16.1340561 -0.0092758229
  16.3015461 -0.00846294872
  16.4692554 -0.00771129504
  16.6371689 -0.00701656844
  16.8052692 -0.00637371978
  16.9735355 -0.00578257209
  17.1419563 -0.00523815909
  17.3105145 -0.00473720022
  17.4791985 -0.00428064819
  17.647995 -0.00386122172
  17.8168964 -0.00348075619
  17.9858894 -0.00313574867
  18.1549644 -0.00282566668
  18.3241138 -0.00254594185
  18.4933319 -0.00229776837
  18.6626091 -0.00207574246
  18.8319435 -0.00187842909
  19.0013256 -0.00170193228
  19.1707535 -0.00154615438
  19.3402214 -0.00140472548
  19.5097294 -0.00127780484
  19.6792698 -0.00116074539
  19.8488445 -0.00105180766
  20.018446 -0.000951671856
  20.1880741 -0.000856685976
  20.3577232 -0.000768632337
  20.5273952 -0.000686527696
  20.6970863 -0.000614000543
  20.8667927 -0.000550860772
  21.0365143 -0.000497324625
  21.2062473 -0.000456907524
  21.3759918 -0.000426317623
  21.5457478 -0.000405983417
  21.7155132 -0.000392908143
  21.8852901 -0.000384955027
  22.0550785 -0.000376735261
  22.2248764 -0.000364676904
  22.3946838 -0.000346964895
  22.5645046 -0.000319811166
  22.7343349 -0.000282381894
  22.9041748 -0.000239926187
  23.0740242 -0.000192118139
  23.2438774 -0.000146666964
  23.4137325 -0.000105852632
  23.5835915 -7.19643358E-05
  23.7534523 -4.60346273E-05
  23.923315 -2.76582759E-05
  24.0931759 -4.96368739E-06
  24.2630367  2.28291156E-05
  24.4328995  6.24659224E-05
  24.6027622  0.000115828734
  24.7726212  0.000170148996
  24.9424744  0.000210966144
  25.112318  0.00021497182
  25.2821484  0.00016857087
  25.4519711  7.47714221E-05
  25.621788 -4.02807163E-05
  25.7916088 -0.000130818022
  25.961441 -0.000170254469
