 -8.76417118E-07  0.
  0.169836938  1.86264515E-08
  0.169836938 -0.0299469233
  0.169836938  1.86264515E-08
  0.33967489 -4.47034836E-08
  0.509512782  0.
  0.679350317  1.04308128E-07
  0.849187851  0.
  0.849187851 -0.149734795
  0.849187851  0.
  1.01902568 -1.1920929E-07
  1.18886328  0.
  1.35870087  1.49011612E-08
  1.52853858 -1.1920929E-07
  1.69837618  0.
  1.86821389  2.98023224E-08
  2.03805161 -2.98023224E-08
  2.20788908 -2.98023224E-08
  2.37772679 -2.98023224E-08
  2.54756427  2.98023224E-08
  2.54756427 -0.449204326
  2.54756427  2.98023224E-08
  2.71740198 -8.94069672E-08
  2.88723969 -5.96046448E-08
  3.05707717 -5.96046448E-08
  3.22691488  0.
  3.39675236  0.
  3.56659007  0.
  3.73642778 -5.96046448E-08
  3.90626526 -5.96046448E-08
  4.07610321 -1.1920929E-07
  4.24594069  0.
  4.41577816  0.
  4.58561563  5.96046448E-08
  4.75545359  0.
  4.92529106  0.
  5.09512854  0.
  5.26496649  5.96046448E-08
  5.26496649 -0.915750206
  5.26496649  5.96046448E-08
  5.43480396  0.
  5.60464144  5.96046448E-08
  5.77447939  5.96046448E-08
  5.94431686  0.
  6.11415434 -5.96046448E-08
  6.28399229  0.
  6.45382977  0.
  6.62366724  0.
  6.79350471  0.
  6.96334267  0.
  7.13318014  0.
  7.30301762  0.
  7.47285557  0.
  7.64269304  0.
  7.64269304 -1.
  7.64269304  0.
  7.81253052  0.
  7.98236847  0.
  8.15220642  0.
  8.32204342  0.
  8.49188137  0.
  8.66171837  0.
  8.83155632  0.
  9.00139427  0.
  9.17123127  0.
  9.34106922  0.
  9.51090717  0.
  9.68074417  0.
  9.85058212  0.
  10.0204201  0.
  10.1902571  0.
  10.360095  0.
  10.529933  0.
  10.69977  0.
  10.8696079  0.
  11.0394459  0.
  11.2092829  0.
  11.3791208  0.
  11.5489588  0.
  11.7187958  0.
  11.8886337  0.
  12.0584717  0.
  12.2283087  0.
  12.3981466  0.
  12.5679846  0.
  12.7378216  0.
  12.9076595  0.
  13.0774975  0.
  13.2473345  0.
  13.4171724  0.
  13.5870094  0.
  13.7568474  0.
  13.9266853  0.
  14.0965223  0.
  14.2663603  0.
  14.4361982  0.
  14.6060352  1.1920929E-07
  14.7758732  2.38418579E-07
  14.9457111  2.38418579E-07
  15.1155481  3.57627869E-07
  15.2853861  4.76837158E-07
  15.4552231  5.96046448E-07
  15.6250601  8.34465027E-07
  15.794898  9.53674316E-07
  15.964736  1.31130219E-06
  16.134573  1.54972076E-06
  16.3044109  1.90734863E-06
  16.474247  2.38418579E-06
  16.6440849  2.86102295E-06
  16.813921  3.4570694E-06
  16.9837589  4.17232513E-06
  17.1535969  5.12599945E-06
  17.323431  6.19888306E-06
  17.493269  7.51018524E-06
  17.663105  8.94069672E-06
  17.8329411  1.09672546E-05
  18.0027771  1.28746033E-05
  18.1726131  1.57356262E-05
  18.3424454  1.85966492E-05
  18.5122795  2.24113464E-05
  18.6821136  2.68220901E-05
  18.8519459  3.19480896E-05
  19.0217781  3.77893448E-05
  19.1916084  4.51803207E-05
  19.3614368  5.34057617E-05
  19.5312653  6.30617142E-05
  19.7010918  7.47442245E-05
  19.8709164  8.8095665E-05
  20.0407372  0.0001039505
  20.210556  0.000121712685
  20.3803692  0.000142812729
  20.5501804  0.000167012215
  20.7199879  0.000195384026
  20.8897896  0.000227808952
  21.0595856  0.000264644623
  21.2293758  0.000307321548
  21.3991547  0.000356078148
  21.5689278  0.000411391258
  21.7386913  0.000474095345
  21.9084435  0.00054526329
  22.0781803  0.000625610352
  22.2479038  0.000715613365
  22.4176121  0.000816702843
  22.5873013  0.000929355621
  22.7569714  0.00105524063
  22.9266186  0.0011947155
  23.096241  0.00134932995
  23.2658329  0.00151991844
  23.4353981  0.00170731544
  23.604929  0.00191342831
  23.7744236  0.00213909149
  23.9438782  0.00238573551
  24.1132889  0.00265550613
  24.28265  0.00294959545
  24.4519615  0.00327086449
  24.6212158  0.00362181664
  24.7904091  0.00400590897
  24.9595337  0.0044273138
  25.1285839  0.0048917532
  25.2975502  0.00540411472
  25.4664268  0.00597214699
  25.6352043  0.00660443306
  25.8038692  0.00730919838
  25.9724083  0.00809633732
  26.1408081  0.00897598267
  26.3090515  0.00995671749
  26.4771252  0.011046052
  26.6450081  0.0122478008
  26.8126812  0.0135606527
  26.9801311  0.0149759054
