 -1.74752905E-08 -5.96046448E-08
  0.169837758 -1.00582838E-07
  0.169837758 -0.0299470425
  0.169837758 -1.00582838E-07
  0.339675605 -8.19563866E-08
  0.509513319  2.98023224E-08
  0.679350853 -9.68575478E-08
  0.849188507 -4.47034836E-08
  0.849188507 -0.149734855
  0.849188507 -4.47034836E-08
  1.01902616  0.
  1.18886364  1.04308128E-07
  1.35870111 -7.4505806E-08
  1.52853858  3.27825546E-07
  1.69837594  3.57627869E-07
  1.86821353  3.87430191E-07
  2.03805089  8.64267349E-07
  2.20788813  9.53674316E-07
  2.37772536  1.40070915E-06
  2.54756236  1.7285347E-06
  2.54756236 -0.449204028
  2.54756236  1.7285347E-06
  2.71739936  2.41398811E-06
  2.88723612  3.27825546E-06
  3.05707264  3.75509262E-06
  3.2269094  4.70876694E-06
  3.39674568  5.60283661E-06
  3.56658196  6.85453415E-06
  3.73641801  8.28504562E-06
  3.90625381  9.83476639E-06
  4.07608986  1.1742115E-05
  4.24592495  1.37090683E-05
  4.41575956  1.59144402E-05
  4.5855937  1.90138817E-05
  4.75542879  2.18153E-05
  4.92526245  2.50935555E-05
  5.09509563  2.86698341E-05
  5.26492834  3.27825546E-05
  5.26492834 -0.915745139
  5.26492834  3.27825546E-05
  5.43476057  3.74913216E-05
  5.60459185  4.26769257E-05
  5.77442265  4.88162041E-05
  5.94425154  5.5372715E-05
  6.11407948  6.31809235E-05
  6.28390646  7.17043877E-05
  6.45373106  8.19563866E-05
  6.62355375  9.32812691E-05
  6.79337454  0.000106334686
  6.96319294  0.000121057034
  7.13300848  0.000138044357
  7.30282116  0.000157117844
  7.4726305  0.000178694725
  7.64243555  0.000202894211
  7.64243555 -1.
  7.64243555  0.000202894211
  7.81223631  0.000230669975
  7.9820323  0.000261425972
  8.15182304  0.000296235085
  8.32160664  0.000335454941
  8.49138355  0.000379920006
  8.66115189  0.000429391861
  8.83091259  0.000485062599
  9.0006628  0.000547528267
  9.17040062  0.000617742538
  9.34012699  0.000696182251
  9.50983906  0.00078368187
  9.67953491  0.000881910324
  9.84921455  0.00099158287
  10.0188732  0.00111365318
  10.1885099  0.00124955177
  10.3581228  0.00140166283
  10.527709  0.00157094002
  10.6972637  0.00175857544
  10.866786  0.00196838379
  11.0362701  0.00220131874
  11.2057123  0.00245916843
  11.3751097  0.00274586678
  11.5444555  0.00306403637
  11.7137442  0.00341641903
  11.8829708  0.0038074255
  12.0521278  0.00423979759
  12.2212076  0.00471794605
  12.3902035  0.0052472353
  12.5591059  0.00583195686
  12.7279043  0.00647771358
  12.8965893  0.00719058514
  13.0651484  0.00797629356
  13.2335691  0.00884258747
  13.4018393  0.00979661942
  13.5699415  0.0108460188
  13.7378616  0.0119997263
  13.9055805  0.0132668018
  14.0730791  0.0146573782
  14.2403383  0.0161803961
  14.4073353  0.0178470612
  14.5740452  0.0196690559
  14.7404442  0.0216568708
  14.9065065  0.0238213539
  15.0722017  0.0261749029
  15.2375021  0.0287270546
  15.4023762  0.0314900875
  15.5667915  0.0344727039
  15.7307158  0.0376832485
  15.8941154  0.0411287546
  16.0569553  0.0448139906
  16.2192059  0.0487418175
  16.380827  0.0529106855
  16.5417938  0.0573176146
  16.7020741  0.061953187
  16.8616409  0.0668052435
  17.0204678  0.0718569756
  17.1785336  0.0770833492
  17.335825  0.0824583769
  17.4923286  0.0879477262
  17.6480408  0.0935111046
  17.8029594  0.0991046429
  17.9570942  0.10467875
  18.1104565  0.110179901
  18.2630692  0.115552187
  18.4149628  0.120734811
  18.5661736  0.125668168
  18.7167416  0.130292177
  18.8667202  0.134547472
  19.0161629  0.138377786
  19.1651363  0.141731858
  19.3137074  0.144562483
  19.4619484  0.146829605
  19.6099339  0.148501515
  19.7577438  0.149553776
  19.9054565  0.149972439
  20.0531597  0.149751782
  20.2009315  0.148896456
  20.3488541  0.147419095
  20.4970055  0.145343304
  20.6454639  0.142698765
  20.7942982  0.13952446
  20.9435806  0.135864139
  21.0933743  0.13176775
  21.2437363  0.127289176
  21.3947201  0.122485161
  21.5463657  0.117413759
  21.698719  0.112132192
  21.8518085  0.106698275
  22.0056572  0.101168394
  22.160284  0.0955958366
  22.3156986  0.0900297165
  22.4719028  0.0845161676
  22.6288986  0.079097867
  22.7866745  0.0738110542
  22.9452171  0.0686882734
  23.1045074  0.063755393
  23.2645226  0.059035182
  23.4252338  0.0545426607
  23.5866127  0.0502873659
  23.7486286  0.0462749004
  23.9112492  0.0425058603
  24.0744381  0.0389764309
  24.2381649  0.0356785059
  24.4023952  0.0326045752
  24.5670986  0.0297449827
  24.7322445  0.0270904303
  24.8978004  0.0246348381
  25.0637379  0.0223743916
  25.2300282  0.0203049183
  25.396637  0.018422246
  25.5635433  0.0167150497
  25.7307167  0.0151650906
  25.8981361  0.0137411356
  26.0657806  0.0124064684
