  1.48480171E-06 -2.98023224E-07
  0.169838428 -6.70552254E-08
  0.169838428 -0.0299471617
  0.169838428 -6.70552254E-08
  0.339675784 -8.94069672E-08
  0.509513497 -5.21540642E-08
  0.679351151 -1.78813934E-07
  0.849188745 -1.49011612E-08
  0.849188745 -0.149734974
  0.849188745 -1.49011612E-08
  1.0190264 -8.94069672E-08
  1.18886387  0.
  1.35870147 -1.1920929E-07
  1.52853906 -5.96046448E-08
  1.69837666  2.98023224E-08
  1.86821437 -2.98023224E-08
  2.03805208 -8.94069672E-08
  2.20788956  2.98023224E-08
  2.37772727 -1.49011612E-07
  2.54756451  0.
  2.54756451 -0.449204385
  2.54756451  0.
  2.71740222  2.98023224E-08
  2.88723993  0.
  3.05707717  0.
  3.22691488  0.
  3.39675236  5.96046448E-08
  3.56658983  5.96046448E-08
  3.73642755  0.
  3.90626502  1.1920929E-07
  4.07610321  5.96046448E-08
  4.24594021 -5.96046448E-08
  4.41577768  0.
  4.58561516  5.96046448E-08
  4.75545359 -5.96046448E-08
  4.92529106  0.
  5.09512806  1.78813934E-07
  5.26496601  1.1920929E-07
  5.26496601 -0.915750146
  5.26496601  1.1920929E-07
  5.43480349  5.96046448E-08
  5.60464096  5.96046448E-08
  5.77447891  5.96046448E-08
  5.94431639  1.1920929E-07
  6.11415386  5.96046448E-08
  6.28399181  1.1920929E-07
  6.45382929  0.
  6.62366676  0.
  6.79350471  5.96046448E-08
  6.96334267  5.96046448E-08
  7.13318014  0.
  7.30301762  1.1920929E-07
  7.47285557  1.1920929E-07
  7.64269257  2.38418579E-07
  7.64269257 -1.
  7.64269257  2.38418579E-07
  7.81253004  3.57627869E-07
  7.98236799  4.76837158E-07
  8.15220547  5.96046448E-07
  8.32204247  7.15255737E-07
  8.49188042  9.53674316E-07
  8.66171741  1.1920929E-06
  8.83155537  1.43051147E-06
  9.00139236  1.78813934E-06
  9.17122936  2.02655792E-06
  9.34106731  2.50339508E-06
  9.51090431  2.98023224E-06
  9.68074131  3.4570694E-06
  9.85057831  4.29153442E-06
  10.0204153  5.00679016E-06
  10.1902514  5.96046448E-06
  10.3600883  7.03334808E-06
  10.5299244  8.22544098E-06
  10.6997604  9.89437103E-06
  10.8695965  1.13248825E-05
  11.0394325  1.33514404E-05
  11.2092667  1.56164169E-05
  11.3791018  1.83582306E-05
  11.5489359  2.14576721E-05
  11.7187691  2.50339508E-05
  11.8886023  2.92062759E-05
  12.0584354  3.37362289E-05
  12.2282658  3.92198563E-05
  12.398097  4.54187393E-05
  12.5679264  5.30481339E-05
  12.7377539  6.13927841E-05
  12.9075804  7.06911087E-05
  13.077405  8.18967819E-05
  13.2472277  9.40561295E-05
  13.4170485  0.000108361244
  13.5868654  0.000125169754
  13.7566805  0.000144004822
  13.9264917  0.000165224075
  14.0962992  0.000189423561
  14.2661028  0.000216841698
  14.4359007  0.00024831295
  14.6056929  0.000283718109
  14.7754793  0.000323653221
  14.9452581  0.00036919117
  15.1150284  0.000419974327
  15.28479  0.000477671623
  15.4545412  0.000542283058
  15.62428  0.000615000725
  15.7940063  0.000696897507
  15.9637184  0.000788211823
  16.1334133  0.000890135765
  16.303091  0.00100457668
  16.4727459  0.00113213062
  16.6423798  0.00127434731
  16.8119888  0.00143253803
  16.9815693  0.00160896778
  17.1511173  0.00180435181
  17.3206291  0.00202143192
  17.4901028  0.00226259232
  17.6595364  0.00252950191
  17.8289204  0.0028244257
  17.9982529  0.00315129757
  18.1675262  0.0035122633
  18.3367348  0.00391101837
  18.5058727  0.00435054302
  18.6749344  0.00483632088
  18.8439102  0.00537157059
  19.0127907  0.00596153736
  19.1815681  0.00661170483
  19.3502293  0.00732755661
  19.5187645  0.00811600685
  19.6871643  0.00898301601
  19.8554096  0.00993788242
  20.023489  0.0109870434
  20.1913853  0.0121412277
  20.3590794  0.0134084225
  20.526556  0.0147993565
  20.6937904  0.0163247585
  20.8607635  0.0179959536
  21.0274506  0.0198249817
  21.1938229  0.0218231678
  21.3598557  0.0240027905
  21.5255203  0.0263758898
  21.6907864  0.0289540291
  21.8556213  0.0317476988
  22.0199928  0.0347663164
  22.1838665  0.0380181074
  22.3472099  0.0415096283
  22.5099869  0.0452445745
  22.6721649  0.0492231846
  22.8337116  0.0534433126
  22.9945946  0.0578984022
  23.1547813  0.0625783205
  23.3142509  0.0674674511
  23.4729786  0.0725468397
  23.6309433  0.0777910948
  23.7881317  0.0831716061
  23.9445343  0.088653326
  24.1001434  0.0941985846
  24.2549667  0.0997636318
  24.4090118  0.105301976
  24.5622921  0.110762
  24.7148285  0.116090059
  24.8666534  0.121230125
  25.0177956  0.126122832
  25.1683064  0.130708814
  25.3182335  0.134927869
  25.4676304  0.138721585
  25.6165619  0.142032743
  25.7650967  0.144811034
  25.9133072  0.147012472
  26.0612736  0.148605943
  26.2090759  0.149574399
  26.3567944  0.149919033
  26.5045071  0.149661303
