0.800000
0.800022
0.800048
0.800079
0.800114
0.800153
0.800192
0.800233
0.800273
0.800314
0.800355
0.800396
0.800436
0.800477
0.800518
0.800558
0.800599
0.800640
0.800681
0.800721
0.800762
0.800803
0.800843
0.800884
0.800925
0.800965
0.801006
0.801047
0.801087
0.801128
0.801169
0.801209
0.801250
0.801291
0.801331
0.801372
0.801413
0.801454
0.801494
0.801535
0.801576
0.801616
0.801657
0.801698
0.801738
0.801779
0.801820
0.801860
0.801901
0.801942
0.801983
0.802023
0.802064
0.802105
0.802145
0.802186
0.802227
0.802267
0.802308
0.802349
0.802389
0.802430
0.802471
0.802512
0.802552
0.802593
0.802634
0.802674
0.802715
0.802756
0.802796
0.802837
0.802878
0.802918
0.802959
0.803000
0.803041
0.803081
0.803122
0.803163
0.803203
0.803244
0.803285
0.803325
0.803366
0.803407
0.803447
0.803488
0.803529
0.803570
0.803610
0.803651
0.803692
0.803732
0.803773
0.803814
0.803854
0.803895
0.803936
0.803976
0.804017
0.804058
0.804099
0.804139
0.804180
0.804221
0.804261
0.804302
0.804343
0.804383
0.804424
0.804465
0.804505
0.804546
0.804587
0.804628
0.804668
0.804709
0.804750
0.804791
0.804834
0.804881
0.804934
0.804997
0.805071
0.805156
0.805248
0.805346
0.805446
0.805546
0.805647
0.805748
0.805849
0.805950
0.806051
0.806152
0.806253
0.806354
0.806455
0.806556
0.806656
0.806757
0.806858
0.806959
0.807060
0.807161
0.807262
0.807363
0.807464
0.807565
0.807666
0.807767
0.807867
0.807968
0.808069
0.808170
0.808271
0.808372
0.808473
0.808574
0.808675
0.808776
0.808877
0.808978
0.809079
0.809180
0.809280
0.809381
0.809483
0.809585
0.809689
0.809797
0.809914
0.810042
0.810181
0.810331
0.810488
0.810648
0.810811
0.810974
0.811137
0.811300
0.811463
0.811626
0.811789
0.811953
0.812116
0.812279
0.812442
0.812605
0.812769
0.812932
0.813095
0.813258
0.813421
0.813584
0.813747
0.813911
0.814074
0.814237
0.814402
0.814570
0.814743
0.814926
0.815121
0.815328
0.815545
0.815768
0.815994
0.816222
0.816451
0.816679
0.816908
0.817136
0.817365
0.817593
0.817822
0.818051
0.818279
0.818508
0.818736
0.818966
0.819196
0.819429
0.819669
0.819919
0.820182
0.820458
0.820743
0.821036
0.821332
0.821630
0.821927
0.822225
0.822523
0.822821
0.823118
0.823416
0.823715
0.824014
0.824315
0.824621
0.824933
0.825254
0.825581
0.825915
0.826253
0.826593
0.826933
0.827273
0.827614
0.827954
0.828295
0.828637
0.828980
0.829330
0.829689
0.830063
0.830454
0.830859
0.831276
0.831699
0.832124
0.832551
0.832978
0.833406
0.833835
0.834270
0.834711
0.835161
0.835622
0.836091
0.836567
0.837045
0.837526
0.838007
0.838490
0.838975
0.839466
0.839965
0.840473
0.840990
0.841514
0.842042
0.842572
0.843104
0.843638
0.844178
0.844727
0.845286
0.845857
0.846438
0.847025
0.847617
0.848213
0.848814
0.849424
0.850046
0.850684
0.851335
0.851996
0.852663
0.853334
0.854007
0.854682
0.855359
0.856038
0.856719
0.857402
0.858089
0.858782
0.859487
0.860208
0.860947
0.861702
0.862470
0.863250
0.864041
0.864849
0.865676
0.866520
0.867379
0.868250
0.869127
0.870011
0.870901
0.871797
0.872698
0.873606
0.874522
0.875447
0.876383
0.877329
0.878286
0.879256
0.880242
0.881244
0.882260
0.883286
0.884317
0.885350
0.886384
0.887421
0.888466
0.889524
0.890598
0.891691
0.892802
0.893931
0.895076
0.896239
0.897418
0.898613
0.899826
0.901056
0.902301
0.903562
0.904835
0.906119
0.907413
0.908717
0.910031
0.911355
0.912688
0.914032
0.915387
0.916752
0.918127
0.919512
0.920907
0.922318
0.923751
0.925216
0.926717
0.928254
0.929824
0.931419
0.933034
0.934665
0.936308
0.937962
0.939627
0.941306
0.943004
0.944727
0.946482
0.948273
0.950100
0.951958
0.953842
0.955744
0.957662
0.959592
0.961535
0.963490
0.965458
0.967440
0.969439
0.971458
0.973499
0.975563
0.977647
0.979751
0.981877
0.984032
0.986223
0.988455
0.990723
0.993025
0.995355
0.997713
1.000101
1.002521
1.004972
1.007448
1.009945
1.012463
1.015003
1.017570
1.020165
1.022787
1.025432
1.028099
1.030788
1.033503
1.036247
1.039019
1.041819
1.044647
1.047509
1.050414
1.053369
1.056374
1.059423
1.062506
1.065617
1.068754
1.071921
1.075120
1.078350
1.081609
1.084898
1.088219
1.091580
1.094988
1.098441
1.101937
1.105470
1.109039
1.112648
1.116304
1.120008
1.123754
1.127536
1.131350
1.135202
1.139103
1.143057
1.147059
1.151100
1.155171
1.159274
1.163416
1.167608
1.171854
1.176149
1.180487
1.184868
1.189293
1.193768
1.198292
1.202859
1.207461
1.212096
1.216770
1.221493
1.226272
1.231103
1.235976
1.240882
1.245822
1.250804
1.255838
1.260928
1.266066
1.271245
1.276463
1.281722
1.287030
1.292390
1.297793
1.303233
1.308706
1.314221
1.319793
1.325436
1.331153
1.336936
1.342775
1.348669
1.354625
1.360650
1.366747
1.372905
1.379113
1.385360
1.391649
1.397987
1.404380
1.410825
1.417314
1.423842
1.430415
1.437044
1.443741
1.450509
1.457336
1.464213
1.471136
1.478113
1.485157
1.492276
1.499465
1.506711
1.514004
1.521343
1.528739
1.536199
1.543726
1.551309
1.558939
1.566618
1.574359
1.582178
1.590085
1.598071
1.606124
1.614232
1.622401
1.630646
1.638979
1.647398
1.655887
1.664431
1.673023
1.681669
1.690377
1.699150
1.707977
1.716848
1.725759
1.734718
1.743744
1.752854
1.762050
1.771324
1.780669
1.790081
1.799572
1.809152
1.818823
1.828573
1.838390
1.848268
1.858219
1.868261
1.878405
1.888644
1.898958
1.909331
1.919760
1.930253
1.940820
1.951463
1.962172
1.972936
1.983753
1.994632
2.005585
2.016615
2.027716
2.038873
2.050084
2.061358
2.072715
2.084174
2.095737
2.107393
2.119129
2.130941
2.142835
2.154822
2.166899
2.179052
2.191265
2.203526
2.215841
2.228219
2.240666
2.253179
2.265747
2.278366
2.291046
2.303802
2.316646
2.329575
2.342570
2.355613
2.368699
2.381839
2.395050
2.408341
2.421709
2.435148
2.448657
2.462247
2.475930
2.489709
2.503574
2.517504
2.531484
2.545515
2.559607
2.573768
2.587998
2.602284
2.616613
2.630981
2.645392
2.659853
2.674364
2.688921
2.703516
2.718151
2.732835
2.747580
2.762391
2.777257
2.792165
2.807102
2.822074
2.837094
2.852180
2.867341
2.882573
2.897870
2.913228
2.928649
2.944138
2.959693
2.975304
2.990956
3.006647
3.022382
3.038177
3.054039
3.069962
3.085932
3.101931
3.117951
3.133991
3.150052
3.166133
3.182230
3.198336
3.214455
3.230594
3.246764
3.262972
3.279218
3.295497
3.311812
3.328172
3.344592
3.361080
3.377633
3.394240
3.410889
3.427570
3.444281
3.461024
3.477797
3.494596
3.511415
3.528250
3.545102
3.561976
3.578873
3.595791
3.612725
3.629667
3.646614
3.663562
3.680508
3.697447
3.714372
3.731278
3.748168
3.765051
3.781941
3.798849
3.815782
3.832745
3.849740
3.866770
3.883837
3.900940
3.918073
3.935230
3.952401
3.969582
3.986769
4.003958
4.021149
4.038340
4.055533
4.072729
4.089927
4.107127
4.124326
4.141521
4.158705
4.175872
4.193014
4.210123
4.227192
4.244220
4.261211
4.278172
4.295108
4.312026
4.328932
4.345831
4.362733
4.379645
4.396570
4.413507
4.430452
4.447400
4.464346
4.481289
4.498226
4.515148
4.532049
4.548920
4.565757
4.582562
4.599339
4.616089
4.632807
4.649485
4.666115
4.682696
4.699229
4.715717
4.732156
4.748541
4.764869
4.781146
4.797385
4.813602
4.829808
4.846003
4.862180
4.878330
4.894453
4.910548
4.926614
4.942644
4.958625
4.974544
4.990402
5.006207
5.021971
5.037702
5.053399
5.069058
5.084677
5.100259
5.115810
5.131336
5.146834
5.162293
5.177701
5.193053
5.208350
5.223597
5.238795
5.253937
5.269013
5.284020
5.298970
5.313878
5.328755
5.343602
5.358410
5.373171
5.387884
5.402554
5.417189
5.431789
5.446342
5.460836
5.475265
5.489636
5.503960
5.518244
5.532483
5.546667
5.560789
5.574850
5.588861
5.602828
5.616748
5.630601
5.644369
5.658045
5.671638
5.685164
5.698635
5.712049
5.725397
5.738676
5.751892
5.765058
5.778187
5.791276
5.804316
5.817297
5.830215
5.843080
5.855901
5.868675
5.881392
5.894036
5.906602
5.919097
5.931536
5.943925
5.956256
5.968510
5.980674
5.992750
6.004748
6.016678
6.028541
6.040330
6.052041
6.063683
6.075273
6.086827
6.098348
6.109826
6.121248
6.132608
6.143912
6.155166
6.166369
6.177506
6.188557
6.199514
6.210384
6.221184
6.231927
6.242614
6.253234
6.263777
6.274238
6.284621
6.294928
6.305151
6.315276
6.325297
6.335224
6.345078
6.354881
6.364639
6.374346
6.383991
6.393569
6.403084
6.412541
6.421936
6.431254
6.440475
6.449591
6.458612
6.467556
6.476436
6.485255
6.494003
6.502673
6.511268
6.519797
6.528266
6.536671
6.544998
6.553237
6.561389
6.569466
6.577479
6.585433
6.593315
6.601113
6.608826
6.616464
6.624047
6.631587
6.639085
6.646532
6.653922
6.661257
6.668539
6.675771
6.682942
6.690036
6.697044
6.703967
6.710819
6.717614
6.724356
6.731037
6.737645
6.744176
6.750636
6.757034
6.763375
6.769656
6.775869
6.782014
6.788101
6.794143
6.800149
6.806114
6.812027
6.817877
6.823663
6.829392
6.835074
6.840708
6.846283
6.851788
6.857218
6.862583
6.867897
6.873170
6.878405
6.883599
6.888749
6.893857
6.898928
6.903966
6.908964
6.913910
6.918794
6.923615
6.928380
6.933099
6.937775
6.942398
6.946957
6.951448
6.955877
6.960259
6.964606
6.968926
6.973218
6.977483
6.981720
6.985932
6.990118
6.994269
6.998370
7.002409
7.006381
7.010297
7.014172
7.018017
7.021837
7.025630
7.029394
7.033128
7.036835
7.040509
7.044143
7.047724
7.051245
7.054707
7.058120
7.061494
7.064836
7.068145
7.071418
7.074653
7.077855
7.081032
7.084187
7.087320
7.090428
7.093509
7.096563
7.099595
7.102606
7.105593
7.108548
7.111467
7.114350
7.117200
7.120025
7.122826
7.125600
7.128344
7.131056
7.133737
7.136388
7.139008
7.141591
7.144134
7.146636
7.149100
7.151533
7.153939
7.156320
7.158675
7.161005
7.163310
7.165593
7.167855
7.170094
7.172308
7.174494
7.176654
7.178790
7.180904
7.182995
7.185060
7.187094
7.189096
7.191069
7.193019
7.194951
7.196866
7.198767
7.200652
7.202524
7.204380
7.206216
7.208029
7.209811
7.211560
7.213277
7.214966
7.216636
7.218295
7.219948
7.221600
7.223249
7.224892
7.226524
7.228135
7.229718
7.231267
7.232777
7.234254
7.235706
7.237144
7.238574
7.240003
7.241432
7.242857
7.244273
7.245674
7.247052
7.248404
7.249730
7.251033
7.252316
7.253580
7.254826
7.256052
7.257259
7.258446
7.259613
7.260762
7.261894
7.263008
7.264104
7.265183
7.266243
7.267284
7.268305
7.269308
7.270293
7.271260
7.272208
7.273138
7.274054
7.274959
7.275860
7.276757
7.277653
7.278547
7.279437
7.280322
7.281197
7.282059
7.282909
7.283746
7.284573
7.285390
7.286195
7.286987
7.287764
7.288529
7.289286
7.290036
7.290783
7.291527
7.292269
7.293007
7.293743
7.294475
7.295202
7.295920
7.296624
7.297311
7.297982
7.298640
7.299288
7.299931
7.300566
7.301191
7.301800
7.302392
7.302967
7.303530
7.304085
7.304636
7.305185
7.305730
7.306271
7.306803
7.307326
7.307840
7.308348
7.308850
7.309351
7.309850
7.310347
7.310840
7.311326
7.311799
7.312257
7.312701
7.313134
7.313561
7.313984
7.314405
7.314827
7.315248
7.315669
7.316090
7.316509
7.316928
7.317346
7.317762
7.318178
7.318592
7.319007
7.319421
7.319836
7.320250
7.320662
7.321071
7.321473
7.321865
7.322244
7.322612
7.322970
7.323323
7.323672
7.324020
7.324368
7.324717
7.325065
7.325412
7.325759
7.326104
7.326444
7.326777
7.327101
7.327414
7.327719
7.328018
7.328314
7.328608
7.328902
7.329196
7.329490
7.329784
7.330077
7.330371
7.330665
7.330957
7.331248
7.331534
7.331811
7.332077
7.332331
7.332574
7.332809
7.333041
7.333271
7.333501
7.333730
7.333960
7.334190
7.334419
7.334649
7.334879
7.335108
7.335338
7.335567
7.335797
7.336026
7.336255
7.336481
7.336703
7.336919
7.337125
7.337321
7.337510
7.337693
7.337874
7.338053
7.338232
7.338412
7.338591
7.338770
7.338949
7.339128
7.339308
7.339487
7.339666
7.339845
7.340024
7.340203
7.340382
7.340561
7.340740
7.340919
7.341098
7.341276
7.341453
7.341625
7.341786
7.341931
7.342055
7.342156
7.342239
7.342309
7.342373
7.342434
7.342494
7.342555
7.342615
7.342675
7.342736
7.342796
7.342856
7.342916
7.342977
7.343037
7.343097
7.343157
7.343217
7.343278
7.343338
7.343398
7.343458
7.343519
7.343579
7.343639
7.343699
7.343760
7.343820
7.343880
7.343940
7.344001
7.344061
7.344121
7.344181
7.344242
7.344302
7.344362
7.344422
7.344483
7.344543
7.344603
7.344664
7.344724
7.344784
7.344844
7.344905
7.344965
7.345025
7.345086
7.345146
7.345206
7.345266
7.345327
7.345387
7.345447
7.345508
7.345568
7.345628
7.345688
7.345749
7.345809
7.345869
7.345930
7.345990
7.346050
7.346110
7.346170
7.346231
7.346291
7.346351
7.346412
7.346472
7.346532
7.346592
7.346652
7.346713
7.346773
7.346833
7.346892
7.346949
7.347002
7.347046
7.347080
7.347103
7.347116
7.347122
7.347124
7.347125
7.347125
7.347125
7.347125
7.347125
7.347125
7.347125
7.347125
7.347125
7.347125
7.347125
7.347125
7.347125
7.347125
7.347125
7.347125
7.347125
7.347125
7.347125
7.347125
7.347125
7.347125
7.347125
7.347125
7.347125
7.347125
7.347125
7.347125
7.347125
7.347125
7.347125
7.347125
7.347125
7.347125
7.347125
7.347125
7.347125
7.347125
7.347125
7.347125
7.347125
7.347125
7.347125
7.347125
7.347125
7.347125
7.347125
7.347125
7.347125
7.347125
7.347125
7.347125
7.347125
7.347125
7.347125
7.347125
7.347125
7.347125
7.347125
7.347125
7.347125
7.347125
7.347125
7.347125
7.347125
7.347125
7.347125
7.347125
7.347125
7.347125
7.347125
7.347125
7.347125
7.347125
7.347125
7.347125
7.347125
7.347125
7.347125
7.347125
7.347125
7.347125
7.347125
7.347125
7.347125
7.347125
7.347125
7.347125
7.347125
7.347125
7.347125
7.347125
7.347125
7.347125
7.347125
7.347125
7.347125
7.347125
7.347125
7.347125
7.347125
7.347125
7.347125
7.347125
7.347125
7.347125
7.347125
7.347125
7.347125
7.347125
7.347125
7.347125
7.347125
7.347125
7.347125
7.347125
7.347125
7.347125
7.347125
7.347125
7.347125
7.347125
7.347125
7.347125
7.347125
7.347125
7.347125
7.347125
7.347125
7.347125
7.347125
7.347125
7.347125
7.347125
7.347125
7.347125
7.347125
7.347125
7.347125
7.347125
7.347125
7.347125
7.347125
7.347125
7.347125
7.347125
7.347125
7.347125
7.347125
7.347125
7.347125
7.347125
7.347125
7.347125
7.347125
7.347125
7.347125
7.347125
7.347125
7.347125
7.347125
7.347125
7.347125
7.347125
7.347125
7.347125
7.347125
7.347125
7.347125
7.347125
7.347125
7.347125
7.347125
7.347125
7.347125
7.347125
7.347125
7.347125
7.347125
7.347125
7.347125
7.347125
7.347125
7.347125
7.347125
7.347125
7.347125
7.347125
7.347125
7.347125
7.347125
7.347125
7.347125
7.347125
7.347125
7.347125
7.347125
7.347125
7.347125
7.347125
7.347125
7.347125
7.347125
7.347125
7.347125
7.347125
7.347125
7.347125
7.347125
7.347125
7.347125
7.347125
7.347125
7.347125
7.347125
7.347125
7.347125
7.347125
7.347125
7.347125
7.347125
7.347125
7.347125
7.347125
7.347125
7.347125
7.347125
7.347125
7.347125
7.347125
7.347125
7.347125
7.347125
7.347125
7.347125
7.347125
7.347125
7.347125
7.347125
7.347125
7.347125
7.347125
7.347125
7.347125
7.347125
7.347125
7.347125
7.347125
7.347125
7.347125
7.347125
7.347125
7.347125
7.347125
7.347125
7.347125
7.347125
7.347125
7.347125
7.347125
7.347125
7.347125
7.347125
7.347125
7.347125
7.347125
7.347125
7.347125
7.347125
7.347125
7.347125
7.347125
7.347125
7.347125
7.347125
7.347125
7.347125
7.347125
7.347125
7.347125
7.347125
7.347125
7.347125
7.347125
7.347125
7.347125
7.347125
7.347125
7.347125
7.347125
7.347125
7.347125
7.347125
7.347125
7.347125
7.347125
7.347125
7.347125
7.347125
7.347125
7.347125
7.347125
7.347125
7.347125
7.347125
7.347125
7.347125
7.347125
7.347125
7.347125
7.347125
7.347125
7.347125
7.347125
7.347125
7.347125
7.347125
7.347125
7.347125
7.347125
7.347125
7.347125
7.347125
7.347125
7.347125
7.347125
7.347125
7.347125
7.347125
7.347125
7.347125
7.347125
7.347125
7.347125
7.347125
7.347125
7.347125
7.347125
7.347125
7.347125
7.347125
7.347125
7.347125
7.347125
7.347125
7.347125
7.347125
7.347125
7.347125
7.347125
7.347125
7.347125
7.347125
7.347125
7.347125
7.347125
7.347125
7.347125
7.347125
7.347125
7.347125
7.347125
7.347125
7.347125
7.347125
7.347125
7.347125
7.347125
7.347125
7.347125
7.347125
7.347125
7.347125
7.347125
7.347125
7.347125
7.347125
7.347125
7.347125
7.347125
7.347125
7.347125
7.347125
7.347125
7.347125
7.347125
7.347125
7.347125
7.347125
7.347125
7.347125
7.347125
7.347125
7.347125
7.347125
7.347125
7.347125
7.347125
7.347125
7.347125
7.347125
7.347125
7.347125
7.347125
7.347125
7.347125
7.347125
7.347125
7.347125
7.347125
7.347125
7.347125
7.347125
7.347125
7.347125
7.347125
7.347125
7.347125
7.347125
7.347125
7.347125
7.347125
7.347125
7.347125
7.347125
7.347125
7.347125
7.347125
7.347125
7.347125
7.347125
7.347125
7.347125
7.347125
7.347125
7.347125
7.347125
7.347125
7.347125
7.347125
7.347125
7.347125
7.347125
7.347125
7.347125
7.347125
7.347125
7.347125
7.347125
7.347125
7.347125
7.347125
7.347125
7.347125
7.347125
7.347125
7.347125
7.347125
7.347125
7.347125
7.347125
7.347125
7.347125
7.347125
7.347125
7.347125
7.347125
7.347125
7.347125
7.347125
7.347125
7.347125
7.347125
7.347125
7.347125
7.347125
7.347125
7.347125
7.347125
7.347125
7.347125
7.347125
7.347125
7.347125
7.347125
7.347125
7.347125
7.347125
7.347125
7.347125
7.347125
7.347125
7.347125
7.347125
7.347125
7.347125
7.347125
7.347125
7.347125
7.347125
7.347125
7.347125
7.347125
7.347125
7.347125
7.347125
7.347125
7.347125
7.347125
7.347125
7.347125
7.347125
7.347125
7.347125
7.347125
7.347125
7.347125
7.347125
7.347125
7.347125
7.347125
7.347125
7.347125
7.347125
7.347125
7.347125
7.347125
7.347125
7.347125
7.347125
7.347125
7.347125
7.347125
7.347125
7.347125
7.347125
7.347125
7.347125
7.347125
7.347125
7.347125
7.347125
7.347125
7.347125
7.347125
7.347125
7.347125
7.347125
7.347125
7.347125
7.347125
7.347125
7.347125
7.347125
7.347125
7.347125
7.347125
7.347125
7.347125
7.347125
7.347125
7.347125
7.347125
7.347125
7.347125
7.347125
7.347125
7.347125
7.347125
7.347125
7.347125
7.347125
7.347125
7.347125
7.347125
7.347125
7.347125
7.347125
7.347125
7.347125
7.347125
7.347125
7.347125
7.347125
7.347125
7.347125
7.347125
7.347125
7.347125
7.347125
7.347125
7.347125
7.347125
7.347125
7.347125
7.347125
7.347125
7.347125
7.347125
7.347125
7.347125
7.347125
7.347125
7.347125
7.347125
7.347125
7.347125
7.347125
7.347125
7.347125
7.347125
7.347125
7.347125
7.347125
7.347125
7.347125
7.347125
7.347125
7.347125
7.347125
7.347125
7.347125
7.347125
7.347125
7.347125
7.347125
7.347125
7.347125
7.347125
7.347125
7.347125
7.347125
7.347125
7.347125
7.347125
7.347125
7.347125
7.347125
7.347125
7.347125
7.347125
7.347125
7.347125
7.347125
7.347125
7.347125
7.347125
7.347125
7.347125
7.347125
7.347125
7.347125
7.347125
7.347125
7.347125
7.347125
7.347125
7.347125
7.347125
7.347125
7.347125
7.347125
7.347125
7.347125
7.347125
7.347125
7.347125
7.347125
7.347125
7.347125
7.347125
7.347125
7.347125
7.347125
7.347125
7.347125
7.347125
7.347125
7.347125
7.347125
7.347125
7.347125
7.347125
7.347125
7.347125
7.347125
7.347125
7.347125
7.347125
7.347125
7.347125
7.347125
7.347125
7.347125
7.347125
7.347125
7.347125
7.347125
7.347125
7.347125
7.347125
7.347125
7.347125
7.347125
7.347125
7.347125
7.347125
7.347125
7.347125
7.347125
7.347125
7.347125
7.347125
7.347125
7.347125
7.347125
7.347125
7.347125
7.347125
7.347125
7.347125
7.347125
7.347125
7.347125
7.347125
7.347125
7.347125
7.347125
7.347125
7.347125
7.347125
7.347125
7.347125
7.347125
7.347125
7.347125
7.347125
7.347125
7.347125
7.347125
7.347125
7.347125
7.347125
7.347125
7.347125
7.347125
7.347125
7.347125
7.347125
7.347125
7.347125
7.347125
7.347125
7.347125
7.347125
7.347125
7.347125
7.347125
7.347125
7.347125
7.347125
7.347125
7.347125
7.347125
7.347125
7.347125
7.347125
7.347125
7.347125
7.347125
7.347125
7.347125
7.347125
7.347125
7.347125
7.347125
7.347125
7.347125
7.347125
7.347125
7.347125
7.347125
7.347125
7.347125
7.347125
7.347125
7.347125
7.347125
7.347125
7.347125
7.347125
7.347125
7.347125
7.347125
7.347125
7.347125
7.347125
7.347125
7.347125
7.347125
7.347125
7.347125
7.347125
7.347125
7.347125
7.347125
7.347125
7.347125
7.347125
7.347125
7.347125
7.347125
7.347125
7.347125
7.347125
7.347125
7.347125
7.347125
7.347125
7.347125
7.347125
7.347125
7.347125
7.347125
7.347125
7.347125
7.347125
7.347125
7.347125
7.347125
7.347125
7.347125
7.347125
7.347125
7.347125
7.347125
7.347125
7.347125
7.347125
7.347125
7.347125
7.347125
7.347125
7.347125
7.347125
7.347125
7.347125
7.347125
7.347125
7.347125
7.347125
7.347125
7.347125
7.347125
7.347125
7.347125
7.347125
7.347125
7.347125
7.347125
7.347125
7.347125
7.347125
7.347125
7.347125
7.347125
7.347125
7.347125
7.347125
7.347125
7.347125
7.347125
7.347125
7.347125
7.347125
7.347125
7.347125
7.347125
7.347125
7.347125
7.347125
7.347125
7.347125
7.347125
7.347125
7.347125
7.347125
7.347125
7.347125
7.347125
7.347125
7.347125
7.347125
7.347125
7.347125
7.347125
7.347125
7.347125
7.347125
7.347125
7.347125
7.347125
7.347125
7.347125
7.347125
7.347125
7.347125
7.347125
7.347125
7.347125
7.347125
7.347125
7.347125
7.347125
7.347125
7.347125
7.347125
7.347125
7.347125
7.347125
7.347125
7.347125
7.347125
7.347125
7.347125
7.347125
7.347125
7.347125
7.347125
7.347125
7.347125
7.347125
7.347125
7.347125
7.347125
7.347125
7.347125
7.347125
7.347125
7.347125
7.347125
7.347125
7.347125
7.347125
7.347125
7.347125
7.347125
7.347125
7.347125
7.347125
7.347125
7.347125
7.347125
7.347125
7.347125
7.347125
7.347125
7.347125
7.347125
7.347125
7.347125
7.347125
7.347125
7.347125
7.347125
7.347125
7.347125
7.347125
7.347125
7.347125
7.347125
7.347125
7.347125
7.347125
7.347125
7.347125
7.347125
7.347125
7.347125
7.347125
7.347125
7.347125
7.347125
7.347125
7.347125
7.347125
7.347125
7.347125
7.347125
7.347125
7.347125
7.347125
7.347125
7.347125
7.347125
7.347125
7.347125
7.347125
7.347125
7.347125
7.347125
7.347125
7.347125
7.347125
7.347125
7.347125
7.347125
7.347125
7.347125
7.347125
7.347125
7.347125
7.347125
7.347125
7.347125
7.347125
7.347125
7.347125
7.347125
7.347125
7.347125
7.347125
7.347125
7.347125
7.347125
7.347125
7.347125
7.347125
7.347125
7.347125
7.347125
7.347125
7.347125
7.347125
7.347125
7.347125
7.347125
7.347125
7.347125
7.347125
7.347125
7.347125
7.347125
7.347125
7.347125
7.347125
7.347125
7.347125
7.347125
7.347125
7.347125
7.347125
7.347125
7.347125
7.347125
7.347125
7.347125
7.347125
7.347125
7.347125
7.347125
7.347125
7.347125
7.347125
7.347125
7.347125
7.347125
7.347125
7.347125
7.347125
7.347125
7.347125
7.347125
7.347125
7.347125
7.347125
7.347125
7.347125
7.347125
7.347125
7.347125
7.347125
7.347125
7.347125
7.347125
7.347125
7.347125
7.347125
7.347125
7.347125
7.347125
7.347125
7.347125
7.347125
7.347125
7.347125
7.347125
7.347125
7.347125
7.347125
7.347125
7.347125
7.347125
7.347125
7.347125
7.347125
7.347125
7.347125
7.347125
7.347125
7.347125
7.347125
7.347125
7.347125
7.347125
7.347125
7.347125
7.347125
7.347125
7.347125
7.347125
7.347125
7.347125
7.347125
7.347125
7.347125
7.347125
7.347125
7.347125
7.347125
7.347125
7.347125
7.347125
7.347125
7.347125
7.347125
7.347125
7.347125
7.347125
7.347125
7.347125
7.347125
7.347125
7.347125
7.347125
7.347125
7.347125
7.347125
7.347125
7.347125
7.347125
7.347125
7.347125
7.347125
7.347125
7.347125
7.347125
7.347125
7.347125
7.347125
7.347125
7.347125
7.347125
7.347125
7.347125
7.347125
7.347125
7.347125
7.347125
7.347125
7.347125
7.347125
7.347125
7.347125
7.347125
7.347125
7.347125
7.347125
7.347125
7.347125
7.347125
7.347125
7.347125
7.347125
7.347125
7.347125
7.347125
7.347125
7.347125
7.347125
7.347125
7.347125
7.347125
7.347125
7.347125
7.347125
7.347125
7.347125
7.347125
7.347125
7.347125
7.347125
7.347125
7.347125
7.347125
7.347125
7.347125
7.347125
7.347125
7.347125
7.347125
7.347125
7.347125
7.347125
7.347125
7.347125
7.347125
7.347125
7.347125
7.347125
7.347125
7.347125
7.347125
7.347125
7.347125
7.347125
7.347125
7.347125
7.347125
7.347125
7.347125
7.347125
7.347125
7.347125
7.347125
7.347125
7.347125
7.347125
7.347125
7.347125
7.347125
7.347125
7.347125
7.347125
7.347125
7.347125
7.347125
7.347125
7.347125
7.347125
7.347125
7.347125
7.347125
7.347125
7.347125
7.347125
7.347125
7.347125
7.347125
7.347125
7.347125
7.347125
7.347125
7.347125
7.347125
7.347125
7.347125
7.347125
7.347125
7.347125
7.347125
7.347125
7.347125
7.347125
7.347125
7.347125
7.347125
7.347125
7.347125
7.347125
7.347125
7.347125
7.347125
7.347125
7.347125
7.347125
7.347125
7.347125
7.347125
7.347125
7.347125
7.347125
7.347125
7.347125
7.347125
7.347125
7.347125
7.347125
7.347125
7.347125
7.347125
7.347125
7.347125
7.347125
7.347125
7.347125
7.347125
7.347125
7.347125
7.347125
7.347125
7.347125
7.347125
7.347125
7.347125
7.347125
7.347125
7.347125
7.347125
7.347125
7.347125
7.347125
7.347125
7.347125
7.347125
7.347125
7.347125
7.347125
7.347125
7.347125
7.347125
7.347125
7.347125
7.347125
7.347125
7.347125
7.347125
7.347125
7.347125
7.347125
7.347125
7.347125
7.347125
7.347125
7.347125
7.347125
7.347125
7.347125
7.347125
7.347125
7.347125
7.347125
7.347125
7.347125
7.347125
7.347125
7.347125
7.347125
7.347125
7.347125
7.347125
7.347125
7.347125
7.347125
7.347125
7.347125
7.347125
7.347125
7.347125
7.347125
7.347125
7.347125
7.347125
7.347125
7.347125
7.347125
7.347125
7.347125
7.347125
7.347125
7.347125
7.347125
7.347125
7.347125
7.347125
7.347125
7.347125
7.347125
7.347125
7.347125
7.347125
7.347125
7.347125
7.347125
7.347125
7.347125
7.347125
7.347125
7.347125
7.347125
7.347125
7.347125
7.347125
7.347125
7.347125
7.347125
7.347125
7.347125
7.347125
7.347125
7.347125
7.347125
7.347125
7.347125
7.347125
7.347125
7.347125
7.347125
7.347125
7.347125
7.347125
7.347125
7.347125
7.347125
7.347125
7.347125
7.347125
7.347125
7.347125
7.347125
7.347125
7.347125
7.347125
7.347125
7.347125
7.347125
7.347125
7.347125
7.347125
7.347125
7.347125
7.347125
7.347125
7.347125
7.347125
7.347125
7.347125
7.347125
7.347125
7.347125
7.347125
7.347125
7.347125
7.347125
7.347125
7.347125
7.347125
7.347125
7.347125
7.347125
7.347125
7.347125
7.347125
7.347125
7.347125
7.347125
7.347125
7.347125
7.347125
7.347125
7.347125
7.347125
7.347125
7.347125
7.347125
7.347125
7.347125
7.347125
7.347125
7.347125
7.347125
7.347125
7.347125
7.347125
7.347125
7.347125
7.347125
7.347125
7.347125
7.347125
7.347125
7.347125
7.347125
7.347125
7.347125
7.347125
7.347125
7.347125
7.347125
7.347125
7.347125
7.347125
7.347125
7.347125
7.347125
7.347125
7.347125
7.347125
7.347125
7.347125
7.347125
7.347125
7.347125
7.347125
7.347125
7.347125
7.347125
7.347125
7.347125
7.347125
7.347125
7.347125
7.347125
7.347125
7.347125
7.347125
7.347125
7.347125
7.347125
7.347125
7.347125
7.347125
7.347125
7.347125
7.347125
7.347125
7.347125
7.347125
7.347125
7.347125
7.347125
7.347125
7.347125
7.347125
7.347125
7.347125
7.347125
7.347125
7.347125
7.347125
7.347125
7.347125
7.347125
7.347125
7.347125
7.347125
7.347125
7.347125
7.347125
7.347125
7.347125
7.347125
7.347125
7.347125
7.347125
7.347125
7.347125
7.347125
7.347125
7.347125
7.347125
7.347125
7.347125
7.347125
7.347125
7.347125
7.347125
7.347125
7.347125
7.347125
7.347125
7.347125
7.347125
7.347125
7.347125
7.347125
7.347125
7.347125
7.347125
7.347125
7.347125
7.347125
7.347125
7.347125
7.347125
7.347125
7.347125
7.347125
7.347125
7.347125
7.347125
7.347125
7.347125
7.347125
7.347125
7.347125
7.347125
7.347125
7.347125
7.347125
7.347125
7.347125
7.347125
7.347125
7.347125
7.347125
7.347125
7.347125
7.347125
7.347125
7.347125
7.347125
7.347125
7.347125
7.347125
7.347125
7.347125
7.347125
7.347125
7.347125
7.347125
7.347125
7.347125
7.347125
7.347125
7.347125
7.347125
7.347125
7.347125
7.347125
7.347125
7.347125
7.347125
7.347125
7.347125
7.347125
7.347125
7.347125
7.347125
7.347125
7.347125
7.347125
7.347125
7.347125
7.347125
7.347125
7.347125
7.347125
7.347125
7.347125
7.347125
7.347125
7.347125
7.347125
7.347125
7.347125
7.347125
7.347125
7.347125
7.347125
7.347125
7.347125
7.347125
7.347125
7.347125
7.347125
7.347125
7.347125
7.347125
7.347125
7.347125
7.347125
7.347125
7.347125
7.347125
7.347125
7.347125
7.347125
7.347125
7.347125
7.347125
7.347125
7.347125
7.347125
7.347125
7.347125
7.347125
7.347125
7.347125
7.347125
7.347125
7.347125
7.347125
7.347125
7.347125
7.347125
7.347125
7.347125
7.347125
7.347125
7.347125
7.347125
7.347125
7.347125
7.347125
7.347125
7.347125
7.347125
7.347125
7.347125
7.347125
7.347125
7.347125
7.347125
7.347125
7.347125
7.347125
7.347125
7.347125
7.347125
7.347125
7.347125
7.347125
7.347125
7.347125
7.347125
7.347125
7.347125
7.347125
7.347125
7.347125
7.347125
7.347125
7.347125
7.347125
7.347125
7.347125
7.347125
7.347125
7.347125
7.347125
7.347125
7.347125
7.347125
7.347125
7.347125
7.347125
7.347125
7.347125
7.347125
7.347125
7.347125
7.347125
7.347125
7.347125
7.347125
7.347125
7.347125
7.347125
7.347125
7.347125
7.347125
7.347125
7.347125
7.347125
7.347125
7.347125
7.347125
7.347125
7.347125
7.347125
7.347125
7.347125
7.347125
7.347125
7.347125
7.347125
7.347125
7.347125
7.347125
7.347125
7.347125
7.347125
7.347125
7.347125
7.347125
7.347125
7.347125
7.347125
7.347125
7.347125
7.347125
7.347125
7.347125
7.347125
7.347125
7.347125
7.347125
7.347125
7.347125
7.347125
7.347125
7.347125
7.347125
7.347125
7.347125
7.347125
7.347125
7.347125
7.347125
7.347125
7.347125
7.347125
7.347125
7.347125
7.347125
7.347125
7.347125
7.347125
7.347125
7.347125
7.347125
7.347125
7.347125
7.347125
7.347125
7.347125
7.347125
7.347125
7.347125
7.347125
7.347125
7.347125
7.347125
7.347125
7.347125
7.347125
7.347125
7.347125
7.347125
7.347125
7.347125
7.347125
7.347125
7.347125
7.347125
7.347125
7.347125
7.347125
7.347125
7.347125
7.347125
7.347125
7.347125
7.347125
7.347125
7.347125
7.347125
7.347125
7.347125
7.347125
7.347125
7.347125
7.347125
7.347125
7.347125
7.347125
7.347125
7.347125
7.347125
7.347125
7.347125
7.347125
7.347125
7.347125
7.347125
7.347125
7.347125
7.347125
7.347125
7.347125
7.347125
7.347125
7.347125
7.347125
7.347125
7.347125
7.347125
7.347125
7.347125
7.347125
7.347125
7.347125
7.347125
7.347125
7.347125
7.347125
7.347125
7.347125
7.347125
7.347125
7.347125
7.347125
7.347125
7.347125
7.347125
7.347125
7.347125
7.347125
7.347125
7.347125
7.347125
7.347125
7.347125
7.347125
7.347125
7.347125
7.347125
7.347125
7.347125
7.347125
7.347125
7.347125
7.347125
7.347125
7.347125
7.347125
7.347125
7.347125
7.347125
7.347125
7.347125
7.347125
7.347125
7.347125
7.347125
7.347125
7.347125
7.347125
7.347125
7.347125
7.347125
7.347125
7.347125
7.347125
7.347125
7.347125
7.347125
7.347125
7.347125
7.347125
7.347125
7.347125
7.347125
7.347125
7.347125
7.347125
7.347125
7.347125
7.347125
7.347125
7.347125
7.347125
7.347125
7.347125
7.347125
7.347125
7.347125
7.347125
7.347125
7.347125
7.347125
7.347125
7.347125
7.347125
7.347125
7.347125
7.347125
7.347125
7.347125
7.347125
7.347125
7.347125
7.347125
7.347125
7.347125
7.347125
7.347125
7.347125
7.347125
7.347125
7.347125
7.347125
7.347125
7.347125
7.347125
7.347125
7.347125
7.347125
7.347125
7.347125
7.347125
7.347125
7.347125
7.347125
7.347125
7.347125
7.347125
7.347125
7.347125
7.347125
7.347125
7.347125
7.347125
7.347125
7.347125
7.347125
7.347125
7.347125
7.347125
7.347125
7.347125
7.347125
7.347125
7.347125
7.347125
7.347125
7.347125
7.347125
7.347125
7.347125
7.347125
7.347125
7.347125
7.347125
7.347125
7.347125
7.347125
7.347125
7.347125
7.347125
7.347125
7.347125
7.347125
7.347125
7.347125
7.347125
7.347125
7.347125
7.347125
7.347125
7.347125
7.347125
7.347125
7.347125
7.347125
7.347125
7.347125
7.347125
7.347125
7.347125
7.347125
7.347125
7.347125
7.347125
7.347125
7.347125
7.347125
7.347125
7.347125
7.347125
7.347125
7.347125
7.347125
7.347125
7.347125
7.347125
7.347125
7.347125
7.347125
7.347125
7.347125
7.347125
7.347125
7.347125
7.347125
7.347125
7.347125
7.347125
7.347125
7.347125
7.347125
7.347125
7.347125
7.347125
7.347125
7.347125
7.347125
7.347125
7.347125
7.347125
7.347125
7.347125
7.347125
7.347125
7.347125
7.347125
7.347125
7.347125
7.347125
7.347125
7.347125
7.347125
7.347125
7.347125
7.347125
7.347125
7.347125
7.347125
7.347125
7.347125
7.347125
7.347125
7.347125
7.347125
7.347125
7.347125
7.347125
7.347125
7.347125
7.347125
7.347125
7.347125
7.347125
7.347125
7.347125
7.347125
7.347125
7.347125
7.347125
7.347125
7.347125
7.347125
7.347125
7.347125
7.347125
7.347125
7.347125
7.347125
7.347125
7.347125
7.347125
7.347125
7.347125
7.347125
7.347125
7.347125
7.347125
7.347125
7.347125
7.347125
7.347125
7.347125
7.347125
7.347125
7.347125
7.347125
7.347125
7.347125
7.347125
7.347125
7.347125
7.347125
7.347125
7.347125
7.347125
7.347125
7.347125
7.347125
7.347125
7.347125
7.347125
7.347125
7.347125
7.347125
7.347125
7.347125
7.347125
7.347125
7.347125
7.347125
7.347125
7.347125
7.347125
7.347125
7.347125
7.347125
7.347125
7.347125
7.347125
7.347125
7.347125
7.347125
7.347125
7.347125
7.347125
7.347125
7.347125
7.347125
7.347125
7.347125
7.347125
7.347125
7.347125
7.347125
7.347125
7.347125
7.347125
7.347125
7.347125
7.347125
7.347125
7.347125
7.347125
7.347125
7.347125
7.347125
7.347125
7.347125
7.347125
7.347125
7.347125
7.347125
7.347125
7.347125
7.347125
7.347125
7.347125
7.347125
7.347125
7.347125
7.347125
7.347125
7.347125
7.347125
7.347125
7.347125
7.347125
7.347125
7.347125
7.347125
7.347125
7.347125
7.347125
7.347125
7.347125
7.347125
7.347125
7.347125
7.347125
7.347125
7.347125
7.347125
7.347125
7.347125
7.347125
7.347125
7.347125
7.347125
7.347125
7.347125
7.347125
7.347125
7.347125
7.347125
7.347125
7.347125
7.347125
7.347125
7.347125
7.347125
7.347125
7.347125
7.347125
7.347125
7.347125
7.347125
7.347125
7.347125
7.347125
7.347125
7.347125
7.347125
7.347125
7.347125
7.347125
7.347125
7.347125
7.347125
7.347125
7.347125
7.347125
7.347125
7.347125
7.347125
7.347125
7.347125
7.347125
7.347125
7.347125
7.347125
7.347125
7.347125
7.347125
7.347125
7.347125
7.347125
7.347125
7.347125
7.347125
7.347125
7.347125
7.347125
7.347125
7.347125
7.347125
7.347125
7.347125
7.347125
7.347125
7.347125
7.347125
7.347125
7.347125
7.347125
7.347125
7.347125
7.347125
7.347125
7.347125
7.347125
7.347125
7.347125
7.347125
7.347125
7.347125
7.347125
7.347125
7.347125
7.347125
7.347125
7.347125
7.347125
7.347125
7.347125
7.347125
7.347125
7.347125
7.347125
7.347125
7.347125
7.347125
7.347125
7.347125
7.347125
7.347125
7.347125
7.347125
7.347125
7.347125
7.347125
7.347125
7.347125
7.347125
7.347125
7.347125
7.347125
7.347125
7.347125
7.347125
7.347125
7.347125
7.347125
7.347125
7.347125
7.347125
7.347125
7.347125
7.347125
7.347125
7.347125
7.347125
7.347125
7.347125
7.347125
7.347125
7.347125
7.347125
7.347125
7.347125
7.347125
7.347125
7.347125
7.347125
7.347125
7.347125
7.347125
7.347125
7.347125
7.347125
7.347125
7.347125
7.347125
7.347125
7.347125
7.347125
7.347125
7.347125
7.347125
7.347125
7.347125
7.347125
7.347125
7.347125
7.347125
7.347125
7.347125
7.347125
7.347125
7.347125
7.347125
7.347125
7.347125
7.347125
7.347125
7.347125
7.347125
7.347125
7.347125
7.347125
7.347125
7.347125
7.347125
7.347125
7.347125
7.347125
7.347125
7.347125
7.347125
7.347125
7.347125
7.347125
7.347125
7.347125
7.347125
7.347125
7.347125
7.347125
7.347125
7.347125
7.347125
7.347125
7.347125
7.347125
7.347125
7.347125
7.347125
7.347125
7.347125
7.347125
7.347125
7.347125
7.347125
7.347125
7.347125
7.347125
7.347125
7.347125
7.347125
7.347125
7.347125
7.347125
7.347125
7.347125
7.347125
7.347125
7.347125
7.347125
7.347125
7.347125
7.347125
7.347125
7.347125
7.347125
7.347125
7.347125
7.347125
7.347125
7.347125
7.347125
7.347125
7.347125
7.347125
7.347125
7.347125
7.347125
7.347125
7.347125
7.347125
7.347125
7.347125
7.347125
7.347125
7.347125
7.347125
7.347125
7.347125
7.347125
7.347125
7.347125
7.347125
7.347125
7.347125
7.347125
7.347125
7.347125
7.347125
7.347125
7.347125
7.347125
7.347125
7.347125
7.347125
7.347125
7.347125
7.347125
7.347125
7.347125
7.347125
7.347125
7.347125
7.347125
7.347125
7.347125
7.347125
7.347125
7.347125
7.347125
7.347125
7.347125
7.347125
7.347125
7.347125
7.347125
7.347125
7.347125
7.347125
7.347125
7.347125
7.347125
7.347125
7.347125
7.347125
7.347125
7.347125
7.347125
7.347125
7.347125
7.347125
7.347125
7.347125
7.347125
7.347125
7.347125
7.347125
7.347125
7.347125
7.347125
7.347125
7.347125
7.347125
7.347125
7.347125
7.347125
7.347125
7.347125
7.347125
7.347125
7.347125
7.347125
7.347125
7.347125
7.347125
7.347125
7.347125
7.347125
7.347125
7.347125
7.347125
7.347125
7.347125
7.347125
7.347125
7.347125
7.347125
7.347125
7.347125
7.347125
7.347125
7.347125
7.347125
7.347125
7.347125
7.347125
7.347125
7.347125
7.347125
7.347125
7.347125
7.347125
7.347125
7.347125
7.347125
7.347125
7.347125
7.347125
7.347125
7.347125
7.347125
7.347125
7.347125
7.347125
7.347125
7.347125
7.347125
7.347125
7.347125
7.347125
7.347125
7.347125
7.347125
7.347125
7.347125
7.347125
7.347125
7.347125
7.347125
7.347125
7.347125
7.347125
7.347125
7.347125
7.347125
7.347125
7.347125
7.347125
7.347125
7.347125
7.347125
7.347125
7.347125
7.347125
7.347125
7.347125
7.347125
7.347125
7.347125
7.347125
7.347125
7.347125
7.347125
7.347125
7.347125
7.347125
7.347125
7.347125
7.347125
7.347125
7.347125
7.347125
7.347125
7.347125
7.347125
7.347125
7.347125
7.347125
7.347125
7.347125
7.347125
7.347125
7.347125
7.347125
7.347125
7.347125
7.347125
7.347125
7.347125
7.347125
7.347125
7.347125
7.347125
7.347125
7.347125
7.347125
7.347125
7.347125
7.347125
7.347125
7.347125
7.347125
7.347125
7.347125
7.347125
7.347125
7.347125
7.347125
7.347125
7.347125
7.347125
7.347125
7.347125
7.347125
7.347125
7.347125
7.347125
7.347125
7.347125
7.347125
7.347125
7.347125
7.347125
7.347125
7.347125
7.347125
7.347125
7.347125
7.347125
7.347125
7.347125
7.347125
7.347125
7.347125
7.347125
7.347125
7.347125
7.347125
7.347125
7.347125
7.347125
7.347125
7.347125
7.347125
7.347125
7.347125
7.347125
7.347125
7.347125
7.347125
7.347125
7.347125
7.347125
7.347125
7.347125
7.347125
7.347125
7.347125
7.347125
7.347125
7.347125
7.347125
7.347125
7.347125
7.347125
7.347125
7.347125
7.347125
7.347125
7.347125
7.347125
7.347125
7.347125
7.347125
7.347125
7.347125
7.347125
7.347125
7.347125
7.347125
7.347125
7.347125
7.347125
7.347125
7.347125
7.347125
7.347125
7.347125
7.347125
7.347125
7.347125
7.347125
7.347125
7.347125
7.347125
7.347125
7.347125
7.347125
7.347125
7.347125
7.347125
7.347125
7.347125
7.347125
7.347125
7.347125
7.347125
7.347125
7.347125
7.347125
7.347125
7.347125
7.347125
7.347125
7.347125
7.347125
7.347125
7.347125
7.347125
7.347125
7.347125
7.347125
7.347125
7.347125
7.347125
7.347125
7.347125
7.347125
7.347125
7.347125
7.347125
7.347125
7.347125
7.347125
7.347125
7.347125
7.347125
7.347125
7.347125
7.347125
7.347125
7.347125
7.347125
7.347125
7.347125
7.347125
7.347125
7.347125
7.347125
7.347125
7.347125
7.347125
7.347125
7.347125
7.347125
7.347125
7.347125
7.347125
7.347125
7.347125
7.347125
7.347125
7.347125
7.347125
7.347125
7.347125
7.347125
7.347125
7.347125
7.347125
7.347125
7.347125
7.347125
7.347125
7.347125
7.347125
7.347125
7.347125
7.347125
7.347125
7.347125
7.347125
7.347125
7.347125
7.347125
7.347125
7.347125
7.347125
7.347125
7.347125
7.347125
7.347125
7.347125
7.347125
7.347125
7.347125
7.347125
7.347125
7.347125
7.347125
7.347125
7.347125
7.347125
7.347125
7.347125
7.347125
7.347125
7.347125
7.347125
7.347125
7.347125
7.347125
7.347125
7.347125
7.347125
7.347125
7.347125
7.347125
7.347125
7.347125
7.347125
7.347125
7.347125
7.347125
7.347125
7.347125
7.347125
7.347125
7.347125
7.347125
7.347125
7.347125
7.347125
7.347125
7.347125
7.347125
7.347125
7.347125
7.347125
7.347125
7.347125
7.347125
7.347125
7.347125
7.347125
7.347125
7.347125
7.347125
7.347125
7.347125
7.347125
7.347125
7.347125
7.347125
7.347125
7.347125
7.347125
7.347125
7.347125
7.347125
7.347125
7.347125
7.347125
7.347125
7.347125
7.347125
7.347125
7.347125
7.347125
7.347125
7.347125
7.347125
7.347125
7.347125
7.347125
7.347125
7.347125
7.347125
7.347125
7.347125
7.347125
7.347125
7.347125
7.347125
7.347125
7.347125
7.347125
7.347125
7.347125
7.347125
7.347125
7.347125
7.347125
7.347125
7.347125
7.347125
7.347125
7.347125
7.347125
7.347125
7.347125
7.347125
7.347125
7.347125
7.347125
7.347125
7.347125
7.347125
7.347125
7.347125
7.347125
7.347125
7.347125
7.347125
7.347125
7.347125
7.347125
7.347125
7.347125
7.347125
7.347125
7.347125
7.347125
7.347125
7.347125
7.347125
7.347125
7.347125
7.347125
7.347125
7.347125
7.347124
7.347124
7.347122
7.347120
7.347116
7.347110
7.347101
7.347090
7.347078
7.347063
7.347049
7.347034
7.347019
7.347004
7.346989
7.346974
7.346959
7.346944
7.346929
7.346914
7.346899
7.346883
7.346868
7.346853
7.346838
7.346823
7.346808
7.346793
7.346778
7.346763
7.346748
7.346733
7.346718
7.346703
7.346688
7.346673
7.346658
7.346642
7.346627
7.346612
7.346597
7.346582
7.346567
7.346552
7.346537
7.346522
7.346507
7.346491
7.346476
7.346461
7.346446
7.346431
7.346416
7.346401
7.346386
7.346371
7.346356
7.346341
7.346326
7.346311
7.346296
7.346281
7.346266
7.346251
7.346235
7.346220
7.346205
7.346190
7.346175
7.346160
7.346145
7.346130
7.346115
7.346100
7.346085
7.346070
7.346055
7.346040
7.346025
7.346010
7.345995
7.345980
7.345965
7.345950
7.345934
7.345919
7.345904
7.345889
7.345874
7.345859
7.345844
7.345829
7.345814
7.345799
7.345784
7.345769
7.345754
7.345739
7.345724
7.345709
7.345693
7.345678
7.345663
7.345648
7.345633
7.345618
7.345603
7.345588
7.345573
7.345558
7.345543
7.345528
7.345513
7.345498
7.345483
7.345468
7.345453
7.345437
7.345422
7.345407
7.345392
7.345377
7.345362
7.345347
7.345332
7.345317
7.345302
7.345287
7.345272
7.345257
7.345242
7.345227
7.345211
7.345196
7.345181
7.345166
7.345151
7.345136
7.345121
7.345106
7.345091
7.345076
7.345060
7.345045
7.345030
7.345015
7.345000
7.344985
7.344970
7.344955
7.344940
7.344925
7.344910
7.344895
7.344880
7.344865
7.344850
7.344835
7.344819
7.344804
7.344789
7.344774
7.344759
7.344744
7.344729
7.344714
7.344699
7.344684
7.344669
7.344654
7.344639
7.344624
7.344609
7.344594
7.344578
7.344563
7.344548
7.344533
7.344518
7.344503
7.344488
7.344473
7.344458
7.344443
7.344428
7.344413
7.344398
7.344383
7.344367
7.344352
7.344337
7.344322
7.344307
7.344292
7.344277
7.344262
7.344247
7.344232
7.344217
7.344202
7.344187
7.344171
7.344156
7.344141
7.344126
7.344111
7.344096
7.344081
7.344066
7.344051
7.344036
7.344021
7.344006
7.343991
7.343976
7.343961
7.343946
7.343930
7.343915
7.343900
7.343885
7.343870
7.343855
7.343840
7.343825
7.343810
7.343795
7.343780
7.343765
7.343750
7.343735
7.343720
7.343705
7.343690
7.343675
7.343659
7.343644
7.343629
7.343614
7.343599
7.343584
7.343569
7.343553
7.343538
7.343524
7.343509
7.343494
7.343479
7.343464
7.343449
7.343434
7.343419
7.343404
7.343389
7.343374
7.343358
7.343343
7.343328
7.343313
7.343298
7.343283
7.343268
7.343253
7.343238
7.343223
7.343208
7.343193
7.343178
7.343162
7.343147
7.343132
7.343117
7.343102
7.343087
7.343072
7.343057
7.343042
7.343027
7.343012
7.342996
7.342981
7.342966
7.342951
7.342936
7.342921
7.342906
7.342891
7.342876
7.342861
7.342846
7.342831
7.342816
7.342801
7.342786
7.342771
7.342756
7.342740
7.342725
7.342710
7.342695
7.342680
7.342665
7.342650
7.342635
7.342620
7.342605
7.342590
7.342575
7.342560
7.342545
7.342530
7.342514
7.342499
7.342484
7.342469
7.342454
7.342439
7.342424
7.342409
7.342394
7.342379
7.342364
7.342349
7.342334
7.342319
7.342303
7.342288
7.342273
7.342258
7.342243
7.342228
7.342213
7.342198
7.342183
7.342167
7.342150
7.342130
7.342106
7.342076
7.342042
7.342003
7.341962
7.341918
7.341874
7.341830
7.341785
7.341740
7.341696
7.341651
7.341606
7.341561
7.341517
7.341472
7.341427
7.341383
7.341338
7.341293
7.341248
7.341203
7.341158
7.341114
7.341069
7.341024
7.340980
7.340935
7.340890
7.340845
7.340801
7.340756
7.340711
7.340666
7.340621
7.340576
7.340532
7.340487
7.340442
7.340397
7.340352
7.340308
7.340263
7.340218
7.340173
7.340129
7.340084
7.340039
7.339994
7.339950
7.339905
7.339860
7.339815
7.339771
7.339726
7.339681
7.339636
7.339592
7.339547
7.339502
7.339457
7.339413
7.339368
7.339323
7.339278
7.339233
7.339188
7.339143
7.339099
7.339054
7.339009
7.338964
7.338920
7.338875
7.338830
7.338786
7.338741
7.338696
7.338651
7.338607
7.338562
7.338517
7.338472
7.338427
7.338382
7.338337
7.338292
7.338248
7.338203
7.338158
7.338114
7.338069
7.338024
7.337979
7.337935
7.337890
7.337845
7.337800
7.337755
7.337710
7.337666
7.337621
7.337576
7.337532
7.337487
7.337442
7.337398
7.337353
7.337308
7.337263
7.337217
7.337170
7.337121
7.337070
7.337017
7.336962
7.336906
7.336849
7.336792
7.336735
7.336677
7.336620
7.336563
7.336505
7.336448
7.336391
7.336333
7.336276
7.336218
7.336161
7.336104
7.336046
7.335989
7.335932
7.335874
7.335817
7.335760
7.335702
7.335645
7.335588
7.335530
7.335473
7.335415
7.335358
7.335300
7.335243
7.335185
7.335128
7.335071
7.335013
7.334956
7.334899
7.334841
7.334784
7.334727
7.334669
7.334612
7.334554
7.334497
7.334439
7.334382
7.334324
7.334267
7.334209
7.334152
7.334094
7.334037
7.333979
7.333922
7.333865
7.333807
7.333750
7.333693
7.333635
7.333578
7.333521
7.333463
7.333406
7.333348
7.333291
7.333234
7.333176
7.333119
7.333061
7.333004
7.332947
7.332889
7.332832
7.332775
7.332717
7.332660
7.332602
7.332545
7.332487
7.332430
7.332373
7.332315
7.332257
7.332197
7.332135
7.332071
7.332003
7.331934
7.331863
7.331791
7.331718
7.331645
7.331572
7.331499
7.331425
7.331352
7.331278
7.331205
7.331131
7.331058
7.330984
7.330911
7.330837
7.330764
7.330690
7.330617
7.330544
7.330470
7.330397
7.330323
7.330250
7.330177
7.330103
7.330030
7.329956
7.329883
7.329810
7.329736
7.329662
7.329589
7.329515
7.329442
7.329368
7.329295
7.329222
7.329148
7.329075
7.329001
7.328928
7.328854
7.328781
7.328708
7.328634
7.328561
7.328487
7.328414
7.328341
7.328267
7.328194
7.328120
7.328047
7.327973
7.327900
7.327827
7.327753
7.327680
7.327606
7.327533
7.327459
7.327385
7.327310
7.327234
7.327157
7.327078
7.326998
7.326916
7.326832
7.326747
7.326660
7.326574
7.326486
7.326399
7.326312
7.326225
7.326138
7.326052
7.325965
7.325878
7.325791
7.325704
7.325617
7.325530
7.325443
7.325356
7.325269
7.325182
7.325095
7.325008
7.324921
7.324834
7.324747
7.324660
7.324573
7.324486
7.324398
7.324311
7.324224
7.324137
7.324050
7.323963
7.323876
7.323789
7.323702
7.323615
7.323528
7.323441
7.323354
7.323267
7.323180
7.323094
7.323007
7.322920
7.322833
7.322746
7.322659
7.322572
7.322484
7.322396
7.322307
7.322216
7.322123
7.322029
7.321932
7.321833
7.321733
7.321632
7.321529
7.321426
7.321323
7.321219
7.321115
7.321012
7.320908
7.320804
7.320701
7.320597
7.320493
7.320390
7.320286
7.320183
7.320079
7.319976
7.319872
7.319768
7.319665
7.319561
7.319457
7.319354
7.319250
7.319147
7.319043
7.318939
7.318836
7.318732
7.318629
7.318525
7.318422
7.318318
7.318214
7.318111
7.318007
7.317903
7.317800
7.317696
7.317592
7.317489
7.317385
7.317281
7.317177
7.317073
7.316969
7.316864
7.316759
7.316654
7.316549
7.316443
7.316338
7.316233
7.316127
7.316022
7.315916
7.315811
7.315706
7.315600
7.315495
7.315390
7.315284
7.315179
7.315074
7.314968
7.314863
7.314758
7.314652
7.314547
7.314442
7.314336
7.314231
7.314126
7.314021
7.313916
7.313810
7.313705
7.313600
7.313494
7.313389
7.313284
7.313178
7.313073
7.312967
7.312862
7.312757
7.312651
7.312545
7.312438
7.312330
7.312221
7.312109
7.311995
7.311879
7.311760
7.311639
7.311516
7.311392
7.311268
7.311143
7.311018
7.310893
7.310768
7.310643
7.310518
7.310394
7.310269
7.310144
7.310019
7.309894
7.309769
7.309644
7.309519
7.309394
7.309269
7.309145
7.309020
7.308895
7.308770
7.308645
7.308520
7.308395
7.308270
7.308146
7.308021
7.307896
7.307771
7.307646
7.307521
7.307395
7.307268
7.307139
7.307008
7.306876
7.306742
7.306607
7.306471
7.306334
7.306197
7.306059
7.305922
7.305785
7.305647
7.305510
7.305372
7.305235
7.305097
7.304960
7.304822
7.304685
7.304547
7.304410
7.304272
7.304135
7.303997
7.303859
7.303722
7.303585
7.303447
7.303310
7.303172
7.303035
7.302897
7.302760
7.302622
7.302484
7.302344
7.302202
7.302056
7.301907
7.301753
7.301596
7.301438
7.301278
7.301118
7.300957
7.300796
7.300635
7.300474
7.300313
7.300152
7.299991
7.299831
7.299670
7.299509
7.299348
7.299187
7.299026
7.298865
7.298704
7.298543
7.298383
7.298222
7.298061
7.297900
7.297738
7.297575
7.297411
7.297244
7.297076
7.296904
7.296730
7.296553
7.296374
7.296192
7.296010
7.295826
7.295643
7.295459
7.295276
7.295092
7.294909
7.294725
7.294542
7.294359
7.294175
7.293992
7.293809
7.293625
7.293442
7.293259
7.293075
7.292892
7.292708
7.292524
7.292340
7.292156
7.291970
7.291785
7.291599
7.291412
7.291226
7.291039
7.290852
7.290664
7.290477
7.290290
7.290103
7.289916
7.289729
7.289542
7.289355
7.289168
7.288981
7.288794
7.288607
7.288420
7.288233
7.288045
7.287858
7.287669
7.287479
7.287288
7.287095
7.286899
7.286702
7.286501
7.286299
7.286094
7.285889
7.285683
7.285478
7.285272
7.285066
7.284860
7.284654
7.284448
7.284242
7.284036
7.283830
7.283624
7.283418
7.283212
7.283006
7.282799
7.282591
7.282382
7.282171
7.281957
7.281742
7.281524
7.281304
7.281083
7.280860
7.280637
7.280414
7.280191
7.279967
7.279744
7.279521
7.279297
7.279074
7.278850
7.278627
7.278403
7.278179
7.277956
7.277732
7.277508
7.277284
7.277061
7.276837
7.276612
7.276388
7.276164
7.275939
7.275715
7.275490
7.275266
7.275041
7.274817
7.274592
7.274367
7.274143
7.273918
7.273694
7.273469
7.273245
7.273020
7.272794
7.272567
7.272337
7.272105
7.271869
7.271630
7.271388
7.271144
7.270899
7.270652
7.270405
7.270157
7.269909
7.269661
7.269413
7.269165
7.268917
7.268669
7.268421
7.268173
7.267924
7.267675
7.267423
7.267168
7.266910
7.266648
7.266383
7.266115
7.265846
7.265576
7.265306
7.265035
7.264763
7.264492
7.264220
7.263949
7.263678
7.263406
7.263134
7.262861
7.262587
7.262311
7.262033
7.261753
7.261471
7.261186
7.260899
7.260610
7.260320
7.260030
7.259739
7.259449
7.259158
7.258868
7.258578
7.258287
7.257996
7.257703
7.257409
7.257113
7.256814
7.256512
7.256206
7.255897
7.255587
7.255275
7.254964
7.254652
7.254340
7.254028
7.253716
7.253403
7.253090
7.252776
7.252461
7.252145
7.251826
7.251506
7.251183
7.250858
7.250532
7.250205
7.249878
7.249551
7.249223
7.248895
7.248567
7.248239
7.247908
7.247575
7.247237
7.246896
7.246551
7.246203
7.245851
7.245496
7.245139
7.244781
7.244422
7.244063
7.243705
7.243346
7.242987
7.242628
7.242270
7.241911
7.241553
7.241196
7.240838
7.240482
7.240125
7.239768
7.239411
7.239054
7.238697
7.238340
7.237984
7.237627
7.237270
7.236913
7.236557
7.236200
7.235844
7.235487
7.235131
7.234775
7.234419
7.234062
7.233705
7.233347
7.232986
7.232622
7.232252
7.231878
7.231498
7.231112
7.230722
7.230327
7.229928
7.229528
7.229127
7.228725
7.228323
7.227920
7.227515
7.227110
7.226702
7.226293
7.225882
7.225470
7.225056
7.224642
7.224227
7.223812
7.223397
7.222982
7.222568
7.222154
7.221740
7.221327
7.220914
7.220502
7.220089
7.219678
7.219266
7.218854
7.218441
7.218029
7.217617
7.217204
7.216792
7.216379
7.215966
7.215553
7.215139
7.214726
7.214312
7.213898
7.213484
7.213067
7.212648
7.212224
7.211794
7.211360
7.210921
7.210479
7.210034
7.209587
7.209139
7.208690
7.208240
7.207789
7.207337
7.206882
7.206424
7.205963
7.205500
7.205035
7.204570
7.204105
7.203640
7.203174
7.202707
7.202240
7.201772
7.201304
7.200835
7.200366
7.199896
7.199425
7.198955
7.198484
7.198013
7.197540
7.197065
7.196588
7.196109
7.195628
7.195146
7.194663
7.194179
7.193694
7.193210
7.192724
7.192239
7.191753
7.191267
7.190780
7.190293
7.189806
7.189319
7.188831
7.188342
7.187850
7.187355
7.186853
7.186344
7.185830
7.185311
7.184790
7.184267
7.183743
7.183219
7.182694
7.182168
7.181641
7.181115
7.180588
7.180060
7.179532
7.179004
7.178475
7.177945
7.177413
7.176881
7.176347
7.175811
7.175273
7.174734
7.174194
7.173653
7.173111
7.172566
7.172018
7.171466
7.170908
7.170347
7.169782
7.169216
7.168649
7.168082
7.167514
7.166947
7.166380
7.165814
7.165247
7.164680
7.164114
7.163546
7.162977
7.162407
7.161834
7.161258
7.160680
7.160100
7.159519
7.158936
7.158352
7.157765
7.157175
7.156582
7.155986
7.155387
7.154787
7.154185
7.153583
7.152980
7.152376
7.151773
7.151170
7.150567
7.149965
7.149362
7.148758
7.148152
7.147543
7.146931
7.146314
7.145693
7.145070
7.144444
7.143815
7.143183
7.142546
7.141905
7.141260
7.140610
7.139956
7.139301
7.138643
7.137984
7.137323
7.136661
7.135999
7.135335
7.134671
7.134007
7.133342
7.132676
7.132009
7.131341
7.130671
7.129999
7.129325
7.128649
7.127970
7.127288
7.126602
7.125912
7.125218
7.124519
7.123817
7.123113
7.122408
7.121702
7.120997
7.120291
7.119586
7.118880
7.118175
7.117469
7.116765
7.116061
7.115357
7.114652
7.113946
7.113238
7.112528
7.111813
7.111093
7.110367
7.109635
7.108898
7.108157
7.107412
7.106665
7.105915
7.105163
7.104409
7.103653
7.102897
7.102140
7.101384
7.100628
7.099873
7.099118
7.098364
7.097609
7.096855
7.096101
7.095347
7.094592
7.093836
7.093077
7.092315
7.091547
7.090774
7.089997
7.089216
7.088432
7.087647
7.086859
7.086071
7.085281
7.084490
7.083699
7.082908
7.082116
7.081325
7.080534
7.079742
7.078951
7.078160
7.077369
7.076578
7.075788
7.074998
7.074206
7.073411
7.072611
7.071804
7.070991
7.070172
7.069348
7.068519
7.067687
7.066852
7.066014
7.065175
7.064335
7.063494
7.062654
7.061813
7.060973
7.060134
7.059294
7.058455
7.057615
7.056775
7.055934
7.055093
7.054250
7.053404
7.052552
7.051693
7.050824
7.049948
7.049064
7.048173
7.047277
7.046376
7.045470
7.044560
7.043647
7.042730
7.041810
7.040889
7.039965
7.039040
7.038115
7.037188
7.036262
7.035335
7.034409
7.033483
7.032557
7.031631
7.030705
7.029777
7.028847
7.027915
7.026979
7.026038
7.025092
7.024140
7.023183
7.022223
7.021262
7.020300
7.019338
7.018376
7.017414
7.016453
7.015491
7.014529
7.013568
7.012606
7.011645
7.010683
7.009720
7.008757
7.007793
7.006829
7.005863
7.004895
7.003923
7.002945
7.001955
7.000951
6.999931
6.998898
6.997856
6.996810
6.995762
6.994713
6.993664
6.992615
6.991565
6.990515
6.989465
6.988414
6.987364
6.986315
6.985266
6.984217
6.983168
6.982120
6.981071
6.980021
6.978970
6.977918
6.976862
6.975802
6.974737
6.973667
6.972592
6.971513
6.970432
6.969349
6.968264
6.967179
6.966094
6.965008
6.963922
6.962836
6.961750
6.960665
6.959580
6.958495
6.957411
6.956325
6.955240
6.954153
6.953063
6.951971
6.950874
6.949770
6.948658
6.947535
6.946402
6.945258
6.944105
6.942944
6.941777
6.940604
6.939429
6.938253
6.937076
6.935899
6.934723
6.933547
6.932371
6.931194
6.930017
6.928840
6.927662
6.926483
6.925304
6.924123
6.922940
6.921754
6.920564
6.919368
6.918164
6.916951
6.915728
6.914497
6.913256
6.912007
6.910752
6.909492
6.908231
6.906969
6.905706
6.904444
6.903182
6.901919
6.900656
6.899394
6.898132
6.896870
6.895609
6.894348
6.893086
6.891823
6.890559
6.889291
6.888018
6.886740
6.885455
6.884164
6.882867
6.881563
6.880255
6.878942
6.877626
6.876309
6.874992
6.873673
6.872354
6.871035
6.869715
6.868394
6.867073
6.865751
6.864430
6.863109
6.861787
6.860465
6.859142
6.857817
6.856488
6.855154
6.853813
6.852463
6.851104
6.849732
6.848347
6.846949
6.845542
6.844129
6.842712
6.841293
6.839874
6.838455
6.837034
6.835614
6.834193
6.832772
6.831351
6.829930
6.828510
6.827090
6.825671
6.824251
6.822831
6.821409
6.819981
6.818548
6.817106
6.815654
6.814191
6.812716
6.811230
6.809735
6.808235
6.806731
6.805226
6.803721
6.802215
6.800709
6.799203
6.797697
6.796192
6.794687
6.793182
6.791677
6.790173
6.788670
6.787169
6.785667
6.784165
6.782661
6.781152
6.779639
6.778117
6.776584
6.775039
6.773483
6.771917
6.770344
6.768766
6.767184
6.765600
6.764013
6.762424
6.760835
6.759244
6.757652
6.756058
6.754463
6.752866
6.751269
6.749670
6.748071
6.746470
6.744867
6.743263
6.741655
6.740041
6.738418
6.736782
6.735132
6.733469
6.731795
6.730112
6.728424
6.726732
6.725036
6.723340
6.721642
6.719944
6.718247
6.716550
6.714854
6.713159
6.711464
6.709768
6.708073
6.706376
6.704678
6.702978
6.701278
6.699574
6.697864
6.696143
6.694408
6.692656
6.690887
6.689107
6.687316
6.685519
6.683716
6.681910
6.680100
6.678288
6.676475
6.674661
6.672847
6.671033
6.669220
6.667406
6.665592
6.663777
6.661962
6.660145
6.658328
6.656509
6.654688
6.652863
6.651030
6.649188
6.647336
6.645474
6.643603
6.641726
6.639844
6.637958
6.636069
6.634178
6.632287
6.630396
6.628505
6.626616
6.624728
6.622841
6.620954
6.619068
6.617182
6.615295
6.613408
6.611521
6.609634
6.607743
6.605848
6.603942
6.602022
6.600086
6.598135
6.596172
6.594197
6.592213
6.590222
6.588227
6.586229
6.584231
6.582232
6.580232
6.578233
6.576232
6.574231
6.572229
6.570226
6.568222
6.566218
6.564213
6.562207
6.560202
6.558194
6.556181
6.554159
6.552126
6.550078
6.548017
6.545942
6.543856
6.541758
6.539652
6.537541
6.535426
6.533309
6.531192
6.529074
6.526955
6.524835
6.522715
6.520594
6.518472
6.516349
6.514226
6.512103
6.509979
6.507854
6.505727
6.503596
6.501457
6.499307
6.497146
6.494973
6.492788
6.490592
6.488385
6.486169
6.483949
6.481726
6.479503
6.477279
6.475055
6.472831
6.470606
6.468381
6.466156
6.463933
6.461710
6.459488
6.457266
6.455043
6.452817
6.450586
6.448348
6.446099
6.443838
6.441562
6.439270
6.436962
6.434638
6.432300
6.429949
6.427591
6.425228
6.422864
6.420499
6.418135
6.415771
6.413408
6.411046
6.408685
6.406324
6.403963
6.401602
6.399242
6.396881
6.394519
6.392153
6.389783
6.387404
6.385015
6.382614
6.380203
6.377780
6.375347
6.372905
6.370458
6.368007
6.365555
6.363104
6.360653
6.358204
6.355755
6.353307
6.350859
6.348411
6.345964
6.343518
6.341072
6.338627
6.336183
6.333740
6.331294
6.328844
6.326384
6.323912
6.321427
6.318927
6.316412
6.313882
6.311338
6.308784
6.306222
6.303655
6.301084
6.298511
6.295935
6.293358
6.290778
6.288196
6.285613
6.283027
6.280439
6.277849
6.275258
6.272665
6.270071
6.267473
6.264869
6.262257
6.259635
6.257001
6.254356
6.251700
6.249033
6.246357
6.243673
6.240986
6.238296
6.235605
6.232913
6.230222
6.227533
6.224844
6.222156
6.219469
6.216782
6.214095
6.211408
6.208722
6.206036
6.203349
6.200657
6.197959
6.195249
6.192526
6.189787
6.187032
6.184261
6.181475
6.178675
6.175867
6.173055
6.170242
6.167430
6.164617
6.161805
6.158992
6.156178
6.153364
6.150551
6.147740
6.144931
6.142123
6.139316
6.136508
6.133699
6.130887
6.128070
6.125247
6.122414
6.119572
6.116719
6.113854
6.110976
6.108089
6.105196
6.102302
6.099408
6.096516
6.093625
6.090734
6.087842
6.084950
6.082059
6.079168
6.076281
6.073396
6.070514
6.067634
6.064756
6.061878
6.058999
6.056117
6.053228
6.050331
6.047423
6.044503
6.041567
6.038616
6.035652
6.032680
6.029703
6.026725
6.023747
6.020768
6.017788
6.014807
6.011825
6.008841
6.005857
6.002872
5.999886
5.996899
5.993909
5.990917
5.987922
5.984922
5.981916
5.978904
5.975884
5.972852
5.969808
5.966748
5.963672
5.960584
5.957486
5.954384
5.951279
5.948173
5.945067
5.941960
5.938853
5.935747
5.932641
5.929536
5.926432
5.923330
5.920229
5.917130
5.914031
5.910931
5.907830
5.904724
5.901613
5.898492
5.895360
5.892214
5.889050
5.885871
5.882678
5.879476
5.876271
5.873065
5.869859
5.866654
5.863450
5.860247
5.857044
5.853842
5.850639
5.847436
5.844232
5.841028
5.837825
5.834622
5.831419
5.828215
5.825010
5.821802
5.818588
5.815367
5.812134
5.808886
5.805624
5.802351
5.799070
5.795784
5.792497
5.789208
5.785921
5.782635
5.779350
5.776066
5.772784
5.769501
5.766218
5.762935
5.759653
5.756371
5.753090
5.749809
5.746529
5.743248
5.739965
5.736678
5.733383
5.730076
5.726753
5.723416
5.720066
5.716707
5.713343
5.709976
5.706607
5.703237
5.699867
5.696498
5.693128
5.689759
5.686388
5.683017
5.679644
5.676270
5.672894
5.669516
5.666137
5.662757
5.659375
5.655992
5.652605
5.649209
5.645799
5.642373
5.638930
5.635473
5.632003
5.628524
5.625038
5.621547
5.618054
5.614560
5.611065
5.607571
5.604077
5.600582
5.597086
5.593590
5.590094
5.586599
5.583106
5.579615
5.576125
5.572637
5.569150
5.565660
5.562165
5.558660
5.555144
5.551615
5.548075
5.544526
5.540967
5.537401
5.533830
5.530255
5.526678
5.523101
5.519524
5.515948
5.512373
5.508800
5.505227
5.501654
5.498081
5.494506
5.490931
5.487356
5.483783
5.480211
5.476638
5.473061
5.469476
5.465882
5.462277
5.458661
5.455034
5.451395
5.447747
5.444092
5.440434
5.436774
5.433114
5.429454
5.425796
5.422138
5.418480
5.414824
5.411167
5.407509
5.403851
5.400193
5.396535
5.392878
5.389222
5.385565
5.381907
5.378245
5.374579
5.370906
5.367225
5.363534
5.359833
5.356121
5.352403
5.348681
5.344957
5.341233
5.337509
5.333786
5.330063
5.326341
5.322620
5.318900
5.315179
5.311459
5.307739
5.304020
5.300301
5.296583
5.292867
5.289151
5.285435
5.281718
5.277997
5.274265
5.270518
5.266754
5.262974
5.259184
5.255388
5.251590
5.247791
5.243991
5.240189
5.236386
5.232581
5.228775
5.224969
5.221161
5.217354
5.213545
5.209735
5.205923
5.202109
5.198294
5.194478
5.190661
5.186842
5.183018
5.179187
5.175345
5.171491
5.167627
5.163754
5.159877
5.155997
5.152116
5.148234
5.144350
5.140467
5.136583
5.132699
5.128816
5.124933
5.121052
5.117170
5.113289
5.109406
5.105524
5.101641
5.097759
5.093878
5.089997
5.086114
5.082227
5.078333
5.074432
5.070524
5.066609
5.062689
5.058764
5.054836
5.050905
5.046974
5.043041
5.039108
5.035174
5.031240
5.027304
5.023367
5.019429
5.015491
5.011553
5.007615
5.003677
4.999740
4.995803
4.991866
4.987927
4.983985
4.980037
4.976084
4.972122
4.968150
4.964167
4.960172
4.956168
4.952157
4.948143
4.944127
4.940109
4.936090
4.932070
4.928048
4.924025
4.920003
4.915981
4.911961
4.907942
4.903923
4.899905
4.895885
4.891863
4.887841
4.883819
4.879795
4.875771
4.871743
4.867709
4.863667
4.859617
4.855559
4.851498
4.847436
4.843375
4.839315
4.835257
4.831199
4.827144
4.823089
4.819037
4.814986
4.810938
4.806891
4.802845
4.798799
4.794754
4.790708
4.786661
4.782615
4.778568
4.774519
4.770467
4.766409
4.762343
4.758269
4.754186
4.750096
4.746000
4.741897
4.737790
4.733680
4.729566
4.725449
4.721330
4.717210
4.713089
4.708967
4.704844
4.700720
4.696595
4.692468
4.688340
4.684209
4.680077
4.675943
4.671806
4.667664
4.663517
4.659364
4.655204
4.651037
4.646866
4.642691
4.638512
4.634330
4.630146
4.625961
4.621774
4.617586
4.613396
4.609204
4.605011
4.600818
4.596624
4.592431
4.588238
4.584047
4.579855
4.575663
4.571470
4.567274
4.563077
4.558878
4.554677
4.550472
4.546262
4.542046
4.537823
4.533593
4.529358
4.525121
4.520883
4.516646
4.512410
4.508174
4.503937
4.499700
4.495462
4.491225
4.486988
4.482753
4.478517
4.474283
4.470048
4.465813
4.461578
4.457343
4.453108
4.448872
4.444637
4.440401
4.436163
4.431923
4.427682
4.423440
4.419198
4.414956
4.410715
4.406475
4.402237
4.398001
4.393767
4.389534
4.385304
4.381074
4.376845
4.372617
4.368390
4.364164
4.359939
4.355715
4.351494
4.347276
4.343060
4.338847
4.334633
4.330417
4.326198
4.321975
4.317749
4.313521
4.309291
4.305061
4.300830
4.296599
4.292368
4.288138
4.283906
4.279674
4.275440
4.271205
4.266967
4.262729
4.258490
4.254250
4.250009
4.245767
4.241521
4.237273
4.233021
4.228764
4.224504
4.220238
4.215968
4.211693
4.207414
4.203131
4.198845
4.194556
4.190267
4.185978
4.181688
4.177399
4.173108
4.168815
4.164521
4.160224
4.155926
4.151626
4.147326
4.143025
4.138724
4.134421
4.130119
4.125816
4.121514
4.117212
4.112911
4.108610
4.104309
4.100009
4.095707
4.091406
4.087104
4.082803
4.078503
4.074203
4.069904
4.065606
4.061307
4.057009
4.052711
4.048414
4.044119
4.039824
4.035529
4.031235
4.026939
4.022643
4.018345
4.014046
4.009745
4.005445
4.001143
3.996842
3.992542
3.988242
3.983943
3.979646
3.975350
3.971055
3.966761
3.962467
3.958173
3.953880
3.949585
3.945290
3.940994
3.936698
3.932401
3.928105
3.923810
3.919517
3.915225
3.910935
3.906646
3.902359
3.898074
3.893790
3.889511
3.885235
3.880964
3.876698
3.872434
3.868173
3.863914
3.859656
3.855400
3.851147
3.846896
3.842648
3.838403
3.834159
3.829916
3.825675
3.821435
3.817197
3.812960
3.808726
3.804492
3.800259
3.796027
3.791796
3.787567
3.783341
3.779121
3.774906
3.770695
3.766487
3.762279
3.758071
3.753861
3.749649
3.745436
3.741221
3.737005
3.732787
3.728567
3.724345
3.720121
3.715894
3.711664
3.707430
3.703193
3.698953
3.694711
3.690467
3.686222
3.681977
3.677732
3.673490
3.669250
3.665012
3.660776
3.656541
3.652309
3.648076
3.643843
3.639609
3.635373
3.631135
3.626896
3.622657
3.618419
3.614181
3.609943
3.605706
3.601469
3.597231
3.592994
3.588756
3.584519
3.580282
3.576048
3.571816
3.567588
3.563364
3.559145
3.554930
3.550720
3.546512
3.542307
3.538103
3.533898
3.529691
3.525482
3.521274
3.517065
3.512858
3.508651
3.504444
3.500238
3.496031
3.491824
3.487616
3.483409
3.479202
3.474996
3.470792
3.466590
3.462391
3.458197
3.454007
3.449823
3.445645
3.441472
3.437304
3.433136
3.428968
3.424799
3.420628
3.416458
3.412289
3.408121
3.403956
3.399791
3.395627
3.391463
3.387300
3.383137
3.378976
3.374816
3.370660
3.366508
3.362361
3.358221
3.354088
3.349964
3.345849
3.341743
3.337645
3.333555
3.329469
3.325386
3.321305
3.317227
3.313150
3.309076
3.305005
3.300936
3.296868
3.292801
3.288734
3.284666
3.280596
3.276525
3.272452
3.268378
3.264304
3.260231
3.256160
3.252094
3.248035
3.243985
3.239946
3.235918
3.231897
3.227881
3.223865
3.219850
3.215833
3.211813
3.207791
3.203766
3.199739
3.195711
3.191683
3.187654
3.183626
3.179596
3.175566
3.171534
3.167501
3.163468
3.159436
3.155405
3.151377
3.147352
3.143332
3.139317
3.135307
3.131302
3.127300
3.123302
3.119304
3.115308
3.111310
3.107310
3.103308
3.099305
3.095300
3.091296
3.087293
3.083289
3.079286
3.075282
3.071277
3.067272
3.063266
3.059262
3.055259
3.051261
3.047272
3.043296
3.039336
3.035389
3.031455
3.027529
3.023609
3.019692
3.015777
3.011864
3.007951
3.004039
3.000125
2.996211
2.992294
2.988377
2.984457
2.980537
2.976616
2.972694
2.968772
2.964852
2.960932
2.957015
2.953103
2.949199
2.945304
2.941422
2.937552
2.933690
2.929835
2.925985
2.922140
2.918297
2.914458
2.910621
2.906786
2.902952
2.899120
2.895289
2.891459
2.887630
2.883803
2.879980
2.876159
2.872341
2.868525
2.864712
2.860902
2.857097
2.853300
2.849513
2.845737
2.841974
2.838220
2.834474
2.830736
2.827003
2.823274
2.819547
2.815823
2.812099
2.808375
2.804649
2.800921
2.797191
2.793458
2.789723
2.785986
2.782248
2.778508
2.774766
2.771023
2.767280
2.763539
2.759803
2.756075
2.752358
2.748652
2.744959
2.741279
2.737611
2.733954
2.730302
2.726654
2.723004
2.719354
2.715703
2.712050
2.708397
2.704744
2.701091
2.697439
2.693788
2.690138
2.686488
2.682838
2.679189
2.675539
2.671891
2.668246
2.664604
2.660967
2.657337
2.653716
2.650104
2.646501
2.642907
2.639319
2.635734
2.632150
2.628567
2.624985
2.621402
2.617820
2.614237
2.610654
2.607070
2.603484
2.599898
2.596311
2.592725
2.589141
2.585559
2.581979
2.578402
2.574830
2.571264
2.567707
2.564161
2.560630
2.557113
2.553608
2.550111
2.546618
2.543125
2.539632
2.536138
2.532645
2.529152
2.525660
2.522167
2.518674
2.515179
2.511683
2.508187
2.504692
2.501198
2.497706
2.494217
2.490730
2.487249
2.483774
2.480309
2.476858
2.473424
2.470008
2.466606
2.463215
2.459830
2.456450
2.453073
2.449699
2.446327
2.442959
2.439592
2.436228
2.432865
2.429503
2.426142
2.422781
2.419422
2.416064
2.412707
2.409352
2.405998
2.402647
2.399302
2.395966
2.392644
2.389340
2.386054
2.382782
2.379520
2.376264
2.373011
2.369758
2.366505
2.363249
2.359990
2.356728
2.353464
2.350198
2.346931
2.343663
2.340395
2.337127
2.333859
2.330592
2.327325
2.324058
2.320794
2.317534
2.314284
2.311050
2.307837
2.304643
2.301467
2.298301
2.295143
2.291989
2.288838
2.285688
2.282538
2.279389
2.276240
2.273090
2.269941
2.266793
2.263644
2.260495
2.257346
2.254195
2.251045
2.247894
2.244745
2.241599
2.238457
2.235323
2.232200
2.229089
2.225992
2.222906
2.219829
2.216760
2.213696
2.210635
2.207576
2.204518
2.201458
2.198399
2.195339
2.192280
2.189221
2.186163
2.183105
2.180047
2.176987
2.173928
2.170868
2.167809
2.164752
2.161700
2.158657
2.155627
2.152612
2.149614
2.146628
2.143655
2.140690
2.137734
2.134782
2.131834
2.128887
2.125942
2.122999
2.120056
2.117116
2.114177
2.111240
2.108305
2.105372
2.102442
2.099513
2.096585
2.093660
2.090738
2.087821
2.084913
2.082019
2.079140
2.076278
2.073431
2.070598
2.067778
2.064968
2.062167
2.059369
2.056574
2.053779
2.050984
2.048189
2.045393
2.042597
2.039800
2.037003
2.034207
2.031410
2.028614
2.025816
2.023018
2.020220
2.017423
2.014631
2.011847
2.009073
2.006310
2.003560
2.000823
1.998100
1.995388
1.992685
1.989987
1.987291
1.984596
1.981902
1.979207
1.976512
1.973816
1.971121
1.968425
1.965731
1.963037
1.960344
1.957651
1.954958
1.952266
1.949576
1.946890
1.944210
1.941537
1.938873
1.936220
1.933581
1.930955
1.928342
1.925737
1.923138
1.920543
1.917950
1.915358
1.912767
1.910175
1.907583
1.904991
1.902399
1.899806
1.897212
1.894619
1.892024
1.889430
1.886836
1.884243
1.881654
1.879068
1.876491
1.873924
1.871372
1.868841
1.866331
1.863839
1.861361
1.858890
1.856423
1.853958
1.851494
1.849031
1.846570
1.844109
1.841648
1.839187
1.836727
1.834266
1.831806
1.829347
1.826889
1.824432
1.821976
1.819520
1.817067
1.814616
1.812173
1.809743
1.807329
1.804934
1.802554
1.800187
1.797826
1.795470
1.793118
1.790768
1.788421
1.786076
1.783734
1.781393
1.779054
1.776716
1.774379
1.772044
1.769710
1.767378
1.765047
1.762718
1.760390
1.758064
1.755741
1.753424
1.751119
1.748828
1.746553
1.744293
1.742045
1.739807
1.737577
1.735352
1.733132
1.730913
1.728695
1.726476
1.724257
1.722037
1.719815
1.717592
1.715369
1.713145
1.710921
1.708697
1.706472
1.704248
1.702023
1.699800
1.697579
1.695363
1.693154
1.690953
1.688762
1.686582
1.684414
1.682256
1.680107
1.677964
1.675823
1.673683
1.671543
1.669405
1.667266
1.665128
1.662991
1.660853
1.658714
1.656575
1.654434
1.652293
1.650153
1.648013
1.645876
1.643742
1.641613
1.639490
1.637377
1.635274
1.633187
1.631116
1.629062
1.627022
1.624989
1.622961
1.620935
1.618910
1.616886
1.614863
1.612841
1.610820
1.608799
1.606778
1.604756
1.602734
1.600711
1.598689
1.596668
1.594647
1.592628
1.590610
1.588596
1.586587
1.584589
1.582606
1.580643
1.578699
1.576770
1.574851
1.572937
1.571025
1.569114
1.567203
1.565293
1.563382
1.561472
1.559561
1.557649
1.555737
1.553826
1.551914
1.550003
1.548094
1.546186
1.544279
1.542373
1.540470
1.538571
1.536678
1.534794
1.532922
1.531062
1.529212
1.527369
1.525533
1.523702
1.521875
1.520050
1.518226
1.516405
1.514583
1.512762
1.510942
1.509120
1.507299
1.505478
1.503657
1.501836
1.500015
1.498194
1.496373
1.494551
1.492733
1.490920
1.489118
1.487327
1.485550
1.483786
1.482034
1.480292
1.478558
1.476831
1.475107
1.473385
1.471663
1.469940
1.468218
1.466495
1.464773
1.463050
1.461327
1.459603
1.457878
1.456153
1.454428
1.452704
1.450982
1.449262
1.447547
1.445838
1.444137
1.442445
1.440763
1.439093
1.437434
1.435786
1.434146
1.432511
1.430879
1.429248
1.427619
1.425989
1.424360
1.422731
1.421102
1.419473
1.417843
1.416213
1.414583
1.412952
1.411322
1.409692
1.408064
1.406439
1.404817
1.403199
1.401587
1.399983
1.398387
1.396802
1.395225
1.393655
1.392091
1.390529
1.388970
1.387411
1.385853
1.384295
1.382737
1.381178
1.379620
1.378061
1.376503
1.374945
1.373386
1.371827
1.370269
1.368711
1.367155
1.365604
1.364057
1.362517
1.360986
1.359466
1.357957
1.356460
1.354972
1.353491
1.352017
1.350546
1.349079
1.347613
1.346148
1.344684
1.343219
1.341756
1.340294
1.338833
1.337372
1.335912
1.334453
1.332995
1.331538
1.330082
1.328629
1.327179
1.325736
1.324301
1.322880
1.321471
1.320076
1.318691
1.317315
1.315945
1.314580
1.313218
1.311857
1.310496
1.309134
1.307772
1.306410
1.305047
1.303684
1.302321
1.300956
1.299590
1.298224
1.296857
1.295490
1.294123
1.292758
1.291395
1.290038
1.288687
1.287345
1.286010
1.284684
1.283365
1.282054
1.280749
1.279448
1.278149
1.276851
1.275553
1.274254
1.272956
1.271658
1.270360
1.269062
1.267765
1.266468
1.265171
1.263875
1.262579
1.261283
1.259989
1.258698
1.257412
1.256132
1.254861
1.253598
1.252344
1.251098
1.249860
1.248629
1.247402
1.246178
1.244954
1.243730
1.242506
1.241282
1.240056
1.238830
1.237604
1.236377
1.235150
1.233923
1.232696
1.231468
1.230241
1.229014
1.227789
1.226568
1.225351
1.224141
1.222938
1.221745
1.220562
1.219390
1.218226
1.217068
1.215913
1.214759
1.213606
1.212452
1.211298
1.210144
1.208989
1.207834
1.206678
1.205523
1.204368
1.203213
1.202058
1.200903
1.199749
1.198596
1.197447
1.196303
1.195164
1.194030
1.192903
1.191782
1.190668
1.189559
1.188456
1.187356
1.186260
1.185167
1.184075
1.182984
1.181895
1.180807
1.179719
1.178633
1.177548
1.176464
1.175381
1.174299
1.173217
1.172136
1.171057
1.169979
1.168904
1.167834
1.166770
1.165715
1.164670
1.163636
1.162610
1.161590
1.160573
1.159557
1.158542
1.157528
1.156513
1.155498
1.154483
1.153467
1.152451
1.151433
1.150415
1.149395
1.148376
1.147356
1.146336
1.145317
1.144300
1.143286
1.142277
1.141273
1.140278
1.139291
1.138314
1.137345
1.136382
1.135425
1.134473
1.133523
1.132575
1.131628
1.130681
1.129734
1.128786
1.127838
1.126890
1.125941
1.124992
1.124044
1.123095
1.122147
1.121199
1.120251
1.119305
1.118361
1.117422
1.116492
1.115571
1.114660
1.113756
1.112858
1.111962
1.111069
1.110178
1.109288
1.108398
1.107510
1.106622
1.105735
1.104848
1.103962
1.103076
1.102191
1.101307
1.100424
1.099542
1.098663
1.097786
1.096913
1.096044
1.095178
1.094317
1.093460
1.092608
1.091761
1.090919
1.090084
1.089254
1.088428
1.087604
1.086782
1.085960
1.085139
1.084318
1.083497
1.082678
1.081858
1.081039
1.080220
1.079401
1.078583
1.077766
1.076952
1.076140
1.075330
1.074523
1.073717
1.072915
1.072115
1.071319
1.070528
1.069741
1.068959
1.068181
1.067404
1.066627
1.065851
1.065075
1.064298
1.063522
1.062746
1.061970
1.061194
1.060418
1.059642
1.058867
1.058093
1.057321
1.056552
1.055785
1.055020
1.054259
1.053502
1.052749
1.052003
1.051264
1.050534
1.049811
1.049094
1.048382
1.047672
1.046964
1.046258
1.045553
1.044848
1.044144
1.043440
1.042736
1.042032
1.041328
1.040624
1.039920
1.039216
1.038514
1.037812
1.037114
1.036419
1.035728
1.035041
1.034356
1.033675
1.032996
1.032319
1.031644
1.030972
1.030301
1.029632
1.028965
1.028298
1.027632
1.026966
1.026301
1.025636
1.024971
1.024307
1.023643
1.022980
1.022318
1.021656
1.020997
1.020339
1.019683
1.019030
1.018379
1.017731
1.017085
1.016441
1.015800
1.015162
1.014527
1.013896
1.013267
1.012641
1.012015
1.011389
1.010764
1.010138
1.009513
1.008887
1.008262
1.007638
1.007013
1.006389
1.005766
1.005143
1.004521
1.003900
1.003280
1.002662
1.002048
1.001437
1.000830
1.000227
0.999629
0.999035
0.998443
0.997855
0.997269
0.996684
0.996100
0.995516
0.994933
0.994350
0.993769
0.993187
0.992607
0.992027
0.991448
0.990870
0.990294
0.989718
0.989144
0.988572
0.988002
0.987434
0.986870
0.986310
0.985754
0.985204
0.984661
0.984124
0.983593
0.983066
0.982540
0.982015
0.981490
0.980965
0.980439
0.979912
0.979385
0.978858
0.978331
0.977804
0.977277
0.976751
0.976227
0.975705
0.975185
0.974666
0.974148
0.973632
0.973117
0.972604
0.972092
0.971582
0.971074
0.970568
0.970064
0.969564
0.969066
0.968571
0.968078
0.967585
0.967092
0.966600
0.966107
0.965615
0.965122
0.964629
0.964137
0.963644
0.963151
0.962659
0.962167
0.961676
0.961187
0.960700
0.960214
0.959730
0.959247
0.958766
0.958287
0.957808
0.957329
0.956851
0.956373
0.955895
0.955416
0.954938
0.954460
0.953981
0.953503
0.953025
0.952548
0.952072
0.951598
0.951126
0.950657
0.950191
0.949728
0.949268
0.948812
0.948358
0.947905
0.947453
0.947003
0.946554
0.946109
0.945669
0.945233
0.944801
0.944374
0.943949
0.943526
0.943104
0.942684
0.942264
0.941844
0.941424
0.941005
0.940587
0.940170
0.939753
0.939337
0.938922
0.938506
0.938091
0.937676
0.937261
0.936846
0.936431
0.936017
0.935605
0.935194
0.934783
0.934374
0.933966
0.933558
0.933151
0.932743
0.932336
0.931929
0.931522
0.931117
0.930713
0.930311
0.929913
0.929517
0.929123
0.928730
0.928338
0.927945
0.927553
0.927161
0.926769
0.926380
0.925995
0.925616
0.925243
0.924878
0.924519
0.924163
0.923810
0.923458
0.923107
0.922757
0.922407
0.922057
0.921707
0.921358
0.921008
0.920660
0.920312
0.919964
0.919618
0.919271
0.918925
0.918580
0.918234
0.917889
0.917544
0.917199
0.916854
0.916509
0.916164
0.915821
0.915479
0.915139
0.914801
0.914464
0.914128
0.913793
0.913458
0.913123
0.912789
0.912454
0.912120
0.911786
0.911452
0.911119
0.910786
0.910455
0.910124
0.909795
0.909467
0.909140
0.908814
0.908488
0.908162
0.907837
0.907511
0.907186
0.906860
0.906535
0.906211
0.905887
0.905564
0.905243
0.904923
0.904604
0.904286
0.903969
0.903652
0.903335
0.903019
0.902703
0.902387
0.902071
0.901755
0.901440
0.901125
0.900812
0.900502
0.900195
0.899890
0.899588
0.899287
0.898987
0.898688
0.898390
0.898092
0.897794
0.897496
0.897199
0.896901
0.896603
0.896306
0.896010
0.895716
0.895425
0.895136
0.894849
0.894564
0.894281
0.893999
0.893717
0.893436
0.893155
0.892875
0.892595
0.892314
0.892034
0.891754
0.891474
0.891196
0.890919
0.890644
0.890372
0.890102
0.889835
0.889571
0.889310
0.889050
0.888791
0.888533
0.888276
0.888018
0.887760
0.887503
0.887245
0.886988
0.886730
0.886472
0.886215
0.885957
0.885699
0.885441
0.885183
0.884924
0.884666
0.884407
0.884149
0.883890
0.883631
0.883372
0.883113
0.882854
0.882596
0.882337
0.882078
0.881819
0.881561
0.881302
0.881045
0.880788
0.880533
0.880281
0.880032
0.879788
0.879546
0.879306
0.879067
0.878829
0.878591
0.878353
0.878115
0.877876
0.877638
0.877400
0.877162
0.876924
0.876686
0.876448
0.876210
0.875972
0.875735
0.875499
0.875265
0.875033
0.874803
0.874576
0.874350
0.874124
0.873898
0.873672
0.873447
0.873221
0.872995
0.872770
0.872544
0.872319
0.872093
0.871868
0.871642
0.871416
0.871191
0.870966
0.870741
0.870518
0.870295
0.870073
0.869851
0.869631
0.869411
0.869192
0.868973
0.868754
0.868536
0.868317
0.868099
0.867880
0.867662
0.867443
0.867225
0.867007
0.866788
0.866570
0.866352
0.866134
0.865917
0.865700
0.865486
0.865274
0.865067
0.864864
0.864665
0.864469
0.864274
0.864080
0.863886
0.863692
0.863498
0.863304
0.863110
0.862916
0.862722
0.862529
0.862335
0.862141
0.861947
0.861753
0.861559
0.861365
0.861171
0.860978
0.860785
0.860593
0.860404
0.860218
0.860037
0.859859
0.859684
0.859510
0.859338
0.859167
0.858996
0.858825
0.858654
0.858483
0.858313
0.858142
0.857971
0.857801
0.857630
0.857459
0.857289
0.857118
0.856947
0.856777
0.856606
0.856435
0.856264
0.856094
0.855923
0.855752
0.855582
0.855412
0.855242
0.855073
0.854904
0.854735
0.854567
0.854398
0.854230
0.854062
0.853895
0.853727
0.853559
0.853391
0.853223
0.853055
0.852887
0.852719
0.852551
0.852383
0.852216
0.852048
0.851880
0.851712
0.851544
0.851376
0.851208
0.851040
0.850873
0.850706
0.850541
0.850378
0.850217
0.850058
0.849902
0.849749
0.849597
0.849446
0.849297
0.849149
0.849000
0.848852
0.848704
0.848556
0.848407
0.848259
0.848111
0.847963
0.847815
0.847666
0.847518
0.847370
0.847221
0.847073
0.846925
0.846777
0.846629
0.846480
0.846332
0.846184
0.846036
0.845888
0.845740
0.845593
0.845448
0.845303
0.845161
0.845020
0.844881
0.844744
0.844609
0.844475
0.844342
0.844209
0.844077
0.843944
0.843811
0.843678
0.843546
0.843413
0.843280
0.843148
0.843015
0.842882
0.842750
0.842617
0.842484
0.842352
0.842219
0.842086
0.841954
0.841821
0.841688
0.841555
0.841423
0.841290
0.841157
0.841025
0.840892
0.840760
0.840628
0.840497
0.840366
0.840237
0.840109
0.839982
0.839857
0.839734
0.839612
0.839491
0.839371
0.839251
0.839130
0.839010
0.838890
0.838769
0.838649
0.838529
0.838409
0.838289
0.838168
0.838048
0.837928
0.837808
0.837687
0.837567
0.837447
0.837327
0.837206
0.837086
0.836966
0.836846
0.836725
0.836605
0.836485
0.836365
0.836244
0.836124
0.836004
0.835884
0.835764
0.835644
0.835524
0.835406
0.835288
0.835171
0.835057
0.834944
0.834833
0.834723
0.834616
0.834508
0.834402
0.834295
0.834188
0.834082
0.833975
0.833868
0.833761
0.833655
0.833548
0.833441
0.833334
0.833228
0.833121
0.833014
0.832908
0.832801
0.832694
0.832588
0.832481
0.832374
0.832268
0.832161
0.832054
0.831947
0.831841
0.831734
0.831627
0.831521
0.831414
0.831307
0.831201
0.831094
0.830987
0.830881
0.830774
0.830667
0.830561
0.830454
0.830349
0.830245
0.830144
0.830046
0.829952
0.829862
0.829774
0.829688
0.829602
0.829516
0.829431
0.829346
0.829261
0.829176
0.829091
0.829005
0.828920
0.828835
0.828750
0.828665
0.828580
0.828495
0.828410
0.828324
0.828239
0.828154
0.828069
0.827984
0.827899
0.827813
0.827728
0.827643
0.827558
0.827473
0.827388
0.827303
0.827218
0.827133
0.827047
0.826962
0.826877
0.826792
0.826707
0.826622
0.826537
0.826452
0.826366
0.826281
0.826196
0.826111
0.826026
0.825941
0.825855
0.825770
0.825685
0.825600
0.825515
0.825430
0.825345
0.825261
0.825178
0.825097
0.825017
0.824938
0.824861
0.824784
0.824709
0.824634
0.824559
0.824484
0.824410
0.824335
0.824261
0.824187
0.824112
0.824038
0.823963
0.823889
0.823814
0.823740
0.823665
0.823591
0.823516
0.823442
0.823368
0.823293
0.823219
0.823144
0.823070
0.822995
0.822921
0.822846
0.822772
0.822697
0.822623
0.822549
0.822474
0.822400
0.822325
0.822251
0.822176
0.822102
0.822028
0.821953
0.821878
0.821804
0.821730
0.821655
0.821581
0.821506
0.821432
0.821357
0.821283
0.821208
0.821134
0.821060
0.820985
0.820911
0.820836
0.820762
0.820687
0.820613
0.820538
0.820464
0.820390
0.820316
0.820244
0.820172
0.820103
0.820036
0.819971
0.819907
0.819846
0.819787
0.819728
0.819671
0.819613
0.819556
0.819499
0.819442
0.819385
0.819327
0.819270
0.819213
0.819156
0.819099
0.819042
0.818985
0.818928
0.818870
0.818813
0.818756
0.818699
0.818642
0.818585
0.818527
0.818470
0.818413
0.818356
0.818299
0.818242
0.818185
0.818128
0.818070
0.818013
0.817956
0.817899
0.817842
0.817785
0.817728
0.817670
0.817613
0.817556
0.817499
0.817442
0.817385
0.817327
0.817270
0.817213
0.817156
0.817099
0.817042
0.816985
0.816928
0.816870
0.816813
0.816756
0.816699
0.816642
0.816585
0.816527
0.816470
0.816413
0.816356
0.816299
0.816242
0.816185
0.816128
0.816070
0.816013
0.815956
0.815899
0.815842
0.815785
0.815727
0.815670
0.815613
0.815556
0.815499
0.815442
0.815384
0.815328
0.815271
0.815215
0.815160
0.815106
0.815054
0.815004
0.814956
0.814910
0.814866
0.814823
0.814782
0.814741
0.814700
0.814659
0.814618
0.814577
0.814537
0.814496
0.814455
0.814414
0.814373
0.814333
0.814292
0.814251
0.814210
0.814169
0.814129
0.814088
0.814047
0.814006
0.813966
0.813925
0.813884
0.813843
0.813802
0.813762
0.813721
0.813680
0.813639
0.813599
0.813558
0.813517
0.813476
0.813435
0.813395
0.813354
0.813313
0.813272
0.813231
0.813191
0.813150
0.813109
0.813068
0.813027
0.812987
0.812946
0.812905
0.812864
0.812823
0.812783
0.812742
0.812701
0.812660
0.812619
0.812579
0.812538
0.812497
0.812456
0.812415
0.812375
0.812334
0.812293
0.812252
0.812211
0.812171
0.812130
0.812089
0.812048
0.812007
0.811967
0.811926
0.811885
0.811844
0.811804
0.811763
0.811722
0.811681
0.811640
0.811600
0.811559
0.811518
0.811477
0.811436
0.811396
0.811355
0.811314
0.811273
0.811233
0.811192
0.811151
0.811110
0.811069
0.811028
0.810988
0.810947
0.810906
0.810865
0.810824
0.810784
0.810743
0.810702
0.810661
0.810621
0.810580
0.810539
0.810498
0.810457
0.810417
0.810376
0.810335
0.810294
0.810253
0.810213
0.810172
0.810132
0.810093
0.810055
0.810020
0.809986
0.809955
0.809926
0.809898
0.809871
0.809845
0.809819
0.809794
0.809769
0.809743
0.809718
0.809693
0.809668
0.809642
0.809617
0.809592
0.809567
0.809541
0.809516
0.809491
0.809466
0.809441
0.809415
0.809390
0.809365
0.809340
0.809314
0.809289
0.809264
0.809239
0.809213
0.809188
0.809163
0.809138
0.809113
0.809087
0.809062
0.809037
0.809012
0.808986
0.808961
0.808936
0.808911
0.808885
0.808860
0.808835
0.808810
0.808785
0.808759
0.808734
0.808709
0.808684
0.808658
0.808633
0.808608
0.808583
0.808557
0.808532
0.808507
0.808482
0.808457
0.808431
0.808406
0.808381
0.808356
0.808330
0.808305
0.808280
0.808255
0.808230
0.808204
0.808179
0.808154
0.808129
0.808103
0.808078
0.808053
0.808028
0.808002
0.807977
0.807952
0.807927
0.807902
0.807876
0.807851
0.807826
0.807801
0.807775
0.807750
0.807725
0.807700
0.807674
0.807649
0.807624
0.807599
0.807574
0.807548
0.807523
0.807498
0.807473
0.807447
0.807422
0.807397
0.807372
0.807346
0.807321
0.807296
0.807271
0.807245
0.807220
0.807195
0.807170
0.807145
0.807119
0.807094
0.807069
0.807044
0.807018
0.806993
0.806968
0.806943
0.806917
0.806892
0.806867
0.806842
0.806817
0.806791
0.806766
0.806741
0.806716
0.806690
0.806665
0.806640
0.806615
0.806589
0.806564
0.806539
0.806514
0.806489
0.806463
0.806438
0.806413
0.806388
0.806362
0.806337
0.806312
0.806287
0.806262
0.806236
0.806211
0.806186
0.806161
0.806135
0.806110
0.806085
0.806060
0.806034
0.806009
0.805984
0.805959
0.805934
0.805908
0.805883
0.805858
0.805833
0.805807
0.805782
0.805757
0.805732
0.805706
0.805681
0.805656
0.805631
0.805606
0.805580
0.805555
0.805530
0.805505
0.805479
0.805454
0.805429
0.805404
0.805378
0.805353
0.805328
0.805303
0.805277
0.805252
0.805227
0.805202
0.805177
0.805151
0.805126
0.805101
0.805076
0.805051
0.805028
0.805006
0.804986
0.804969
0.804954
0.804940
0.804928
0.804917
0.804906
0.804896
0.804885
0.804875
0.804865
0.804855
0.804845
0.804835
0.804824
0.804814
0.804804
0.804794
0.804784
0.804773
0.804763
0.804753
0.804743
0.804733
0.804723
0.804712
0.804702
0.804692
0.804682
0.804672
0.804662
0.804651
0.804641
0.804631
0.804621
0.804611
0.804601
0.804590
0.804580
0.804570
0.804560
0.804550
0.804539
0.804529
0.804519
0.804509
0.804499
0.804489
0.804478
0.804468
0.804458
0.804448
0.804438
0.804427
0.804417
0.804407
0.804397
0.804387
0.804377
0.804366
0.804356
0.804346
0.804336
0.804326
0.804316
0.804306
0.804295
0.804285
0.804275
0.804265
0.804255
0.804245
0.804234
0.804224
0.804214
0.804204
0.804194
0.804183
0.804173
0.804163
0.804153
0.804143
0.804133
0.804122
0.804112
0.804102
0.804092
0.804082
0.804072
0.804061
0.804051
0.804041
0.804031
0.804021
0.804010
0.804000
0.803990
0.803980
0.803970
0.803960
0.803949
0.803939
0.803929
0.803919
0.803909
0.803898
0.803888
0.803878
0.803868
0.803858
0.803848
0.803837
0.803827
0.803817
0.803807
0.803797
0.803787
0.803777
0.803766
0.803756
0.803746
0.803736
0.803726
0.803715
0.803705
0.803695
0.803685
0.803675
0.803665
0.803655
0.803644
0.803634
0.803624
0.803614
0.803604
0.803593
0.803583
0.803573
0.803563
0.803553
0.803543
0.803532
0.803522
0.803512
0.803502
0.803492
0.803481
0.803471
0.803461
0.803451
0.803441
0.803431
0.803420
0.803410
0.803400
0.803390
0.803380
0.803370
0.803359
0.803349
0.803339
0.803329
0.803319
0.803308
0.803298
0.803288
0.803278
0.803268
0.803258
0.803248
0.803237
0.803227
0.803217
0.803207
0.803197
0.803186
0.803176
0.803166
0.803156
0.803146
0.803136
0.803125
0.803115
0.803105
0.803095
0.803085
0.803075
0.803064
0.803054
0.803044
0.803034
0.803024
0.803014
0.803003
0.802993
0.802983
0.802973
0.802963
0.802952
0.802942
0.802932
0.802922
0.802912
0.802902
0.802891
0.802881
0.802871
0.802861
0.802851
0.802841
0.802830
0.802820
0.802810
0.802800
0.802790
0.802779
0.802769
0.802759
0.802749
0.802739
0.802729
0.802719
0.802708
0.802698
0.802688
0.802678
0.802668
0.802657
0.802647
0.802637
0.802627
0.802617
0.802607
0.802596
0.802586
0.802576
0.802566
0.802556
0.802546
0.802535
0.802525
0.802515
0.802505
0.802495
0.802485
0.802474
0.802464
0.802454
0.802444
0.802434
0.802423
0.802413
0.802403
0.802393
0.802383
0.802373
0.802362
0.802352
0.802342
0.802332
0.802322
0.802312
0.802301
0.802291
0.802281
0.802271
0.802261
0.802251
0.802240
0.802230
0.802220
0.802210
0.802200
0.802189
0.802179
0.802169
0.802159
0.802149
0.802139
0.802129
0.802118
0.802108
0.802098
0.802088
0.802078
0.802067
0.802057
0.802047
0.802037
0.802027
0.802017
0.802006
0.801996
0.801986
0.801976
0.801966
0.801956
0.801945
0.801935
0.801925
0.801915
0.801905
0.801895
0.801884
0.801874
0.801864
0.801854
0.801844
0.801833
0.801823
0.801813
0.801803
0.801793
0.801783
0.801772
0.801762
0.801752
0.801742
0.801732
0.801722
0.801711
0.801701
0.801691
0.801681
0.801671
0.801660
0.801650
0.801640
0.801630
0.801620
0.801610
0.801600
0.801589
0.801579
0.801569
0.801559
0.801549
0.801539
0.801528
0.801518
0.801508
0.801498
0.801488
0.801477
0.801467
0.801457
0.801447
0.801437
0.801427
0.801416
0.801406
0.801396
0.801386
0.801376
0.801366
0.801355
0.801345
0.801335
0.801325
0.801315
0.801304
0.801294
0.801284
0.801274
0.801264
0.801254
0.801243
0.801233
0.801223
0.801213
0.801203
0.801193
0.801183
0.801172
0.801162
0.801152
0.801142
0.801132
0.801121
0.801111
0.801101
0.801091
0.801081
0.801071
0.801060
0.801050
0.801040
0.801030
0.801020
0.801010
0.800999
0.800989
0.800979
0.800969
0.800959
0.800948
0.800938
0.800928
0.800918
0.800908
0.800898
0.800887
0.800877
0.800867
0.800857
0.800847
0.800836
0.800826
0.800816
0.800806
0.800796
0.800786
0.800776
0.800765
0.800755
0.800745
0.800735
0.800725
0.800714
0.800704
0.800694
0.800684
0.800674
0.800664
0.800654
0.800643
0.800633
0.800623
0.800613
0.800603
0.800592
0.800582
0.800572
0.800562
0.800552
0.800542
0.800531
0.800521
0.800511
0.800501
0.800491
0.800481
0.800470
0.800460
0.800450
0.800440
0.800430
0.800419
0.800409
0.800399
0.800389
0.800379
0.800369
0.800358
0.800348
0.800338
0.800328
0.800318
0.800308
0.800297
0.800287
0.800277
0.800267
0.800257
0.800246
0.800236
0.800226
0.800216
0.800206
0.800196
0.800185
0.800175
0.800165
0.800155
0.800145
0.800135
0.800125
0.800114
0.800104
0.800094
0.800084
0.800074
0.800063
0.800053
0.800043
0.800033
0.800024
0.800016
0.800010
0.800005
0.800002
0.800001
0.800000
0.800000
