0.800000
0.800046
0.800097
0.800156
0.800223
0.800294
0.800367
0.800440
0.800514
0.800588
0.800661
0.800735
0.800809
0.800882
0.800956
0.801030
0.801103
0.801177
0.801251
0.801324
0.801398
0.801472
0.801546
0.801619
0.801693
0.801767
0.801840
0.801914
0.801988
0.802061
0.802135
0.802209
0.802283
0.802356
0.802430
0.802504
0.802577
0.802651
0.802725
0.802798
0.802872
0.802946
0.803019
0.803093
0.803167
0.803241
0.803314
0.803388
0.803461
0.803535
0.803608
0.803680
0.803752
0.803824
0.803894
0.803964
0.804033
0.804102
0.804171
0.804240
0.804308
0.804377
0.804446
0.804515
0.804585
0.804655
0.804725
0.804797
0.804869
0.804942
0.805017
0.805092
0.805168
0.805246
0.805324
0.805404
0.805486
0.805569
0.805653
0.805739
0.805827
0.805916
0.806007
0.806100
0.806194
0.806290
0.806388
0.806488
0.806589
0.806692
0.806797
0.806904
0.807013
0.807124
0.807236
0.807350
0.807466
0.807583
0.807701
0.807820
0.807939
0.808059
0.808178
0.808299
0.808420
0.808541
0.808664
0.808788
0.808914
0.809041
0.809169
0.809300
0.809432
0.809566
0.809703
0.809842
0.809983
0.810126
0.810272
0.810420
0.810571
0.810724
0.810879
0.811036
0.811194
0.811353
0.811513
0.811674
0.811837
0.812001
0.812166
0.812334
0.812505
0.812678
0.812855
0.813036
0.813221
0.813410
0.813604
0.813802
0.814004
0.814211
0.814423
0.814639
0.814860
0.815087
0.815318
0.815555
0.815798
0.816047
0.816302
0.816563
0.816831
0.817104
0.817384
0.817669
0.817961
0.818258
0.818561
0.818870
0.819186
0.819508
0.819836
0.820172
0.820513
0.820861
0.821215
0.821576
0.821942
0.822314
0.822693
0.823077
0.823467
0.823863
0.824265
0.824673
0.825085
0.825503
0.825926
0.826354
0.826789
0.827230
0.827677
0.828132
0.828594
0.829062
0.829538
0.830020
0.830509
0.831004
0.831507
0.832017
0.832533
0.833057
0.833587
0.834123
0.834666
0.835215
0.835770
0.836333
0.836901
0.837475
0.838055
0.838642
0.839235
0.839835
0.840444
0.841061
0.841686
0.842320
0.842963
0.843615
0.844276
0.844946
0.845625
0.846314
0.847012
0.847718
0.848434
0.849159
0.849893
0.850636
0.851389
0.852152
0.852926
0.853709
0.854503
0.855307
0.856122
0.856947
0.857784
0.858630
0.859488
0.860357
0.861236
0.862128
0.863031
0.863946
0.864874
0.865815
0.866769
0.867736
0.868717
0.869711
0.870718
0.871739
0.872773
0.873821
0.874882
0.875957
0.877046
0.878150
0.879268
0.880401
0.881548
0.882710
0.883888
0.885081
0.886290
0.887516
0.888759
0.890020
0.891298
0.892594
0.893907
0.895239
0.896590
0.897961
0.899352
0.900762
0.902194
0.903646
0.905119
0.906613
0.908130
0.909668
0.911230
0.912813
0.914420
0.916049
0.917701
0.919376
0.921076
0.922799
0.924546
0.926319
0.928116
0.929938
0.931786
0.933661
0.935561
0.937488
0.939442
0.941422
0.943430
0.945465
0.947528
0.949619
0.951739
0.953888
0.956066
0.958274
0.960512
0.962781
0.965081
0.967412
0.969774
0.972168
0.974594
0.977052
0.979542
0.982066
0.984624
0.987215
0.989842
0.992503
0.995201
0.997934
1.000705
1.003513
1.006358
1.009242
1.012164
1.015125
1.018126
1.021166
1.024246
1.027368
1.030531
1.033738
1.036988
1.040282
1.043620
1.047003
1.050431
1.053904
1.057423
1.060987
1.064596
1.068252
1.071954
1.075703
1.079499
1.083342
1.087234
1.091175
1.095165
1.099205
1.103294
1.107434
1.111624
1.115865
1.120157
1.124500
1.128894
1.133341
1.137839
1.142391
1.146996
1.151655
1.156368
1.161136
1.165959
1.170838
1.175773
1.180764
1.185811
1.190915
1.196076
1.201295
1.206573
1.211910
1.217306
1.222762
1.228280
1.233859
1.239500
1.245204
1.250970
1.256800
1.262695
1.268655
1.274680
1.280771
1.286928
1.293154
1.299448
1.305813
1.312249
1.318756
1.325337
1.331990
1.338719
1.345521
1.352398
1.359350
1.366377
1.373480
1.380659
1.387914
1.395247
1.402658
1.410148
1.417718
1.425369
1.433100
1.440914
1.448811
1.456791
1.464855
1.473003
1.481235
1.489552
1.497955
1.506444
1.515020
1.523684
1.532437
1.541279
1.550214
1.559240
1.568359
1.577571
1.586876
1.596273
1.605764
1.615348
1.625025
1.634797
1.644663
1.654624
1.664683
1.674838
1.685091
1.695442
1.705893
1.716443
1.727094
1.737845
1.748697
1.759651
1.770706
1.781864
1.793126
1.804492
1.815963
1.827538
1.839220
1.851009
1.862904
1.874904
1.887010
1.899220
1.911536
1.923957
1.936483
1.949114
1.961851
1.974694
1.987644
2.000702
2.013868
2.027143
2.040526
2.054017
2.067619
2.081330
2.095149
2.109078
2.123114
2.137260
2.151514
2.165878
2.180349
2.194930
2.209620
2.224420
2.239331
2.254350
2.269479
2.284716
2.300061
2.315515
2.331076
2.346744
2.362519
2.378401
2.394390
2.410486
2.426690
2.443000
2.459417
2.475941
2.492572
2.509311
2.526156
2.543108
2.560165
2.577328
2.594597
2.611971
2.629450
2.647034
2.664723
2.682516
2.700415
2.718416
2.736519
2.754724
2.773029
2.791434
2.809938
2.828539
2.847238
2.866033
2.884925
2.903913
2.922996
2.942174
2.961446
2.980812
3.000271
3.019822
3.039464
3.059196
3.079017
3.098925
3.118920
3.139001
3.159166
3.179415
3.199747
3.220163
3.240661
3.261240
3.281898
3.302634
3.323445
3.344332
3.365291
3.386320
3.407418
3.428585
3.449818
3.471117
3.492480
3.513905
3.535391
3.556938
3.578544
3.600208
3.621929
3.643706
3.665535
3.687417
3.709349
3.731328
3.753353
3.775423
3.797535
3.819689
3.841883
3.864115
3.886383
3.908686
3.931021
3.953387
3.975784
3.998208
4.020660
4.043138
4.065640
4.088164
4.110710
4.133274
4.155856
4.178453
4.201065
4.223688
4.246323
4.268965
4.291615
4.314268
4.336924
4.359580
4.382234
4.404885
4.427531
4.450174
4.472811
4.495442
4.518067
4.540685
4.563294
4.585893
4.608481
4.631056
4.653617
4.676162
4.698690
4.721201
4.743692
4.766164
4.788615
4.811045
4.833452
4.855836
4.878194
4.900526
4.922829
4.945103
4.967345
4.989554
5.011728
5.033866
5.055967
5.078031
5.100059
5.122049
5.144002
5.165919
5.187800
5.209647
5.231458
5.253232
5.274970
5.296670
5.318331
5.339952
5.361533
5.383072
5.404568
5.426021
5.447429
5.468792
5.490109
5.511380
5.532602
5.553776
5.574901
5.595976
5.617001
5.637973
5.658894
5.679763
5.700580
5.721345
5.742059
5.762721
5.783330
5.803886
5.824389
5.844838
5.865231
5.885569
5.905849
5.926073
5.946238
5.966343
5.986389
6.006374
6.026297
6.046159
6.065958
6.085695
6.105368
6.124977
6.144522
6.164002
6.183417
6.202765
6.222046
6.241257
6.260400
6.279474
6.298478
6.317412
6.336277
6.355072
6.373797
6.392451
6.411035
6.429548
6.447988
6.466355
6.484648
6.502866
6.521009
6.539076
6.557067
6.574981
6.592817
6.610577
6.628260
6.645865
6.663393
6.680844
6.698218
6.715515
6.732733
6.749872
6.766931
6.783908
6.800801
6.817609
6.834332
6.850969
6.867520
6.883986
6.900367
6.916661
6.932869
6.948991
6.965025
6.980970
6.996827
7.012595
7.028273
7.043860
7.059358
7.074766
7.090082
7.105307
7.120441
7.135483
7.150432
7.165289
7.180052
7.194721
7.209297
7.223778
7.238164
7.252455
7.266648
7.280744
7.294744
7.308647
7.322453
7.336162
7.349775
7.363291
7.376710
7.390034
7.403261
7.416390
7.429423
7.442358
7.455197
7.467938
7.480581
7.493127
7.505575
7.517927
7.530183
7.542342
7.554404
7.566370
7.578239
7.590013
7.601690
7.613272
7.624756
7.636144
7.647436
7.658632
7.669731
7.680733
7.691638
7.702447
7.713159
7.723775
7.734295
7.744718
7.755044
7.765274
7.775407
7.785443
7.795383
7.805226
7.814973
7.824625
7.834183
7.843647
7.853016
7.862292
7.871473
7.880561
7.889555
7.898455
7.907261
7.915972
7.924591
7.933117
7.941552
7.949896
7.958149
7.966313
7.974388
7.982375
7.990274
7.998086
8.005810
8.013447
8.020999
8.028466
8.035848
8.043146
8.050362
8.057495
8.064547
8.071517
8.078407
8.085216
8.091944
8.098594
8.105166
8.111659
8.118076
8.124415
8.130680
8.136871
8.142989
8.149033
8.155005
8.160906
8.166736
8.172496
8.178188
8.183811
8.189368
8.194859
8.200285
8.205646
8.210944
8.216178
8.221350
8.226460
8.231510
8.236500
8.241430
8.246300
8.251112
8.255867
8.260563
8.265203
8.269785
8.274312
8.278784
8.283200
8.287562
8.291871
8.296126
8.300328
8.304480
8.308582
8.312634
8.316639
8.320596
8.324506
8.328371
8.332190
8.335963
8.339691
8.343373
8.347011
8.350606
8.354158
8.357670
8.361141
8.364572
8.367963
8.371316
8.374631
8.377906
8.381143
8.384342
8.387502
8.390624
8.393708
8.396754
8.399762
8.402732
8.405665
8.408560
8.411418
8.414239
8.417023
8.419771
8.422483
8.425160
8.427803
8.430411
8.432986
8.435528
8.438038
8.440517
8.442964
8.445380
8.447764
8.450118
8.452441
8.454731
8.456991
8.459219
8.461416
8.463582
8.465718
8.467823
8.469898
8.471943
8.473959
8.475946
8.477905
8.479836
8.481741
8.483619
8.485471
8.487297
8.489099
8.490875
8.492627
8.494355
8.496059
8.497740
8.499397
8.501032
8.502644
8.504233
8.505801
8.507347
8.508872
8.510376
8.511858
8.513319
8.514760
8.516180
8.517581
8.518961
8.520322
8.521663
8.522985
8.524289
8.525574
8.526842
8.528092
8.529325
8.530541
8.531741
8.532924
8.534090
8.535240
8.536373
8.537490
8.538589
8.539673
8.540740
8.541791
8.542826
8.543846
8.544850
8.545839
8.546813
8.547771
8.548715
8.549644
8.550559
8.551460
8.552347
8.553222
8.554083
8.554933
8.555769
8.556594
8.557406
8.558205
8.558991
8.559764
8.560524
8.561271
8.562006
8.562728
8.563438
8.564136
8.564823
8.565499
8.566164
8.566819
8.567464
8.568099
8.568724
8.569340
8.569947
8.570544
8.571131
8.571710
8.572279
8.572840
8.573392
8.573935
8.574471
8.574997
8.575516
8.576027
8.576529
8.577024
8.577512
8.577993
8.578468
8.578936
8.579397
8.579852
8.580299
8.580739
8.581172
8.581598
8.582018
8.582431
8.582838
8.583238
8.583632
8.584020
8.584402
8.584778
8.585149
8.585514
8.585874
8.586229
8.586578
8.586921
8.587258
8.587591
8.587919
8.588242
8.588562
8.588879
8.589194
8.589505
8.589813
8.590118
8.590420
8.590718
8.591012
8.591303
8.591590
8.591874
8.592154
8.592430
8.592703
8.592972
8.593237
8.593497
8.593752
8.594002
8.594247
8.594487
8.594722
8.594953
8.595178
8.595399
8.595616
8.595828
8.596036
8.596240
8.596440
8.596636
8.596827
8.597014
8.597196
8.597373
8.597545
8.597713
8.597877
8.598036
8.598190
8.598340
8.598486
8.598629
8.598767
8.598903
8.599035
8.599164
8.599291
8.599415
8.599536
8.599655
8.599772
8.599885
8.599996
8.600104
8.600208
8.600310
8.600409
8.600506
8.600600
8.600692
8.600782
8.600870
8.600956
8.601040
8.601123
8.601205
8.601286
8.601367
8.601447
8.601527
8.601607
8.601688
8.601771
8.601856
8.601942
8.602031
8.602122
8.602215
8.602309
8.602405
8.602503
8.602600
8.602698
8.602795
8.602892
8.602988
8.603083
8.603177
8.603271
8.603364
8.603455
8.603545
8.603634
8.603720
8.603806
8.603889
8.603970
8.604050
8.604127
8.604203
8.604276
8.604347
8.604416
8.604482
8.604547
8.604608
8.604668
8.604725
8.604779
8.604831
8.604880
8.604927
8.604972
8.605014
8.605054
8.605090
8.605125
8.605157
8.605186
8.605213
8.605238
8.605261
8.605281
8.605299
8.605315
8.605329
8.605341
8.605351
8.605359
8.605366
8.605370
8.605373
8.605375
8.605375
8.605373
8.605371
8.605368
8.605363
8.605358
8.605352
8.605346
8.605339
8.605332
8.605325
8.605319
8.605312
8.605306
8.605300
8.605295
8.605291
8.605288
8.605286
8.605285
8.605284
8.605284
8.605284
8.605284
8.605284
8.605284
8.605284
8.605284
8.605284
8.605284
8.605284
8.605284
8.605284
8.605284
8.605284
8.605284
8.605284
8.605284
8.605284
8.605284
8.605284
8.605284
8.605284
8.605284
8.605284
8.605284
8.605284
8.605284
8.605284
8.605284
8.605284
8.605284
8.605284
8.605284
8.605284
8.605284
8.605284
8.605284
8.605284
8.605284
8.605284
8.605284
8.605284
8.605284
8.605284
8.605284
8.605284
8.605284
8.605284
8.605284
8.605284
8.605284
8.605284
8.605284
8.605284
8.605284
8.605284
8.605284
8.605284
8.605284
8.605284
8.605284
8.605284
8.605284
8.605284
8.605284
8.605284
8.605284
8.605284
8.605284
8.605284
8.605284
8.605284
8.605284
8.605284
8.605284
8.605284
8.605284
8.605284
8.605284
8.605284
8.605284
8.605284
8.605284
8.605284
8.605284
8.605284
8.605284
8.605284
8.605284
8.605284
8.605284
8.605284
8.605284
8.605284
8.605284
8.605284
8.605284
8.605284
8.605284
8.605284
8.605284
8.605284
8.605284
8.605284
8.605284
8.605284
8.605284
8.605284
8.605284
8.605284
8.605284
8.605284
8.605284
8.605284
8.605284
8.605284
8.605284
8.605284
8.605284
8.605284
8.605284
8.605284
8.605284
8.605284
8.605284
8.605284
8.605284
8.605284
8.605284
8.605284
8.605284
8.605284
8.605284
8.605284
8.605284
8.605284
8.605284
8.605284
8.605284
8.605284
8.605284
8.605284
8.605284
8.605284
8.605284
8.605284
8.605284
8.605284
8.605284
8.605284
8.605284
8.605284
8.605284
8.605284
8.605284
8.605284
8.605284
8.605284
8.605284
8.605284
8.605284
8.605284
8.605284
8.605284
8.605284
8.605284
8.605284
8.605284
8.605284
8.605284
8.605284
8.605284
8.605284
8.605284
8.605284
8.605284
8.605284
8.605284
8.605284
8.605284
8.605284
8.605284
8.605284
8.605284
8.605284
8.605284
8.605284
8.605284
8.605284
8.605284
8.605284
8.605284
8.605284
8.605284
8.605284
8.605284
8.605284
8.605284
8.605284
8.605284
8.605284
8.605284
8.605284
8.605284
8.605284
8.605284
8.605284
8.605284
8.605284
8.605284
8.605284
8.605284
8.605284
8.605284
8.605284
8.605284
8.605284
8.605284
8.605284
8.605284
8.605284
8.605284
8.605284
8.605284
8.605284
8.605284
8.605284
8.605284
8.605284
8.605284
8.605284
8.605284
8.605284
8.605284
8.605284
8.605284
8.605284
8.605284
8.605284
8.605284
8.605284
8.605284
8.605284
8.605284
8.605284
8.605284
8.605284
8.605284
8.605284
8.605284
8.605284
8.605284
8.605284
8.605284
8.605284
8.605284
8.605284
8.605284
8.605284
8.605284
8.605284
8.605284
8.605284
8.605284
8.605284
8.605284
8.605284
8.605284
8.605284
8.605284
8.605284
8.605284
8.605284
8.605284
8.605284
8.605284
8.605284
8.605284
8.605284
8.605284
8.605284
8.605284
8.605284
8.605284
8.605284
8.605284
8.605284
8.605284
8.605284
8.605284
8.605284
8.605284
8.605284
8.605284
8.605284
8.605284
8.605284
8.605284
8.605284
8.605284
8.605284
8.605284
8.605284
8.605284
8.605284
8.605284
8.605284
8.605284
8.605284
8.605284
8.605284
8.605284
8.605284
8.605284
8.605284
8.605284
8.605284
8.605284
8.605284
8.605284
8.605284
8.605284
8.605284
8.605284
8.605284
8.605284
8.605284
8.605284
8.605284
8.605284
8.605284
8.605284
8.605284
8.605284
8.605284
8.605284
8.605284
8.605284
8.605284
8.605284
8.605284
8.605284
8.605284
8.605284
8.605284
8.605284
8.605284
8.605284
8.605284
8.605284
8.605284
8.605284
8.605284
8.605284
8.605284
8.605284
8.605284
8.605284
8.605284
8.605284
8.605284
8.605284
8.605284
8.605284
8.605284
8.605284
8.605284
8.605284
8.605284
8.605284
8.605284
8.605284
8.605284
8.605284
8.605284
8.605284
8.605284
8.605284
8.605284
8.605284
8.605284
8.605284
8.605284
8.605284
8.605284
8.605284
8.605284
8.605284
8.605284
8.605284
8.605284
8.605284
8.605284
8.605284
8.605284
8.605284
8.605284
8.605284
8.605284
8.605284
8.605284
8.605284
8.605284
8.605284
8.605284
8.605284
8.605284
8.605284
8.605284
8.605284
8.605284
8.605284
8.605284
8.605284
8.605284
8.605284
8.605284
8.605284
8.605284
8.605284
8.605284
8.605284
8.605284
8.605284
8.605284
8.605284
8.605284
8.605284
8.605284
8.605284
8.605284
8.605284
8.605284
8.605284
8.605284
8.605284
8.605284
8.605284
8.605284
8.605284
8.605284
8.605284
8.605284
8.605284
8.605284
8.605284
8.605284
8.605284
8.605284
8.605284
8.605284
8.605284
8.605284
8.605284
8.605284
8.605284
8.605284
8.605284
8.605284
8.605284
8.605284
8.605284
8.605284
8.605284
8.605284
8.605284
8.605284
8.605284
8.605284
8.605284
8.605284
8.605284
8.605284
8.605284
8.605284
8.605284
8.605284
8.605284
8.605284
8.605284
8.605284
8.605284
8.605284
8.605284
8.605284
8.605284
8.605284
8.605284
8.605284
8.605284
8.605284
8.605284
8.605284
8.605284
8.605284
8.605284
8.605284
8.605284
8.605284
8.605284
8.605284
8.605284
8.605284
8.605284
8.605284
8.605284
8.605284
8.605284
8.605284
8.605284
8.605284
8.605284
8.605284
8.605284
8.605284
8.605284
8.605284
8.605284
8.605284
8.605284
8.605284
8.605284
8.605284
8.605284
8.605284
8.605284
8.605284
8.605284
8.605284
8.605284
8.605284
8.605284
8.605284
8.605284
8.605284
8.605284
8.605284
8.605284
8.605284
8.605284
8.605284
8.605284
8.605284
8.605284
8.605284
8.605284
8.605284
8.605284
8.605284
8.605284
8.605284
8.605284
8.605284
8.605284
8.605284
8.605284
8.605284
8.605284
8.605284
8.605284
8.605284
8.605284
8.605284
8.605284
8.605284
8.605284
8.605284
8.605284
8.605284
8.605284
8.605284
8.605284
8.605284
8.605284
8.605284
8.605284
8.605284
8.605284
8.605284
8.605284
8.605284
8.605284
8.605284
8.605284
8.605284
8.605284
8.605284
8.605284
8.605284
8.605284
8.605284
8.605284
8.605284
8.605284
8.605284
8.605284
8.605284
8.605284
8.605284
8.605284
8.605284
8.605284
8.605284
8.605284
8.605284
8.605284
8.605284
8.605284
8.605284
8.605284
8.605284
8.605284
8.605284
8.605284
8.605284
8.605284
8.605284
8.605284
8.605284
8.605284
8.605284
8.605284
8.605284
8.605284
8.605284
8.605284
8.605284
8.605284
8.605284
8.605284
8.605284
8.605284
8.605284
8.605284
8.605284
8.605284
8.605284
8.605284
8.605284
8.605284
8.605284
8.605284
8.605284
8.605284
8.605284
8.605284
8.605284
8.605284
8.605284
8.605284
8.605284
8.605284
8.605284
8.605284
8.605284
8.605284
8.605284
8.605284
8.605284
8.605284
8.605284
8.605284
8.605284
8.605284
8.605284
8.605284
8.605284
8.605284
8.605284
8.605284
8.605284
8.605284
8.605284
8.605284
8.605284
8.605284
8.605284
8.605284
8.605284
8.605284
8.605284
8.605284
8.605284
8.605284
8.605284
8.605284
8.605284
8.605284
8.605284
8.605284
8.605284
8.605284
8.605284
8.605284
8.605284
8.605284
8.605284
8.605284
8.605284
8.605284
8.605284
8.605284
8.605284
8.605284
8.605284
8.605284
8.605284
8.605284
8.605284
8.605284
8.605284
8.605284
8.605284
8.605284
8.605284
8.605284
8.605284
8.605284
8.605284
8.605284
8.605284
8.605284
8.605284
8.605284
8.605284
8.605284
8.605284
8.605284
8.605284
8.605284
8.605284
8.605284
8.605284
8.605284
8.605284
8.605284
8.605284
8.605284
8.605284
8.605284
8.605284
8.605284
8.605284
8.605284
8.605284
8.605284
8.605284
8.605284
8.605284
8.605284
8.605284
8.605284
8.605284
8.605284
8.605284
8.605284
8.605284
8.605284
8.605284
8.605284
8.605284
8.605284
8.605284
8.605284
8.605284
8.605284
8.605284
8.605284
8.605284
8.605284
8.605284
8.605284
8.605284
8.605284
8.605284
8.605284
8.605284
8.605284
8.605284
8.605284
8.605284
8.605284
8.605284
8.605284
8.605284
8.605284
8.605284
8.605284
8.605284
8.605284
8.605284
8.605284
8.605284
8.605284
8.605284
8.605284
8.605284
8.605284
8.605284
8.605284
8.605284
8.605284
8.605284
8.605284
8.605284
8.605284
8.605284
8.605284
8.605284
8.605284
8.605284
8.605284
8.605284
8.605284
8.605284
8.605284
8.605284
8.605284
8.605284
8.605284
8.605284
8.605284
8.605284
8.605284
8.605284
8.605284
8.605284
8.605284
8.605284
8.605284
8.605284
8.605284
8.605284
8.605284
8.605284
8.605284
8.605284
8.605284
8.605284
8.605284
8.605284
8.605284
8.605284
8.605284
8.605284
8.605284
8.605284
8.605284
8.605284
8.605284
8.605284
8.605284
8.605284
8.605284
8.605284
8.605284
8.605284
8.605284
8.605284
8.605284
8.605284
8.605284
8.605284
8.605284
8.605284
8.605284
8.605284
8.605284
8.605284
8.605284
8.605284
8.605284
8.605284
8.605284
8.605284
8.605284
8.605284
8.605284
8.605284
8.605284
8.605284
8.605284
8.605284
8.605284
8.605284
8.605284
8.605284
8.605284
8.605284
8.605284
8.605284
8.605284
8.605284
8.605284
8.605284
8.605284
8.605284
8.605284
8.605284
8.605284
8.605284
8.605284
8.605284
8.605284
8.605284
8.605284
8.605284
8.605284
8.605284
8.605284
8.605284
8.605284
8.605284
8.605284
8.605284
8.605284
8.605284
8.605284
8.605284
8.605284
8.605284
8.605284
8.605284
8.605284
8.605284
8.605284
8.605284
8.605284
8.605284
8.605284
8.605284
8.605284
8.605284
8.605284
8.605284
8.605284
8.605284
8.605284
8.605284
8.605284
8.605284
8.605284
8.605284
8.605284
8.605284
8.605284
8.605284
8.605284
8.605284
8.605284
8.605284
8.605284
8.605284
8.605284
8.605284
8.605284
8.605284
8.605284
8.605284
8.605284
8.605284
8.605284
8.605284
8.605284
8.605284
8.605284
8.605284
8.605284
8.605284
8.605284
8.605284
8.605284
8.605284
8.605284
8.605284
8.605284
8.605284
8.605284
8.605284
8.605284
8.605284
8.605284
8.605284
8.605284
8.605284
8.605284
8.605284
8.605284
8.605284
8.605284
8.605284
8.605284
8.605284
8.605284
8.605284
8.605284
8.605284
8.605284
8.605284
8.605284
8.605284
8.605284
8.605284
8.605284
8.605284
8.605284
8.605284
8.605284
8.605284
8.605284
8.605284
8.605284
8.605284
8.605284
8.605284
8.605284
8.605284
8.605284
8.605284
8.605284
8.605284
8.605284
8.605284
8.605284
8.605284
8.605284
8.605284
8.605284
8.605284
8.605284
8.605284
8.605284
8.605284
8.605284
8.605284
8.605284
8.605284
8.605284
8.605284
8.605284
8.605284
8.605284
8.605284
8.605284
8.605284
8.605284
8.605284
8.605284
8.605284
8.605284
8.605284
8.605284
8.605284
8.605284
8.605284
8.605284
8.605284
8.605284
8.605284
8.605284
8.605284
8.605284
8.605284
8.605284
8.605284
8.605284
8.605284
8.605284
8.605284
8.605284
8.605284
8.605284
8.605284
8.605284
8.605284
8.605284
8.605284
8.605284
8.605284
8.605284
8.605284
8.605284
8.605284
8.605284
8.605284
8.605284
8.605284
8.605284
8.605284
8.605284
8.605284
8.605284
8.605284
8.605284
8.605284
8.605284
8.605284
8.605284
8.605284
8.605284
8.605284
8.605284
8.605284
8.605284
8.605284
8.605284
8.605284
8.605284
8.605284
8.605284
8.605284
8.605284
8.605284
8.605284
8.605284
8.605284
8.605284
8.605284
8.605284
8.605284
8.605284
8.605284
8.605284
8.605284
8.605284
8.605284
8.605284
8.605284
8.605284
8.605284
8.605284
8.605284
8.605284
8.605284
8.605284
8.605284
8.605284
8.605284
8.605284
8.605284
8.605284
8.605284
8.605284
8.605284
8.605284
8.605284
8.605284
8.605284
8.605284
8.605284
8.605284
8.605284
8.605284
8.605284
8.605284
8.605284
8.605284
8.605284
8.605284
8.605284
8.605284
8.605284
8.605284
8.605284
8.605284
8.605284
8.605284
8.605284
8.605284
8.605284
8.605284
8.605284
8.605284
8.605284
8.605284
8.605284
8.605284
8.605284
8.605284
8.605284
8.605284
8.605284
8.605284
8.605284
8.605284
8.605284
8.605284
8.605284
8.605284
8.605284
8.605284
8.605284
8.605284
8.605284
8.605284
8.605284
8.605284
8.605284
8.605284
8.605284
8.605284
8.605284
8.605284
8.605284
8.605284
8.605284
8.605284
8.605284
8.605284
8.605284
8.605284
8.605284
8.605284
8.605284
8.605284
8.605284
8.605284
8.605284
8.605284
8.605284
8.605284
8.605284
8.605284
8.605284
8.605284
8.605284
8.605284
8.605284
8.605284
8.605284
8.605284
8.605284
8.605284
8.605284
8.605284
8.605284
8.605284
8.605284
8.605284
8.605284
8.605284
8.605284
8.605284
8.605284
8.605284
8.605284
8.605284
8.605284
8.605284
8.605284
8.605284
8.605284
8.605284
8.605284
8.605284
8.605284
8.605284
8.605284
8.605284
8.605284
8.605284
8.605284
8.605284
8.605284
8.605284
8.605284
8.605284
8.605284
8.605284
8.605284
8.605284
8.605284
8.605284
8.605284
8.605284
8.605284
8.605284
8.605284
8.605284
8.605284
8.605284
8.605284
8.605284
8.605284
8.605284
8.605284
8.605284
8.605284
8.605284
8.605284
8.605284
8.605284
8.605284
8.605284
8.605284
8.605284
8.605284
8.605284
8.605284
8.605284
8.605284
8.605284
8.605284
8.605284
8.605284
8.605284
8.605284
8.605284
8.605284
8.605284
8.605284
8.605284
8.605284
8.605284
8.605284
8.605284
8.605284
8.605284
8.605284
8.605284
8.605284
8.605284
8.605284
8.605284
8.605284
8.605284
8.605284
8.605284
8.605284
8.605284
8.605284
8.605284
8.605284
8.605284
8.605284
8.605284
8.605284
8.605284
8.605284
8.605284
8.605284
8.605284
8.605284
8.605284
8.605284
8.605284
8.605284
8.605284
8.605284
8.605284
8.605284
8.605284
8.605284
8.605284
8.605284
8.605284
8.605284
8.605284
8.605284
8.605284
8.605284
8.605284
8.605284
8.605284
8.605284
8.605284
8.605284
8.605284
8.605284
8.605284
8.605284
8.605284
8.605284
8.605284
8.605284
8.605284
8.605284
8.605284
8.605284
8.605284
8.605284
8.605284
8.605284
8.605284
8.605284
8.605284
8.605284
8.605284
8.605284
8.605284
8.605284
8.605284
8.605284
8.605284
8.605284
8.605284
8.605284
8.605284
8.605284
8.605284
8.605284
8.605284
8.605284
8.605284
8.605284
8.605284
8.605284
8.605284
8.605284
8.605284
8.605284
8.605284
8.605284
8.605284
8.605284
8.605284
8.605284
8.605284
8.605284
8.605284
8.605284
8.605284
8.605284
8.605284
8.605284
8.605284
8.605284
8.605284
8.605284
8.605284
8.605284
8.605284
8.605284
8.605284
8.605284
8.605284
8.605284
8.605284
8.605284
8.605284
8.605284
8.605284
8.605284
8.605284
8.605284
8.605284
8.605284
8.605284
8.605284
8.605284
8.605284
8.605284
8.605284
8.605284
8.605284
8.605284
8.605284
8.605284
8.605284
8.605284
8.605284
8.605284
8.605284
8.605284
8.605284
8.605284
8.605284
8.605284
8.605284
8.605284
8.605284
8.605284
8.605284
8.605284
8.605284
8.605284
8.605284
8.605284
8.605284
8.605284
8.605284
8.605284
8.605284
8.605284
8.605284
8.605284
8.605284
8.605284
8.605284
8.605284
8.605284
8.605284
8.605284
8.605284
8.605284
8.605284
8.605284
8.605284
8.605284
8.605284
8.605284
8.605284
8.605284
8.605284
8.605284
8.605284
8.605284
8.605284
8.605284
8.605284
8.605284
8.605284
8.605284
8.605284
8.605284
8.605284
8.605284
8.605284
8.605284
8.605284
8.605284
8.605284
8.605284
8.605284
8.605284
8.605284
8.605284
8.605284
8.605284
8.605284
8.605284
8.605284
8.605284
8.605284
8.605284
8.605284
8.605284
8.605284
8.605284
8.605284
8.605284
8.605284
8.605284
8.605284
8.605284
8.605284
8.605284
8.605284
8.605284
8.605284
8.605284
8.605284
8.605284
8.605284
8.605284
8.605284
8.605284
8.605284
8.605284
8.605284
8.605284
8.605284
8.605284
8.605284
8.605284
8.605284
8.605284
8.605284
8.605284
8.605284
8.605284
8.605284
8.605284
8.605284
8.605284
8.605284
8.605284
8.605284
8.605284
8.605284
8.605284
8.605284
8.605284
8.605284
8.605284
8.605284
8.605284
8.605284
8.605284
8.605284
8.605284
8.605284
8.605284
8.605284
8.605284
8.605284
8.605284
8.605284
8.605284
8.605284
8.605284
8.605284
8.605284
8.605284
8.605284
8.605284
8.605284
8.605284
8.605284
8.605284
8.605284
8.605284
8.605284
8.605284
8.605284
8.605284
8.605284
8.605284
8.605284
8.605284
8.605284
8.605284
8.605284
8.605284
8.605284
8.605284
8.605284
8.605284
8.605284
8.605284
8.605284
8.605284
8.605284
8.605284
8.605284
8.605284
8.605284
8.605284
8.605284
8.605284
8.605284
8.605284
8.605284
8.605284
8.605284
8.605284
8.605284
8.605284
8.605284
8.605284
8.605284
8.605284
8.605284
8.605284
8.605284
8.605284
8.605284
8.605284
8.605284
8.605284
8.605284
8.605284
8.605284
8.605284
8.605284
8.605284
8.605284
8.605284
8.605284
8.605284
8.605284
8.605284
8.605284
8.605284
8.605284
8.605284
8.605284
8.605284
8.605284
8.605284
8.605284
8.605284
8.605284
8.605284
8.605284
8.605284
8.605284
8.605284
8.605284
8.605284
8.605284
8.605284
8.605284
8.605284
8.605284
8.605284
8.605284
8.605284
8.605284
8.605284
8.605284
8.605284
8.605284
8.605284
8.605284
8.605284
8.605284
8.605284
8.605284
8.605284
8.605284
8.605284
8.605284
8.605284
8.605284
8.605284
8.605284
8.605284
8.605284
8.605284
8.605284
8.605284
8.605284
8.605284
8.605284
8.605284
8.605284
8.605284
8.605284
8.605284
8.605284
8.605284
8.605284
8.605284
8.605284
8.605284
8.605284
8.605284
8.605284
8.605284
8.605284
8.605284
8.605284
8.605284
8.605284
8.605284
8.605284
8.605284
8.605284
8.605284
8.605284
8.605284
8.605284
8.605284
8.605284
8.605284
8.605284
8.605284
8.605284
8.605284
8.605284
8.605284
8.605284
8.605284
8.605284
8.605284
8.605284
8.605284
8.605284
8.605284
8.605284
8.605284
8.605284
8.605284
8.605284
8.605284
8.605284
8.605284
8.605284
8.605284
8.605284
8.605284
8.605284
8.605284
8.605284
8.605284
8.605284
8.605284
8.605284
8.605284
8.605284
8.605284
8.605284
8.605284
8.605284
8.605284
8.605284
8.605284
8.605284
8.605284
8.605284
8.605284
8.605284
8.605284
8.605284
8.605284
8.605284
8.605284
8.605284
8.605284
8.605284
8.605284
8.605284
8.605284
8.605284
8.605284
8.605284
8.605284
8.605284
8.605284
8.605284
8.605284
8.605284
8.605284
8.605284
8.605284
8.605284
8.605284
8.605284
8.605284
8.605284
8.605284
8.605284
8.605284
8.605284
8.605284
8.605284
8.605284
8.605284
8.605284
8.605284
8.605284
8.605284
8.605284
8.605284
8.605284
8.605284
8.605284
8.605284
8.605284
8.605284
8.605284
8.605284
8.605284
8.605284
8.605284
8.605284
8.605284
8.605284
8.605284
8.605284
8.605284
8.605284
8.605284
8.605284
8.605284
8.605284
8.605284
8.605284
8.605284
8.605284
8.605284
8.605284
8.605284
8.605284
8.605284
8.605284
8.605284
8.605284
8.605284
8.605284
8.605284
8.605284
8.605284
8.605284
8.605284
8.605284
8.605284
8.605284
8.605284
8.605284
8.605284
8.605284
8.605284
8.605284
8.605284
8.605284
8.605284
8.605284
8.605284
8.605284
8.605284
8.605284
8.605284
8.605284
8.605284
8.605284
8.605284
8.605284
8.605284
8.605284
8.605284
8.605284
8.605284
8.605284
8.605284
8.605284
8.605284
8.605284
8.605284
8.605284
8.605284
8.605284
8.605284
8.605284
8.605284
8.605284
8.605284
8.605284
8.605284
8.605284
8.605284
8.605284
8.605284
8.605284
8.605284
8.605284
8.605284
8.605284
8.605284
8.605284
8.605284
8.605284
8.605284
8.605284
8.605284
8.605284
8.605284
8.605284
8.605284
8.605284
8.605284
8.605284
8.605284
8.605284
8.605284
8.605284
8.605284
8.605284
8.605284
8.605284
8.605284
8.605284
8.605284
8.605284
8.605284
8.605284
8.605284
8.605284
8.605284
8.605284
8.605284
8.605284
8.605284
8.605284
8.605284
8.605284
8.605284
8.605284
8.605284
8.605284
8.605284
8.605284
8.605284
8.605284
8.605284
8.605284
8.605284
8.605284
8.605284
8.605284
8.605284
8.605284
8.605284
8.605284
8.605284
8.605284
8.605284
8.605284
8.605284
8.605284
8.605284
8.605284
8.605284
8.605284
8.605284
8.605284
8.605284
8.605284
8.605284
8.605284
8.605284
8.605284
8.605284
8.605284
8.605284
8.605284
8.605284
8.605284
8.605284
8.605284
8.605284
8.605284
8.605284
8.605284
8.605284
8.605284
8.605284
8.605284
8.605284
8.605284
8.605284
8.605284
8.605284
8.605284
8.605284
8.605284
8.605284
8.605284
8.605284
8.605284
8.605284
8.605284
8.605284
8.605284
8.605284
8.605284
8.605284
8.605284
8.605284
8.605284
8.605284
8.605284
8.605284
8.605284
8.605284
8.605284
8.605284
8.605284
8.605284
8.605284
8.605284
8.605284
8.605284
8.605284
8.605284
8.605284
8.605284
8.605284
8.605284
8.605284
8.605284
8.605284
8.605284
8.605284
8.605284
8.605284
8.605284
8.605284
8.605284
8.605284
8.605284
8.605284
8.605284
8.605284
8.605284
8.605284
8.605284
8.605284
8.605284
8.605284
8.605284
8.605284
8.605284
8.605284
8.605284
8.605284
8.605284
8.605284
8.605284
8.605284
8.605284
8.605284
8.605284
8.605284
8.605284
8.605284
8.605284
8.605284
8.605284
8.605284
8.605284
8.605284
8.605284
8.605284
8.605284
8.605284
8.605284
8.605284
8.605284
8.605284
8.605284
8.605284
8.605284
8.605284
8.605284
8.605284
8.605284
8.605284
8.605284
8.605284
8.605284
8.605284
8.605284
8.605284
8.605284
8.605284
8.605284
8.605284
8.605284
8.605284
8.605284
8.605284
8.605284
8.605284
8.605284
8.605284
8.605284
8.605284
8.605284
8.605284
8.605284
8.605284
8.605284
8.605284
8.605284
8.605284
8.605284
8.605284
8.605284
8.605284
8.605284
8.605284
8.605284
8.605284
8.605284
8.605284
8.605284
8.605284
8.605284
8.605284
8.605284
8.605284
8.605284
8.605284
8.605284
8.605284
8.605284
8.605284
8.605284
8.605284
8.605284
8.605284
8.605284
8.605284
8.605284
8.605284
8.605284
8.605284
8.605284
8.605284
8.605284
8.605284
8.605284
8.605284
8.605284
8.605284
8.605284
8.605284
8.605284
8.605284
8.605284
8.605284
8.605284
8.605284
8.605284
8.605284
8.605284
8.605284
8.605284
8.605284
8.605284
8.605284
8.605284
8.605284
8.605284
8.605284
8.605284
8.605284
8.605284
8.605284
8.605284
8.605284
8.605284
8.605284
8.605284
8.605284
8.605284
8.605284
8.605284
8.605284
8.605284
8.605284
8.605284
8.605284
8.605284
8.605284
8.605284
8.605284
8.605284
8.605284
8.605284
8.605284
8.605284
8.605284
8.605284
8.605284
8.605284
8.605284
8.605284
8.605284
8.605284
8.605284
8.605284
8.605284
8.605284
8.605284
8.605284
8.605284
8.605284
8.605284
8.605284
8.605284
8.605284
8.605284
8.605284
8.605284
8.605284
8.605284
8.605284
8.605284
8.605284
8.605284
8.605284
8.605284
8.605284
8.605284
8.605284
8.605284
8.605284
8.605284
8.605284
8.605284
8.605284
8.605284
8.605284
8.605284
8.605284
8.605284
8.605284
8.605284
8.605284
8.605284
8.605284
8.605284
8.605284
8.605284
8.605284
8.605284
8.605284
8.605284
8.605284
8.605284
8.605284
8.605284
8.605284
8.605284
8.605284
8.605284
8.605284
8.605284
8.605284
8.605284
8.605284
8.605284
8.605284
8.605284
8.605284
8.605284
8.605284
8.605284
8.605284
8.605284
8.605284
8.605284
8.605284
8.605284
8.605284
8.605284
8.605284
8.605284
8.605284
8.605284
8.605284
8.605284
8.605284
8.605284
8.605284
8.605284
8.605284
8.605284
8.605284
8.605284
8.605284
8.605284
8.605284
8.605284
8.605284
8.605284
8.605284
8.605284
8.605284
8.605284
8.605284
8.605284
8.605284
8.605284
8.605284
8.605284
8.605284
8.605284
8.605284
8.605284
8.605284
8.605284
8.605284
8.605284
8.605284
8.605284
8.605284
8.605284
8.605284
8.605284
8.605284
8.605284
8.605284
8.605284
8.605284
8.605284
8.605284
8.605284
8.605284
8.605284
8.605284
8.605284
8.605284
8.605284
8.605284
8.605284
8.605284
8.605284
8.605284
8.605284
8.605284
8.605284
8.605284
8.605284
8.605284
8.605284
8.605284
8.605284
8.605284
8.605284
8.605284
8.605284
8.605284
8.605284
8.605284
8.605284
8.605284
8.605284
8.605284
8.605284
8.605284
8.605284
8.605284
8.605284
8.605284
8.605284
8.605284
8.605284
8.605284
8.605284
8.605284
8.605284
8.605284
8.605284
8.605284
8.605284
8.605284
8.605284
8.605284
8.605284
8.605284
8.605284
8.605284
8.605284
8.605284
8.605284
8.605284
8.605284
8.605284
8.605284
8.605284
8.605284
8.605284
8.605284
8.605284
8.605284
8.605284
8.605284
8.605284
8.605284
8.605284
8.605284
8.605284
8.605284
8.605284
8.605284
8.605284
8.605284
8.605284
8.605284
8.605284
8.605284
8.605284
8.605284
8.605284
8.605284
8.605284
8.605284
8.605284
8.605284
8.605284
8.605284
8.605284
8.605284
8.605284
8.605284
8.605284
8.605284
8.605284
8.605284
8.605284
8.605284
8.605284
8.605284
8.605284
8.605284
8.605284
8.605284
8.605284
8.605284
8.605284
8.605284
8.605284
8.605284
8.605284
8.605284
8.605284
8.605284
8.605284
8.605284
8.605284
8.605284
8.605284
8.605284
8.605284
8.605284
8.605284
8.605284
8.605284
8.605284
8.605284
8.605284
8.605284
8.605284
8.605284
8.605284
8.605284
8.605284
8.605284
8.605284
8.605284
8.605284
8.605284
8.605284
8.605284
8.605284
8.605284
8.605284
8.605284
8.605284
8.605284
8.605284
8.605284
8.605284
8.605284
8.605284
8.605284
8.605284
8.605284
8.605284
8.605284
8.605284
8.605284
8.605284
8.605284
8.605284
8.605284
8.605284
8.605284
8.605284
8.605284
8.605284
8.605284
8.605284
8.605284
8.605284
8.605284
8.605284
8.605284
8.605284
8.605284
8.605284
8.605284
8.605284
8.605284
8.605284
8.605284
8.605284
8.605284
8.605284
8.605284
8.605284
8.605284
8.605284
8.605284
8.605284
8.605284
8.605284
8.605284
8.605284
8.605284
8.605284
8.605284
8.605284
8.605284
8.605284
8.605284
8.605284
8.605284
8.605284
8.605284
8.605284
8.605284
8.605284
8.605284
8.605284
8.605284
8.605284
8.605284
8.605284
8.605284
8.605284
8.605284
8.605284
8.605284
8.605284
8.605284
8.605284
8.605284
8.605284
8.605284
8.605284
8.605284
8.605284
8.605284
8.605284
8.605284
8.605284
8.605284
8.605284
8.605284
8.605284
8.605284
8.605284
8.605284
8.605284
8.605284
8.605284
8.605284
8.605284
8.605284
8.605284
8.605284
8.605284
8.605284
8.605284
8.605284
8.605284
8.605284
8.605284
8.605284
8.605284
8.605284
8.605284
8.605284
8.605284
8.605284
8.605284
8.605284
8.605284
8.605284
8.605284
8.605284
8.605284
8.605284
8.605284
8.605284
8.605284
8.605284
8.605284
8.605284
8.605284
8.605284
8.605284
8.605284
8.605284
8.605284
8.605284
8.605284
8.605284
8.605284
8.605284
8.605284
8.605284
8.605284
8.605284
8.605284
8.605284
8.605284
8.605284
8.605284
8.605284
8.605284
8.605284
8.605284
8.605284
8.605284
8.605284
8.605284
8.605284
8.605284
8.605284
8.605284
8.605284
8.605284
8.605284
8.605284
8.605284
8.605284
8.605284
8.605284
8.605284
8.605284
8.605284
8.605284
8.605284
8.605284
8.605284
8.605284
8.605284
8.605284
8.605284
8.605284
8.605284
8.605284
8.605284
8.605284
8.605284
8.605284
8.605284
8.605284
8.605284
8.605284
8.605284
8.605284
8.605284
8.605284
8.605284
8.605284
8.605284
8.605284
8.605284
8.605284
8.605284
8.605284
8.605284
8.605284
8.605284
8.605284
8.605284
8.605284
8.605284
8.605284
8.605284
8.605284
8.605284
8.605284
8.605284
8.605284
8.605284
8.605284
8.605284
8.605284
8.605284
8.605284
8.605284
8.605284
8.605284
8.605284
8.605284
8.605284
8.605284
8.605284
8.605284
8.605284
8.605284
8.605284
8.605284
8.605284
8.605284
8.605284
8.605284
8.605284
8.605284
8.605284
8.605284
8.605284
8.605284
8.605284
8.605284
8.605284
8.605284
8.605284
8.605284
8.605284
8.605284
8.605284
8.605284
8.605284
8.605284
8.605284
8.605284
8.605284
8.605284
8.605284
8.605284
8.605284
8.605284
8.605284
8.605284
8.605284
8.605284
8.605284
8.605284
8.605284
8.605284
8.605284
8.605284
8.605284
8.605284
8.605284
8.605284
8.605284
8.605284
8.605284
8.605284
8.605284
8.605284
8.605284
8.605284
8.605284
8.605284
8.605284
8.605284
8.605284
8.605284
8.605284
8.605284
8.605284
8.605284
8.605284
8.605284
8.605284
8.605284
8.605284
8.605284
8.605284
8.605284
8.605284
8.605284
8.605284
8.605284
8.605284
8.605284
8.605284
8.605284
8.605284
8.605284
8.605284
8.605284
8.605284
8.605284
8.605284
8.605284
8.605284
8.605284
8.605284
8.605284
8.605284
8.605284
8.605284
8.605284
8.605284
8.605284
8.605284
8.605284
8.605284
8.605284
8.605284
8.605284
8.605284
8.605284
8.605284
8.605284
8.605284
8.605284
8.605284
8.605284
8.605284
8.605284
8.605284
8.605284
8.605284
8.605284
8.605284
8.605284
8.605284
8.605284
8.605284
8.605284
8.605284
8.605284
8.605284
8.605284
8.605284
8.605284
8.605284
8.605284
8.605284
8.605284
8.605284
8.605284
8.605284
8.605284
8.605284
8.605284
8.605284
8.605284
8.605284
8.605284
8.605284
8.605284
8.605284
8.605284
8.605284
8.605284
8.605284
8.605284
8.605284
8.605284
8.605284
8.605284
8.605284
8.605284
8.605284
8.605284
8.605284
8.605284
8.605284
8.605284
8.605284
8.605284
8.605284
8.605284
8.605284
8.605284
8.605284
8.605284
8.605284
8.605284
8.605284
8.605284
8.605284
8.605284
8.605284
8.605284
8.605284
8.605284
8.605284
8.605284
8.605284
8.605284
8.605284
8.605284
8.605284
8.605284
8.605284
8.605284
8.605284
8.605284
8.605284
8.605284
8.605284
8.605284
8.605284
8.605284
8.605284
8.605284
8.605284
8.605284
8.605284
8.605284
8.605284
8.605284
8.605284
8.605284
8.605284
8.605284
8.605284
8.605284
8.605284
8.605284
8.605284
8.605284
8.605284
8.605284
8.605284
8.605284
8.605284
8.605284
8.605284
8.605284
8.605284
8.605284
8.605284
8.605284
8.605284
8.605284
8.605284
8.605284
8.605284
8.605284
8.605284
8.605284
8.605284
8.605284
8.605284
8.605284
8.605284
8.605284
8.605284
8.605284
8.605284
8.605284
8.605284
8.605284
8.605284
8.605284
8.605284
8.605284
8.605284
8.605284
8.605284
8.605284
8.605284
8.605284
8.605284
8.605284
8.605284
8.605284
8.605284
8.605284
8.605284
8.605284
8.605284
8.605284
8.605284
8.605284
8.605284
8.605284
8.605284
8.605284
8.605284
8.605284
8.605284
8.605284
8.605284
8.605284
8.605284
8.605284
8.605284
8.605284
8.605284
8.605284
8.605284
8.605284
8.605284
8.605284
8.605284
8.605284
8.605284
8.605284
8.605284
8.605284
8.605284
8.605284
8.605284
8.605284
8.605284
8.605284
8.605284
8.605284
8.605284
8.605284
8.605284
8.605284
8.605284
8.605284
8.605284
8.605284
8.605284
8.605284
8.605284
8.605284
8.605284
8.605284
8.605284
8.605284
8.605284
8.605284
8.605284
8.605284
8.605284
8.605284
8.605284
8.605284
8.605284
8.605284
8.605284
8.605284
8.605284
8.605284
8.605284
8.605284
8.605284
8.605284
8.605284
8.605284
8.605284
8.605284
8.605284
8.605284
8.605284
8.605284
8.605284
8.605284
8.605284
8.605284
8.605284
8.605284
8.605284
8.605284
8.605284
8.605284
8.605284
8.605284
8.605284
8.605284
8.605284
8.605284
8.605284
8.605284
8.605284
8.605284
8.605284
8.605284
8.605284
8.605284
8.605284
8.605284
8.605284
8.605284
8.605284
8.605284
8.605284
8.605284
8.605284
8.605284
8.605284
8.605284
8.605284
8.605284
8.605284
8.605284
8.605284
8.605284
8.605284
8.605284
8.605284
8.605284
8.605284
8.605284
8.605284
8.605284
8.605284
8.605284
8.605284
8.605284
8.605284
8.605284
8.605284
8.605284
8.605284
8.605284
8.605284
8.605284
8.605284
8.605284
8.605284
8.605284
8.605284
8.605284
8.605284
8.605284
8.605284
8.605284
8.605284
8.605284
8.605284
8.605284
8.605284
8.605284
8.605284
8.605284
8.605284
8.605284
8.605284
8.605284
8.605284
8.605284
8.605284
8.605284
8.605284
8.605284
8.605284
8.605284
8.605284
8.605284
8.605284
8.605284
8.605284
8.605284
8.605284
8.605284
8.605284
8.605284
8.605284
8.605284
8.605284
8.605284
8.605284
8.605284
8.605284
8.605284
8.605284
8.605284
8.605284
8.605284
8.605284
8.605284
8.605284
8.605284
8.605284
8.605284
8.605284
8.605284
8.605284
8.605284
8.605284
8.605284
8.605284
8.605284
8.605284
8.605284
8.605284
8.605284
8.605284
8.605284
8.605284
8.605284
8.605284
8.605284
8.605284
8.605284
8.605284
8.605284
8.605284
8.605284
8.605284
8.605284
8.605284
8.605284
8.605284
8.605284
8.605284
8.605284
8.605284
8.605284
8.605284
8.605284
8.605284
8.605284
8.605284
8.605284
8.605284
8.605284
8.605284
8.605284
8.605284
8.605284
8.605284
8.605284
8.605284
8.605284
8.605284
8.605284
8.605284
8.605284
8.605284
8.605284
8.605284
8.605284
8.605284
8.605284
8.605284
8.605284
8.605284
8.605284
8.605284
8.605284
8.605284
8.605284
8.605284
8.605284
8.605284
8.605284
8.605284
8.605284
8.605284
8.605284
8.605284
8.605284
8.605284
8.605284
8.605284
8.605284
8.605284
8.605284
8.605284
8.605284
8.605284
8.605284
8.605284
8.605284
8.605284
8.605284
8.605284
8.605284
8.605284
8.605284
8.605284
8.605284
8.605284
8.605284
8.605284
8.605284
8.605284
8.605284
8.605284
8.605284
8.605284
8.605284
8.605284
8.605284
8.605284
8.605284
8.605284
8.605284
8.605284
8.605284
8.605284
8.605284
8.605284
8.605284
8.605284
8.605284
8.605284
8.605284
8.605284
8.605284
8.605284
8.605284
8.605284
8.605284
8.605284
8.605284
8.605284
8.605284
8.605284
8.605284
8.605284
8.605284
8.605284
8.605284
8.605284
8.605284
8.605284
8.605284
8.605284
8.605284
8.605284
8.605284
8.605284
8.605284
8.605284
8.605284
8.605284
8.605284
8.605284
8.605284
8.605284
8.605284
8.605284
8.605284
8.605284
8.605284
8.605284
8.605284
8.605284
8.605284
8.605284
8.605284
8.605284
8.605284
8.605284
8.605284
8.605284
8.605284
8.605284
8.605284
8.605284
8.605284
8.605284
8.605284
8.605284
8.605284
8.605284
8.605284
8.605284
8.605284
8.605284
8.605284
8.605284
8.605284
8.605284
8.605284
8.605284
8.605284
8.605284
8.605284
8.605284
8.605284
8.605284
8.605284
8.605284
8.605284
8.605284
8.605284
8.605284
8.605284
8.605284
8.605284
8.605284
8.605284
8.605284
8.605284
8.605284
8.605284
8.605284
8.605284
8.605284
8.605284
8.605284
8.605284
8.605284
8.605284
8.605284
8.605284
8.605284
8.605284
8.605284
8.605284
8.605284
8.605284
8.605284
8.605284
8.605284
8.605284
8.605284
8.605284
8.605284
8.605284
8.605284
8.605284
8.605284
8.605284
8.605284
8.605284
8.605284
8.605284
8.605284
8.605284
8.605284
8.605284
8.605284
8.605284
8.605284
8.605284
8.605284
8.605284
8.605284
8.605284
8.605284
8.605284
8.605284
8.605284
8.605284
8.605284
8.605284
8.605284
8.605284
8.605284
8.605284
8.605284
8.605284
8.605284
8.605284
8.605284
8.605284
8.605284
8.605284
8.605284
8.605284
8.605284
8.605284
8.605284
8.605284
8.605284
8.605284
8.605284
8.605284
8.605284
8.605284
8.605284
8.605284
8.605284
8.605284
8.605284
8.605284
8.605284
8.605284
8.605284
8.605284
8.605284
8.605284
8.605284
8.605284
8.605284
8.605284
8.605284
8.605284
8.605284
8.605284
8.605284
8.605284
8.605284
8.605284
8.605284
8.605284
8.605284
8.605284
8.605284
8.605284
8.605284
8.605284
8.605284
8.605284
8.605284
8.605284
8.605284
8.605284
8.605284
8.605284
8.605284
8.605284
8.605284
8.605284
8.605284
8.605284
8.605284
8.605284
8.605284
8.605284
8.605284
8.605284
8.605284
8.605284
8.605284
8.605284
8.605284
8.605284
8.605284
8.605284
8.605284
8.605284
8.605284
8.605284
8.605284
8.605284
8.605284
8.605284
8.605284
8.605284
8.605284
8.605284
8.605284
8.605284
8.605284
8.605284
8.605284
8.605284
8.605284
8.605284
8.605284
8.605284
8.605284
8.605284
8.605284
8.605284
8.605284
8.605284
8.605284
8.605284
8.605284
8.605284
8.605284
8.605284
8.605284
8.605284
8.605284
8.605284
8.605284
8.605284
8.605284
8.605284
8.605284
8.605284
8.605284
8.605284
8.605284
8.605284
8.605284
8.605284
8.605284
8.605284
8.605284
8.605284
8.605284
8.605284
8.605284
8.605284
8.605284
8.605284
8.605284
8.605284
8.605284
8.605284
8.605284
8.605284
8.605284
8.605284
8.605284
8.605284
8.605284
8.605284
8.605284
8.605284
8.605284
8.605284
8.605284
8.605284
8.605284
8.605284
8.605284
8.605284
8.605284
8.605284
8.605284
8.605284
8.605284
8.605284
8.605284
8.605284
8.605284
8.605284
8.605284
8.605284
8.605284
8.605284
8.605284
8.605284
8.605284
8.605284
8.605285
8.605285
8.605286
8.605287
8.605288
8.605289
8.605291
8.605292
8.605294
8.605296
8.605297
8.605299
8.605300
8.605302
8.605303
8.605304
8.605305
8.605306
8.605307
8.605307
8.605307
8.605306
8.605305
8.605304
8.605302
8.605300
8.605297
8.605293
8.605290
8.605285
8.605280
8.605275
8.605269
8.605262
8.605255
8.605247
8.605239
8.605230
8.605220
8.605210
8.605200
8.605188
8.605176
8.605164
8.605150
8.605136
8.605121
8.605106
8.605090
8.605074
8.605057
8.605040
8.605022
8.605004
8.604985
8.604965
8.604945
8.604924
8.604903
8.604882
8.604860
8.604837
8.604815
8.604792
8.604768
8.604745
8.604721
8.604697
8.604673
8.604649
8.604625
8.604601
8.604576
8.604552
8.604528
8.604503
8.604479
8.604456
8.604432
8.604408
8.604385
8.604362
8.604339
8.604316
8.604294
8.604271
8.604248
8.604226
8.604203
8.604180
8.604158
8.604135
8.604112
8.604089
8.604067
8.604044
8.604021
8.603999
8.603976
8.603953
8.603931
8.603908
8.603885
8.603862
8.603840
8.603817
8.603794
8.603771
8.603749
8.603726
8.603703
8.603680
8.603658
8.603635
8.603612
8.603590
8.603567
8.603544
8.603522
8.603499
8.603477
8.603454
8.603431
8.603409
8.603386
8.603364
8.603341
8.603318
8.603296
8.603273
8.603250
8.603228
8.603205
8.603182
8.603160
8.603137
8.603114
8.603091
8.603068
8.603045
8.603022
8.603000
8.602977
8.602955
8.602932
8.602910
8.602887
8.602864
8.602842
8.602819
8.602796
8.602773
8.602751
8.602728
8.602705
8.602683
8.602660
8.602638
8.602615
8.602592
8.602570
8.602547
8.602524
8.602502
8.602479
8.602457
8.602434
8.602411
8.602388
8.602366
8.602343
8.602320
8.602298
8.602275
8.602252
8.602229
8.602207
8.602184
8.602161
8.602139
8.602116
8.602093
8.602070
8.602048
8.602025
8.602002
8.601979
8.601956
8.601933
8.601911
8.601888
8.601866
8.601843
8.601820
8.601798
8.601775
8.601752
8.601730
8.601707
8.601685
8.601662
8.601640
8.601617
8.601594
8.601572
8.601549
8.601526
8.601503
8.601481
8.601458
8.601435
8.601413
8.601390
8.601367
8.601344
8.601322
8.601299
8.601276
8.601253
8.601231
8.601208
8.601185
8.601162
8.601139
8.601117
8.601094
8.601072
8.601049
8.601027
8.601004
8.600981
8.600959
8.600936
8.600913
8.600891
8.600868
8.600845
8.600823
8.600800
8.600778
8.600755
8.600732
8.600709
8.600687
8.600664
8.600641
8.600619
8.600596
8.600573
8.600550
8.600528
8.600505
8.600482
8.600459
8.600437
8.600414
8.600391
8.600369
8.600346
8.600323
8.600301
8.600278
8.600255
8.600232
8.600210
8.600187
8.600164
8.600142
8.600119
8.600097
8.600074
8.600052
8.600029
8.600006
8.599984
8.599961
8.599938
8.599915
8.599893
8.599870
8.599847
8.599825
8.599802
8.599779
8.599757
8.599734
8.599711
8.599689
8.599666
8.599643
8.599620
8.599597
8.599575
8.599552
8.599530
8.599508
8.599486
8.599465
8.599444
8.599423
8.599402
8.599382
8.599362
8.599342
8.599322
8.599302
8.599282
8.599261
8.599241
8.599220
8.599199
8.599177
8.599155
8.599132
8.599109
8.599085
8.599061
8.599037
8.599011
8.598985
8.598958
8.598930
8.598901
8.598872
8.598842
8.598811
8.598779
8.598746
8.598712
8.598677
8.598642
8.598605
8.598568
8.598529
8.598490
8.598449
8.598408
8.598365
8.598322
8.598277
8.598232
8.598186
8.598139
8.598092
8.598043
8.597994
8.597944
8.597893
8.597841
8.597788
8.597734
8.597680
8.597625
8.597569
8.597513
8.597456
8.597398
8.597341
8.597282
8.597224
8.597165
8.597106
8.597046
8.596986
8.596926
8.596866
8.596806
8.596746
8.596686
8.596627
8.596567
8.596508
8.596449
8.596390
8.596332
8.596274
8.596216
8.596159
8.596101
8.596044
8.595987
8.595929
8.595872
8.595814
8.595757
8.595699
8.595642
8.595584
8.595527
8.595469
8.595412
8.595354
8.595297
8.595240
8.595182
8.595125
8.595068
8.595010
8.594953
8.594895
8.594838
8.594781
8.594723
8.594666
8.594608
8.594551
8.594493
8.594436
8.594379
8.594321
8.594264
8.594208
8.594151
8.594094
8.594038
8.593982
8.593926
8.593871
8.593815
8.593760
8.593704
8.593649
8.593593
8.593537
8.593480
8.593424
8.593367
8.593311
8.593253
8.593196
8.593138
8.593080
8.593022
8.592963
8.592903
8.592843
8.592783
8.592722
8.592661
8.592599
8.592536
8.592473
8.592409
8.592345
8.592280
8.592214
8.592148
8.592081
8.592013
8.591945
8.591876
8.591807
8.591737
8.591666
8.591595
8.591523
8.591450
8.591377
8.591303
8.591228
8.591153
8.591077
8.591001
8.590924
8.590847
8.590769
8.590691
8.590612
8.590533
8.590453
8.590373
8.590293
8.590212
8.590131
8.590049
8.589968
8.589886
8.589803
8.589721
8.589638
8.589555
8.589472
8.589389
8.589307
8.589224
8.589141
8.589059
8.588977
8.588895
8.588813
8.588731
8.588649
8.588568
8.588487
8.588407
8.588326
8.588246
8.588166
8.588086
8.588007
8.587927
8.587848
8.587768
8.587689
8.587609
8.587530
8.587450
8.587370
8.587290
8.587209
8.587129
8.587048
8.586967
8.586885
8.586803
8.586721
8.586638
8.586555
8.586471
8.586387
8.586302
8.586217
8.586131
8.586045
8.585958
8.585871
8.585783
8.585695
8.585605
8.585516
8.585425
8.585334
8.585242
8.585150
8.585057
8.584963
8.584869
8.584775
8.584680
8.584584
8.584487
8.584390
8.584293
8.584194
8.584096
8.583997
8.583897
8.583797
8.583696
8.583595
8.583494
8.583392
8.583289
8.583187
8.583083
8.582980
8.582877
8.582773
8.582670
8.582567
8.582463
8.582360
8.582257
8.582154
8.582051
8.581948
8.581845
8.581743
8.581640
8.581538
8.581435
8.581333
8.581230
8.581128
8.581025
8.580922
8.580819
8.580715
8.580611
8.580506
8.580401
8.580295
8.580189
8.580083
8.579975
8.579867
8.579759
8.579650
8.579540
8.579429
8.579318
8.579206
8.579093
8.578979
8.578865
8.578750
8.578634
8.578517
8.578400
8.578282
8.578164
8.578044
8.577924
8.577804
8.577682
8.577560
8.577437
8.577314
8.577190
8.577066
8.576941
8.576816
8.576690
8.576565
8.576438
8.576312
8.576185
8.576057
8.575929
8.575801
8.575672
8.575543
8.575413
8.575283
8.575152
8.575021
8.574889
8.574757
8.574624
8.574491
8.574357
8.574223
8.574089
8.573955
8.573820
8.573685
8.573549
8.573413
8.573277
8.573140
8.573002
8.572864
8.572726
8.572586
8.572446
8.572305
8.572164
8.572022
8.571879
8.571736
8.571592
8.571448
8.571303
8.571157
8.571011
8.570865
8.570718
8.570571
8.570424
8.570276
8.570127
8.569978
8.569828
8.569677
8.569525
8.569372
8.569218
8.569064
8.568909
8.568753
8.568596
8.568439
8.568280
8.568121
8.567961
8.567800
8.567639
8.567477
8.567314
8.567150
8.566986
8.566821
8.566656
8.566489
8.566322
8.566155
8.565987
8.565818
8.565649
8.565480
8.565310
8.565140
8.564968
8.564797
8.564624
8.564450
8.564276
8.564101
8.563926
8.563749
8.563572
8.563394
8.563215
8.563035
8.562854
8.562672
8.562489
8.562306
8.562121
8.561936
8.561750
8.561563
8.561375
8.561186
8.560997
8.560807
8.560616
8.560425
8.560234
8.560041
8.559849
8.559656
8.559463
8.559270
8.559076
8.558883
8.558689
8.558495
8.558301
8.558107
8.557913
8.557718
8.557522
8.557327
8.557131
8.556934
8.556737
8.556539
8.556340
8.556140
8.555940
8.555738
8.555536
8.555333
8.555129
8.554924
8.554718
8.554511
8.554304
8.554096
8.553887
8.553678
8.553468
8.553257
8.553046
8.552834
8.552621
8.552407
8.552193
8.551978
8.551762
8.551545
8.551327
8.551107
8.550887
8.550666
8.550444
8.550221
8.549996
8.549770
8.549543
8.549315
8.549086
8.548855
8.548624
8.548391
8.548158
8.547923
8.547686
8.547449
8.547211
8.546971
8.546730
8.546488
8.546244
8.545999
8.545753
8.545506
8.545257
8.545006
8.544755
8.544502
8.544248
8.543993
8.543737
8.543480
8.543221
8.542962
8.542702
8.542441
8.542179
8.541916
8.541652
8.541387
8.541121
8.540853
8.540585
8.540315
8.540044
8.539771
8.539497
8.539221
8.538944
8.538667
8.538387
8.538107
8.537825
8.537543
8.537259
8.536974
8.536687
8.536400
8.536113
8.535824
8.535535
8.535245
8.534954
8.534662
8.534369
8.534076
8.533781
8.533486
8.533189
8.532892
8.532593
8.532293
8.531992
8.531690
8.531387
8.531083
8.530778
8.530472
8.530166
8.529858
8.529550
8.529240
8.528930
8.528619
8.528306
8.527994
8.527680
8.527365
8.527050
8.526734
8.526417
8.526099
8.525780
8.525460
8.525139
8.524818
8.524496
8.524174
8.523850
8.523526
8.523200
8.522874
8.522547
8.522218
8.521889
8.521559
8.521227
8.520895
8.520562
8.520228
8.519893
8.519557
8.519220
8.518882
8.518543
8.518204
8.517863
8.517521
8.517178
8.516833
8.516488
8.516140
8.515792
8.515442
8.515090
8.514737
8.514382
8.514026
8.513668
8.513309
8.512949
8.512587
8.512224
8.511860
8.511494
8.511127
8.510758
8.510387
8.510014
8.509640
8.509264
8.508886
8.508506
8.508125
8.507741
8.507356
8.506970
8.506582
8.506192
8.505801
8.505408
8.505014
8.504619
8.504222
8.503823
8.503423
8.503021
8.502617
8.502212
8.501805
8.501397
8.500988
8.500577
8.500165
8.499751
8.499336
8.498920
8.498503
8.498084
8.497665
8.497244
8.496822
8.496399
8.495975
8.495550
8.495124
8.494697
8.494269
8.493840
8.493409
8.492978
8.492545
8.492110
8.491674
8.491237
8.490800
8.490361
8.489921
8.489481
8.489040
8.488598
8.488156
8.487712
8.487267
8.486821
8.486374
8.485925
8.485474
8.485022
8.484568
8.484113
8.483656
8.483198
8.482738
8.482276
8.481813
8.481347
8.480880
8.480411
8.479940
8.479468
8.478993
8.478517
8.478038
8.477558
8.477077
8.476593
8.476108
8.475621
8.475132
8.474641
8.474147
8.473652
8.473155
8.472655
8.472153
8.471648
8.471141
8.470632
8.470120
8.469606
8.469089
8.468570
8.468049
8.467525
8.467000
8.466472
8.465942
8.465410
8.464875
8.464339
8.463800
8.463259
8.462715
8.462169
8.461621
8.461071
8.460518
8.459963
8.459406
8.458847
8.458285
8.457722
8.457157
8.456590
8.456021
8.455449
8.454877
8.454302
8.453726
8.453147
8.452567
8.451986
8.451403
8.450817
8.450231
8.449642
8.449051
8.448458
8.447863
8.447266
8.446667
8.446066
8.445462
8.444857
8.444249
8.443640
8.443029
8.442416
8.441801
8.441185
8.440567
8.439947
8.439325
8.438702
8.438076
8.437449
8.436820
8.436189
8.435556
8.434921
8.434285
8.433646
8.433005
8.432363
8.431718
8.431072
8.430423
8.429773
8.429121
8.428466
8.427810
8.427151
8.426490
8.425827
8.425163
8.424496
8.423827
8.423156
8.422483
8.421808
8.421130
8.420451
8.419769
8.419085
8.418399
8.417710
8.417019
8.416326
8.415630
8.414932
8.414232
8.413530
8.412826
8.412120
8.411411
8.410701
8.409989
8.409274
8.408558
8.407839
8.407118
8.406394
8.405668
8.404939
8.404208
8.403475
8.402739
8.402000
8.401258
8.400513
8.399766
8.399015
8.398262
8.397506
8.396747
8.395986
8.395222
8.394456
8.393687
8.392916
8.392143
8.391367
8.390589
8.389809
8.389026
8.388241
8.387453
8.386662
8.385869
8.385073
8.384274
8.383472
8.382669
8.381862
8.381053
8.380242
8.379429
8.378614
8.377797
8.376978
8.376157
8.375334
8.374510
8.373683
8.372855
8.372024
8.371192
8.370357
8.369519
8.368679
8.367837
8.366993
8.366145
8.365296
8.364444
8.363590
8.362734
8.361876
8.361016
8.360154
8.359290
8.358425
8.357559
8.356690
8.355821
8.354949
8.354076
8.353201
8.352324
8.351445
8.350564
8.349680
8.348793
8.347904
8.347011
8.346116
8.345217
8.344315
8.343410
8.342502
8.341591
8.340677
8.339760
8.338840
8.337917
8.336991
8.336062
8.335130
8.334194
8.333255
8.332312
8.331366
8.330417
8.329464
8.328507
8.327546
8.326581
8.325613
8.324641
8.323664
8.322684
8.321700
8.320712
8.319721
8.318727
8.317730
8.316729
8.315726
8.314719
8.313710
8.312696
8.311680
8.310660
8.309637
8.308611
8.307581
8.306548
8.305511
8.304470
8.303426
8.302379
8.301328
8.300273
8.299215
8.298154
8.297090
8.296023
8.294953
8.293882
8.292808
8.291732
8.290653
8.289573
8.288489
8.287404
8.286316
8.285225
8.284132
8.283037
8.281938
8.280837
8.279733
8.278625
8.277514
8.276399
8.275281
8.274160
8.273036
8.271910
8.270781
8.269649
8.268515
8.267379
8.266239
8.265098
8.263953
8.262805
8.261655
8.260502
8.259345
8.258184
8.257020
8.255852
8.254680
8.253504
8.252324
8.251140
8.249952
8.248760
8.247565
8.246366
8.245164
8.243958
8.242750
8.241538
8.240323
8.239105
8.237884
8.236660
8.235432
8.234201
8.232966
8.231727
8.230485
8.229238
8.227987
8.226731
8.225471
8.224206
8.222935
8.221660
8.220380
8.219095
8.217806
8.216512
8.215214
8.213911
8.212604
8.211293
8.209977
8.208657
8.207332
8.206003
8.204669
8.203331
8.201989
8.200641
8.199289
8.197932
8.196569
8.195201
8.193828
8.192449
8.191066
8.189678
8.188286
8.186889
8.185489
8.184086
8.182678
8.181267
8.179853
8.178435
8.177014
8.175590
8.174161
8.172729
8.171293
8.169852
8.168407
8.166957
8.165502
8.164042
8.162577
8.161107
8.159632
8.158152
8.156667
8.155177
8.153683
8.152184
8.150682
8.149175
8.147664
8.146149
8.144630
8.143107
8.141579
8.140047
8.138511
8.136970
8.135424
8.133873
8.132318
8.130757
8.129191
8.127620
8.126043
8.124462
8.122875
8.121283
8.119686
8.118085
8.116479
8.114868
8.113254
8.111635
8.110011
8.108384
8.106751
8.105114
8.103472
8.101826
8.100174
8.098517
8.096855
8.095188
8.093516
8.091839
8.090157
8.088470
8.086778
8.085082
8.083382
8.081679
8.079971
8.078260
8.076546
8.074828
8.073107
8.071382
8.069654
8.067923
8.066189
8.064450
8.062708
8.060962
8.059212
8.057457
8.055697
8.053932
8.052162
8.050388
8.048608
8.046823
8.045034
8.043240
8.041442
8.039639
8.037832
8.036021
8.034204
8.032383
8.030557
8.028726
8.026889
8.025047
8.023200
8.021347
8.019488
8.017623
8.015752
8.013874
8.011989
8.010098
8.008200
8.006295
8.004385
8.002469
8.000548
7.998620
7.996688
7.994749
7.992805
7.990855
7.988899
7.986937
7.984970
7.982996
7.981016
7.979030
7.977037
7.975037
7.973030
7.971016
7.968994
7.966965
7.964930
7.962887
7.960837
7.958781
7.956718
7.954649
7.952575
7.950494
7.948407
7.946314
7.944215
7.942110
7.939999
7.937882
7.935758
7.933629
7.931494
7.929352
7.927204
7.925049
7.922887
7.920719
7.918544
7.916363
7.914176
7.911983
7.909785
7.907581
7.905373
7.903160
7.900942
7.898719
7.896492
7.894259
7.892022
7.889780
7.887533
7.885281
7.883024
7.880762
7.878494
7.876220
7.873939
7.871653
7.869361
7.867063
7.864760
7.862451
7.860138
7.857820
7.855498
7.853171
7.850840
7.848504
7.846163
7.843818
7.841468
7.839113
7.836754
7.834390
7.832020
7.829644
7.827263
7.824875
7.822480
7.820079
7.817671
7.815257
7.812837
7.810410
7.807978
7.805541
7.803098
7.800649
7.798195
7.795735
7.793269
7.790798
7.788321
7.785837
7.783348
7.780852
7.778350
7.775841
7.773325
7.770802
7.768271
7.765733
7.763187
7.760633
7.758073
7.755505
7.752931
7.750350
7.747763
7.745170
7.742570
7.739963
7.737350
7.734731
7.732105
7.729473
7.726835
7.724191
7.721541
7.718884
7.716220
7.713548
7.710870
7.708183
7.705490
7.702789
7.700082
7.697368
7.694648
7.691923
7.689192
7.686455
7.683713
7.680966
7.678214
7.675456
7.672693
7.669925
7.667151
7.664371
7.661586
7.658795
7.655997
7.653193
7.650382
7.647564
7.644739
7.641907
7.639069
7.636224
7.633374
7.630518
7.627657
7.624791
7.621919
7.619042
7.616160
7.613273
7.610381
7.607483
7.604581
7.601673
7.598761
7.595843
7.592920
7.589991
7.587056
7.584114
7.581165
7.578211
7.575250
7.572283
7.569311
7.566333
7.563351
7.560364
7.557372
7.554375
7.551374
7.548369
7.545358
7.542343
7.539323
7.536298
7.533267
7.530231
7.527188
7.524140
7.521085
7.518023
7.514955
7.511880
7.508798
7.505710
7.502615
7.499515
7.496409
7.493298
7.490180
7.487058
7.483930
7.480797
7.477658
7.474514
7.471364
7.468209
7.465047
7.461880
7.458706
7.455526
7.452338
7.449143
7.445940
7.442730
7.439512
7.436287
7.433055
7.429816
7.426571
7.423320
7.420063
7.416801
7.413533
7.410260
7.406981
7.403697
7.400406
7.397109
7.393807
7.390498
7.387183
7.383860
7.380531
7.377194
7.373850
7.370498
7.367138
7.363771
7.360397
7.357017
7.353630
7.350237
7.346838
7.343434
7.340024
7.336609
7.333188
7.329762
7.326330
7.322893
7.319450
7.316001
7.312547
7.309086
7.305618
7.302144
7.298662
7.295172
7.291675
7.288171
7.284659
7.281141
7.277616
7.274085
7.270548
7.267006
7.263458
7.259905
7.256346
7.252782
7.249212
7.245636
7.242055
7.238469
7.234876
7.231277
7.227672
7.224061
7.220442
7.216817
7.213185
7.209546
7.205901
7.202249
7.198592
7.194928
7.191260
7.187587
7.183910
7.180228
7.176543
7.172853
7.169159
7.165460
7.161758
7.158051
7.154340
7.150624
7.146903
7.143176
7.139444
7.135705
7.131960
7.128209
7.124451
7.120687
7.116916
7.113140
7.109359
7.105572
7.101781
7.097985
7.094183
7.090378
7.086567
7.082752
7.078931
7.075106
7.071275
7.067438
7.063596
7.059747
7.055892
7.052030
7.048161
7.044285
7.040401
7.036510
7.032612
7.028707
7.024796
7.020879
7.016956
7.013027
7.009093
7.005154
7.001209
6.997259
6.993304
6.989343
6.985377
6.981405
6.977428
6.973444
6.969454
6.965458
6.961454
6.957443
6.953424
6.949398
6.945365
6.941324
6.937277
6.933224
6.929165
6.925101
6.921031
6.916956
6.912876
6.908791
6.904701
6.900607
6.896507
6.892403
6.888294
6.884179
6.880059
6.875933
6.871801
6.867662
6.863517
6.859365
6.855206
6.851041
6.846870
6.842692
6.838509
6.834321
6.830128
6.825930
6.821729
6.817523
6.813313
6.809100
6.804882
6.800660
6.796434
6.792204
6.787970
6.783731
6.779487
6.775238
6.770984
6.766724
6.762459
6.758188
6.753913
6.749632
6.745347
6.741058
6.736765
6.732469
6.728169
6.723866
6.719561
6.715253
6.710943
6.706631
6.702315
6.697997
6.693676
6.689352
6.685023
6.680691
6.676354
6.672012
6.667666
6.663314
6.658958
6.654596
6.650230
6.645858
6.641482
6.637101
6.632716
6.628327
6.623933
6.619536
6.615135
6.610730
6.606321
6.601907
6.597490
6.593068
6.588641
6.584209
6.579771
6.575326
6.570876
6.566418
6.561954
6.557483
6.553006
6.548521
6.544031
6.539534
6.535031
6.530523
6.526009
6.521490
6.516966
6.512437
6.507903
6.503364
6.498820
6.494271
6.489717
6.485158
6.480593
6.476022
6.471444
6.466861
6.462270
6.457673
6.453070
6.448461
6.443845
6.439224
6.434596
6.429964
6.425326
6.420684
6.416038
6.411388
6.406734
6.402077
6.397415
6.392751
6.388082
6.383409
6.378733
6.374052
6.369366
6.364676
6.359981
6.355280
6.350574
6.345864
6.341147
6.336426
6.331699
6.326968
6.322232
6.317491
6.312746
6.307998
6.303245
6.298489
6.293730
6.288968
6.284202
6.279432
6.274659
6.269883
6.265102
6.260318
6.255530
6.250737
6.245939
6.241137
6.236331
6.231520
6.226705
6.221887
6.217064
6.212238
6.207409
6.202578
6.197744
6.192908
6.188071
6.183231
6.178391
6.173549
6.168706
6.163860
6.159013
6.154163
6.149311
6.144455
6.139596
6.134733
6.129866
6.124995
6.120119
6.115240
6.110355
6.105467
6.100574
6.095677
6.090777
6.085872
6.080964
6.076052
6.071137
6.066218
6.061295
6.056369
6.051439
6.046506
6.041568
6.036625
6.031678
6.026725
6.021768
6.016804
6.011835
6.006860
6.001879
5.996892
5.991900
5.986902
5.981898
5.976889
5.971875
5.966855
5.961831
5.956802
5.951768
5.946729
5.941687
5.936639
5.931588
5.926531
5.921470
5.916404
5.911333
5.906256
5.901175
5.896088
5.890997
5.885901
5.880800
5.875695
5.870586
5.865473
5.860356
5.855236
5.850113
5.844988
5.839860
5.834730
5.829598
5.824465
5.819330
5.814193
5.809054
5.803914
5.798771
5.793625
5.788477
5.783325
5.778170
5.773012
5.767850
5.762685
5.757516
5.752344
5.747168
5.741990
5.736808
5.731623
5.726436
5.721247
5.716054
5.710859
5.705662
5.700463
5.695260
5.690055
5.684848
5.679637
5.674423
5.669206
5.663986
5.658761
5.653533
5.648301
5.643065
5.637826
5.632583
5.627336
5.622086
5.616833
5.611577
5.606319
5.601057
5.595793
5.590527
5.585259
5.579989
5.574716
5.569442
5.564165
5.558886
5.553606
5.548322
5.543037
5.537749
5.532458
5.527165
5.521870
5.516571
5.511271
5.505967
5.500661
5.495353
5.490042
5.484730
5.479415
5.474098
5.468780
5.463460
5.458138
5.452814
5.447488
5.442161
5.436831
5.431499
5.426165
5.420827
5.415487
5.410144
5.404797
5.399447
5.394094
5.388737
5.383376
5.378012
5.372645
5.367274
5.361900
5.356523
5.351142
5.345759
5.340372
5.334983
5.329591
5.324195
5.318797
5.313395
5.307990
5.302581
5.297169
5.291753
5.286333
5.280909
5.275481
5.270049
5.264613
5.259173
5.253729
5.248281
5.242830
5.237375
5.231916
5.226454
5.220989
5.215521
5.210050
5.204576
5.199100
5.193621
5.188140
5.182657
5.177171
5.171683
5.166193
5.160701
5.155206
5.149709
5.144210
5.138709
5.133205
5.127700
5.122193
5.116684
5.111173
5.105661
5.100147
5.094633
5.089116
5.083599
5.078081
5.072561
5.067041
5.061519
5.055996
5.050471
5.044945
5.039417
5.033888
5.028356
5.022823
5.017287
5.011749
5.006209
5.000667
4.995123
4.989576
4.984027
4.978476
4.972923
4.967368
4.961811
4.956252
4.950692
4.945129
4.939565
4.934000
4.928433
4.922864
4.917295
4.911724
4.906151
4.900577
4.895002
4.889425
4.883847
4.878268
4.872687
4.867105
4.861522
4.855937
4.850351
4.844764
4.839176
4.833586
4.827995
4.822403
4.816810
4.811215
4.805619
4.800022
4.794424
4.788824
4.783224
4.777623
4.772020
4.766417
4.760813
4.755207
4.749601
4.743994
4.738386
4.732777
4.727167
4.721557
4.715946
4.710334
4.704721
4.699107
4.693493
4.687877
4.682261
4.676644
4.671027
4.665408
4.659788
4.654167
4.648545
4.642921
4.637296
4.631670
4.626041
4.620410
4.614778
4.609143
4.603506
4.597867
4.592225
4.586581
4.580935
4.575286
4.569634
4.563980
4.558323
4.552664
4.547003
4.541340
4.535675
4.530008
4.524339
4.518668
4.512996
4.507322
4.501647
4.495971
4.490294
4.484616
4.478937
4.473256
4.467575
4.461893
4.456209
4.450525
4.444839
4.439153
4.433465
4.427777
4.422087
4.416397
4.410706
4.405015
4.399323
4.393630
4.387937
4.382244
4.376551
4.370858
4.365165
4.359473
4.353781
4.348089
4.342398
4.336707
4.331017
4.325328
4.319640
4.313952
4.308266
4.302581
4.296898
4.291216
4.285535
4.279857
4.274181
4.268506
4.262835
4.257165
4.251498
4.245834
4.240173
4.234514
4.228858
4.223204
4.217553
4.211905
4.206258
4.200615
4.194973
4.189334
4.183696
4.178061
4.172428
4.166797
4.161168
4.155541
4.149916
4.144294
4.138673
4.133054
4.127438
4.121824
4.116211
4.110601
4.104993
4.099386
4.093781
4.088178
4.082576
4.076975
4.071375
4.065775
4.060176
4.054578
4.048979
4.043381
4.037784
4.032187
4.026590
4.020994
4.015398
4.009802
4.004207
3.998612
3.993018
3.987425
3.981831
3.976239
3.970646
3.965054
3.959463
3.953871
3.948279
3.942688
3.937096
3.931504
3.925912
3.920320
3.914729
3.909138
3.903548
3.897958
3.892369
3.886782
3.881195
3.875611
3.870028
3.864447
3.858868
3.853291
3.847716
3.842144
3.836573
3.831004
3.825437
3.819871
3.814307
3.808745
3.803185
3.797626
3.792070
3.786515
3.780963
3.775413
3.769865
3.764320
3.758778
3.753239
3.747702
3.742168
3.736638
3.731111
3.725587
3.720067
3.714549
3.709035
3.703523
3.698014
3.692507
3.687003
3.681503
3.676005
3.670511
3.665020
3.659533
3.654050
3.648571
3.643096
3.637625
3.632160
3.626699
3.621245
3.615795
3.610352
3.604914
3.599482
3.594056
3.588635
3.583220
3.577809
3.572405
3.567005
3.561610
3.556220
3.550835
3.545456
3.540081
3.534712
3.529347
3.523987
3.518633
3.513284
3.507940
3.502601
3.497268
3.491941
3.486619
3.481302
3.475990
3.470683
3.465380
3.460080
3.454785
3.449493
3.444205
3.438920
3.433638
3.428360
3.423085
3.417813
3.412544
3.407279
3.402016
3.396757
3.391502
3.386251
3.381003
3.375759
3.370519
3.365283
3.360050
3.354820
3.349593
3.344369
3.339147
3.333928
3.328711
3.323497
3.318285
3.313076
3.307870
3.302666
3.297466
3.292269
3.287076
3.281886
3.276700
3.271519
3.266343
3.261171
3.256005
3.250844
3.245688
3.240537
3.235391
3.230249
3.225111
3.219978
3.214849
3.209725
3.204605
3.199490
3.194380
3.189275
3.184174
3.179078
3.173988
3.168903
3.163823
3.158749
3.153682
3.148620
3.143564
3.138515
3.133471
3.128433
3.123401
3.118374
3.113352
3.108335
3.103324
3.098317
3.093316
3.088320
3.083330
3.078345
3.073367
3.068393
3.063426
3.058465
3.053511
3.048563
3.043623
3.038691
3.033767
3.028850
3.023941
3.019040
3.014145
3.009258
3.004377
2.999503
2.994635
2.989774
2.984920
2.980072
2.975230
2.970395
2.965567
2.960745
2.955930
2.951121
2.946319
2.941525
2.936738
2.931959
2.927187
2.922422
2.917665
2.912915
2.908172
2.903435
2.898705
2.893980
2.889260
2.884546
2.879837
2.875133
2.870435
2.865741
2.861053
2.856370
2.851692
2.847019
2.842351
2.837689
2.833034
2.828384
2.823741
2.819103
2.814472
2.809847
2.805227
2.800612
2.796001
2.791396
2.786795
2.782198
2.777606
2.773018
2.768435
2.763857
2.759283
2.754713
2.750149
2.745590
2.741036
2.736488
2.731946
2.727411
2.722882
2.718360
2.713845
2.709336
2.704834
2.700338
2.695849
2.691364
2.686886
2.682412
2.677945
2.673483
2.669027
2.664576
2.660131
2.655692
2.651259
2.646831
2.642409
2.637993
2.633585
2.629183
2.624788
2.620400
2.616020
2.611646
2.607279
2.602918
2.598563
2.594214
2.589871
2.585533
2.581201
2.576875
2.572554
2.568240
2.563931
2.559628
2.555332
2.551042
2.546759
2.542483
2.538215
2.533954
2.529702
2.525459
2.521224
2.516998
2.512780
2.508571
2.504370
2.500176
2.495989
2.491809
2.487637
2.483473
2.479316
2.475166
2.471024
2.466889
2.462761
2.458642
2.454530
2.450426
2.446331
2.442245
2.438167
2.434098
2.430039
2.425988
2.421946
2.417912
2.413885
2.409867
2.405856
2.401851
2.397853
2.393862
2.389877
2.385899
2.381927
2.377961
2.374002
2.370049
2.366102
2.362161
2.358228
2.354301
2.350381
2.346469
2.342565
2.338668
2.334777
2.330894
2.327016
2.323144
2.319277
2.315416
2.311560
2.307708
2.303862
2.300020
2.296183
2.292351
2.288524
2.284702
2.280885
2.277073
2.273268
2.269469
2.265676
2.261890
2.258111
2.254340
2.250575
2.246817
2.243066
2.239321
2.235583
2.231850
2.228122
2.224401
2.220685
2.216975
2.213270
2.209571
2.205878
2.202191
2.198509
2.194833
2.191164
2.187501
2.183846
2.180198
2.176558
2.172925
2.169300
2.165682
2.162071
2.158467
2.154870
2.151278
2.147693
2.144114
2.140541
2.136973
2.133412
2.129857
2.126308
2.122765
2.119229
2.115700
2.112178
2.108663
2.105155
2.101656
2.098166
2.094684
2.091211
2.087747
2.084291
2.080843
2.077403
2.073971
2.070546
2.067129
2.063718
2.060315
2.056918
2.053529
2.050146
2.046771
2.043402
2.040041
2.036687
2.033341
2.030002
2.026672
2.023350
2.020037
2.016732
2.013435
2.010147
2.006866
2.003593
2.000326
1.997067
1.993813
1.990566
1.987325
1.984090
1.980860
1.977636
1.974419
1.971207
1.968000
1.964800
1.961606
1.958418
1.955237
1.952063
1.948896
1.945736
1.942583
1.939438
1.936299
1.933166
1.930039
1.926918
1.923802
1.920692
1.917587
1.914486
1.911391
1.908301
1.905216
1.902137
1.899062
1.895993
1.892931
1.889874
1.886825
1.883782
1.880746
1.877718
1.874697
1.871683
1.868677
1.865678
1.862686
1.859700
1.856721
1.853747
1.850780
1.847818
1.844862
1.841912
1.838967
1.836029
1.833096
1.830169
1.827248
1.824334
1.821426
1.818525
1.815632
1.812745
1.809867
1.806995
1.804131
1.801274
1.798424
1.795580
1.792742
1.789910
1.787084
1.784263
1.781448
1.778638
1.775834
1.773036
1.770243
1.767456
1.764675
1.761900
1.759132
1.756371
1.753618
1.750872
1.748133
1.745403
1.742681
1.739967
1.737261
1.734562
1.731870
1.729185
1.726507
1.723836
1.721171
1.718513
1.715861
1.713216
1.710577
1.707945
1.705319
1.702700
1.700089
1.697485
1.694888
1.692299
1.689719
1.687146
1.684582
1.682026
1.679477
1.676936
1.674402
1.671874
1.669353
1.666838
1.664329
1.661826
1.659328
1.656835
1.654347
1.651865
1.649388
1.646917
1.644450
1.641989
1.639534
1.637086
1.634643
1.632207
1.629778
1.627355
1.624938
1.622527
1.620122
1.617722
1.615327
1.612937
1.610552
1.608170
1.605793
1.603420
1.601051
1.598687
1.596326
1.593969
1.591617
1.589270
1.586928
1.584590
1.582259
1.579933
1.577614
1.575301
1.572994
1.570694
1.568399
1.566110
1.563827
1.561549
1.559276
1.557008
1.554745
1.552487
1.550234
1.547986
1.545742
1.543503
1.541270
1.539041
1.536818
1.534601
1.532390
1.530185
1.527987
1.525795
1.523610
1.521432
1.519260
1.517094
1.514935
1.512780
1.510632
1.508488
1.506349
1.504214
1.502085
1.499960
1.497839
1.495723
1.493612
1.491505
1.489403
1.487307
1.485215
1.483130
1.481050
1.478976
1.476908
1.474846
1.472791
1.470742
1.468698
1.466661
1.464629
1.462602
1.460580
1.458563
1.456551
1.454543
1.452541
1.450543
1.448550
1.446561
1.444578
1.442600
1.440627
1.438660
1.436698
1.434743
1.432794
1.430852
1.428916
1.426986
1.425063
1.423145
1.421234
1.419328
1.417428
1.415532
1.413642
1.411756
1.409875
1.407999
1.406127
1.404259
1.402396
1.400538
1.398684
1.396836
1.394993
1.393155
1.391323
1.389497
1.387677
1.385862
1.384053
1.382250
1.380452
1.378659
1.376872
1.375088
1.373309
1.371534
1.369763
1.367996
1.366233
1.364473
1.362717
1.360964
1.359216
1.357472
1.355732
1.353996
1.352266
1.350540
1.348820
1.347105
1.345395
1.343691
1.341992
1.340297
1.338608
1.336923
1.335242
1.333566
1.331893
1.330224
1.328559
1.326898
1.325240
1.323587
1.321937
1.320291
1.318650
1.317013
1.315380
1.313752
1.312130
1.310512
1.308899
1.307292
1.305690
1.304093
1.302500
1.300912
1.299328
1.297748
1.296172
1.294599
1.293030
1.291464
1.289902
1.288343
1.286788
1.285236
1.283688
1.282143
1.280603
1.279067
1.277535
1.276008
1.274486
1.272969
1.271457
1.269950
1.268447
1.266950
1.265457
1.263969
1.262485
1.261005
1.259529
1.258057
1.256589
1.255125
1.253664
1.252208
1.250755
1.249307
1.247863
1.246423
1.244988
1.243558
1.242133
1.240714
1.239299
1.237890
1.236486
1.235088
1.233694
1.232305
1.230920
1.229539
1.228162
1.226790
1.225421
1.224055
1.222694
1.221336
1.219981
1.218630
1.217282
1.215939
1.214598
1.213262
1.211931
1.210603
1.209280
1.207961
1.206646
1.205335
1.204028
1.202724
1.201424
1.200128
1.198834
1.197544
1.196256
1.194971
1.193688
1.192408
1.191130
1.189855
1.188582
1.187311
1.186044
1.184779
1.183517
1.182258
1.181003
1.179751
1.178504
1.177259
1.176019
1.174781
1.173547
1.172316
1.171088
1.169863
1.168640
1.167420
1.166203
1.164989
1.163777
1.162568
1.161362
1.160158
1.158958
1.157760
1.156565
1.155374
1.154186
1.153002
1.151822
1.150645
1.149472
1.148302
1.147136
1.145974
1.144815
1.143659
1.142506
1.141356
1.140209
1.139065
1.137923
1.136784
1.135647
1.134513
1.133382
1.132253
1.131128
1.130006
1.128887
1.127772
1.126660
1.125552
1.124448
1.123347
1.122250
1.121156
1.120066
1.118979
1.117895
1.116815
1.115737
1.114662
1.113590
1.112521
1.111456
1.110393
1.109334
1.108278
1.107225
1.106176
1.105130
1.104089
1.103051
1.102017
1.100988
1.099962
1.098940
1.097922
1.096908
1.095898
1.094890
1.093887
1.092886
1.091889
1.090896
1.089905
1.088918
1.087933
1.086952
1.085974
1.084999
1.084027
1.083059
1.082094
1.081133
1.080175
1.079221
1.078271
1.077324
1.076382
1.075442
1.074506
1.073572
1.072642
1.071714
1.070789
1.069867
1.068947
1.068030
1.067116
1.066205
1.065296
1.064390
1.063486
1.062586
1.061688
1.060793
1.059901
1.059012
1.058126
1.057243
1.056364
1.055487
1.054614
1.053743
1.052876
1.052011
1.051148
1.050288
1.049431
1.048576
1.047723
1.046873
1.046024
1.045179
1.044335
1.043494
1.042656
1.041821
1.040988
1.040159
1.039333
1.038509
1.037689
1.036872
1.036057
1.035245
1.034436
1.033629
1.032825
1.032023
1.031224
1.030427
1.029633
1.028841
1.028051
1.027263
1.026477
1.025694
1.024914
1.024136
1.023360
1.022588
1.021818
1.021051
1.020286
1.019524
1.018765
1.018009
1.017255
1.016504
1.015756
1.015011
1.014267
1.013527
1.012789
1.012053
1.011319
1.010587
1.009858
1.009131
1.008406
1.007684
1.006965
1.006248
1.005535
1.004824
1.004117
1.003412
1.002710
1.002011
1.001315
1.000622
0.999932
0.999244
0.998559
0.997877
0.997197
0.996519
0.995843
0.995170
0.994498
0.993830
0.993163
0.992498
0.991836
0.991176
0.990518
0.989863
0.989210
0.988559
0.987911
0.987265
0.986622
0.985981
0.985343
0.984706
0.984072
0.983439
0.982809
0.982179
0.981552
0.980926
0.980302
0.979679
0.979058
0.978438
0.977820
0.977204
0.976590
0.975978
0.975367
0.974758
0.974151
0.973546
0.972942
0.972340
0.971740
0.971142
0.970546
0.969951
0.969358
0.968767
0.968177
0.967588
0.967002
0.966416
0.965833
0.965251
0.964670
0.964091
0.963514
0.962938
0.962364
0.961792
0.961221
0.960652
0.960084
0.959519
0.958955
0.958393
0.957832
0.957274
0.956717
0.956162
0.955609
0.955058
0.954509
0.953961
0.953415
0.952870
0.952327
0.951786
0.951246
0.950708
0.950171
0.949636
0.949103
0.948572
0.948043
0.947515
0.946990
0.946466
0.945944
0.945424
0.944906
0.944389
0.943873
0.943360
0.942847
0.942337
0.941828
0.941321
0.940816
0.940312
0.939810
0.939310
0.938811
0.938315
0.937820
0.937327
0.936837
0.936348
0.935861
0.935377
0.934894
0.934414
0.933936
0.933459
0.932986
0.932514
0.932044
0.931577
0.931112
0.930649
0.930188
0.929729
0.929272
0.928816
0.928363
0.927912
0.927462
0.927014
0.926569
0.926125
0.925683
0.925243
0.924805
0.924369
0.923935
0.923503
0.923073
0.922644
0.922217
0.921791
0.921367
0.920944
0.920523
0.920103
0.919685
0.919269
0.918854
0.918441
0.918029
0.917619
0.917211
0.916803
0.916397
0.915993
0.915590
0.915188
0.914788
0.914389
0.913991
0.913594
0.913198
0.912803
0.912410
0.912017
0.911626
0.911235
0.910845
0.910457
0.910069
0.909683
0.909298
0.908914
0.908531
0.908149
0.907769
0.907390
0.907013
0.906636
0.906261
0.905887
0.905514
0.905142
0.904771
0.904401
0.904033
0.903666
0.903300
0.902936
0.902573
0.902211
0.901851
0.901492
0.901135
0.900779
0.900424
0.900070
0.899718
0.899367
0.899017
0.898667
0.898319
0.897972
0.897626
0.897281
0.896937
0.896595
0.896254
0.895914
0.895575
0.895238
0.894902
0.894567
0.894233
0.893901
0.893570
0.893240
0.892911
0.892583
0.892256
0.891931
0.891606
0.891283
0.890962
0.890641
0.890321
0.890003
0.889686
0.889370
0.889056
0.888743
0.888431
0.888120
0.887810
0.887502
0.887194
0.886888
0.886583
0.886280
0.885977
0.885676
0.885376
0.885078
0.884781
0.884485
0.884190
0.883896
0.883603
0.883312
0.883021
0.882732
0.882443
0.882155
0.881868
0.881582
0.881297
0.881013
0.880730
0.880447
0.880166
0.879886
0.879606
0.879328
0.879051
0.878775
0.878500
0.878226
0.877952
0.877680
0.877408
0.877137
0.876867
0.876597
0.876327
0.876058
0.875789
0.875521
0.875252
0.874985
0.874718
0.874452
0.874186
0.873921
0.873657
0.873393
0.873131
0.872869
0.872608
0.872348
0.872089
0.871831
0.871573
0.871316
0.871060
0.870805
0.870551
0.870297
0.870044
0.869791
0.869539
0.869288
0.869037
0.868786
0.868537
0.868287
0.868039
0.867791
0.867544
0.867298
0.867052
0.866807
0.866564
0.866321
0.866078
0.865837
0.865597
0.865358
0.865119
0.864881
0.864645
0.864409
0.864174
0.863939
0.863706
0.863474
0.863242
0.863012
0.862782
0.862553
0.862325
0.862098
0.861872
0.861647
0.861423
0.861199
0.860976
0.860754
0.860532
0.860311
0.860091
0.859872
0.859653
0.859435
0.859218
0.859001
0.858785
0.858570
0.858356
0.858142
0.857929
0.857717
0.857505
0.857294
0.857084
0.856875
0.856667
0.856460
0.856254
0.856048
0.855844
0.855641
0.855438
0.855237
0.855036
0.854837
0.854638
0.854440
0.854243
0.854046
0.853850
0.853654
0.853459
0.853265
0.853070
0.852877
0.852683
0.852490
0.852298
0.852106
0.851914
0.851723
0.851532
0.851342
0.851153
0.850965
0.850777
0.850590
0.850404
0.850218
0.850034
0.849850
0.849667
0.849485
0.849304
0.849124
0.848944
0.848766
0.848588
0.848410
0.848234
0.848058
0.847883
0.847708
0.847535
0.847361
0.847189
0.847016
0.846845
0.846673
0.846502
0.846331
0.846161
0.845990
0.845820
0.845651
0.845481
0.845312
0.845144
0.844976
0.844808
0.844641
0.844475
0.844309
0.844144
0.843979
0.843815
0.843652
0.843489
0.843327
0.843166
0.843005
0.842844
0.842685
0.842526
0.842367
0.842209
0.842052
0.841895
0.841739
0.841583
0.841427
0.841272
0.841118
0.840963
0.840809
0.840656
0.840503
0.840349
0.840197
0.840044
0.839892
0.839741
0.839589
0.839438
0.839288
0.839138
0.838988
0.838839
0.838689
0.838541
0.838392
0.838243
0.838095
0.837947
0.837800
0.837653
0.837506
0.837359
0.837213
0.837068
0.836923
0.836778
0.836634
0.836491
0.836348
0.836205
0.836063
0.835921
0.835781
0.835640
0.835500
0.835360
0.835221
0.835083
0.834945
0.834807
0.834670
0.834533
0.834397
0.834261
0.834125
0.833990
0.833856
0.833722
0.833589
0.833456
0.833324
0.833193
0.833062
0.832932
0.832802
0.832673
0.832545
0.832417
0.832290
0.832164
0.832038
0.831913
0.831788
0.831664
0.831540
0.831417
0.831294
0.831171
0.831048
0.830926
0.830804
0.830682
0.830561
0.830439
0.830318
0.830198
0.830077
0.829957
0.829837
0.829717
0.829597
0.829478
0.829359
0.829240
0.829122
0.829003
0.828885
0.828766
0.828648
0.828530
0.828413
0.828295
0.828178
0.828061
0.827945
0.827829
0.827713
0.827598
0.827484
0.827369
0.827256
0.827143
0.827030
0.826918
0.826807
0.826696
0.826585
0.826476
0.826366
0.826257
0.826149
0.826041
0.825934
0.825828
0.825721
0.825616
0.825510
0.825406
0.825301
0.825197
0.825094
0.824991
0.824888
0.824786
0.824684
0.824583
0.824482
0.824381
0.824280
0.824179
0.824079
0.823979
0.823878
0.823778
0.823677
0.823576
0.823475
0.823373
0.823272
0.823170
0.823067
0.822965
0.822863
0.822761
0.822658
0.822556
0.822454
0.822352
0.822250
0.822148
0.822047
0.821947
0.821847
0.821748
0.821649
0.821551
0.821453
0.821357
0.821261
0.821165
0.821071
0.820978
0.820885
0.820793
0.820702
0.820612
0.820523
0.820434
0.820347
0.820261
0.820175
0.820091
0.820007
0.819925
0.819843
0.819762
0.819683
0.819604
0.819526
0.819449
0.819373
0.819298
0.819223
0.819150
0.819077
0.819005
0.818934
0.818863
0.818794
0.818725
0.818657
0.818589
0.818522
0.818455
0.818389
0.818323
0.818258
0.818193
0.818129
0.818064
0.818000
0.817936
0.817872
0.817809
0.817745
0.817681
0.817617
0.817553
0.817488
0.817423
0.817358
0.817293
0.817227
0.817161
0.817095
0.817028
0.816962
0.816896
0.816829
0.816763
0.816697
0.816630
0.816564
0.816497
0.816431
0.816365
0.816298
0.816232
0.816165
0.816099
0.816032
0.815966
0.815899
0.815832
0.815764
0.815697
0.815628
0.815560
0.815492
0.815423
0.815354
0.815285
0.815216
0.815148
0.815079
0.815011
0.814943
0.814875
0.814807
0.814740
0.814673
0.814607
0.814541
0.814476
0.814411
0.814346
0.814283
0.814220
0.814158
0.814096
0.814035
0.813975
0.813916
0.813857
0.813800
0.813743
0.813686
0.813631
0.813577
0.813523
0.813470
0.813419
0.813368
0.813318
0.813268
0.813220
0.813172
0.813126
0.813080
0.813035
0.812991
0.812947
0.812905
0.812863
0.812822
0.812782
0.812742
0.812703
0.812665
0.812627
0.812590
0.812554
0.812518
0.812482
0.812448
0.812413
0.812379
0.812345
0.812312
0.812279
0.812246
0.812213
0.812180
0.812148
0.812115
0.812083
0.812050
0.812017
0.811984
0.811950
0.811917
0.811882
0.811848
0.811813
0.811779
0.811744
0.811709
0.811674
0.811639
0.811604
0.811569
0.811534
0.811499
0.811464
0.811429
0.811393
0.811358
0.811323
0.811288
0.811253
0.811218
0.811183
0.811148
0.811113
0.811078
0.811043
0.811008
0.810973
0.810938
0.810903
0.810868
0.810833
0.810798
0.810763
0.810728
0.810693
0.810658
0.810623
0.810588
0.810553
0.810518
0.810483
0.810448
0.810413
0.810378
0.810343
0.810308
0.810273
0.810238
0.810203
0.810168
0.810133
0.810098
0.810063
0.810028
0.809993
0.809958
0.809923
0.809888
0.809853
0.809818
0.809783
0.809748
0.809713
0.809678
0.809643
0.809608
0.809573
0.809538
0.809503
0.809468
0.809433
0.809398
0.809363
0.809328
0.809293
0.809258
0.809223
0.809188
0.809153
0.809118
0.809083
0.809048
0.809013
0.808978
0.808943
0.808908
0.808873
0.808838
0.808802
0.808767
0.808732
0.808697
0.808662
0.808628
0.808593
0.808557
0.808522
0.808487
0.808452
0.808417
0.808382
0.808347
0.808312
0.808277
0.808242
0.808207
0.808172
0.808137
0.808102
0.808067
0.808032
0.807997
0.807961
0.807926
0.807890
0.807854
0.807818
0.807782
0.807746
0.807710
0.807674
0.807637
0.807601
0.807565
0.807529
0.807493
0.807457
0.807422
0.807386
0.807351
0.807316
0.807281
0.807246
0.807212
0.807178
0.807145
0.807111
0.807078
0.807046
0.807014
0.806982
0.806950
0.806919
0.806889
0.806859
0.806829
0.806800
0.806771
0.806742
0.806714
0.806687
0.806660
0.806633
0.806607
0.806581
0.806556
0.806531
0.806507
0.806483
0.806460
0.806437
0.806414
0.806392
0.806370
0.806349
0.806328
0.806307
0.806287
0.806267
0.806248
0.806228
0.806209
0.806190
0.806172
0.806154
0.806136
0.806118
0.806100
0.806083
0.806065
0.806048
0.806031
0.806013
0.805996
0.805979
0.805962
0.805944
0.805927
0.805909
0.805892
0.805874
0.805856
0.805838
0.805820
0.805801
0.805783
0.805764
0.805746
0.805728
0.805709
0.805691
0.805672
0.805654
0.805635
0.805617
0.805599
0.805580
0.805562
0.805543
0.805525
0.805507
0.805488
0.805470
0.805451
0.805433
0.805414
0.805396
0.805377
0.805359
0.805341
0.805322
0.805304
0.805285
0.805267
0.805249
0.805230
0.805212
0.805193
0.805175
0.805157
0.805138
0.805120
0.805101
0.805083
0.805064
0.805046
0.805028
0.805009
0.804991
0.804972
0.804954
0.804935
0.804917
0.804898
0.804880
0.804862
0.804843
0.804825
0.804806
0.804788
0.804770
0.804751
0.804733
0.804714
0.804696
0.804678
0.804659
0.804641
0.804622
0.804604
0.804585
0.804567
0.804548
0.804530
0.804512
0.804493
0.804475
0.804456
0.804438
0.804419
0.804401
0.804383
0.804364
0.804346
0.804327
0.804309
0.804291
0.804272
0.804254
0.804235
0.804217
0.804199
0.804180
0.804162
0.804143
0.804125
0.804106
0.804088
0.804069
0.804051
0.804033
0.804014
0.803996
0.803977
0.803959
0.803940
0.803922
0.803904
0.803885
0.803867
0.803848
0.803830
0.803812
0.803793
0.803775
0.803756
0.803738
0.803720
0.803701
0.803683
0.803664
0.803646
0.803627
0.803609
0.803590
0.803572
0.803554
0.803535
0.803517
0.803498
0.803480
0.803462
0.803443
0.803425
0.803406
0.803388
0.803369
0.803351
0.803333
0.803314
0.803296
0.803277
0.803259
0.803241
0.803222
0.803204
0.803185
0.803167
0.803148
0.803130
0.803111
0.803093
0.803075
0.803056
0.803038
0.803019
0.803001
0.802983
0.802964
0.802946
0.802927
0.802909
0.802890
0.802872
0.802854
0.802835
0.802817
0.802798
0.802780
0.802761
0.802743
0.802725
0.802706
0.802688
0.802669
0.802651
0.802632
0.802614
0.802596
0.802577
0.802559
0.802540
0.802522
0.802504
0.802485
0.802467
0.802448
0.802430
0.802411
0.802393
0.802375
0.802356
0.802338
0.802319
0.802301
0.802283
0.802264
0.802246
0.802227
0.802209
0.802190
0.802172
0.802153
0.802135
0.802117
0.802098
0.802080
0.802061
0.802043
0.802025
0.802006
0.801988
0.801969
0.801951
0.801932
0.801914
0.801896
0.801877
0.801859
0.801840
0.801822
0.801804
0.801785
0.801767
0.801748
0.801730
0.801711
0.801693
0.801674
0.801656
0.801638
0.801619
0.801601
0.801582
0.801564
0.801546
0.801527
0.801509
0.801490
0.801472
0.801453
0.801435
0.801417
0.801398
0.801380
0.801361
0.801343
0.801324
0.801306
0.801288
0.801269
0.801251
0.801232
0.801214
0.801195
0.801177
0.801159
0.801140
0.801122
0.801103
0.801085
0.801067
0.801048
0.801030
0.801011
0.800993
0.800974
0.800956
0.800938
0.800919
0.800901
0.800882
0.800864
0.800845
0.800827
0.800809
0.800790
0.800772
0.800753
0.800735
0.800717
0.800698
0.800680
0.800661
0.800643
0.800624
0.800606
0.800588
0.800569
0.800551
0.800532
0.800514
0.800495
0.800477
0.800459
0.800440
0.800422
0.800403
0.800385
0.800366
0.800348
0.800330
0.800311
0.800293
0.800274
0.800256
0.800238
0.800219
0.800201
0.800182
0.800164
0.800145
0.800127
0.800109
0.800090
0.800072
0.800055
0.800038
0.800024
0.800014
0.800007
0.800003
0.800001
0.800000
