0.800000
0.800015
0.800033
0.800056
0.800083
0.800113
0.800144
0.800176
0.800209
0.800241
0.800273
0.800305
0.800338
0.800370
0.800402
0.800434
0.800467
0.800499
0.800531
0.800563
0.800596
0.800628
0.800660
0.800692
0.800725
0.800757
0.800789
0.800821
0.800854
0.800886
0.800918
0.800951
0.800983
0.801015
0.801047
0.801080
0.801112
0.801144
0.801176
0.801208
0.801241
0.801273
0.801305
0.801338
0.801370
0.801402
0.801434
0.801466
0.801499
0.801531
0.801563
0.801596
0.801628
0.801660
0.801692
0.801725
0.801757
0.801789
0.801821
0.801854
0.801886
0.801918
0.801950
0.801983
0.802015
0.802047
0.802079
0.802112
0.802144
0.802176
0.802208
0.802241
0.802273
0.802305
0.802337
0.802370
0.802402
0.802434
0.802466
0.802499
0.802531
0.802563
0.802596
0.802628
0.802660
0.802692
0.802724
0.802757
0.802789
0.802821
0.802853
0.802886
0.802918
0.802950
0.802983
0.803015
0.803047
0.803079
0.803111
0.803144
0.803176
0.803208
0.803241
0.803273
0.803305
0.803336
0.803368
0.803398
0.803428
0.803458
0.803487
0.803516
0.803544
0.803572
0.803600
0.803628
0.803656
0.803685
0.803713
0.803742
0.803772
0.803802
0.803832
0.803863
0.803895
0.803928
0.803962
0.803996
0.804032
0.804068
0.804106
0.804145
0.804185
0.804226
0.804269
0.804313
0.804358
0.804404
0.804452
0.804502
0.804553
0.804605
0.804659
0.804714
0.804771
0.804829
0.804889
0.804950
0.805013
0.805077
0.805143
0.805210
0.805279
0.805349
0.805420
0.805493
0.805568
0.805643
0.805720
0.805797
0.805875
0.805954
0.806033
0.806113
0.806193
0.806274
0.806355
0.806437
0.806519
0.806602
0.806686
0.806770
0.806856
0.806942
0.807029
0.807117
0.807206
0.807296
0.807386
0.807477
0.807569
0.807662
0.807756
0.807850
0.807945
0.808041
0.808138
0.808235
0.808334
0.808434
0.808536
0.808638
0.808742
0.808846
0.808952
0.809059
0.809167
0.809276
0.809387
0.809500
0.809614
0.809731
0.809849
0.809969
0.810092
0.810217
0.810344
0.810474
0.810606
0.810740
0.810877
0.811017
0.811158
0.811302
0.811448
0.811595
0.811745
0.811897
0.812051
0.812208
0.812367
0.812528
0.812692
0.812858
0.813027
0.813199
0.813374
0.813551
0.813731
0.813913
0.814098
0.814285
0.814475
0.814667
0.814862
0.815059
0.815258
0.815460
0.815663
0.815870
0.816078
0.816289
0.816503
0.816720
0.816940
0.817163
0.817388
0.817616
0.817847
0.818080
0.818315
0.818554
0.818796
0.819040
0.819287
0.819537
0.819790
0.820047
0.820305
0.820567
0.820830
0.821097
0.821366
0.821637
0.821911
0.822188
0.822467
0.822749
0.823032
0.823319
0.823607
0.823898
0.824190
0.824486
0.824784
0.825086
0.825391
0.825699
0.826010
0.826326
0.826644
0.826966
0.827292
0.827621
0.827954
0.828291
0.828631
0.828975
0.829324
0.829676
0.830031
0.830390
0.830754
0.831121
0.831493
0.831870
0.832251
0.832636
0.833027
0.833422
0.833822
0.834227
0.834636
0.835051
0.835470
0.835894
0.836322
0.836755
0.837193
0.837636
0.838083
0.838536
0.838993
0.839456
0.839924
0.840399
0.840878
0.841364
0.841856
0.842355
0.842859
0.843370
0.843887
0.844410
0.844940
0.845475
0.846017
0.846565
0.847121
0.847683
0.848253
0.848830
0.849414
0.850006
0.850607
0.851214
0.851830
0.852454
0.853085
0.853724
0.854371
0.855027
0.855690
0.856361
0.857041
0.857728
0.858423
0.859125
0.859836
0.860554
0.861282
0.862017
0.862762
0.863517
0.864282
0.865056
0.865840
0.866634
0.867438
0.868251
0.869074
0.869906
0.870747
0.871598
0.872459
0.873328
0.874207
0.875096
0.875993
0.876900
0.877816
0.878742
0.879678
0.880624
0.881579
0.882545
0.883522
0.884509
0.885507
0.886517
0.887537
0.888569
0.889611
0.890666
0.891732
0.892809
0.893899
0.895001
0.896115
0.897242
0.898381
0.899534
0.900700
0.901880
0.903074
0.904281
0.905503
0.906738
0.907987
0.909251
0.910528
0.911820
0.913126
0.914447
0.915783
0.917135
0.918502
0.919886
0.921285
0.922702
0.924135
0.925586
0.927054
0.928539
0.930042
0.931563
0.933101
0.934656
0.936229
0.937819
0.939426
0.941051
0.942694
0.944356
0.946035
0.947734
0.949451
0.951188
0.952945
0.954722
0.956519
0.958338
0.960177
0.962037
0.963918
0.965819
0.967742
0.969685
0.971648
0.973632
0.975637
0.977663
0.979711
0.981780
0.983873
0.985988
0.988127
0.990290
0.992477
0.994690
0.996927
0.999189
1.001476
1.003788
1.006126
1.008488
1.010877
1.013291
1.015731
1.018197
1.020690
1.023210
1.025758
1.028333
1.030937
1.033569
1.036231
1.038922
1.041644
1.044396
1.047178
1.049991
1.052835
1.055709
1.058614
1.061550
1.064519
1.067520
1.070553
1.073619
1.076719
1.079852
1.083019
1.086222
1.089459
1.092731
1.096038
1.099381
1.102760
1.106174
1.109623
1.113108
1.116627
1.120180
1.123770
1.127394
1.131055
1.134751
1.138483
1.142251
1.146057
1.149901
1.153784
1.157708
1.161671
1.165675
1.169720
1.173807
1.177936
1.182107
1.186320
1.190574
1.194868
1.199202
1.203578
1.207994
1.212451
1.216950
1.221489
1.226071
1.230696
1.235365
1.240078
1.244834
1.249634
1.254478
1.259366
1.264298
1.269275
1.274297
1.279364
1.284475
1.289632
1.294835
1.300085
1.305382
1.310729
1.316124
1.321569
1.327064
1.332609
1.338207
1.343855
1.349553
1.355302
1.361099
1.366945
1.372840
1.378785
1.384779
1.390823
1.396916
1.403059
1.409254
1.415500
1.421799
1.428149
1.434551
1.441004
1.447510
1.454069
1.460681
1.467346
1.474063
1.480834
1.487657
1.494534
1.501465
1.508451
1.515492
1.522588
1.529741
1.536950
1.544216
1.551540
1.558923
1.566363
1.573861
1.581417
1.589031
1.596705
1.604439
1.612234
1.620088
1.628002
1.635977
1.644012
1.652108
1.660264
1.668480
1.676757
1.685095
1.693493
1.701955
1.710480
1.719069
1.727723
1.736440
1.745222
1.754069
1.762982
1.771961
1.781004
1.790113
1.799286
1.808525
1.817830
1.827201
1.836637
1.846139
1.855706
1.865338
1.875036
1.884802
1.894634
1.904535
1.914502
1.924537
1.934638
1.944807
1.955043
1.965344
1.975711
1.986143
1.996640
2.007204
2.017835
2.028534
2.039301
2.050136
2.061037
2.072006
2.083040
2.094140
2.105306
2.116536
2.127829
2.139186
2.150608
2.162094
2.173645
2.185262
2.196943
2.208688
2.220499
2.232374
2.244316
2.256322
2.268393
2.280528
2.292725
2.304986
2.317309
2.329695
2.342144
2.354654
2.367225
2.379858
2.392552
2.405308
2.418124
2.430999
2.443933
2.456924
2.469972
2.483076
2.496236
2.509452
2.522721
2.536043
2.549419
2.562848
2.576330
2.589866
2.603454
2.617094
2.630787
2.644531
2.658327
2.672174
2.686072
2.700021
2.714019
2.728067
2.742164
2.756312
2.770509
2.784754
2.799047
2.813386
2.827771
2.842201
2.856676
2.871196
2.885759
2.900366
2.915014
2.929705
2.944438
2.959213
2.974028
2.988884
3.003779
3.018714
3.033689
3.048702
3.063753
3.078841
3.093963
3.109120
3.124311
3.139536
3.154794
3.170088
3.185415
3.200778
3.216175
3.231607
3.247073
3.262571
3.278100
3.293659
3.309245
3.324858
3.340498
3.356163
3.371852
3.387564
3.403299
3.419057
3.434836
3.450636
3.466456
3.482296
3.498154
3.514029
3.529920
3.545828
3.561750
3.577686
3.593636
3.609601
3.625579
3.641571
3.657578
3.673598
3.689630
3.705675
3.721729
3.737794
3.753868
3.769950
3.786040
3.802137
3.818241
3.834350
3.850465
3.866584
3.882707
3.898834
3.914962
3.931091
3.947221
3.963349
3.979476
3.995600
4.011719
4.027834
4.043942
4.060045
4.076141
4.092232
4.108316
4.124393
4.140464
4.156526
4.172580
4.188624
4.204657
4.220678
4.236686
4.252680
4.268659
4.284622
4.300568
4.316497
4.332406
4.348296
4.364166
4.380015
4.395843
4.411650
4.427434
4.443195
4.458931
4.474641
4.490324
4.505978
4.521601
4.537194
4.552756
4.568288
4.583790
4.599261
4.614701
4.630109
4.645486
4.660830
4.676142
4.691420
4.706664
4.721873
4.737048
4.752187
4.767291
4.782359
4.797390
4.812385
4.827342
4.842260
4.857141
4.871982
4.886782
4.901541
4.916257
4.930928
4.945556
4.960138
4.974675
4.989167
5.003613
5.018015
5.032371
5.046685
5.060954
5.075180
5.089362
5.103499
5.117592
5.131639
5.145641
5.159597
5.173507
5.187371
5.201187
5.214957
5.228680
5.242356
5.255984
5.269563
5.283094
5.296575
5.310007
5.323390
5.336722
5.350004
5.363234
5.376413
5.389541
5.402620
5.415648
5.428626
5.441552
5.454427
5.467250
5.480020
5.492738
5.505405
5.518019
5.530580
5.543087
5.555541
5.567941
5.580287
5.592579
5.604815
5.616996
5.629121
5.641190
5.653204
5.665162
5.677063
5.688908
5.700694
5.712424
5.724098
5.735716
5.747276
5.758780
5.770226
5.781613
5.792942
5.804214
5.815427
5.826582
5.837677
5.848711
5.859686
5.870602
5.881458
5.892254
5.902989
5.913664
5.924278
5.934831
5.945325
5.955759
5.966133
5.976446
5.986697
5.996887
6.007016
6.017084
6.027090
6.037032
6.046911
6.056725
6.066475
6.076160
6.085780
6.095335
6.104823
6.114245
6.123601
6.132890
6.142113
6.151270
6.160360
6.169383
6.178338
6.187225
6.196044
6.204796
6.213479
6.222093
6.230639
6.239116
6.247526
6.255868
6.264143
6.272349
6.280487
6.288556
6.296557
6.304489
6.312354
6.320150
6.327878
6.335536
6.343126
6.350649
6.358104
6.365494
6.372817
6.380075
6.387269
6.394398
6.401464
6.408469
6.415412
6.422294
6.429114
6.435875
6.442576
6.449218
6.455802
6.462326
6.468791
6.475198
6.481546
6.487838
6.494073
6.500252
6.506376
6.512444
6.518458
6.524418
6.530326
6.536182
6.541985
6.547737
6.553436
6.559086
6.564685
6.570235
6.575735
6.581185
6.586585
6.591936
6.597237
6.602489
6.607692
6.612846
6.617952
6.623010
6.628021
6.632986
6.637905
6.642779
6.647608
6.652391
6.657130
6.661824
6.666476
6.671084
6.675648
6.680168
6.684645
6.689078
6.693470
6.697819
6.702126
6.706392
6.710618
6.714804
6.718951
6.723061
6.727134
6.731169
6.735166
6.739125
6.743048
6.746933
6.750781
6.754593
6.758368
6.762107
6.765812
6.769483
6.773122
6.776727
6.780300
6.783840
6.787347
6.790822
6.794264
6.797675
6.801053
6.804398
6.807712
6.810993
6.814243
6.817462
6.820650
6.823807
6.826934
6.830030
6.833096
6.836133
6.839140
6.842118
6.845067
6.847985
6.850874
6.853733
6.856563
6.859363
6.862135
6.864877
6.867590
6.870274
6.872930
6.875559
6.878159
6.880732
6.883277
6.885795
6.888286
6.890750
6.893189
6.895601
6.897989
6.900351
6.902689
6.905004
6.907295
6.909563
6.911807
6.914028
6.916225
6.918399
6.920550
6.922678
6.924782
6.926862
6.928920
6.930953
6.932964
6.934952
6.936918
6.938862
6.940784
6.942685
6.944566
6.946427
6.948267
6.950088
6.951887
6.953667
6.955427
6.957167
6.958889
6.960592
6.962276
6.963943
6.965591
6.967223
6.968836
6.970432
6.972011
6.973571
6.975112
6.976635
6.978140
6.979626
6.981095
6.982545
6.983977
6.985392
6.986790
6.988170
6.989534
6.990880
6.992209
6.993520
6.994815
6.996092
6.997353
6.998596
6.999822
7.001032
7.002226
7.003404
7.004567
7.005715
7.006848
7.007967
7.009071
7.010160
7.011236
7.012297
7.013344
7.014377
7.015396
7.016401
7.017393
7.018372
7.019338
7.020291
7.021230
7.022157
7.023072
7.023974
7.024864
7.025741
7.026607
7.027461
7.028304
7.029136
7.029956
7.030764
7.031562
7.032349
7.033125
7.033891
7.034647
7.035394
7.036131
7.036859
7.037578
7.038287
7.038987
7.039678
7.040359
7.041031
7.041695
7.042349
7.042995
7.043632
7.044260
7.044880
7.045492
7.046095
7.046690
7.047276
7.047855
7.048426
7.048989
7.049545
7.050094
7.050635
7.051170
7.051697
7.052218
7.052732
7.053239
7.053740
7.054234
7.054722
7.055204
7.055680
7.056150
7.056615
7.057076
7.057531
7.057981
7.058427
7.058869
7.059307
7.059741
7.060171
7.060597
7.061019
7.061437
7.061851
7.062261
7.062668
7.063070
7.063469
7.063864
7.064256
7.064645
7.065030
7.065411
7.065790
7.066165
7.066537
7.066906
7.067271
7.067632
7.067991
7.068346
7.068698
7.069046
7.069393
7.069736
7.070076
7.070414
7.070749
7.071081
7.071412
7.071739
7.072064
7.072386
7.072706
7.073022
7.073336
7.073646
7.073952
7.074256
7.074557
7.074855
7.075150
7.075443
7.075734
7.076022
7.076309
7.076593
7.076876
7.077155
7.077433
7.077708
7.077980
7.078251
7.078518
7.078783
7.079046
7.079306
7.079563
7.079817
7.080069
7.080317
7.080562
7.080804
7.081043
7.081280
7.081514
7.081745
7.081973
7.082199
7.082422
7.082642
7.082860
7.083075
7.083288
7.083499
7.083708
7.083916
7.084121
7.084325
7.084527
7.084727
7.084924
7.085120
7.085312
7.085502
7.085689
7.085873
7.086054
7.086232
7.086406
7.086577
7.086744
7.086908
7.087068
7.087224
7.087377
7.087526
7.087672
7.087814
7.087953
7.088088
7.088221
7.088349
7.088475
7.088596
7.088714
7.088829
7.088940
7.089048
7.089153
7.089255
7.089353
7.089449
7.089543
7.089633
7.089721
7.089807
7.089891
7.089973
7.090053
7.090132
7.090208
7.090283
7.090356
7.090427
7.090496
7.090563
7.090627
7.090689
7.090749
7.090808
7.090864
7.090919
7.090972
7.091024
7.091074
7.091123
7.091172
7.091219
7.091265
7.091310
7.091355
7.091400
7.091444
7.091488
7.091533
7.091577
7.091622
7.091668
7.091715
7.091762
7.091811
7.091860
7.091911
7.091962
7.092013
7.092065
7.092116
7.092168
7.092220
7.092272
7.092324
7.092376
7.092429
7.092482
7.092535
7.092589
7.092644
7.092699
7.092755
7.092810
7.092866
7.092922
7.092978
7.093033
7.093088
7.093143
7.093198
7.093252
7.093305
7.093358
7.093411
7.093462
7.093513
7.093563
7.093612
7.093659
7.093706
7.093752
7.093797
7.093840
7.093883
7.093924
7.093964
7.094002
7.094040
7.094076
7.094110
7.094143
7.094175
7.094205
7.094234
7.094262
7.094288
7.094312
7.094335
7.094357
7.094377
7.094396
7.094414
7.094430
7.094445
7.094458
7.094470
7.094481
7.094491
7.094500
7.094507
7.094513
7.094518
7.094522
7.094525
7.094527
7.094528
7.094529
7.094528
7.094527
7.094525
7.094523
7.094520
7.094517
7.094514
7.094510
7.094506
7.094502
7.094498
7.094494
7.094490
7.094487
7.094484
7.094481
7.094479
7.094478
7.094477
7.094477
7.094476
7.094476
7.094476
7.094476
7.094476
7.094476
7.094476
7.094476
7.094476
7.094476
7.094476
7.094476
7.094476
7.094476
7.094476
7.094476
7.094476
7.094476
7.094476
7.094476
7.094476
7.094476
7.094476
7.094476
7.094476
7.094476
7.094476
7.094476
7.094476
7.094476
7.094476
7.094476
7.094476
7.094476
7.094476
7.094476
7.094476
7.094476
7.094476
7.094476
7.094476
7.094476
7.094476
7.094476
7.094476
7.094476
7.094476
7.094476
7.094476
7.094476
7.094476
7.094476
7.094476
7.094476
7.094476
7.094476
7.094476
7.094476
7.094476
7.094476
7.094476
7.094476
7.094476
7.094476
7.094476
7.094476
7.094476
7.094476
7.094476
7.094476
7.094476
7.094476
7.094476
7.094476
7.094476
7.094476
7.094476
7.094476
7.094476
7.094476
7.094476
7.094476
7.094476
7.094476
7.094476
7.094476
7.094476
7.094476
7.094476
7.094476
7.094476
7.094476
7.094476
7.094476
7.094476
7.094476
7.094476
7.094476
7.094476
7.094476
7.094476
7.094476
7.094476
7.094476
7.094476
7.094476
7.094476
7.094476
7.094476
7.094476
7.094476
7.094476
7.094476
7.094476
7.094476
7.094476
7.094476
7.094476
7.094476
7.094476
7.094476
7.094476
7.094476
7.094476
7.094476
7.094476
7.094476
7.094476
7.094476
7.094476
7.094476
7.094476
7.094476
7.094476
7.094476
7.094476
7.094476
7.094476
7.094476
7.094476
7.094476
7.094476
7.094476
7.094476
7.094476
7.094476
7.094476
7.094476
7.094476
7.094476
7.094476
7.094476
7.094476
7.094476
7.094476
7.094476
7.094476
7.094476
7.094476
7.094476
7.094476
7.094476
7.094476
7.094476
7.094476
7.094476
7.094476
7.094476
7.094476
7.094476
7.094476
7.094476
7.094476
7.094476
7.094476
7.094476
7.094476
7.094476
7.094476
7.094476
7.094476
7.094476
7.094476
7.094476
7.094476
7.094476
7.094476
7.094476
7.094476
7.094476
7.094476
7.094476
7.094476
7.094476
7.094476
7.094476
7.094476
7.094476
7.094476
7.094476
7.094476
7.094476
7.094476
7.094476
7.094476
7.094476
7.094476
7.094476
7.094476
7.094476
7.094476
7.094476
7.094476
7.094476
7.094476
7.094476
7.094476
7.094476
7.094476
7.094476
7.094476
7.094476
7.094476
7.094476
7.094476
7.094476
7.094476
7.094476
7.094476
7.094476
7.094476
7.094476
7.094476
7.094476
7.094476
7.094476
7.094476
7.094476
7.094476
7.094476
7.094476
7.094476
7.094476
7.094476
7.094476
7.094476
7.094476
7.094476
7.094476
7.094476
7.094476
7.094476
7.094476
7.094476
7.094476
7.094476
7.094476
7.094476
7.094476
7.094476
7.094476
7.094476
7.094476
7.094476
7.094476
7.094476
7.094476
7.094476
7.094476
7.094476
7.094476
7.094476
7.094476
7.094476
7.094476
7.094476
7.094476
7.094476
7.094476
7.094476
7.094476
7.094476
7.094476
7.094476
7.094476
7.094476
7.094476
7.094476
7.094476
7.094476
7.094476
7.094476
7.094476
7.094476
7.094476
7.094476
7.094476
7.094476
7.094476
7.094476
7.094476
7.094476
7.094476
7.094476
7.094476
7.094476
7.094476
7.094476
7.094476
7.094476
7.094476
7.094476
7.094476
7.094476
7.094476
7.094476
7.094476
7.094476
7.094476
7.094476
7.094476
7.094476
7.094476
7.094476
7.094476
7.094476
7.094476
7.094476
7.094476
7.094476
7.094476
7.094476
7.094476
7.094476
7.094476
7.094476
7.094476
7.094476
7.094476
7.094476
7.094476
7.094476
7.094476
7.094476
7.094476
7.094476
7.094476
7.094476
7.094476
7.094476
7.094476
7.094476
7.094476
7.094476
7.094476
7.094476
7.094476
7.094476
7.094476
7.094476
7.094476
7.094476
7.094476
7.094476
7.094476
7.094476
7.094476
7.094476
7.094476
7.094476
7.094476
7.094476
7.094476
7.094476
7.094476
7.094476
7.094476
7.094476
7.094476
7.094476
7.094476
7.094476
7.094476
7.094476
7.094476
7.094476
7.094476
7.094476
7.094476
7.094476
7.094476
7.094476
7.094476
7.094476
7.094476
7.094476
7.094476
7.094476
7.094476
7.094476
7.094476
7.094476
7.094476
7.094476
7.094476
7.094476
7.094476
7.094476
7.094476
7.094476
7.094476
7.094476
7.094476
7.094476
7.094476
7.094476
7.094476
7.094476
7.094476
7.094476
7.094476
7.094476
7.094476
7.094476
7.094476
7.094476
7.094476
7.094476
7.094476
7.094476
7.094476
7.094476
7.094476
7.094476
7.094476
7.094476
7.094476
7.094476
7.094476
7.094476
7.094476
7.094476
7.094476
7.094476
7.094476
7.094476
7.094476
7.094476
7.094476
7.094476
7.094476
7.094476
7.094476
7.094476
7.094476
7.094476
7.094476
7.094476
7.094476
7.094476
7.094476
7.094476
7.094476
7.094476
7.094476
7.094476
7.094476
7.094476
7.094476
7.094476
7.094476
7.094476
7.094476
7.094476
7.094476
7.094476
7.094476
7.094476
7.094476
7.094476
7.094476
7.094476
7.094476
7.094476
7.094476
7.094476
7.094476
7.094476
7.094476
7.094476
7.094476
7.094476
7.094476
7.094476
7.094476
7.094476
7.094476
7.094476
7.094476
7.094476
7.094476
7.094476
7.094476
7.094476
7.094476
7.094476
7.094476
7.094476
7.094476
7.094476
7.094476
7.094476
7.094476
7.094476
7.094476
7.094476
7.094476
7.094476
7.094476
7.094476
7.094476
7.094476
7.094476
7.094476
7.094476
7.094476
7.094476
7.094476
7.094476
7.094476
7.094476
7.094476
7.094476
7.094476
7.094476
7.094476
7.094476
7.094476
7.094476
7.094476
7.094476
7.094476
7.094476
7.094476
7.094476
7.094476
7.094476
7.094476
7.094476
7.094476
7.094476
7.094476
7.094476
7.094476
7.094476
7.094476
7.094476
7.094476
7.094476
7.094476
7.094476
7.094476
7.094476
7.094476
7.094476
7.094476
7.094476
7.094476
7.094476
7.094476
7.094476
7.094476
7.094476
7.094476
7.094476
7.094476
7.094476
7.094476
7.094476
7.094476
7.094476
7.094476
7.094476
7.094476
7.094476
7.094476
7.094476
7.094476
7.094476
7.094476
7.094476
7.094476
7.094476
7.094476
7.094476
7.094476
7.094476
7.094476
7.094476
7.094476
7.094476
7.094476
7.094476
7.094476
7.094476
7.094476
7.094476
7.094476
7.094476
7.094476
7.094476
7.094476
7.094476
7.094476
7.094476
7.094476
7.094476
7.094476
7.094476
7.094476
7.094476
7.094476
7.094476
7.094476
7.094476
7.094476
7.094476
7.094476
7.094476
7.094476
7.094476
7.094476
7.094476
7.094476
7.094476
7.094476
7.094476
7.094476
7.094476
7.094476
7.094476
7.094476
7.094476
7.094476
7.094476
7.094476
7.094476
7.094476
7.094476
7.094476
7.094476
7.094476
7.094476
7.094476
7.094476
7.094476
7.094476
7.094476
7.094476
7.094476
7.094476
7.094476
7.094476
7.094476
7.094476
7.094476
7.094476
7.094476
7.094476
7.094476
7.094476
7.094476
7.094476
7.094476
7.094476
7.094476
7.094476
7.094476
7.094476
7.094476
7.094476
7.094476
7.094476
7.094476
7.094476
7.094476
7.094476
7.094476
7.094476
7.094476
7.094476
7.094476
7.094476
7.094476
7.094476
7.094476
7.094476
7.094476
7.094476
7.094476
7.094476
7.094476
7.094476
7.094476
7.094476
7.094476
7.094476
7.094476
7.094476
7.094476
7.094476
7.094476
7.094476
7.094476
7.094476
7.094476
7.094476
7.094476
7.094476
7.094476
7.094476
7.094476
7.094476
7.094476
7.094476
7.094476
7.094476
7.094476
7.094476
7.094476
7.094476
7.094476
7.094476
7.094476
7.094476
7.094476
7.094476
7.094476
7.094476
7.094476
7.094476
7.094476
7.094476
7.094476
7.094476
7.094476
7.094476
7.094476
7.094476
7.094476
7.094476
7.094476
7.094476
7.094476
7.094476
7.094476
7.094476
7.094476
7.094476
7.094476
7.094476
7.094476
7.094476
7.094476
7.094476
7.094476
7.094476
7.094476
7.094476
7.094476
7.094476
7.094476
7.094476
7.094476
7.094476
7.094476
7.094476
7.094476
7.094476
7.094476
7.094476
7.094476
7.094476
7.094476
7.094476
7.094476
7.094476
7.094476
7.094476
7.094476
7.094476
7.094476
7.094476
7.094476
7.094476
7.094476
7.094476
7.094476
7.094476
7.094476
7.094476
7.094476
7.094476
7.094476
7.094476
7.094476
7.094476
7.094476
7.094476
7.094476
7.094476
7.094476
7.094476
7.094476
7.094476
7.094476
7.094476
7.094476
7.094476
7.094476
7.094476
7.094476
7.094476
7.094476
7.094476
7.094476
7.094476
7.094476
7.094476
7.094476
7.094476
7.094476
7.094476
7.094476
7.094476
7.094476
7.094476
7.094476
7.094476
7.094476
7.094476
7.094476
7.094476
7.094476
7.094476
7.094476
7.094476
7.094476
7.094476
7.094476
7.094476
7.094476
7.094476
7.094476
7.094476
7.094476
7.094476
7.094476
7.094476
7.094476
7.094476
7.094476
7.094476
7.094476
7.094476
7.094476
7.094476
7.094476
7.094476
7.094476
7.094476
7.094476
7.094476
7.094476
7.094476
7.094476
7.094476
7.094476
7.094476
7.094476
7.094476
7.094476
7.094476
7.094476
7.094476
7.094476
7.094476
7.094476
7.094476
7.094476
7.094476
7.094476
7.094476
7.094476
7.094476
7.094476
7.094476
7.094476
7.094476
7.094476
7.094476
7.094476
7.094476
7.094476
7.094476
7.094476
7.094476
7.094476
7.094476
7.094476
7.094476
7.094476
7.094476
7.094476
7.094476
7.094476
7.094476
7.094476
7.094476
7.094476
7.094476
7.094476
7.094476
7.094476
7.094476
7.094476
7.094476
7.094476
7.094476
7.094476
7.094476
7.094476
7.094476
7.094476
7.094476
7.094476
7.094476
7.094476
7.094476
7.094476
7.094476
7.094476
7.094476
7.094476
7.094476
7.094476
7.094476
7.094476
7.094476
7.094476
7.094476
7.094476
7.094476
7.094476
7.094476
7.094476
7.094476
7.094476
7.094476
7.094476
7.094476
7.094476
7.094476
7.094476
7.094476
7.094476
7.094476
7.094476
7.094476
7.094476
7.094476
7.094476
7.094476
7.094476
7.094476
7.094476
7.094476
7.094476
7.094476
7.094476
7.094476
7.094476
7.094476
7.094476
7.094476
7.094476
7.094476
7.094476
7.094476
7.094476
7.094476
7.094476
7.094476
7.094476
7.094476
7.094476
7.094476
7.094476
7.094476
7.094476
7.094476
7.094476
7.094476
7.094476
7.094476
7.094476
7.094476
7.094476
7.094476
7.094476
7.094476
7.094476
7.094476
7.094476
7.094476
7.094476
7.094476
7.094476
7.094476
7.094476
7.094476
7.094476
7.094476
7.094476
7.094476
7.094476
7.094476
7.094476
7.094476
7.094476
7.094476
7.094476
7.094476
7.094476
7.094476
7.094476
7.094476
7.094476
7.094476
7.094476
7.094476
7.094476
7.094476
7.094476
7.094476
7.094476
7.094476
7.094476
7.094476
7.094476
7.094476
7.094476
7.094476
7.094476
7.094476
7.094476
7.094476
7.094476
7.094476
7.094476
7.094476
7.094476
7.094476
7.094476
7.094476
7.094476
7.094476
7.094476
7.094476
7.094476
7.094476
7.094476
7.094476
7.094476
7.094476
7.094476
7.094476
7.094476
7.094476
7.094476
7.094476
7.094476
7.094476
7.094476
7.094476
7.094476
7.094476
7.094476
7.094476
7.094476
7.094476
7.094476
7.094476
7.094476
7.094476
7.094476
7.094476
7.094476
7.094476
7.094476
7.094476
7.094476
7.094476
7.094476
7.094476
7.094476
7.094476
7.094476
7.094476
7.094476
7.094476
7.094476
7.094476
7.094476
7.094476
7.094476
7.094476
7.094476
7.094476
7.094476
7.094476
7.094476
7.094476
7.094476
7.094476
7.094476
7.094476
7.094476
7.094476
7.094476
7.094476
7.094476
7.094476
7.094476
7.094476
7.094476
7.094476
7.094476
7.094476
7.094476
7.094476
7.094476
7.094476
7.094476
7.094476
7.094476
7.094476
7.094476
7.094476
7.094476
7.094476
7.094476
7.094476
7.094476
7.094476
7.094476
7.094476
7.094476
7.094476
7.094476
7.094476
7.094476
7.094476
7.094476
7.094476
7.094476
7.094476
7.094476
7.094476
7.094476
7.094476
7.094476
7.094476
7.094476
7.094476
7.094476
7.094476
7.094476
7.094476
7.094476
7.094476
7.094476
7.094476
7.094476
7.094476
7.094476
7.094476
7.094476
7.094476
7.094476
7.094476
7.094476
7.094476
7.094476
7.094476
7.094476
7.094476
7.094476
7.094476
7.094476
7.094476
7.094476
7.094476
7.094476
7.094476
7.094476
7.094476
7.094476
7.094476
7.094476
7.094476
7.094476
7.094476
7.094476
7.094476
7.094476
7.094476
7.094476
7.094476
7.094476
7.094476
7.094476
7.094476
7.094476
7.094476
7.094476
7.094476
7.094476
7.094476
7.094476
7.094476
7.094476
7.094476
7.094476
7.094476
7.094476
7.094476
7.094476
7.094476
7.094476
7.094476
7.094476
7.094476
7.094476
7.094476
7.094476
7.094476
7.094476
7.094476
7.094476
7.094476
7.094476
7.094476
7.094476
7.094476
7.094476
7.094476
7.094476
7.094476
7.094476
7.094476
7.094476
7.094476
7.094476
7.094476
7.094476
7.094476
7.094476
7.094476
7.094476
7.094476
7.094476
7.094476
7.094476
7.094476
7.094476
7.094476
7.094476
7.094476
7.094476
7.094476
7.094476
7.094476
7.094476
7.094476
7.094476
7.094476
7.094476
7.094476
7.094476
7.094476
7.094476
7.094476
7.094476
7.094476
7.094476
7.094476
7.094476
7.094476
7.094476
7.094476
7.094476
7.094476
7.094476
7.094476
7.094476
7.094476
7.094476
7.094476
7.094476
7.094476
7.094476
7.094476
7.094476
7.094476
7.094476
7.094476
7.094476
7.094476
7.094476
7.094476
7.094476
7.094476
7.094476
7.094476
7.094476
7.094476
7.094476
7.094476
7.094476
7.094476
7.094476
7.094476
7.094476
7.094476
7.094476
7.094476
7.094476
7.094476
7.094476
7.094476
7.094476
7.094476
7.094476
7.094476
7.094476
7.094476
7.094476
7.094476
7.094476
7.094476
7.094476
7.094476
7.094476
7.094476
7.094476
7.094476
7.094476
7.094476
7.094476
7.094476
7.094476
7.094476
7.094476
7.094476
7.094476
7.094476
7.094476
7.094476
7.094476
7.094476
7.094476
7.094476
7.094476
7.094476
7.094476
7.094476
7.094476
7.094476
7.094476
7.094476
7.094476
7.094476
7.094476
7.094476
7.094476
7.094476
7.094476
7.094476
7.094476
7.094476
7.094476
7.094476
7.094476
7.094476
7.094476
7.094476
7.094476
7.094476
7.094476
7.094476
7.094476
7.094476
7.094476
7.094476
7.094476
7.094476
7.094476
7.094476
7.094476
7.094476
7.094476
7.094476
7.094476
7.094476
7.094476
7.094476
7.094476
7.094476
7.094476
7.094476
7.094476
7.094476
7.094476
7.094476
7.094476
7.094476
7.094476
7.094476
7.094476
7.094476
7.094476
7.094476
7.094476
7.094476
7.094476
7.094476
7.094476
7.094476
7.094476
7.094476
7.094476
7.094476
7.094476
7.094476
7.094476
7.094476
7.094476
7.094476
7.094476
7.094476
7.094476
7.094476
7.094476
7.094476
7.094476
7.094476
7.094476
7.094476
7.094476
7.094476
7.094476
7.094476
7.094476
7.094476
7.094476
7.094476
7.094476
7.094476
7.094476
7.094476
7.094476
7.094476
7.094476
7.094476
7.094476
7.094476
7.094476
7.094476
7.094476
7.094476
7.094476
7.094476
7.094476
7.094476
7.094476
7.094476
7.094476
7.094476
7.094476
7.094476
7.094476
7.094476
7.094476
7.094476
7.094476
7.094476
7.094476
7.094476
7.094476
7.094476
7.094476
7.094476
7.094476
7.094476
7.094476
7.094476
7.094476
7.094476
7.094476
7.094476
7.094476
7.094476
7.094476
7.094476
7.094476
7.094476
7.094476
7.094476
7.094476
7.094476
7.094476
7.094476
7.094476
7.094476
7.094476
7.094476
7.094476
7.094476
7.094476
7.094476
7.094476
7.094476
7.094476
7.094476
7.094476
7.094476
7.094476
7.094476
7.094476
7.094476
7.094476
7.094476
7.094476
7.094476
7.094476
7.094476
7.094476
7.094476
7.094476
7.094476
7.094476
7.094476
7.094476
7.094476
7.094476
7.094476
7.094476
7.094476
7.094476
7.094476
7.094476
7.094476
7.094476
7.094476
7.094476
7.094476
7.094476
7.094476
7.094476
7.094476
7.094476
7.094476
7.094476
7.094476
7.094476
7.094476
7.094476
7.094476
7.094476
7.094476
7.094476
7.094476
7.094476
7.094476
7.094476
7.094476
7.094476
7.094476
7.094476
7.094476
7.094476
7.094476
7.094476
7.094476
7.094476
7.094476
7.094476
7.094476
7.094476
7.094476
7.094476
7.094476
7.094476
7.094476
7.094476
7.094476
7.094476
7.094476
7.094476
7.094476
7.094476
7.094476
7.094476
7.094476
7.094476
7.094476
7.094476
7.094476
7.094476
7.094476
7.094476
7.094476
7.094476
7.094476
7.094476
7.094476
7.094476
7.094476
7.094476
7.094476
7.094476
7.094476
7.094476
7.094476
7.094476
7.094476
7.094476
7.094476
7.094476
7.094476
7.094476
7.094476
7.094476
7.094476
7.094476
7.094476
7.094476
7.094476
7.094476
7.094476
7.094476
7.094476
7.094476
7.094476
7.094476
7.094476
7.094476
7.094476
7.094476
7.094476
7.094476
7.094476
7.094476
7.094476
7.094476
7.094476
7.094476
7.094476
7.094476
7.094476
7.094476
7.094476
7.094476
7.094476
7.094476
7.094476
7.094476
7.094476
7.094476
7.094476
7.094476
7.094476
7.094476
7.094476
7.094476
7.094476
7.094476
7.094476
7.094476
7.094476
7.094476
7.094476
7.094476
7.094476
7.094476
7.094476
7.094476
7.094476
7.094476
7.094476
7.094476
7.094476
7.094476
7.094476
7.094476
7.094476
7.094476
7.094476
7.094476
7.094476
7.094476
7.094476
7.094476
7.094476
7.094476
7.094476
7.094476
7.094476
7.094476
7.094476
7.094476
7.094476
7.094476
7.094476
7.094476
7.094476
7.094476
7.094476
7.094476
7.094476
7.094476
7.094476
7.094476
7.094476
7.094476
7.094476
7.094476
7.094476
7.094476
7.094476
7.094476
7.094476
7.094476
7.094476
7.094476
7.094476
7.094476
7.094476
7.094476
7.094476
7.094476
7.094476
7.094476
7.094476
7.094476
7.094476
7.094476
7.094476
7.094476
7.094476
7.094476
7.094476
7.094476
7.094476
7.094476
7.094476
7.094476
7.094476
7.094476
7.094476
7.094476
7.094476
7.094476
7.094476
7.094476
7.094476
7.094476
7.094476
7.094476
7.094476
7.094476
7.094476
7.094476
7.094476
7.094476
7.094476
7.094476
7.094476
7.094476
7.094476
7.094476
7.094476
7.094476
7.094476
7.094476
7.094476
7.094476
7.094476
7.094476
7.094476
7.094476
7.094476
7.094476
7.094476
7.094476
7.094476
7.094476
7.094476
7.094476
7.094476
7.094476
7.094476
7.094476
7.094476
7.094476
7.094476
7.094476
7.094476
7.094476
7.094476
7.094476
7.094476
7.094476
7.094476
7.094476
7.094476
7.094476
7.094476
7.094476
7.094476
7.094476
7.094476
7.094476
7.094476
7.094476
7.094476
7.094476
7.094476
7.094476
7.094476
7.094476
7.094476
7.094476
7.094476
7.094476
7.094476
7.094476
7.094476
7.094476
7.094476
7.094476
7.094476
7.094476
7.094476
7.094476
7.094476
7.094476
7.094476
7.094476
7.094476
7.094476
7.094476
7.094476
7.094476
7.094476
7.094476
7.094476
7.094476
7.094476
7.094476
7.094476
7.094476
7.094476
7.094476
7.094476
7.094476
7.094476
7.094476
7.094476
7.094476
7.094476
7.094476
7.094476
7.094476
7.094476
7.094476
7.094476
7.094476
7.094476
7.094476
7.094476
7.094476
7.094476
7.094476
7.094476
7.094476
7.094476
7.094476
7.094476
7.094476
7.094476
7.094476
7.094476
7.094476
7.094476
7.094476
7.094476
7.094476
7.094476
7.094476
7.094476
7.094476
7.094476
7.094476
7.094476
7.094476
7.094476
7.094476
7.094476
7.094476
7.094476
7.094476
7.094476
7.094476
7.094476
7.094476
7.094476
7.094476
7.094476
7.094476
7.094476
7.094476
7.094476
7.094476
7.094476
7.094476
7.094476
7.094476
7.094476
7.094476
7.094476
7.094476
7.094476
7.094476
7.094476
7.094476
7.094476
7.094476
7.094476
7.094476
7.094476
7.094476
7.094476
7.094476
7.094476
7.094476
7.094476
7.094476
7.094476
7.094476
7.094476
7.094476
7.094476
7.094476
7.094476
7.094476
7.094476
7.094476
7.094476
7.094476
7.094476
7.094476
7.094476
7.094476
7.094476
7.094476
7.094476
7.094476
7.094476
7.094476
7.094476
7.094476
7.094476
7.094476
7.094476
7.094476
7.094476
7.094476
7.094476
7.094476
7.094476
7.094476
7.094476
7.094476
7.094476
7.094476
7.094476
7.094476
7.094476
7.094476
7.094476
7.094476
7.094476
7.094476
7.094476
7.094476
7.094476
7.094476
7.094476
7.094476
7.094476
7.094476
7.094476
7.094476
7.094476
7.094476
7.094476
7.094476
7.094476
7.094476
7.094476
7.094476
7.094476
7.094476
7.094476
7.094476
7.094476
7.094476
7.094476
7.094476
7.094476
7.094476
7.094476
7.094476
7.094476
7.094476
7.094476
7.094476
7.094476
7.094476
7.094476
7.094476
7.094476
7.094476
7.094476
7.094476
7.094476
7.094476
7.094476
7.094476
7.094476
7.094476
7.094476
7.094476
7.094476
7.094476
7.094476
7.094476
7.094476
7.094476
7.094476
7.094476
7.094476
7.094476
7.094476
7.094476
7.094476
7.094476
7.094476
7.094476
7.094476
7.094476
7.094476
7.094476
7.094476
7.094476
7.094476
7.094476
7.094476
7.094476
7.094476
7.094476
7.094476
7.094476
7.094476
7.094476
7.094476
7.094476
7.094476
7.094476
7.094476
7.094476
7.094476
7.094476
7.094476
7.094476
7.094476
7.094476
7.094476
7.094476
7.094476
7.094476
7.094476
7.094476
7.094476
7.094476
7.094476
7.094476
7.094476
7.094476
7.094476
7.094476
7.094476
7.094476
7.094476
7.094476
7.094476
7.094476
7.094476
7.094476
7.094476
7.094476
7.094476
7.094476
7.094476
7.094476
7.094476
7.094476
7.094476
7.094476
7.094476
7.094476
7.094476
7.094476
7.094476
7.094476
7.094476
7.094476
7.094476
7.094476
7.094476
7.094476
7.094476
7.094476
7.094476
7.094476
7.094476
7.094476
7.094476
7.094476
7.094476
7.094476
7.094476
7.094476
7.094476
7.094476
7.094476
7.094476
7.094476
7.094476
7.094476
7.094476
7.094476
7.094476
7.094476
7.094476
7.094476
7.094476
7.094476
7.094476
7.094476
7.094476
7.094476
7.094476
7.094476
7.094476
7.094476
7.094476
7.094476
7.094476
7.094476
7.094476
7.094476
7.094476
7.094476
7.094476
7.094476
7.094476
7.094476
7.094476
7.094476
7.094476
7.094476
7.094476
7.094476
7.094476
7.094476
7.094476
7.094476
7.094476
7.094476
7.094476
7.094476
7.094476
7.094476
7.094476
7.094476
7.094476
7.094476
7.094476
7.094476
7.094476
7.094476
7.094476
7.094476
7.094476
7.094476
7.094476
7.094476
7.094476
7.094476
7.094476
7.094476
7.094476
7.094476
7.094476
7.094476
7.094476
7.094476
7.094476
7.094476
7.094476
7.094476
7.094476
7.094476
7.094476
7.094476
7.094476
7.094476
7.094476
7.094476
7.094476
7.094476
7.094476
7.094476
7.094476
7.094476
7.094476
7.094476
7.094476
7.094476
7.094476
7.094476
7.094476
7.094476
7.094476
7.094476
7.094476
7.094476
7.094476
7.094476
7.094476
7.094476
7.094476
7.094476
7.094476
7.094476
7.094476
7.094476
7.094476
7.094476
7.094476
7.094476
7.094476
7.094476
7.094476
7.094476
7.094476
7.094476
7.094476
7.094476
7.094476
7.094476
7.094476
7.094476
7.094476
7.094476
7.094476
7.094476
7.094476
7.094476
7.094476
7.094476
7.094476
7.094476
7.094476
7.094476
7.094476
7.094476
7.094476
7.094476
7.094476
7.094476
7.094476
7.094476
7.094476
7.094476
7.094476
7.094476
7.094476
7.094476
7.094476
7.094476
7.094476
7.094476
7.094476
7.094476
7.094476
7.094476
7.094476
7.094476
7.094476
7.094476
7.094476
7.094476
7.094476
7.094476
7.094476
7.094476
7.094476
7.094476
7.094476
7.094476
7.094476
7.094476
7.094476
7.094476
7.094476
7.094476
7.094476
7.094476
7.094476
7.094476
7.094476
7.094476
7.094476
7.094476
7.094476
7.094476
7.094476
7.094476
7.094476
7.094476
7.094476
7.094476
7.094476
7.094476
7.094476
7.094476
7.094476
7.094476
7.094476
7.094476
7.094476
7.094476
7.094476
7.094476
7.094476
7.094476
7.094476
7.094476
7.094476
7.094476
7.094476
7.094476
7.094476
7.094476
7.094476
7.094476
7.094476
7.094476
7.094476
7.094476
7.094476
7.094476
7.094476
7.094476
7.094476
7.094476
7.094476
7.094476
7.094476
7.094476
7.094476
7.094476
7.094476
7.094476
7.094476
7.094476
7.094476
7.094476
7.094476
7.094476
7.094476
7.094476
7.094476
7.094476
7.094476
7.094476
7.094476
7.094476
7.094476
7.094476
7.094476
7.094476
7.094476
7.094476
7.094476
7.094476
7.094476
7.094476
7.094476
7.094476
7.094476
7.094476
7.094476
7.094476
7.094476
7.094476
7.094476
7.094476
7.094476
7.094476
7.094476
7.094476
7.094476
7.094476
7.094476
7.094476
7.094476
7.094476
7.094476
7.094476
7.094476
7.094476
7.094476
7.094476
7.094476
7.094476
7.094476
7.094476
7.094476
7.094476
7.094476
7.094476
7.094476
7.094476
7.094476
7.094476
7.094476
7.094476
7.094476
7.094476
7.094476
7.094476
7.094476
7.094476
7.094476
7.094476
7.094476
7.094476
7.094476
7.094476
7.094476
7.094476
7.094476
7.094476
7.094476
7.094476
7.094476
7.094476
7.094476
7.094476
7.094476
7.094476
7.094476
7.094476
7.094476
7.094476
7.094476
7.094476
7.094476
7.094476
7.094476
7.094476
7.094476
7.094476
7.094476
7.094476
7.094476
7.094476
7.094476
7.094476
7.094476
7.094476
7.094476
7.094476
7.094476
7.094476
7.094476
7.094476
7.094476
7.094476
7.094476
7.094476
7.094476
7.094476
7.094476
7.094476
7.094476
7.094476
7.094476
7.094476
7.094476
7.094476
7.094476
7.094476
7.094476
7.094476
7.094476
7.094476
7.094476
7.094476
7.094476
7.094476
7.094476
7.094476
7.094476
7.094476
7.094476
7.094476
7.094476
7.094476
7.094476
7.094476
7.094476
7.094476
7.094476
7.094476
7.094476
7.094476
7.094476
7.094476
7.094476
7.094476
7.094476
7.094476
7.094476
7.094476
7.094476
7.094476
7.094476
7.094476
7.094476
7.094476
7.094476
7.094476
7.094476
7.094476
7.094476
7.094476
7.094476
7.094476
7.094476
7.094476
7.094476
7.094476
7.094476
7.094476
7.094476
7.094476
7.094476
7.094476
7.094476
7.094476
7.094476
7.094476
7.094476
7.094476
7.094476
7.094476
7.094476
7.094476
7.094476
7.094476
7.094476
7.094476
7.094476
7.094476
7.094476
7.094476
7.094476
7.094476
7.094476
7.094476
7.094476
7.094476
7.094476
7.094476
7.094476
7.094476
7.094476
7.094476
7.094476
7.094476
7.094476
7.094476
7.094476
7.094476
7.094476
7.094476
7.094476
7.094476
7.094476
7.094476
7.094476
7.094476
7.094476
7.094476
7.094476
7.094476
7.094476
7.094476
7.094476
7.094476
7.094476
7.094476
7.094476
7.094476
7.094476
7.094476
7.094476
7.094476
7.094476
7.094476
7.094476
7.094476
7.094476
7.094476
7.094476
7.094476
7.094476
7.094476
7.094476
7.094476
7.094476
7.094476
7.094476
7.094476
7.094476
7.094476
7.094476
7.094476
7.094476
7.094476
7.094476
7.094476
7.094476
7.094476
7.094476
7.094476
7.094476
7.094476
7.094476
7.094476
7.094476
7.094476
7.094476
7.094476
7.094476
7.094476
7.094476
7.094476
7.094476
7.094476
7.094476
7.094476
7.094476
7.094476
7.094476
7.094476
7.094476
7.094476
7.094476
7.094476
7.094476
7.094476
7.094476
7.094476
7.094476
7.094476
7.094476
7.094476
7.094476
7.094476
7.094476
7.094476
7.094476
7.094476
7.094476
7.094476
7.094476
7.094476
7.094476
7.094476
7.094476
7.094476
7.094476
7.094476
7.094476
7.094476
7.094476
7.094476
7.094476
7.094476
7.094476
7.094476
7.094476
7.094476
7.094476
7.094476
7.094476
7.094476
7.094476
7.094476
7.094476
7.094476
7.094476
7.094476
7.094476
7.094476
7.094476
7.094476
7.094476
7.094476
7.094476
7.094476
7.094476
7.094476
7.094476
7.094476
7.094476
7.094476
7.094476
7.094476
7.094477
7.094477
7.094477
7.094478
7.094478
7.094479
7.094480
7.094481
7.094482
7.094483
7.094484
7.094485
7.094486
7.094487
7.094487
7.094488
7.094489
7.094489
7.094490
7.094490
7.094490
7.094490
7.094489
7.094489
7.094488
7.094487
7.094485
7.094484
7.094482
7.094480
7.094477
7.094474
7.094471
7.094468
7.094464
7.094460
7.094455
7.094451
7.094445
7.094440
7.094434
7.094428
7.094421
7.094414
7.094407
7.094399
7.094391
7.094382
7.094374
7.094365
7.094355
7.094345
7.094335
7.094325
7.094314
7.094303
7.094292
7.094281
7.094269
7.094257
7.094245
7.094232
7.094219
7.094206
7.094193
7.094180
7.094167
7.094153
7.094139
7.094126
7.094112
7.094098
7.094084
7.094070
7.094056
7.094042
7.094029
7.094015
7.094001
7.093988
7.093974
7.093961
7.093948
7.093935
7.093922
7.093908
7.093896
7.093883
7.093870
7.093857
7.093844
7.093831
7.093818
7.093805
7.093792
7.093779
7.093766
7.093754
7.093741
7.093728
7.093715
7.093702
7.093689
7.093676
7.093663
7.093650
7.093637
7.093624
7.093611
7.093599
7.093586
7.093573
7.093560
7.093547
7.093534
7.093521
7.093508
7.093495
7.093482
7.093469
7.093456
7.093443
7.093430
7.093417
7.093405
7.093392
7.093379
7.093366
7.093353
7.093340
7.093327
7.093314
7.093302
7.093289
7.093276
7.093263
7.093250
7.093237
7.093224
7.093211
7.093198
7.093185
7.093172
7.093159
7.093146
7.093133
7.093120
7.093107
7.093094
7.093081
7.093068
7.093055
7.093042
7.093029
7.093016
7.093003
7.092990
7.092977
7.092964
7.092951
7.092938
7.092925
7.092912
7.092899
7.092886
7.092873
7.092861
7.092848
7.092835
7.092822
7.092809
7.092796
7.092783
7.092770
7.092757
7.092744
7.092731
7.092718
7.092705
7.092692
7.092679
7.092666
7.092653
7.092640
7.092627
7.092614
7.092601
7.092588
7.092575
7.092562
7.092550
7.092537
7.092524
7.092511
7.092498
7.092485
7.092472
7.092459
7.092446
7.092433
7.092420
7.092407
7.092394
7.092381
7.092368
7.092356
7.092343
7.092330
7.092317
7.092304
7.092291
7.092278
7.092265
7.092252
7.092239
7.092226
7.092213
7.092200
7.092187
7.092174
7.092161
7.092148
7.092135
7.092123
7.092110
7.092097
7.092084
7.092071
7.092058
7.092045
7.092032
7.092019
7.092006
7.091993
7.091980
7.091967
7.091954
7.091941
7.091928
7.091915
7.091903
7.091890
7.091877
7.091864
7.091851
7.091838
7.091825
7.091812
7.091799
7.091786
7.091773
7.091760
7.091747
7.091735
7.091722
7.091709
7.091696
7.091683
7.091670
7.091658
7.091645
7.091632
7.091619
7.091606
7.091593
7.091580
7.091567
7.091554
7.091541
7.091528
7.091515
7.091502
7.091489
7.091476
7.091463
7.091450
7.091437
7.091425
7.091412
7.091399
7.091386
7.091373
7.091360
7.091347
7.091334
7.091321
7.091308
7.091295
7.091282
7.091269
7.091256
7.091244
7.091231
7.091217
7.091204
7.091192
7.091179
7.091166
7.091153
7.091140
7.091127
7.091114
7.091101
7.091088
7.091075
7.091062
7.091049
7.091036
7.091023
7.091010
7.090997
7.090984
7.090971
7.090958
7.090945
7.090932
7.090919
7.090906
7.090894
7.090881
7.090868
7.090855
7.090842
7.090829
7.090816
7.090803
7.090790
7.090777
7.090764
7.090751
7.090738
7.090726
7.090713
7.090700
7.090686
7.090673
7.090660
7.090648
7.090635
7.090622
7.090609
7.090596
7.090583
7.090570
7.090557
7.090544
7.090531
7.090518
7.090505
7.090492
7.090479
7.090466
7.090453
7.090440
7.090427
7.090414
7.090402
7.090389
7.090376
7.090363
7.090350
7.090337
7.090324
7.090311
7.090299
7.090287
7.090275
7.090263
7.090251
7.090240
7.090229
7.090218
7.090207
7.090195
7.090184
7.090173
7.090162
7.090150
7.090138
7.090126
7.090114
7.090101
7.090089
7.090075
7.090062
7.090048
7.090033
7.090018
7.090003
7.089987
7.089970
7.089953
7.089936
7.089917
7.089899
7.089879
7.089859
7.089838
7.089817
7.089795
7.089772
7.089749
7.089725
7.089700
7.089675
7.089649
7.089623
7.089595
7.089567
7.089538
7.089509
7.089479
7.089449
7.089418
7.089386
7.089353
7.089320
7.089287
7.089252
7.089218
7.089183
7.089147
7.089111
7.089074
7.089037
7.089000
7.088962
7.088924
7.088886
7.088848
7.088809
7.088770
7.088731
7.088692
7.088653
7.088614
7.088575
7.088536
7.088497
7.088458
7.088419
7.088381
7.088342
7.088304
7.088266
7.088229
7.088191
7.088154
7.088117
7.088079
7.088042
7.088004
7.087967
7.087930
7.087892
7.087855
7.087817
7.087780
7.087743
7.087705
7.087668
7.087630
7.087593
7.087556
7.087518
7.087481
7.087444
7.087406
7.087369
7.087331
7.087294
7.087256
7.087219
7.087182
7.087145
7.087107
7.087070
7.087032
7.086995
7.086958
7.086920
7.086883
7.086845
7.086808
7.086771
7.086734
7.086696
7.086659
7.086622
7.086585
7.086548
7.086512
7.086475
7.086439
7.086403
7.086367
7.086331
7.086295
7.086259
7.086223
7.086187
7.086151
7.086115
7.086079
7.086042
7.086006
7.085969
7.085932
7.085894
7.085856
7.085818
7.085779
7.085740
7.085701
7.085661
7.085621
7.085580
7.085539
7.085497
7.085455
7.085413
7.085369
7.085326
7.085282
7.085237
7.085192
7.085146
7.085099
7.085052
7.085004
7.084956
7.084907
7.084858
7.084808
7.084758
7.084707
7.084655
7.084603
7.084550
7.084497
7.084444
7.084389
7.084335
7.084280
7.084225
7.084169
7.084112
7.084055
7.083998
7.083941
7.083883
7.083825
7.083767
7.083708
7.083649
7.083590
7.083531
7.083472
7.083412
7.083353
7.083293
7.083234
7.083174
7.083115
7.083056
7.082997
7.082938
7.082879
7.082821
7.082762
7.082704
7.082646
7.082588
7.082531
7.082473
7.082416
7.082358
7.082300
7.082243
7.082186
7.082128
7.082071
7.082013
7.081956
7.081898
7.081840
7.081783
7.081725
7.081667
7.081609
7.081551
7.081492
7.081434
7.081375
7.081317
7.081258
7.081198
7.081139
7.081080
7.081020
7.080960
7.080900
7.080840
7.080780
7.080719
7.080658
7.080597
7.080536
7.080475
7.080413
7.080351
7.080289
7.080227
7.080164
7.080102
7.080039
7.079976
7.079912
7.079849
7.079785
7.079722
7.079658
7.079593
7.079529
7.079464
7.079400
7.079335
7.079270
7.079204
7.079139
7.079073
7.079008
7.078942
7.078876
7.078810
7.078744
7.078678
7.078612
7.078546
7.078480
7.078414
7.078348
7.078283
7.078217
7.078151
7.078086
7.078021
7.077956
7.077891
7.077826
7.077761
7.077696
7.077631
7.077566
7.077502
7.077437
7.077372
7.077307
7.077241
7.077176
7.077110
7.077044
7.076978
7.076912
7.076845
7.076778
7.076711
7.076644
7.076577
7.076509
7.076441
7.076372
7.076303
7.076234
7.076165
7.076095
7.076025
7.075955
7.075884
7.075813
7.075742
7.075670
7.075598
7.075526
7.075453
7.075380
7.075306
7.075233
7.075159
7.075084
7.075010
7.074935
7.074860
7.074784
7.074708
7.074632
7.074555
7.074478
7.074402
7.074324
7.074247
7.074170
7.074092
7.074015
7.073937
7.073859
7.073781
7.073703
7.073625
7.073548
7.073470
7.073392
7.073314
7.073236
7.073158
7.073080
7.073001
7.072923
7.072845
7.072766
7.072688
7.072610
7.072531
7.072452
7.072374
7.072295
7.072215
7.072136
7.072056
7.071976
7.071896
7.071816
7.071735
7.071654
7.071572
7.071491
7.071409
7.071327
7.071244
7.071162
7.071079
7.070995
7.070911
7.070827
7.070743
7.070658
7.070573
7.070487
7.070401
7.070315
7.070229
7.070142
7.070056
7.069969
7.069882
7.069794
7.069707
7.069619
7.069532
7.069444
7.069356
7.069268
7.069179
7.069091
7.069002
7.068913
7.068824
7.068734
7.068645
7.068555
7.068466
7.068376
7.068286
7.068196
7.068105
7.068015
7.067924
7.067833
7.067742
7.067651
7.067560
7.067469
7.067377
7.067286
7.067194
7.067102
7.067010
7.066918
7.066825
7.066732
7.066638
7.066544
7.066450
7.066356
7.066261
7.066167
7.066072
7.065976
7.065881
7.065785
7.065689
7.065592
7.065496
7.065399
7.065302
7.065205
7.065107
7.065010
7.064912
7.064814
7.064715
7.064617
7.064518
7.064419
7.064320
7.064221
7.064122
7.064022
7.063923
7.063823
7.063722
7.063622
7.063521
7.063421
7.063320
7.063219
7.063118
7.063017
7.062916
7.062815
7.062714
7.062613
7.062512
7.062411
7.062310
7.062209
7.062108
7.062007
7.061905
7.061803
7.061701
7.061600
7.061498
7.061396
7.061293
7.061191
7.061089
7.060987
7.060885
7.060783
7.060682
7.060580
7.060478
7.060377
7.060275
7.060173
7.060071
7.059969
7.059866
7.059764
7.059661
7.059558
7.059455
7.059351
7.059247
7.059143
7.059038
7.058933
7.058827
7.058721
7.058615
7.058508
7.058400
7.058292
7.058184
7.058075
7.057966
7.057856
7.057746
7.057635
7.057524
7.057412
7.057300
7.057187
7.057074
7.056960
7.056846
7.056731
7.056616
7.056500
7.056384
7.056267
7.056150
7.056032
7.055913
7.055794
7.055674
7.055554
7.055433
7.055311
7.055189
7.055067
7.054943
7.054819
7.054695
7.054570
7.054444
7.054319
7.054192
7.054065
7.053938
7.053810
7.053681
7.053553
7.053424
7.053294
7.053165
7.053035
7.052905
7.052775
7.052645
7.052515
7.052385
7.052255
7.052125
7.051995
7.051865
7.051734
7.051604
7.051474
7.051343
7.051212
7.051080
7.050948
7.050816
7.050683
7.050550
7.050416
7.050282
7.050148
7.050012
7.049877
7.049740
7.049603
7.049466
7.049328
7.049190
7.049051
7.048912
7.048772
7.048631
7.048490
7.048348
7.048207
7.048064
7.047921
7.047778
7.047634
7.047490
7.047346
7.047201
7.047056
7.046910
7.046763
7.046616
7.046469
7.046321
7.046172
7.046023
7.045873
7.045723
7.045572
7.045421
7.045269
7.045116
7.044963
7.044810
7.044656
7.044502
7.044347
7.044193
7.044038
7.043883
7.043728
7.043573
7.043418
7.043262
7.043106
7.042950
7.042793
7.042636
7.042479
7.042321
7.042162
7.042003
7.041844
7.041684
7.041523
7.041362
7.041199
7.041037
7.040873
7.040709
7.040543
7.040377
7.040210
7.040042
7.039873
7.039703
7.039531
7.039359
7.039186
7.039011
7.038836
7.038660
7.038482
7.038304
7.038124
7.037944
7.037762
7.037580
7.037397
7.037212
7.037027
7.036841
7.036654
7.036467
7.036279
7.036090
7.035900
7.035710
7.035520
7.035328
7.035136
7.034943
7.034749
7.034555
7.034360
7.034164
7.033968
7.033771
7.033573
7.033374
7.033175
7.032976
7.032776
7.032575
7.032374
7.032173
7.031972
7.031771
7.031569
7.031368
7.031166
7.030964
7.030762
7.030560
7.030358
7.030156
7.029953
7.029750
7.029547
7.029343
7.029138
7.028933
7.028728
7.028521
7.028314
7.028107
7.027898
7.027690
7.027480
7.027270
7.027059
7.026848
7.026636
7.026423
7.026209
7.025995
7.025780
7.025564
7.025347
7.025130
7.024911
7.024692
7.024472
7.024251
7.024029
7.023807
7.023584
7.023361
7.023136
7.022911
7.022686
7.022459
7.022232
7.022004
7.021775
7.021546
7.021316
7.021085
7.020853
7.020621
7.020388
7.020154
7.019920
7.019685
7.019449
7.019212
7.018975
7.018737
7.018498
7.018258
7.018018
7.017776
7.017534
7.017291
7.017046
7.016801
7.016555
7.016308
7.016060
7.015811
7.015561
7.015310
7.015059
7.014807
7.014554
7.014300
7.014045
7.013789
7.013532
7.013274
7.013015
7.012755
7.012494
7.012232
7.011969
7.011705
7.011440
7.011174
7.010907
7.010640
7.010371
7.010102
7.009832
7.009561
7.009290
7.009017
7.008743
7.008469
7.008193
7.007916
7.007638
7.007358
7.007078
7.006797
7.006515
7.006232
7.005948
7.005662
7.005376
7.005089
7.004801
7.004512
7.004221
7.003930
7.003638
7.003344
7.003050
7.002754
7.002458
7.002160
7.001861
7.001561
7.001259
7.000957
7.000653
7.000349
7.000043
6.999736
6.999429
6.999121
6.998812
6.998502
6.998191
6.997879
6.997567
6.997253
6.996938
6.996623
6.996305
6.995987
6.995668
6.995348
6.995027
6.994705
6.994382
6.994058
6.993733
6.993407
6.993080
6.992752
6.992423
6.992093
6.991761
6.991429
6.991095
6.990761
6.990425
6.990089
6.989751
6.989413
6.989074
6.988733
6.988392
6.988050
6.987707
6.987362
6.987017
6.986670
6.986322
6.985973
6.985622
6.985270
6.984917
6.984563
6.984208
6.983851
6.983493
6.983134
6.982774
6.982413
6.982050
6.981687
6.981322
6.980957
6.980590
6.980222
6.979852
6.979482
6.979110
6.978737
6.978363
6.977988
6.977611
6.977234
6.976856
6.976476
6.976095
6.975713
6.975330
6.974946
6.974560
6.974174
6.973786
6.973398
6.973008
6.972617
6.972226
6.971833
6.971439
6.971045
6.970649
6.970253
6.969855
6.969457
6.969057
6.968656
6.968255
6.967852
6.967448
6.967042
6.966636
6.966229
6.965820
6.965410
6.964998
6.964585
6.964171
6.963756
6.963339
6.962920
6.962501
6.962080
6.961658
6.961235
6.960810
6.960384
6.959957
6.959528
6.959098
6.958667
6.958234
6.957800
6.957364
6.956926
6.956488
6.956047
6.955606
6.955162
6.954718
6.954272
6.953825
6.953377
6.952927
6.952476
6.952025
6.951572
6.951118
6.950663
6.950207
6.949750
6.949293
6.948834
6.948375
6.947915
6.947454
6.946992
6.946530
6.946066
6.945601
6.945136
6.944669
6.944201
6.943733
6.943263
6.942791
6.942319
6.941845
6.941371
6.940895
6.940418
6.939941
6.939462
6.938982
6.938502
6.938020
6.937537
6.937053
6.936568
6.936082
6.935596
6.935108
6.934618
6.934128
6.933636
6.933143
6.932649
6.932153
6.931655
6.931155
6.930654
6.930151
6.929647
6.929140
6.928632
6.928123
6.927612
6.927099
6.926584
6.926068
6.925551
6.925032
6.924512
6.923990
6.923467
6.922942
6.922416
6.921888
6.921358
6.920827
6.920295
6.919761
6.919225
6.918687
6.918148
6.917607
6.917065
6.916521
6.915976
6.915429
6.914881
6.914332
6.913782
6.913230
6.912678
6.912124
6.911569
6.911014
6.910457
6.909900
6.909343
6.908785
6.908225
6.907665
6.907104
6.906541
6.905976
6.905410
6.904843
6.904274
6.903703
6.903130
6.902556
6.901980
6.901402
6.900822
6.900241
6.899657
6.899072
6.898485
6.897897
6.897307
6.896715
6.896121
6.895525
6.894927
6.894328
6.893726
6.893122
6.892517
6.891909
6.891298
6.890685
6.890070
6.889452
6.888832
6.888209
6.887584
6.886956
6.886326
6.885693
6.885059
6.884422
6.883783
6.883142
6.882499
6.881854
6.881208
6.880560
6.879910
6.879259
6.878606
6.877952
6.877296
6.876638
6.875979
6.875317
6.874654
6.873989
6.873321
6.872652
6.871981
6.871308
6.870633
6.869957
6.869278
6.868598
6.867917
6.867234
6.866549
6.865863
6.865175
6.864487
6.863797
6.863105
6.862413
6.861719
6.861024
6.860328
6.859630
6.858930
6.858228
6.857525
6.856819
6.856112
6.855402
6.854691
6.853978
6.853263
6.852546
6.851827
6.851106
6.850384
6.849660
6.848934
6.848206
6.847478
6.846748
6.846017
6.845285
6.844551
6.843816
6.843079
6.842341
6.841602
6.840861
6.840119
6.839375
6.838630
6.837883
6.837134
6.836384
6.835632
6.834878
6.834122
6.833365
6.832606
6.831846
6.831084
6.830321
6.829557
6.828791
6.828024
6.827256
6.826487
6.825717
6.824946
6.824174
6.823401
6.822627
6.821851
6.821074
6.820294
6.819513
6.818730
6.817944
6.817156
6.816365
6.815572
6.814776
6.813978
6.813177
6.812374
6.811567
6.810758
6.809946
6.809131
6.808314
6.807494
6.806671
6.805846
6.805019
6.804189
6.803356
6.802520
6.801682
6.800841
6.799997
6.799150
6.798301
6.797448
6.796592
6.795734
6.794872
6.794008
6.793140
6.792270
6.791397
6.790522
6.789644
6.788763
6.787880
6.786995
6.786107
6.785217
6.784326
6.783433
6.782539
6.781643
6.780745
6.779846
6.778946
6.778044
6.777140
6.776234
6.775327
6.774417
6.773506
6.772592
6.771677
6.770759
6.769839
6.768918
6.767994
6.767068
6.766141
6.765212
6.764281
6.763349
6.762415
6.761480
6.760544
6.759606
6.758667
6.757728
6.756787
6.755844
6.754901
6.753955
6.753008
6.752059
6.751109
6.750155
6.749200
6.748243
6.747283
6.746321
6.745356
6.744389
6.743420
6.742447
6.741473
6.740496
6.739517
6.738535
6.737551
6.736565
6.735576
6.734585
6.733592
6.732598
6.731601
6.730602
6.729601
6.728598
6.727593
6.726584
6.725574
6.724561
6.723545
6.722526
6.721505
6.720481
6.719455
6.718425
6.717393
6.716357
6.715319
6.714278
6.713235
6.712189
6.711141
6.710090
6.709037
6.707982
6.706925
6.705865
6.704804
6.703741
6.702675
6.701607
6.700536
6.699462
6.698386
6.697307
6.696225
6.695140
6.694051
6.692960
6.691866
6.690768
6.689667
6.688564
6.687457
6.686347
6.685235
6.684120
6.683002
6.681881
6.680758
6.679633
6.678505
6.677375
6.676243
6.675109
6.673973
6.672834
6.671693
6.670549
6.669402
6.668252
6.667100
6.665944
6.664785
6.663624
6.662459
6.661292
6.660121
6.658948
6.657771
6.656592
6.655410
6.654225
6.653037
6.651846
6.650654
6.649459
6.648262
6.647062
6.645861
6.644658
6.643453
6.642246
6.641037
6.639824
6.638610
6.637392
6.636171
6.634947
6.633720
6.632490
6.631257
6.630020
6.628780
6.627536
6.626289
6.625038
6.623784
6.622527
6.621266
6.620002
6.618735
6.617465
6.616193
6.614918
6.613640
6.612360
6.611077
6.609791
6.608503
6.607211
6.605916
6.604618
6.603316
6.602011
6.600702
6.599390
6.598075
6.596755
6.595433
6.594107
6.592778
6.591445
6.590109
6.588770
6.587428
6.586082
6.584734
6.583382
6.582028
6.580671
6.579312
6.577950
6.576586
6.575220
6.573851
6.572479
6.571105
6.569727
6.568345
6.566961
6.565573
6.564181
6.562785
6.561386
6.559983
6.558576
6.557166
6.555751
6.554333
6.552911
6.551486
6.550056
6.548624
6.547188
6.545749
6.544306
6.542861
6.541412
6.539960
6.538505
6.537046
6.535583
6.534116
6.532645
6.531170
6.529691
6.528207
6.526720
6.525228
6.523731
6.522231
6.520726
6.519217
6.517704
6.516186
6.514665
6.513140
6.511612
6.510079
6.508544
6.507005
6.505464
6.503920
6.502374
6.500825
6.499274
6.497720
6.496164
6.494605
6.493043
6.491478
6.489910
6.488339
6.486765
6.485188
6.483608
6.482025
6.480438
6.478849
6.477256
6.475661
6.474062
6.472460
6.470856
6.469248
6.467639
6.466026
6.464412
6.462796
6.461178
6.459558
6.457937
6.456313
6.454686
6.453057
6.451425
6.449790
6.448151
6.446509
6.444863
6.443213
6.441560
6.439902
6.438241
6.436576
6.434907
6.433233
6.431556
6.429875
6.428190
6.426501
6.424808
6.423112
6.421412
6.419709
6.418002
6.416292
6.414578
6.412861
6.411141
6.409416
6.407688
6.405956
6.404219
6.402477
6.400732
6.398981
6.397227
6.395467
6.393703
6.391934
6.390161
6.388382
6.386599
6.384812
6.383020
6.381224
6.379424
6.377620
6.375812
6.374002
6.372188
6.370370
6.368550
6.366726
6.364898
6.363067
6.361232
6.359392
6.357548
6.355700
6.353846
6.351988
6.350125
6.348258
6.346385
6.344507
6.342624
6.340736
6.338843
6.336945
6.335043
6.333136
6.331225
6.329310
6.327391
6.325468
6.323542
6.321611
6.319678
6.317740
6.315799
6.313853
6.311902
6.309947
6.307986
6.306021
6.304051
6.302075
6.300094
6.298108
6.296117
6.294120
6.292118
6.290111
6.288099
6.286081
6.284059
6.282033
6.280001
6.277966
6.275926
6.273882
6.271835
6.269785
6.267730
6.265672
6.263610
6.261543
6.259472
6.257396
6.255315
6.253229
6.251138
6.249042
6.246941
6.244835
6.242724
6.240607
6.238486
6.236359
6.234228
6.232093
6.229953
6.227809
6.225661
6.223510
6.221357
6.219200
6.217041
6.214880
6.212716
6.210549
6.208379
6.206206
6.204029
6.201847
6.199662
6.197472
6.195277
6.193078
6.190874
6.188666
6.186453
6.184235
6.182012
6.179784
6.177552
6.175316
6.173074
6.170829
6.168579
6.166325
6.164067
6.161806
6.159541
6.157273
6.155000
6.152724
6.150443
6.148157
6.145867
6.143571
6.141270
6.138964
6.136652
6.134335
6.132013
6.129685
6.127351
6.125012
6.122668
6.120318
6.117963
6.115603
6.113238
6.110868
6.108494
6.106116
6.103735
6.101349
6.098961
6.096568
6.094172
6.091771
6.089366
6.086956
6.084541
6.082121
6.079697
6.077268
6.074834
6.072395
6.069952
6.067504
6.065052
6.062596
6.060135
6.057670
6.055202
6.052730
6.050255
6.047778
6.045298
6.042816
6.040333
6.037849
6.035363
6.032876
6.030387
6.027895
6.025401
6.022904
6.020403
6.017899
6.015392
6.012882
6.010368
6.007850
6.005329
6.002804
6.000276
5.997743
5.995208
5.992668
5.990126
5.987580
5.985030
5.982478
5.979924
5.977367
5.974809
5.972249
5.969687
5.967122
5.964556
5.961986
5.959413
5.956837
5.954258
5.951675
5.949087
5.946496
5.943901
5.941301
5.938698
5.936090
5.933478
5.930861
5.928240
5.925615
5.922985
5.920352
5.917714
5.915073
5.912429
5.909782
5.907131
5.904477
5.901820
5.899160
5.896495
5.893826
5.891153
5.888476
5.885794
5.883107
5.880415
5.877718
5.875016
5.872310
5.869598
5.866881
5.864159
5.861432
5.858700
5.855964
5.853222
5.850476
5.847726
5.844972
5.842214
5.839453
5.836689
5.833921
5.831149
5.828373
5.825593
5.822809
5.820020
5.817226
5.814427
5.811623
5.808814
5.806000
5.803181
5.800357
5.797528
5.794695
5.791856
5.789013
5.786166
5.783314
5.780458
5.777598
5.774735
5.771869
5.769000
5.766129
5.763255
5.760378
5.757499
5.754617
5.751732
5.748843
5.745950
5.743054
5.740153
5.737250
5.734342
5.731430
5.728514
5.725595
5.722672
5.719745
5.716814
5.713879
5.710942
5.708000
5.705056
5.702109
5.699160
5.696209
5.693255
5.690300
5.687343
5.684384
5.681423
5.678461
5.675496
5.672528
5.669558
5.666585
5.663608
5.660628
5.657645
5.654658
5.651667
5.648673
5.645674
5.642672
5.639666
5.636657
5.633643
5.630626
5.627605
5.624580
5.621552
5.618521
5.615486
5.612449
5.609409
5.606366
5.603320
5.600271
5.597219
5.594162
5.591103
5.588039
5.584971
5.581899
5.578822
5.575741
5.572656
5.569566
5.566472
5.563373
5.560270
5.557163
5.554052
5.550936
5.547817
5.544694
5.541567
5.538437
5.535303
5.532166
5.529027
5.525884
5.522739
5.519590
5.516438
5.513283
5.510124
5.506962
5.503795
5.500625
5.497452
5.494274
5.491093
5.487908
5.484720
5.481528
5.478332
5.475133
5.471931
5.468725
5.465517
5.462305
5.459091
5.455874
5.452655
5.449435
5.446212
5.442987
5.439761
5.436532
5.433301
5.430067
5.426830
5.423590
5.420347
5.417101
5.413851
5.410598
5.407341
5.404081
5.400818
5.397551
5.394281
5.391007
5.387731
5.384451
5.381167
5.377881
5.374592
5.371300
5.368006
5.364709
5.361410
5.358108
5.354805
5.351499
5.348190
5.344878
5.341564
5.338246
5.334925
5.331601
5.328274
5.324943
5.321609
5.318272
5.314931
5.311587
5.308240
5.304889
5.301535
5.298179
5.294819
5.291457
5.288092
5.284724
5.281355
5.277983
5.274609
5.271234
5.267856
5.264477
5.261096
5.257712
5.254326
5.250937
5.247545
5.244151
5.240753
5.237352
5.233948
5.230540
5.227129
5.223715
5.220297
5.216875
5.213451
5.210023
5.206591
5.203156
5.199718
5.196277
5.192833
5.189385
5.185936
5.182483
5.179028
5.175570
5.172109
5.168645
5.165178
5.161707
5.158233
5.154755
5.151274
5.147788
5.144299
5.140806
5.137309
5.133808
5.130302
5.126793
5.123280
5.119762
5.116241
5.112716
5.109187
5.105655
5.102119
5.098579
5.095036
5.091490
5.087941
5.084389
5.080833
5.077274
5.073712
5.070146
5.066576
5.063003
5.059426
5.055846
5.052262
5.048674
5.045082
5.041488
5.037890
5.034288
5.030684
5.027077
5.023466
5.019853
5.016238
5.012619
5.008999
5.005376
5.001751
4.998124
4.994496
4.990866
4.987235
4.983601
4.979966
4.976328
4.972689
4.969046
4.965401
4.961753
4.958103
4.954450
4.950794
4.947136
4.943475
4.939811
4.936145
4.932476
4.928805
4.925131
4.921455
4.917777
4.914097
4.910415
4.906731
4.903045
4.899358
4.895670
4.891981
4.888290
4.884597
4.880904
4.877209
4.873512
4.869814
4.866113
4.862412
4.858708
4.855002
4.851295
4.847586
4.843875
4.840162
4.836448
4.832731
4.829013
4.825293
4.821571
4.817847
4.814121
4.810394
4.806664
4.802934
4.799201
4.795467
4.791731
4.787993
4.784253
4.780510
4.776766
4.773019
4.769269
4.765517
4.761763
4.758006
4.754246
4.750484
4.746719
4.742951
4.739180
4.735406
4.731629
4.727849
4.724066
4.720281
4.716493
4.712702
4.708909
4.705112
4.701314
4.697512
4.693708
4.689902
4.686092
4.682280
4.678463
4.674644
4.670821
4.666994
4.663164
4.659330
4.655493
4.651653
4.647809
4.643962
4.640112
4.636259
4.632402
4.628543
4.624680
4.620815
4.616948
4.613078
4.609206
4.605333
4.601457
4.597579
4.593700
4.589820
4.585938
4.582054
4.578168
4.574280
4.570390
4.566498
4.562604
4.558708
4.554809
4.550909
4.547006
4.543101
4.539194
4.535285
4.531374
4.527461
4.523546
4.519629
4.515710
4.511790
4.507867
4.503943
4.500018
4.496091
4.492162
4.488233
4.484301
4.480368
4.476434
4.472499
4.468562
4.464623
4.460684
4.456743
4.452801
4.448858
4.444914
4.440968
4.437022
4.433075
4.429128
4.425180
4.421231
4.417282
4.413332
4.409382
4.405432
4.401482
4.397531
4.393581
4.389631
4.385681
4.381732
4.377782
4.373832
4.369882
4.365932
4.361982
4.358031
4.354079
4.350127
4.346174
4.342221
4.338267
4.334312
4.330356
4.326399
4.322441
4.318483
4.314524
4.310563
4.306602
4.302640
4.298676
4.294712
4.290746
4.286779
4.282810
4.278840
4.274869
4.270896
4.266920
4.262943
4.258963
4.254981
4.250997
4.247010
4.243021
4.239030
4.235036
4.231040
4.227041
4.223039
4.219035
4.215029
4.211020
4.207009
4.202996
4.198981
4.194964
4.190944
4.186923
4.182900
4.178875
4.174848
4.170820
4.166789
4.162758
4.158724
4.154690
4.150654
4.146617
4.142579
4.138540
4.134500
4.130459
4.126417
4.122374
4.118331
4.114288
4.110244
4.106199
4.102154
4.098109
4.094063
4.090017
4.085971
4.081925
4.077879
4.073833
4.069787
4.065740
4.061694
4.057647
4.053599
4.049551
4.045503
4.041455
4.037407
4.033359
4.029311
4.025263
4.021215
4.017168
4.013122
4.009076
4.005030
4.000986
3.996942
3.992899
3.988858
3.984818
3.980778
3.976741
3.972705
3.968671
3.964638
3.960607
3.956578
3.952551
3.948526
3.944502
3.940481
3.936461
3.932442
3.928426
3.924411
3.920398
3.916386
3.912376
3.908367
3.904360
3.900354
3.896349
3.892346
3.888343
3.884341
3.880340
3.876339
3.872339
3.868340
3.864341
3.860341
3.856342
3.852342
3.848343
3.844342
3.840342
3.836341
3.832340
3.828338
3.824335
3.820332
3.816328
3.812323
3.808317
3.804311
3.800304
3.796296
3.792287
3.788278
3.784267
3.780256
3.776243
3.772230
3.768215
3.764200
3.760184
3.756166
3.752148
3.748129
3.744109
3.740088
3.736067
3.732044
3.728022
3.723999
3.719976
3.715952
3.711929
3.707906
3.703883
3.699860
3.695838
3.691816
3.687795
3.683775
3.679755
3.675737
3.671719
3.667703
3.663688
3.659673
3.655660
3.651648
3.647636
3.643626
3.639616
3.635607
3.631599
3.627592
3.623585
3.619579
3.615574
3.611570
3.607567
3.603564
3.599562
3.595561
3.591561
3.587561
3.583562
3.579563
3.575565
3.571568
3.567572
3.563575
3.559580
3.555584
3.551589
3.547594
3.543599
3.539605
3.535611
3.531617
3.527624
3.523632
3.519640
3.515651
3.511662
3.507676
3.503691
3.499708
3.495727
3.491748
3.487772
3.483798
3.479826
3.475857
3.471891
3.467927
3.463966
3.460008
3.456052
3.452100
3.448150
3.444202
3.440257
3.436314
3.432373
3.428435
3.424498
3.420565
3.416633
3.412704
3.408778
3.404854
3.400933
3.397014
3.393098
3.389185
3.385273
3.381364
3.377457
3.373552
3.369650
3.365749
3.361850
3.357953
3.354058
3.350164
3.346272
3.342381
3.338491
3.334602
3.330715
3.326828
3.322942
3.319057
3.315173
3.311290
3.307408
3.303527
3.299647
3.295768
3.291890
3.288012
3.284135
3.280260
3.276384
3.272510
3.268636
3.264762
3.260889
3.257016
3.253144
3.249272
3.245399
3.241527
3.237655
3.233782
3.229910
3.226038
3.222166
3.218295
3.214425
3.210555
3.206687
3.202821
3.198956
3.195092
3.191230
3.187370
3.183512
3.179655
3.175801
3.171949
3.168099
3.164251
3.160405
3.156562
3.152720
3.148880
3.145041
3.141204
3.137369
3.133535
3.129702
3.125871
3.122042
3.118215
3.114390
3.110567
3.106747
3.102930
3.099115
3.095303
3.091495
3.087689
3.083886
3.080087
3.076291
3.072498
3.068709
3.064924
3.061143
3.057366
3.053592
3.049822
3.046056
3.042293
3.038534
3.034778
3.031026
3.027277
3.023532
3.019791
3.016053
3.012319
3.008589
3.004864
3.001142
2.997425
2.993712
2.990003
2.986298
2.982597
2.978900
2.975207
2.971518
2.967833
2.964151
2.960473
2.956798
2.953126
2.949457
2.945791
2.942127
2.938465
2.934806
2.931149
2.927494
2.923841
2.920191
2.916544
2.912899
2.909257
2.905618
2.901981
2.898348
2.894717
2.891088
2.887463
2.883840
2.880219
2.876601
2.872986
2.869372
2.865760
2.862151
2.858543
2.854936
2.851331
2.847728
2.844125
2.840523
2.836923
2.833324
2.829726
2.826130
2.822536
2.818943
2.815353
2.811765
2.808179
2.804596
2.801015
2.797437
2.793861
2.790289
2.786719
2.783151
2.779587
2.776025
2.772466
2.768910
2.765356
2.761804
2.758255
2.754707
2.751161
2.747617
2.744074
2.740533
2.736995
2.733458
2.729924
2.726392
2.722864
2.719337
2.715814
2.712294
2.708776
2.705262
2.701750
2.698242
2.694737
2.691235
2.687735
2.684239
2.680746
2.677256
2.673769
2.670284
2.666802
2.663323
2.659845
2.656370
2.652897
2.649427
2.645960
2.642497
2.639037
2.635580
2.632128
2.628680
2.625236
2.621797
2.618363
2.614933
2.611508
2.608087
2.604672
2.601261
2.597855
2.594454
2.591057
2.587665
2.584278
2.580895
2.577515
2.574140
2.570769
2.567401
2.564036
2.560675
2.557317
2.553963
2.550613
2.547267
2.543925
2.540587
2.537253
2.533924
2.530599
2.527279
2.523963
2.520651
2.517343
2.514040
2.510740
2.507445
2.504153
2.500865
2.497581
2.494300
2.491022
2.487746
2.484474
2.481204
2.477936
2.474671
2.471409
2.468150
2.464894
2.461641
2.458392
2.455146
2.451903
2.448663
2.445427
2.442195
2.438966
2.435740
2.432518
2.429299
2.426084
2.422872
2.419663
2.416457
2.413255
2.410055
2.406858
2.403663
2.400471
2.397280
2.394092
2.390906
2.387722
2.384541
2.381363
2.378188
2.375017
2.371849
2.368686
2.365526
2.362370
2.359219
2.356071
2.352927
2.349788
2.346652
2.343521
2.340393
2.337270
2.334150
2.331034
2.327921
2.324811
2.321704
2.318600
2.315498
2.312399
2.309302
2.306209
2.303119
2.300032
2.296950
2.293872
2.290798
2.287729
2.284664
2.281604
2.278550
2.275500
2.272455
2.269415
2.266380
2.263351
2.260326
2.257307
2.254293
2.251284
2.248280
2.245280
2.242285
2.239295
2.236308
2.233325
2.230347
2.227372
2.224402
2.221437
2.218477
2.215521
2.212571
2.209626
2.206686
2.203751
2.200821
2.197897
2.194978
2.192064
2.189155
2.186251
2.183352
2.180457
2.177567
2.174681
2.171799
2.168921
2.166046
2.163174
2.160305
2.157439
2.154576
2.151716
2.148860
2.146007
2.143158
2.140314
2.137473
2.134636
2.131803
2.128975
2.126151
2.123331
2.120516
2.117705
2.114898
2.112095
2.109297
2.106502
2.103712
2.100925
2.098142
2.095362
2.092585
2.089811
2.087041
2.084273
2.081508
2.078747
2.075988
2.073233
2.070482
2.067735
2.064993
2.062254
2.059520
2.056790
2.054064
2.051343
2.048626
2.045913
2.043206
2.040502
2.037803
2.035108
2.032417
2.029731
2.027048
2.024369
2.021693
2.019020
2.016350
2.013684
2.011020
2.008359
2.005701
2.003047
2.000396
1.997750
1.995107
1.992469
1.989835
1.987206
1.984581
1.981960
1.979344
1.976733
1.974126
1.971524
1.968926
1.966332
1.963743
1.961159
1.958579
1.956003
1.953431
1.950862
1.948298
1.945737
1.943179
1.940626
1.938076
1.935531
1.932990
1.930454
1.927923
1.925397
1.922877
1.920362
1.917852
1.915348
1.912849
1.910356
1.907868
1.905385
1.902908
1.900436
1.897969
1.895507
1.893050
1.890597
1.888149
1.885704
1.883264
1.880827
1.878394
1.875965
1.873539
1.871117
1.868699
1.866285
1.863875
1.861469
1.859068
1.856671
1.854279
1.851890
1.849507
1.847127
1.844752
1.842381
1.840014
1.837652
1.835293
1.832938
1.830587
1.828239
1.825894
1.823552
1.821213
1.818877
1.816543
1.814211
1.811882
1.809556
1.807234
1.804914
1.802598
1.800286
1.797978
1.795673
1.793373
1.791076
1.788784
1.786497
1.784213
1.781934
1.779660
1.777390
1.775124
1.772863
1.770606
1.768353
1.766105
1.763860
1.761619
1.759382
1.757148
1.754918
1.752691
1.750468
1.748250
1.746035
1.743825
1.741619
1.739418
1.737222
1.735030
1.732843
1.730660
1.728482
1.726309
1.724140
1.721976
1.719817
1.717661
1.715510
1.713363
1.711219
1.709080
1.706943
1.704810
1.702680
1.700553
1.698428
1.696306
1.694187
1.692071
1.689958
1.687849
1.685743
1.683642
1.681545
1.679452
1.677363
1.675279
1.673199
1.671124
1.669054
1.666988
1.664927
1.662870
1.660819
1.658771
1.656728
1.654690
1.652656
1.650626
1.648599
1.646577
1.644559
1.642545
1.640535
1.638530
1.636528
1.634532
1.632540
1.630554
1.628572
1.626595
1.624624
1.622657
1.620696
1.618739
1.616788
1.614841
1.612900
1.610963
1.609031
1.607103
1.605179
1.603260
1.601345
1.599433
1.597524
1.595619
1.593717
1.591817
1.589920
1.588026
1.586136
1.584248
1.582363
1.580481
1.578603
1.576727
1.574855
1.572987
1.571121
1.569259
1.567401
1.565545
1.563693
1.561843
1.559997
1.558153
1.556312
1.554474
1.552638
1.550804
1.548973
1.547143
1.545315
1.543489
1.541665
1.539843
1.538023
1.536205
1.534391
1.532579
1.530770
1.528965
1.527163
1.525364
1.523569
1.521778
1.519990
1.518206
1.516426
1.514650
1.512877
1.511109
1.509344
1.507583
1.505826
1.504072
1.502322
1.500575
1.498831
1.497090
1.495353
1.493619
1.491888
1.490160
1.488436
1.486715
1.484998
1.483285
1.481575
1.479870
1.478168
1.476470
1.474776
1.473086
1.471399
1.469716
1.468037
1.466361
1.464689
1.463020
1.461355
1.459692
1.458032
1.456375
1.454720
1.453068
1.451418
1.449770
1.448124
1.446481
1.444841
1.443204
1.441569
1.439939
1.438312
1.436689
1.435069
1.433454
1.431842
1.430235
1.428632
1.427033
1.425438
1.423847
1.422260
1.420677
1.419098
1.417523
1.415951
1.414383
1.412819
1.411258
1.409700
1.408146
1.406595
1.405048
1.403505
1.401965
1.400430
1.398898
1.397371
1.395848
1.394329
1.392815
1.391305
1.389799
1.388297
1.386799
1.385306
1.383816
1.382331
1.380849
1.379371
1.377896
1.376425
1.374956
1.373491
1.372028
1.370567
1.369109
1.367653
1.366200
1.364748
1.363299
1.361852
1.360408
1.358966
1.357527
1.356090
1.354656
1.353225
1.351796
1.350370
1.348946
1.347524
1.346105
1.344689
1.343274
1.341862
1.340452
1.339044
1.337637
1.336232
1.334828
1.333425
1.332024
1.330624
1.329225
1.327828
1.326433
1.325041
1.323650
1.322262
1.320876
1.319494
1.318114
1.316738
1.315364
1.313994
1.312628
1.311264
1.309905
1.308548
1.307196
1.305847
1.304501
1.303159
1.301820
1.300485
1.299153
1.297824
1.296499
1.295177
1.293858
1.292543
1.291231
1.289923
1.288618
1.287318
1.286021
1.284729
1.283440
1.282156
1.280876
1.279599
1.278327
1.277059
1.275795
1.274535
1.273279
1.272026
1.270777
1.269532
1.268289
1.267050
1.265814
1.264581
1.263350
1.262122
1.260896
1.259673
1.258453
1.257236
1.256021
1.254810
1.253602
1.252397
1.251195
1.249997
1.248802
1.247609
1.246420
1.245235
1.244052
1.242872
1.241694
1.240520
1.239348
1.238179
1.237012
1.235846
1.234683
1.233522
1.232362
1.231203
1.230047
1.228892
1.227739
1.226588
1.225439
1.224292
1.223147
1.222005
1.220866
1.219729
1.218595
1.217464
1.216336
1.215210
1.214087
1.212967
1.211850
1.210736
1.209624
1.208516
1.207410
1.206306
1.205206
1.204107
1.203012
1.201918
1.200827
1.199738
1.198652
1.197567
1.196486
1.195407
1.194330
1.193257
1.192187
1.191119
1.190055
1.188993
1.187934
1.186879
1.185826
1.184777
1.183730
1.182686
1.181644
1.180605
1.179569
1.178535
1.177502
1.176472
1.175444
1.174418
1.173393
1.172370
1.171349
1.170330
1.169313
1.168298
1.167285
1.166275
1.165267
1.164261
1.163257
1.162256
1.161257
1.160260
1.159266
1.158274
1.157285
1.156297
1.155312
1.154329
1.153348
1.152368
1.151390
1.150414
1.149439
1.148466
1.147495
1.146525
1.145556
1.144590
1.143625
1.142662
1.141702
1.140743
1.139787
1.138834
1.137883
1.136935
1.135989
1.135047
1.134107
1.133170
1.132236
1.131305
1.130377
1.129451
1.128529
1.127609
1.126692
1.125777
1.124865
1.123955
1.123048
1.122143
1.121240
1.120340
1.119444
1.118550
1.117659
1.116771
1.115886
1.115004
1.114125
1.113249
1.112377
1.111507
1.110641
1.109777
1.108917
1.108059
1.107204
1.106351
1.105501
1.104654
1.103808
1.102965
1.102124
1.101284
1.100447
1.099611
1.098777
1.097945
1.097114
1.096286
1.095459
1.094634
1.093811
1.092991
1.092172
1.091355
1.090541
1.089729
1.088919
1.088111
1.087305
1.086501
1.085700
1.084900
1.084103
1.083307
1.082513
1.081721
1.080930
1.080141
1.079354
1.078569
1.077785
1.077004
1.076224
1.075446
1.074670
1.073896
1.073124
1.072355
1.071588
1.070824
1.070062
1.069302
1.068545
1.067790
1.067038
1.066288
1.065540
1.064795
1.064052
1.063311
1.062572
1.061835
1.061100
1.060367
1.059636
1.058907
1.058180
1.057455
1.056732
1.056011
1.055292
1.054575
1.053860
1.053147
1.052437
1.051728
1.051021
1.050316
1.049614
1.048913
1.048214
1.047517
1.046822
1.046129
1.045437
1.044747
1.044058
1.043371
1.042685
1.042000
1.041316
1.040633
1.039951
1.039271
1.038591
1.037913
1.037236
1.036561
1.035887
1.035215
1.034544
1.033875
1.033209
1.032544
1.031880
1.031219
1.030560
1.029903
1.029248
1.028595
1.027944
1.027295
1.026648
1.026002
1.025359
1.024717
1.024077
1.023439
1.022803
1.022169
1.021536
1.020906
1.020277
1.019651
1.019026
1.018404
1.017783
1.017165
1.016549
1.015934
1.015322
1.014712
1.014104
1.013498
1.012894
1.012293
1.011693
1.011095
1.010499
1.009904
1.009312
1.008721
1.008132
1.007544
1.006958
1.006374
1.005791
1.005210
1.004630
1.004052
1.003476
1.002901
1.002327
1.001755
1.001185
1.000616
1.000049
0.999484
0.998920
0.998357
0.997796
0.997236
0.996678
0.996121
0.995565
0.995011
0.994457
0.993904
0.993352
0.992801
0.992251
0.991702
0.991154
0.990607
0.990061
0.989517
0.988973
0.988431
0.987890
0.987351
0.986812
0.986275
0.985740
0.985205
0.984673
0.984141
0.983611
0.983083
0.982555
0.982030
0.981505
0.980982
0.980461
0.979940
0.979421
0.978904
0.978387
0.977872
0.977358
0.976845
0.976334
0.975824
0.975315
0.974808
0.974302
0.973798
0.973295
0.972794
0.972295
0.971797
0.971302
0.970807
0.970314
0.969824
0.969334
0.968847
0.968360
0.967876
0.967392
0.966911
0.966431
0.965952
0.965475
0.964999
0.964525
0.964052
0.963581
0.963111
0.962642
0.962175
0.961708
0.961244
0.960781
0.960318
0.959858
0.959399
0.958942
0.958485
0.958031
0.957577
0.957125
0.956675
0.956226
0.955778
0.955332
0.954886
0.954443
0.954000
0.953559
0.953119
0.952680
0.952243
0.951807
0.951372
0.950937
0.950505
0.950073
0.949642
0.949213
0.948785
0.948358
0.947933
0.947509
0.947086
0.946665
0.946245
0.945826
0.945409
0.944992
0.944577
0.944163
0.943751
0.943339
0.942928
0.942519
0.942110
0.941702
0.941295
0.940890
0.940485
0.940081
0.939679
0.939277
0.938877
0.938478
0.938079
0.937682
0.937286
0.936891
0.936497
0.936105
0.935712
0.935321
0.934931
0.934542
0.934154
0.933767
0.933380
0.932994
0.932609
0.932225
0.931841
0.931458
0.931076
0.930694
0.930312
0.929931
0.929550
0.929170
0.928790
0.928412
0.928034
0.927657
0.927280
0.926905
0.926531
0.926157
0.925785
0.925413
0.925043
0.924673
0.924305
0.923937
0.923571
0.923205
0.922841
0.922478
0.922115
0.921754
0.921393
0.921034
0.920675
0.920318
0.919961
0.919605
0.919250
0.918896
0.918544
0.918193
0.917843
0.917494
0.917147
0.916801
0.916457
0.916114
0.915772
0.915432
0.915094
0.914756
0.914421
0.914086
0.913753
0.913422
0.913092
0.912764
0.912436
0.912111
0.911787
0.911464
0.911142
0.910823
0.910505
0.910188
0.909873
0.909559
0.909246
0.908935
0.908625
0.908317
0.908009
0.907703
0.907398
0.907094
0.906791
0.906490
0.906189
0.905889
0.905589
0.905291
0.904992
0.904695
0.904397
0.904101
0.903805
0.903509
0.903214
0.902920
0.902626
0.902333
0.902041
0.901749
0.901458
0.901167
0.900877
0.900588
0.900299
0.900010
0.899722
0.899435
0.899147
0.898860
0.898574
0.898288
0.898002
0.897716
0.897431
0.897146
0.896862
0.896578
0.896294
0.896011
0.895728
0.895445
0.895164
0.894883
0.894602
0.894323
0.894043
0.893765
0.893488
0.893211
0.892935
0.892660
0.892386
0.892113
0.891841
0.891569
0.891299
0.891030
0.890762
0.890495
0.890229
0.889964
0.889700
0.889438
0.889176
0.888916
0.888657
0.888399
0.888142
0.887886
0.887631
0.887377
0.887124
0.886873
0.886622
0.886373
0.886124
0.885876
0.885629
0.885383
0.885138
0.884893
0.884649
0.884406
0.884163
0.883921
0.883679
0.883438
0.883197
0.882957
0.882717
0.882478
0.882239
0.882001
0.881763
0.881526
0.881289
0.881053
0.880818
0.880583
0.880348
0.880114
0.879880
0.879646
0.879413
0.879180
0.878948
0.878715
0.878483
0.878251
0.878020
0.877789
0.877558
0.877328
0.877098
0.876869
0.876640
0.876411
0.876183
0.875956
0.875728
0.875502
0.875275
0.875050
0.874825
0.874600
0.874376
0.874153
0.873930
0.873708
0.873487
0.873267
0.873048
0.872829
0.872611
0.872394
0.872177
0.871962
0.871747
0.871533
0.871320
0.871107
0.870895
0.870684
0.870474
0.870264
0.870055
0.869847
0.869640
0.869433
0.869227
0.869021
0.868815
0.868611
0.868406
0.868202
0.867998
0.867795
0.867592
0.867389
0.867186
0.866984
0.866782
0.866580
0.866379
0.866178
0.865978
0.865778
0.865578
0.865379
0.865180
0.864982
0.864785
0.864587
0.864391
0.864195
0.863999
0.863803
0.863608
0.863413
0.863218
0.863024
0.862829
0.862635
0.862441
0.862247
0.862054
0.861861
0.861668
0.861476
0.861285
0.861094
0.860904
0.860715
0.860527
0.860339
0.860152
0.859966
0.859781
0.859596
0.859413
0.859231
0.859049
0.858868
0.858688
0.858510
0.858332
0.858154
0.857978
0.857802
0.857627
0.857453
0.857280
0.857108
0.856936
0.856765
0.856594
0.856425
0.856256
0.856088
0.855921
0.855755
0.855589
0.855425
0.855260
0.855097
0.854935
0.854773
0.854611
0.854451
0.854291
0.854132
0.853973
0.853815
0.853658
0.853501
0.853346
0.853190
0.853036
0.852883
0.852730
0.852578
0.852426
0.852275
0.852125
0.851975
0.851826
0.851677
0.851529
0.851381
0.851234
0.851087
0.850941
0.850795
0.850649
0.850503
0.850359
0.850214
0.850069
0.849925
0.849782
0.849638
0.849495
0.849353
0.849211
0.849070
0.848929
0.848789
0.848649
0.848510
0.848371
0.848232
0.848094
0.847957
0.847819
0.847682
0.847546
0.847409
0.847273
0.847137
0.847001
0.846865
0.846730
0.846594
0.846459
0.846323
0.846188
0.846053
0.845917
0.845783
0.845648
0.845513
0.845379
0.845245
0.845111
0.844978
0.844845
0.844712
0.844580
0.844448
0.844317
0.844185
0.844054
0.843924
0.843794
0.843664
0.843534
0.843405
0.843276
0.843148
0.843020
0.842892
0.842764
0.842637
0.842510
0.842383
0.842256
0.842129
0.842002
0.841875
0.841749
0.841622
0.841496
0.841369
0.841243
0.841117
0.840992
0.840866
0.840741
0.840617
0.840493
0.840369
0.840245
0.840122
0.840000
0.839878
0.839756
0.839635
0.839515
0.839394
0.839275
0.839156
0.839037
0.838919
0.838801
0.838684
0.838567
0.838451
0.838336
0.838220
0.838105
0.837991
0.837877
0.837764
0.837651
0.837538
0.837426
0.837314
0.837202
0.837091
0.836980
0.836870
0.836759
0.836650
0.836540
0.836431
0.836323
0.836214
0.836106
0.835999
0.835891
0.835785
0.835678
0.835572
0.835467
0.835361
0.835257
0.835152
0.835048
0.834945
0.834842
0.834739
0.834637
0.834535
0.834433
0.834332
0.834230
0.834130
0.834029
0.833929
0.833829
0.833729
0.833630
0.833530
0.833431
0.833332
0.833233
0.833135
0.833036
0.832938
0.832840
0.832743
0.832646
0.832549
0.832453
0.832357
0.832261
0.832166
0.832071
0.831976
0.831882
0.831788
0.831694
0.831600
0.831506
0.831413
0.831319
0.831226
0.831133
0.831040
0.830947
0.830855
0.830762
0.830670
0.830578
0.830487
0.830395
0.830304
0.830213
0.830123
0.830032
0.829942
0.829852
0.829763
0.829673
0.829584
0.829496
0.829407
0.829319
0.829230
0.829143
0.829055
0.828968
0.828881
0.828794
0.828708
0.828622
0.828537
0.828452
0.828368
0.828283
0.828200
0.828117
0.828034
0.827952
0.827870
0.827789
0.827708
0.827627
0.827547
0.827467
0.827388
0.827309
0.827231
0.827153
0.827075
0.826998
0.826921
0.826844
0.826768
0.826692
0.826616
0.826541
0.826466
0.826391
0.826316
0.826241
0.826167
0.826092
0.826018
0.825944
0.825870
0.825795
0.825721
0.825647
0.825573
0.825499
0.825424
0.825350
0.825276
0.825201
0.825126
0.825052
0.824977
0.824902
0.824827
0.824752
0.824678
0.824603
0.824529
0.824455
0.824380
0.824307
0.824233
0.824159
0.824085
0.824012
0.823938
0.823865
0.823792
0.823719
0.823646
0.823574
0.823501
0.823429
0.823357
0.823285
0.823213
0.823141
0.823070
0.822999
0.822927
0.822856
0.822785
0.822715
0.822644
0.822573
0.822503
0.822433
0.822363
0.822293
0.822223
0.822153
0.822083
0.822014
0.821944
0.821875
0.821806
0.821736
0.821667
0.821598
0.821529
0.821459
0.821390
0.821321
0.821251
0.821181
0.821111
0.821041
0.820971
0.820901
0.820831
0.820761
0.820690
0.820620
0.820550
0.820480
0.820410
0.820340
0.820270
0.820200
0.820131
0.820062
0.819993
0.819925
0.819856
0.819789
0.819721
0.819654
0.819587
0.819520
0.819454
0.819388
0.819322
0.819257
0.819193
0.819129
0.819065
0.819001
0.818938
0.818876
0.818814
0.818752
0.818691
0.818630
0.818570
0.818510
0.818450
0.818391
0.818332
0.818274
0.818216
0.818159
0.818102
0.818045
0.817989
0.817932
0.817877
0.817821
0.817766
0.817712
0.817657
0.817603
0.817549
0.817496
0.817442
0.817389
0.817336
0.817283
0.817230
0.817178
0.817125
0.817072
0.817020
0.816967
0.816915
0.816862
0.816810
0.816757
0.816704
0.816651
0.816598
0.816544
0.816491
0.816438
0.816384
0.816330
0.816276
0.816223
0.816169
0.816115
0.816060
0.816006
0.815952
0.815897
0.815843
0.815788
0.815733
0.815678
0.815623
0.815569
0.815514
0.815459
0.815404
0.815350
0.815296
0.815242
0.815188
0.815134
0.815080
0.815027
0.814974
0.814922
0.814869
0.814817
0.814766
0.814714
0.814663
0.814613
0.814562
0.814513
0.814463
0.814414
0.814365
0.814317
0.814269
0.814222
0.814175
0.814129
0.814083
0.814037
0.813992
0.813947
0.813903
0.813859
0.813815
0.813772
0.813730
0.813687
0.813646
0.813604
0.813563
0.813523
0.813482
0.813442
0.813403
0.813363
0.813324
0.813286
0.813247
0.813209
0.813171
0.813133
0.813096
0.813059
0.813021
0.812984
0.812948
0.812911
0.812874
0.812837
0.812801
0.812764
0.812727
0.812690
0.812654
0.812617
0.812579
0.812542
0.812505
0.812467
0.812430
0.812392
0.812354
0.812316
0.812278
0.812241
0.812203
0.812165
0.812127
0.812089
0.812051
0.812013
0.811976
0.811938
0.811900
0.811862
0.811824
0.811786
0.811748
0.811711
0.811673
0.811635
0.811597
0.811559
0.811522
0.811484
0.811446
0.811408
0.811370
0.811332
0.811294
0.811257
0.811219
0.811181
0.811143
0.811105
0.811067
0.811029
0.810992
0.810954
0.810916
0.810878
0.810840
0.810801
0.810763
0.810725
0.810686
0.810647
0.810608
0.810569
0.810530
0.810491
0.810452
0.810413
0.810374
0.810335
0.810297
0.810258
0.810220
0.810181
0.810143
0.810106
0.810068
0.810031
0.809994
0.809957
0.809920
0.809884
0.809848
0.809813
0.809778
0.809743
0.809709
0.809675
0.809642
0.809609
0.809576
0.809544
0.809512
0.809481
0.809450
0.809419
0.809389
0.809360
0.809331
0.809302
0.809274
0.809246
0.809219
0.809192
0.809165
0.809139
0.809113
0.809088
0.809063
0.809039
0.809014
0.808991
0.808967
0.808944
0.808921
0.808899
0.808877
0.808855
0.808833
0.808811
0.808790
0.808769
0.808748
0.808727
0.808707
0.808686
0.808666
0.808645
0.808624
0.808604
0.808583
0.808563
0.808542
0.808521
0.808500
0.808479
0.808458
0.808436
0.808415
0.808393
0.808372
0.808350
0.808328
0.808307
0.808285
0.808263
0.808242
0.808220
0.808198
0.808176
0.808155
0.808133
0.808111
0.808090
0.808068
0.808047
0.808025
0.808003
0.807981
0.807960
0.807938
0.807916
0.807895
0.807873
0.807851
0.807830
0.807808
0.807786
0.807765
0.807743
0.807721
0.807700
0.807678
0.807656
0.807635
0.807613
0.807591
0.807570
0.807548
0.807526
0.807504
0.807483
0.807461
0.807439
0.807418
0.807396
0.807374
0.807353
0.807331
0.807309
0.807288
0.807266
0.807244
0.807223
0.807201
0.807179
0.807158
0.807136
0.807114
0.807092
0.807071
0.807049
0.807028
0.807006
0.806984
0.806962
0.806941
0.806919
0.806897
0.806876
0.806854
0.806832
0.806811
0.806789
0.806767
0.806746
0.806724
0.806702
0.806681
0.806659
0.806637
0.806616
0.806594
0.806572
0.806550
0.806529
0.806507
0.806485
0.806464
0.806442
0.806420
0.806399
0.806377
0.806355
0.806334
0.806312
0.806290
0.806269
0.806247
0.806225
0.806203
0.806182
0.806160
0.806138
0.806117
0.806095
0.806073
0.806052
0.806030
0.806008
0.805987
0.805965
0.805943
0.805922
0.805900
0.805878
0.805857
0.805835
0.805813
0.805792
0.805770
0.805748
0.805727
0.805705
0.805683
0.805662
0.805640
0.805618
0.805596
0.805575
0.805553
0.805531
0.805509
0.805487
0.805465
0.805443
0.805421
0.805398
0.805376
0.805353
0.805330
0.805308
0.805285
0.805262
0.805240
0.805217
0.805195
0.805172
0.805150
0.805128
0.805106
0.805084
0.805063
0.805042
0.805021
0.805000
0.804979
0.804959
0.804939
0.804919
0.804900
0.804881
0.804862
0.804844
0.804826
0.804808
0.804791
0.804774
0.804757
0.804741
0.804725
0.804709
0.804694
0.804679
0.804665
0.804651
0.804637
0.804624
0.804611
0.804598
0.804586
0.804574
0.804563
0.804552
0.804541
0.804531
0.804520
0.804510
0.804501
0.804492
0.804482
0.804474
0.804465
0.804457
0.804449
0.804441
0.804433
0.804425
0.804418
0.804411
0.804403
0.804396
0.804389
0.804382
0.804375
0.804368
0.804361
0.804354
0.804346
0.804339
0.804331
0.804324
0.804316
0.804308
0.804300
0.804293
0.804284
0.804276
0.804268
0.804260
0.804252
0.804244
0.804236
0.804228
0.804220
0.804212
0.804204
0.804196
0.804188
0.804180
0.804172
0.804164
0.804156
0.804148
0.804139
0.804131
0.804123
0.804115
0.804107
0.804099
0.804091
0.804083
0.804075
0.804067
0.804059
0.804051
0.804043
0.804035
0.804026
0.804018
0.804010
0.804002
0.803994
0.803986
0.803978
0.803970
0.803962
0.803954
0.803946
0.803938
0.803930
0.803922
0.803914
0.803906
0.803898
0.803889
0.803881
0.803873
0.803865
0.803857
0.803849
0.803841
0.803833
0.803825
0.803817
0.803809
0.803801
0.803793
0.803785
0.803777
0.803768
0.803760
0.803752
0.803744
0.803736
0.803728
0.803720
0.803712
0.803704
0.803696
0.803688
0.803680
0.803672
0.803664
0.803656
0.803647
0.803639
0.803631
0.803623
0.803615
0.803607
0.803599
0.803591
0.803583
0.803575
0.803567
0.803559
0.803551
0.803543
0.803535
0.803527
0.803519
0.803510
0.803502
0.803494
0.803486
0.803478
0.803470
0.803462
0.803454
0.803446
0.803438
0.803430
0.803422
0.803414
0.803406
0.803398
0.803389
0.803381
0.803373
0.803365
0.803357
0.803349
0.803341
0.803333
0.803325
0.803317
0.803309
0.803301
0.803293
0.803285
0.803277
0.803269
0.803261
0.803252
0.803244
0.803236
0.803228
0.803220
0.803212
0.803204
0.803196
0.803188
0.803180
0.803172
0.803164
0.803156
0.803148
0.803140
0.803131
0.803123
0.803115
0.803107
0.803099
0.803091
0.803083
0.803075
0.803067
0.803059
0.803051
0.803043
0.803035
0.803027
0.803019
0.803010
0.803002
0.802994
0.802986
0.802978
0.802970
0.802962
0.802954
0.802946
0.802938
0.802930
0.802922
0.802914
0.802906
0.802898
0.802890
0.802882
0.802873
0.802865
0.802857
0.802849
0.802841
0.802833
0.802825
0.802817
0.802809
0.802801
0.802793
0.802785
0.802777
0.802769
0.802760
0.802752
0.802744
0.802736
0.802728
0.802720
0.802712
0.802704
0.802696
0.802688
0.802680
0.802672
0.802664
0.802656
0.802648
0.802640
0.802632
0.802624
0.802615
0.802607
0.802599
0.802591
0.802583
0.802575
0.802567
0.802559
0.802551
0.802543
0.802535
0.802527
0.802519
0.802511
0.802503
0.802494
0.802486
0.802478
0.802470
0.802462
0.802454
0.802446
0.802438
0.802430
0.802422
0.802414
0.802406
0.802398
0.802390
0.802382
0.802373
0.802365
0.802357
0.802349
0.802341
0.802333
0.802325
0.802317
0.802309
0.802301
0.802293
0.802285
0.802277
0.802269
0.802261
0.802253
0.802244
0.802236
0.802228
0.802220
0.802212
0.802204
0.802196
0.802188
0.802180
0.802172
0.802164
0.802156
0.802148
0.802140
0.802132
0.802123
0.802115
0.802107
0.802099
0.802091
0.802083
0.802075
0.802067
0.802059
0.802051
0.802043
0.802035
0.802027
0.802019
0.802011
0.802003
0.801995
0.801986
0.801978
0.801970
0.801962
0.801954
0.801946
0.801938
0.801930
0.801922
0.801914
0.801906
0.801898
0.801890
0.801882
0.801874
0.801866
0.801857
0.801849
0.801841
0.801833
0.801825
0.801817
0.801809
0.801801
0.801793
0.801785
0.801777
0.801769
0.801761
0.801753
0.801744
0.801736
0.801728
0.801720
0.801712
0.801704
0.801696
0.801688
0.801680
0.801672
0.801664
0.801656
0.801648
0.801640
0.801632
0.801624
0.801616
0.801607
0.801599
0.801591
0.801583
0.801575
0.801567
0.801559
0.801551
0.801543
0.801535
0.801527
0.801519
0.801511
0.801503
0.801494
0.801486
0.801478
0.801470
0.801462
0.801454
0.801446
0.801438
0.801430
0.801422
0.801414
0.801406
0.801398
0.801390
0.801382
0.801374
0.801365
0.801357
0.801349
0.801341
0.801333
0.801325
0.801317
0.801309
0.801301
0.801293
0.801285
0.801277
0.801269
0.801261
0.801253
0.801245
0.801237
0.801229
0.801220
0.801212
0.801204
0.801196
0.801188
0.801180
0.801172
0.801164
0.801156
0.801148
0.801140
0.801132
0.801124
0.801116
0.801107
0.801099
0.801091
0.801083
0.801075
0.801067
0.801059
0.801051
0.801043
0.801035
0.801027
0.801019
0.801011
0.801003
0.800995
0.800987
0.800979
0.800970
0.800962
0.800954
0.800946
0.800938
0.800930
0.800922
0.800914
0.800906
0.800898
0.800890
0.800882
0.800874
0.800866
0.800857
0.800849
0.800841
0.800833
0.800825
0.800817
0.800809
0.800801
0.800793
0.800785
0.800777
0.800769
0.800761
0.800753
0.800745
0.800737
0.800728
0.800720
0.800712
0.800704
0.800696
0.800688
0.800680
0.800672
0.800664
0.800656
0.800648
0.800640
0.800632
0.800624
0.800616
0.800608
0.800600
0.800591
0.800583
0.800575
0.800567
0.800559
0.800551
0.800543
0.800535
0.800527
0.800519
0.800511
0.800503
0.800495
0.800487
0.800478
0.800470
0.800462
0.800454
0.800446
0.800438
0.800430
0.800422
0.800414
0.800406
0.800398
0.800390
0.800382
0.800374
0.800366
0.800358
0.800350
0.800342
0.800333
0.800325
0.800317
0.800309
0.800301
0.800293
0.800285
0.800277
0.800269
0.800261
0.800253
0.800245
0.800237
0.800229
0.800221
0.800212
0.800204
0.800196
0.800188
0.800180
0.800172
0.800164
0.800156
0.800148
0.800140
0.800132
0.800124
0.800116
0.800108
0.800100
0.800091
0.800083
0.800075
0.800067
0.800059
0.800051
0.800043
0.800035
0.800027
0.800020
0.800013
0.800008
0.800004
0.800002
0.800001
0.800000
0.800000
0.800000
