0.800000
0.800013
0.800029
0.800049
0.800074
0.800101
0.800130
0.800160
0.800191
0.800221
0.800251
0.800281
0.800311
0.800341
0.800372
0.800402
0.800432
0.800462
0.800492
0.800522
0.800552
0.800582
0.800613
0.800643
0.800673
0.800703
0.800733
0.800763
0.800794
0.800824
0.800854
0.800884
0.800914
0.800944
0.800975
0.801005
0.801035
0.801065
0.801095
0.801125
0.801155
0.801186
0.801216
0.801246
0.801276
0.801306
0.801336
0.801366
0.801397
0.801427
0.801457
0.801487
0.801517
0.801547
0.801578
0.801608
0.801638
0.801668
0.801698
0.801728
0.801759
0.801789
0.801819
0.801849
0.801879
0.801909
0.801939
0.801970
0.802000
0.802030
0.802060
0.802090
0.802120
0.802150
0.802181
0.802211
0.802241
0.802271
0.802301
0.802331
0.802361
0.802392
0.802422
0.802452
0.802482
0.802512
0.802543
0.802573
0.802603
0.802633
0.802663
0.802693
0.802723
0.802754
0.802784
0.802814
0.802844
0.802874
0.802904
0.802934
0.802965
0.802995
0.803025
0.803055
0.803084
0.803114
0.803143
0.803171
0.803199
0.803227
0.803255
0.803282
0.803309
0.803336
0.803363
0.803390
0.803417
0.803444
0.803472
0.803500
0.803528
0.803557
0.803586
0.803616
0.803647
0.803678
0.803710
0.803742
0.803776
0.803810
0.803845
0.803881
0.803918
0.803956
0.803995
0.804036
0.804077
0.804119
0.804162
0.804206
0.804252
0.804299
0.804346
0.804395
0.804445
0.804497
0.804549
0.804603
0.804657
0.804713
0.804770
0.804828
0.804887
0.804948
0.805009
0.805072
0.805135
0.805199
0.805265
0.805331
0.805399
0.805467
0.805535
0.805605
0.805675
0.805746
0.805816
0.805887
0.805957
0.806028
0.806099
0.806169
0.806240
0.806311
0.806382
0.806453
0.806525
0.806596
0.806668
0.806740
0.806812
0.806885
0.806957
0.807030
0.807103
0.807177
0.807251
0.807326
0.807401
0.807478
0.807556
0.807635
0.807715
0.807796
0.807879
0.807963
0.808048
0.808134
0.808222
0.808310
0.808399
0.808489
0.808579
0.808670
0.808760
0.808852
0.808944
0.809038
0.809133
0.809229
0.809326
0.809425
0.809526
0.809629
0.809734
0.809841
0.809951
0.810062
0.810177
0.810294
0.810413
0.810535
0.810660
0.810787
0.810918
0.811051
0.811187
0.811326
0.811468
0.811613
0.811761
0.811912
0.812066
0.812223
0.812382
0.812545
0.812711
0.812879
0.813049
0.813221
0.813395
0.813571
0.813748
0.813927
0.814108
0.814291
0.814477
0.814664
0.814855
0.815048
0.815245
0.815444
0.815646
0.815851
0.816060
0.816271
0.816485
0.816702
0.816923
0.817146
0.817374
0.817604
0.817838
0.818075
0.818315
0.818559
0.818806
0.819056
0.819309
0.819566
0.819825
0.820088
0.820354
0.820622
0.820893
0.821166
0.821441
0.821718
0.821997
0.822276
0.822557
0.822840
0.823125
0.823413
0.823703
0.823997
0.824294
0.824594
0.824897
0.825204
0.825515
0.825829
0.826147
0.826468
0.826793
0.827122
0.827455
0.827791
0.828131
0.828474
0.828821
0.829171
0.829526
0.829885
0.830248
0.830615
0.830986
0.831361
0.831741
0.832125
0.832513
0.832904
0.833300
0.833699
0.834102
0.834509
0.834920
0.835334
0.835751
0.836173
0.836598
0.837028
0.837463
0.837903
0.838348
0.838798
0.839254
0.839716
0.840183
0.840657
0.841135
0.841619
0.842109
0.842605
0.843106
0.843613
0.844126
0.844645
0.845171
0.845702
0.846240
0.846785
0.847336
0.847894
0.848459
0.849031
0.849609
0.850195
0.850787
0.851387
0.851994
0.852608
0.853229
0.853857
0.854492
0.855134
0.855783
0.856439
0.857102
0.857773
0.858452
0.859139
0.859833
0.860536
0.861247
0.861967
0.862696
0.863433
0.864180
0.864936
0.865701
0.866475
0.867259
0.868050
0.868851
0.869660
0.870478
0.871306
0.872143
0.872990
0.873847
0.874714
0.875591
0.876479
0.877377
0.878285
0.879204
0.880134
0.881074
0.882025
0.882987
0.883958
0.884941
0.885933
0.886936
0.887948
0.888971
0.890004
0.891047
0.892101
0.893165
0.894239
0.895324
0.896419
0.897526
0.898644
0.899774
0.900915
0.902068
0.903233
0.904410
0.905599
0.906801
0.908016
0.909244
0.910485
0.911739
0.913006
0.914287
0.915582
0.916890
0.918211
0.919546
0.920895
0.922257
0.923633
0.925024
0.926429
0.927849
0.929284
0.930734
0.932200
0.933682
0.935179
0.936692
0.938220
0.939764
0.941323
0.942899
0.944492
0.946101
0.947727
0.949371
0.951033
0.952713
0.954412
0.956129
0.957865
0.959619
0.961391
0.963182
0.964993
0.966823
0.968674
0.970545
0.972436
0.974349
0.976282
0.978238
0.980215
0.982213
0.984233
0.986275
0.988338
0.990423
0.992530
0.994659
0.996811
0.998985
1.001182
1.003402
1.005646
1.007914
1.010205
1.012521
1.014861
1.017226
1.019615
1.022031
1.024472
1.026941
1.029437
1.031962
1.034514
1.037096
1.039706
1.042346
1.045016
1.047716
1.050446
1.053206
1.055997
1.058818
1.061670
1.064552
1.067465
1.070408
1.073382
1.076388
1.079424
1.082493
1.085593
1.088724
1.091889
1.095085
1.098316
1.101580
1.104878
1.108212
1.111579
1.114982
1.118419
1.121891
1.125397
1.128939
1.132516
1.136127
1.139775
1.143459
1.147180
1.150937
1.154732
1.158563
1.162432
1.166338
1.170283
1.174265
1.178286
1.182346
1.186445
1.190583
1.194761
1.198979
1.203237
1.207534
1.211872
1.216250
1.220668
1.225126
1.229624
1.234162
1.238740
1.243358
1.248016
1.252715
1.257454
1.262235
1.267058
1.271923
1.276829
1.281778
1.286769
1.291803
1.296881
1.302001
1.307166
1.312375
1.317628
1.322926
1.328270
1.333659
1.339093
1.344573
1.350099
1.355671
1.361290
1.366954
1.372665
1.378423
1.384226
1.390075
1.395969
1.401908
1.407892
1.413922
1.419998
1.426119
1.432285
1.438497
1.444756
1.451060
1.457412
1.463812
1.470259
1.476756
1.483301
1.489895
1.496539
1.503233
1.509976
1.516768
1.523610
1.530502
1.537444
1.544438
1.551483
1.558582
1.565733
1.572936
1.580192
1.587501
1.594862
1.602276
1.609742
1.617260
1.624831
1.632455
1.640131
1.647860
1.655644
1.663481
1.671373
1.679318
1.687318
1.695372
1.703481
1.711645
1.719865
1.728141
1.736472
1.744859
1.753304
1.761805
1.770365
1.778982
1.787659
1.796394
1.805188
1.814040
1.822951
1.831921
1.840949
1.850035
1.859178
1.868380
1.877639
1.886958
1.896335
1.905771
1.915266
1.924821
1.934434
1.944107
1.953839
1.963631
1.973482
1.983392
1.993361
2.003389
2.013477
2.023625
2.033834
2.044104
2.054435
2.064828
2.075282
2.085798
2.096376
2.107014
2.117714
2.128472
2.139290
2.150167
2.161102
2.172096
2.183147
2.194255
2.205421
2.216644
2.227925
2.239263
2.250660
2.262114
2.273627
2.285197
2.296823
2.308506
2.320244
2.332036
2.343883
2.355784
2.367740
2.379750
2.391815
2.403936
2.416113
2.428346
2.440633
2.452976
2.465372
2.477820
2.490320
2.502872
2.515473
2.528125
2.540826
2.553576
2.566374
2.579221
2.592115
2.605056
2.618043
2.631077
2.644155
2.657279
2.670448
2.683661
2.696918
2.710219
2.723563
2.736952
2.750384
2.763860
2.777380
2.790944
2.804551
2.818201
2.831891
2.845622
2.859392
2.873202
2.887050
2.900935
2.914857
2.928815
2.942809
2.956839
2.970903
2.985001
2.999133
3.013298
3.027495
3.041724
3.055985
3.070275
3.084594
3.098942
3.113316
3.127716
3.142143
3.156596
3.171075
3.185580
3.200111
3.214667
3.229247
3.243852
3.258481
3.273133
3.287806
3.302500
3.317212
3.331943
3.346692
3.361457
3.376239
3.391036
3.405849
3.420677
3.435521
3.450381
3.465256
3.480147
3.495051
3.509966
3.524893
3.539829
3.554773
3.569725
3.584685
3.599653
3.614628
3.629612
3.644604
3.659605
3.674615
3.689632
3.704656
3.719684
3.734717
3.749753
3.764791
3.779831
3.794871
3.809910
3.824949
3.839988
3.855025
3.870061
3.885094
3.900124
3.915150
3.930171
3.945185
3.960193
3.975194
3.990187
4.005172
4.020147
4.035113
4.050070
4.065018
4.079957
4.094886
4.109805
4.124712
4.139607
4.154489
4.169358
4.184212
4.199050
4.213873
4.228678
4.243466
4.258237
4.272990
4.287724
4.302438
4.317131
4.331802
4.346451
4.361076
4.375677
4.390252
4.404800
4.419320
4.433812
4.448276
4.462711
4.477119
4.491498
4.505848
4.520169
4.534462
4.548725
4.562959
4.577163
4.591336
4.605477
4.619586
4.633661
4.647701
4.661707
4.675678
4.689613
4.703511
4.717373
4.731198
4.744987
4.758738
4.772451
4.786126
4.799761
4.813354
4.826904
4.840411
4.853873
4.867291
4.880663
4.893989
4.907270
4.920507
4.933700
4.946849
4.959957
4.973021
4.986042
4.999021
5.011956
5.024849
5.037698
5.050503
5.063265
5.075983
5.088656
5.101285
5.113870
5.126409
5.138902
5.151349
5.163749
5.176102
5.188406
5.200661
5.212867
5.225022
5.237128
5.249184
5.261192
5.273151
5.285063
5.296926
5.308742
5.320510
5.332230
5.343902
5.355526
5.367101
5.378626
5.390101
5.401527
5.412902
5.424227
5.435502
5.446727
5.457900
5.469022
5.480093
5.491112
5.502078
5.512992
5.523852
5.534658
5.545410
5.556109
5.566753
5.577343
5.587879
5.598359
5.608785
5.619155
5.629471
5.639731
5.649935
5.660084
5.670176
5.680211
5.690190
5.700113
5.709979
5.719788
5.729539
5.739232
5.748868
5.758448
5.767970
5.777436
5.786845
5.796197
5.805493
5.814732
5.823915
5.833041
5.842109
5.851119
5.860070
5.868961
5.877793
5.886566
5.895279
5.903931
5.912522
5.921052
5.929520
5.937927
5.946273
5.954557
5.962779
5.970940
5.979040
5.987079
5.995058
6.002978
6.010839
6.018641
6.026385
6.034069
6.041695
6.049262
6.056770
6.064217
6.071604
6.078930
6.086196
6.093402
6.100547
6.107633
6.114658
6.121622
6.128526
6.135371
6.142155
6.148881
6.155547
6.162154
6.168704
6.175195
6.181631
6.188011
6.194336
6.200607
6.206824
6.212987
6.219097
6.225154
6.231159
6.237112
6.243012
6.248861
6.254659
6.260406
6.266103
6.271751
6.277349
6.282898
6.288399
6.293850
6.299254
6.304611
6.309920
6.315182
6.320398
6.325567
6.330690
6.335768
6.340802
6.345791
6.350735
6.355636
6.360493
6.365307
6.370078
6.374806
6.379492
6.384135
6.388738
6.393299
6.397821
6.402304
6.406748
6.411153
6.415519
6.419847
6.424138
6.428391
6.432609
6.436790
6.440936
6.445046
6.449121
6.453161
6.457166
6.461137
6.465072
6.468971
6.472835
6.476663
6.480457
6.484216
6.487940
6.491631
6.495289
6.498913
6.502504
6.506063
6.509591
6.513085
6.516547
6.519976
6.523373
6.526738
6.530071
6.533372
6.536641
6.539879
6.543087
6.546263
6.549410
6.552526
6.555612
6.558668
6.561693
6.564688
6.567654
6.570590
6.573496
6.576373
6.579221
6.582040
6.584830
6.587591
6.590324
6.593029
6.595706
6.598355
6.600976
6.603569
6.606134
6.608672
6.611183
6.613667
6.616124
6.618555
6.620961
6.623341
6.625697
6.628028
6.630335
6.632618
6.634877
6.637113
6.639327
6.641517
6.643685
6.645831
6.647954
6.650056
6.652135
6.654194
6.656232
6.658248
6.660244
6.662219
6.664173
6.666107
6.668020
6.669913
6.671786
6.673638
6.675469
6.677281
6.679073
6.680845
6.682598
6.684332
6.686047
6.687744
6.689422
6.691083
6.692725
6.694349
6.695955
6.697543
6.699114
6.700667
6.702202
6.703720
6.705220
6.706704
6.708171
6.709621
6.711055
6.712472
6.713873
6.715259
6.716629
6.717984
6.719324
6.720649
6.721959
6.723256
6.724538
6.725806
6.727060
6.728301
6.729528
6.730742
6.731943
6.733130
6.734303
6.735463
6.736610
6.737742
6.738861
6.739966
6.741057
6.742136
6.743201
6.744254
6.745294
6.746323
6.747339
6.748343
6.749336
6.750318
6.751289
6.752248
6.753196
6.754132
6.755058
6.755971
6.756874
6.757767
6.758648
6.759519
6.760380
6.761230
6.762070
6.762899
6.763717
6.764523
6.765318
6.766102
6.766875
6.767636
6.768386
6.769126
6.769854
6.770572
6.771280
6.771978
6.772667
6.773346
6.774017
6.774679
6.775332
6.775977
6.776613
6.777241
6.777860
6.778472
6.779077
6.779674
6.780264
6.780848
6.781424
6.781994
6.782556
6.783112
6.783661
6.784202
6.784737
6.785265
6.785786
6.786301
6.786809
6.787311
6.787806
6.788296
6.788779
6.789256
6.789726
6.790191
6.790649
6.791101
6.791547
6.791987
6.792422
6.792850
6.793274
6.793692
6.794105
6.794514
6.794918
6.795317
6.795712
6.796103
6.796490
6.796872
6.797250
6.797624
6.797993
6.798359
6.798721
6.799079
6.799433
6.799784
6.800131
6.800474
6.800814
6.801150
6.801483
6.801812
6.802137
6.802458
6.802775
6.803088
6.803398
6.803704
6.804007
6.804306
6.804603
6.804896
6.805187
6.805475
6.805761
6.806045
6.806327
6.806607
6.806885
6.807161
6.807435
6.807707
6.807977
6.808245
6.808511
6.808775
6.809037
6.809297
6.809556
6.809812
6.810067
6.810320
6.810571
6.810820
6.811067
6.811313
6.811557
6.811799
6.812040
6.812279
6.812517
6.812753
6.812987
6.813220
6.813450
6.813679
6.813905
6.814130
6.814352
6.814571
6.814789
6.815005
6.815218
6.815429
6.815639
6.815846
6.816051
6.816254
6.816455
6.816654
6.816850
6.817044
6.817236
6.817426
6.817614
6.817801
6.817987
6.818171
6.818354
6.818536
6.818717
6.818896
6.819074
6.819250
6.819424
6.819596
6.819766
6.819934
6.820099
6.820262
6.820422
6.820579
6.820734
6.820886
6.821035
6.821182
6.821326
6.821468
6.821607
6.821743
6.821877
6.822008
6.822136
6.822262
6.822385
6.822504
6.822621
6.822735
6.822845
6.822953
6.823058
6.823159
6.823259
6.823355
6.823449
6.823540
6.823628
6.823715
6.823799
6.823881
6.823961
6.824040
6.824116
6.824191
6.824264
6.824335
6.824405
6.824472
6.824537
6.824600
6.824662
6.824721
6.824779
6.824835
6.824889
6.824942
6.824994
6.825044
6.825094
6.825142
6.825190
6.825236
6.825282
6.825328
6.825373
6.825418
6.825464
6.825509
6.825554
6.825600
6.825647
6.825695
6.825743
6.825793
6.825843
6.825894
6.825946
6.825998
6.826051
6.826104
6.826158
6.826213
6.826268
6.826323
6.826378
6.826434
6.826490
6.826546
6.826602
6.826657
6.826713
6.826768
6.826823
6.826877
6.826930
6.826983
6.827035
6.827087
6.827137
6.827187
6.827236
6.827284
6.827331
6.827377
6.827421
6.827465
6.827507
6.827548
6.827587
6.827626
6.827663
6.827698
6.827732
6.827765
6.827797
6.827827
6.827856
6.827883
6.827909
6.827933
6.827956
6.827978
6.827998
6.828017
6.828034
6.828050
6.828065
6.828078
6.828090
6.828101
6.828110
6.828118
6.828125
6.828131
6.828136
6.828140
6.828143
6.828145
6.828146
6.828146
6.828146
6.828145
6.828143
6.828140
6.828137
6.828134
6.828131
6.828127
6.828123
6.828119
6.828115
6.828111
6.828107
6.828104
6.828101
6.828099
6.828097
6.828096
6.828095
6.828095
6.828095
6.828094
6.828094
6.828094
6.828094
6.828094
6.828094
6.828094
6.828094
6.828094
6.828094
6.828094
6.828094
6.828094
6.828094
6.828094
6.828094
6.828094
6.828094
6.828094
6.828094
6.828094
6.828094
6.828094
6.828094
6.828094
6.828094
6.828094
6.828094
6.828094
6.828094
6.828094
6.828094
6.828094
6.828094
6.828094
6.828094
6.828094
6.828094
6.828094
6.828094
6.828094
6.828094
6.828094
6.828094
6.828094
6.828094
6.828094
6.828094
6.828094
6.828094
6.828094
6.828094
6.828094
6.828094
6.828094
6.828094
6.828094
6.828094
6.828094
6.828094
6.828094
6.828094
6.828094
6.828094
6.828094
6.828094
6.828094
6.828094
6.828094
6.828094
6.828094
6.828094
6.828094
6.828094
6.828094
6.828094
6.828094
6.828094
6.828094
6.828094
6.828094
6.828094
6.828094
6.828094
6.828094
6.828094
6.828094
6.828094
6.828094
6.828094
6.828094
6.828094
6.828094
6.828094
6.828094
6.828094
6.828094
6.828094
6.828094
6.828094
6.828094
6.828094
6.828094
6.828094
6.828094
6.828094
6.828094
6.828094
6.828094
6.828094
6.828094
6.828094
6.828094
6.828094
6.828094
6.828094
6.828094
6.828094
6.828094
6.828094
6.828094
6.828094
6.828094
6.828094
6.828094
6.828094
6.828094
6.828094
6.828094
6.828094
6.828094
6.828094
6.828094
6.828094
6.828094
6.828094
6.828094
6.828094
6.828094
6.828094
6.828094
6.828094
6.828094
6.828094
6.828094
6.828094
6.828094
6.828094
6.828094
6.828094
6.828094
6.828094
6.828094
6.828094
6.828094
6.828094
6.828094
6.828094
6.828094
6.828094
6.828094
6.828094
6.828094
6.828094
6.828094
6.828094
6.828094
6.828094
6.828094
6.828094
6.828094
6.828094
6.828094
6.828094
6.828094
6.828094
6.828094
6.828094
6.828094
6.828094
6.828094
6.828094
6.828094
6.828094
6.828094
6.828094
6.828094
6.828094
6.828094
6.828094
6.828094
6.828094
6.828094
6.828094
6.828094
6.828094
6.828094
6.828094
6.828094
6.828094
6.828094
6.828094
6.828094
6.828094
6.828094
6.828094
6.828094
6.828094
6.828094
6.828094
6.828094
6.828094
6.828094
6.828094
6.828094
6.828094
6.828094
6.828094
6.828094
6.828094
6.828094
6.828094
6.828094
6.828094
6.828094
6.828094
6.828094
6.828094
6.828094
6.828094
6.828094
6.828094
6.828094
6.828094
6.828094
6.828094
6.828094
6.828094
6.828094
6.828094
6.828094
6.828094
6.828094
6.828094
6.828094
6.828094
6.828094
6.828094
6.828094
6.828094
6.828094
6.828094
6.828094
6.828094
6.828094
6.828094
6.828094
6.828094
6.828094
6.828094
6.828094
6.828094
6.828094
6.828094
6.828094
6.828094
6.828094
6.828094
6.828094
6.828094
6.828094
6.828094
6.828094
6.828094
6.828094
6.828094
6.828094
6.828094
6.828094
6.828094
6.828094
6.828094
6.828094
6.828094
6.828094
6.828094
6.828094
6.828094
6.828094
6.828094
6.828094
6.828094
6.828094
6.828094
6.828094
6.828094
6.828094
6.828094
6.828094
6.828094
6.828094
6.828094
6.828094
6.828094
6.828094
6.828094
6.828094
6.828094
6.828094
6.828094
6.828094
6.828094
6.828094
6.828094
6.828094
6.828094
6.828094
6.828094
6.828094
6.828094
6.828094
6.828094
6.828094
6.828094
6.828094
6.828094
6.828094
6.828094
6.828094
6.828094
6.828094
6.828094
6.828094
6.828094
6.828094
6.828094
6.828094
6.828094
6.828094
6.828094
6.828094
6.828094
6.828094
6.828094
6.828094
6.828094
6.828094
6.828094
6.828094
6.828094
6.828094
6.828094
6.828094
6.828094
6.828094
6.828094
6.828094
6.828094
6.828094
6.828094
6.828094
6.828094
6.828094
6.828094
6.828094
6.828094
6.828094
6.828094
6.828094
6.828094
6.828094
6.828094
6.828094
6.828094
6.828094
6.828094
6.828094
6.828094
6.828094
6.828094
6.828094
6.828094
6.828094
6.828094
6.828094
6.828094
6.828094
6.828094
6.828094
6.828094
6.828094
6.828094
6.828094
6.828094
6.828094
6.828094
6.828094
6.828094
6.828094
6.828094
6.828094
6.828094
6.828094
6.828094
6.828094
6.828094
6.828094
6.828094
6.828094
6.828094
6.828094
6.828094
6.828094
6.828094
6.828094
6.828094
6.828094
6.828094
6.828094
6.828094
6.828094
6.828094
6.828094
6.828094
6.828094
6.828094
6.828094
6.828094
6.828094
6.828094
6.828094
6.828094
6.828094
6.828094
6.828094
6.828094
6.828094
6.828094
6.828094
6.828094
6.828094
6.828094
6.828094
6.828094
6.828094
6.828094
6.828094
6.828094
6.828094
6.828094
6.828094
6.828094
6.828094
6.828094
6.828094
6.828094
6.828094
6.828094
6.828094
6.828094
6.828094
6.828094
6.828094
6.828094
6.828094
6.828094
6.828094
6.828094
6.828094
6.828094
6.828094
6.828094
6.828094
6.828094
6.828094
6.828094
6.828094
6.828094
6.828094
6.828094
6.828094
6.828094
6.828094
6.828094
6.828094
6.828094
6.828094
6.828094
6.828094
6.828094
6.828094
6.828094
6.828094
6.828094
6.828094
6.828094
6.828094
6.828094
6.828094
6.828094
6.828094
6.828094
6.828094
6.828094
6.828094
6.828094
6.828094
6.828094
6.828094
6.828094
6.828094
6.828094
6.828094
6.828094
6.828094
6.828094
6.828094
6.828094
6.828094
6.828094
6.828094
6.828094
6.828094
6.828094
6.828094
6.828094
6.828094
6.828094
6.828094
6.828094
6.828094
6.828094
6.828094
6.828094
6.828094
6.828094
6.828094
6.828094
6.828094
6.828094
6.828094
6.828094
6.828094
6.828094
6.828094
6.828094
6.828094
6.828094
6.828094
6.828094
6.828094
6.828094
6.828094
6.828094
6.828094
6.828094
6.828094
6.828094
6.828094
6.828094
6.828094
6.828094
6.828094
6.828094
6.828094
6.828094
6.828094
6.828094
6.828094
6.828094
6.828094
6.828094
6.828094
6.828094
6.828094
6.828094
6.828094
6.828094
6.828094
6.828094
6.828094
6.828094
6.828094
6.828094
6.828094
6.828094
6.828094
6.828094
6.828094
6.828094
6.828094
6.828094
6.828094
6.828094
6.828094
6.828094
6.828094
6.828094
6.828094
6.828094
6.828094
6.828094
6.828094
6.828094
6.828094
6.828094
6.828094
6.828094
6.828094
6.828094
6.828094
6.828094
6.828094
6.828094
6.828094
6.828094
6.828094
6.828094
6.828094
6.828094
6.828094
6.828094
6.828094
6.828094
6.828094
6.828094
6.828094
6.828094
6.828094
6.828094
6.828094
6.828094
6.828094
6.828094
6.828094
6.828094
6.828094
6.828094
6.828094
6.828094
6.828094
6.828094
6.828094
6.828094
6.828094
6.828094
6.828094
6.828094
6.828094
6.828094
6.828094
6.828094
6.828094
6.828094
6.828094
6.828094
6.828094
6.828094
6.828094
6.828094
6.828094
6.828094
6.828094
6.828094
6.828094
6.828094
6.828094
6.828094
6.828094
6.828094
6.828094
6.828094
6.828094
6.828094
6.828094
6.828094
6.828094
6.828094
6.828094
6.828094
6.828094
6.828094
6.828094
6.828094
6.828094
6.828094
6.828094
6.828094
6.828094
6.828094
6.828094
6.828094
6.828094
6.828094
6.828094
6.828094
6.828094
6.828094
6.828094
6.828094
6.828094
6.828094
6.828094
6.828094
6.828094
6.828094
6.828094
6.828094
6.828094
6.828094
6.828094
6.828094
6.828094
6.828094
6.828094
6.828094
6.828094
6.828094
6.828094
6.828094
6.828094
6.828094
6.828094
6.828094
6.828094
6.828094
6.828094
6.828094
6.828094
6.828094
6.828094
6.828094
6.828094
6.828094
6.828094
6.828094
6.828094
6.828094
6.828094
6.828094
6.828094
6.828094
6.828094
6.828094
6.828094
6.828094
6.828094
6.828094
6.828094
6.828094
6.828094
6.828094
6.828094
6.828094
6.828094
6.828094
6.828094
6.828094
6.828094
6.828094
6.828094
6.828094
6.828094
6.828094
6.828094
6.828094
6.828094
6.828094
6.828094
6.828094
6.828094
6.828094
6.828094
6.828094
6.828094
6.828094
6.828094
6.828094
6.828094
6.828094
6.828094
6.828094
6.828094
6.828094
6.828094
6.828094
6.828094
6.828094
6.828094
6.828094
6.828094
6.828094
6.828094
6.828094
6.828094
6.828094
6.828094
6.828094
6.828094
6.828094
6.828094
6.828094
6.828094
6.828094
6.828094
6.828094
6.828094
6.828094
6.828094
6.828094
6.828094
6.828094
6.828094
6.828094
6.828094
6.828094
6.828094
6.828094
6.828094
6.828094
6.828094
6.828094
6.828094
6.828094
6.828094
6.828094
6.828094
6.828094
6.828094
6.828094
6.828094
6.828094
6.828094
6.828094
6.828094
6.828094
6.828094
6.828094
6.828094
6.828094
6.828094
6.828094
6.828094
6.828094
6.828094
6.828094
6.828094
6.828094
6.828094
6.828094
6.828094
6.828094
6.828094
6.828094
6.828094
6.828094
6.828094
6.828094
6.828094
6.828094
6.828094
6.828094
6.828094
6.828094
6.828094
6.828094
6.828094
6.828094
6.828094
6.828094
6.828094
6.828094
6.828094
6.828094
6.828094
6.828094
6.828094
6.828094
6.828094
6.828094
6.828094
6.828094
6.828094
6.828094
6.828094
6.828094
6.828094
6.828094
6.828094
6.828094
6.828094
6.828094
6.828094
6.828094
6.828094
6.828094
6.828094
6.828094
6.828094
6.828094
6.828094
6.828094
6.828094
6.828094
6.828094
6.828094
6.828094
6.828094
6.828094
6.828094
6.828094
6.828094
6.828094
6.828094
6.828094
6.828094
6.828094
6.828094
6.828094
6.828094
6.828094
6.828094
6.828094
6.828094
6.828094
6.828094
6.828094
6.828094
6.828094
6.828094
6.828094
6.828094
6.828094
6.828094
6.828094
6.828094
6.828094
6.828094
6.828094
6.828094
6.828094
6.828094
6.828094
6.828094
6.828094
6.828094
6.828094
6.828094
6.828094
6.828094
6.828094
6.828094
6.828094
6.828094
6.828094
6.828094
6.828094
6.828094
6.828094
6.828094
6.828094
6.828094
6.828094
6.828094
6.828094
6.828094
6.828094
6.828094
6.828094
6.828094
6.828094
6.828094
6.828094
6.828094
6.828094
6.828094
6.828094
6.828094
6.828094
6.828094
6.828094
6.828094
6.828094
6.828094
6.828094
6.828094
6.828094
6.828094
6.828094
6.828094
6.828094
6.828094
6.828094
6.828094
6.828094
6.828094
6.828094
6.828094
6.828094
6.828094
6.828094
6.828094
6.828094
6.828094
6.828094
6.828094
6.828094
6.828094
6.828094
6.828094
6.828094
6.828094
6.828094
6.828094
6.828094
6.828094
6.828094
6.828094
6.828094
6.828094
6.828094
6.828094
6.828094
6.828094
6.828094
6.828094
6.828094
6.828094
6.828094
6.828094
6.828094
6.828094
6.828094
6.828094
6.828094
6.828094
6.828094
6.828094
6.828094
6.828094
6.828094
6.828094
6.828094
6.828094
6.828094
6.828094
6.828094
6.828094
6.828094
6.828094
6.828094
6.828094
6.828094
6.828094
6.828094
6.828094
6.828094
6.828094
6.828094
6.828094
6.828094
6.828094
6.828094
6.828094
6.828094
6.828094
6.828094
6.828094
6.828094
6.828094
6.828094
6.828094
6.828094
6.828094
6.828094
6.828094
6.828094
6.828094
6.828094
6.828094
6.828094
6.828094
6.828094
6.828094
6.828094
6.828094
6.828094
6.828094
6.828094
6.828094
6.828094
6.828094
6.828094
6.828094
6.828094
6.828094
6.828094
6.828094
6.828094
6.828094
6.828094
6.828094
6.828094
6.828094
6.828094
6.828094
6.828094
6.828094
6.828094
6.828094
6.828094
6.828094
6.828094
6.828094
6.828094
6.828094
6.828094
6.828094
6.828094
6.828094
6.828094
6.828094
6.828094
6.828094
6.828094
6.828094
6.828094
6.828094
6.828094
6.828094
6.828094
6.828094
6.828094
6.828094
6.828094
6.828094
6.828094
6.828094
6.828094
6.828094
6.828094
6.828094
6.828094
6.828094
6.828094
6.828094
6.828094
6.828094
6.828094
6.828094
6.828094
6.828094
6.828094
6.828094
6.828094
6.828094
6.828094
6.828094
6.828094
6.828094
6.828094
6.828094
6.828094
6.828094
6.828094
6.828094
6.828094
6.828094
6.828094
6.828094
6.828094
6.828094
6.828094
6.828094
6.828094
6.828094
6.828094
6.828094
6.828094
6.828094
6.828094
6.828094
6.828094
6.828094
6.828094
6.828094
6.828094
6.828094
6.828094
6.828094
6.828094
6.828094
6.828094
6.828094
6.828094
6.828094
6.828094
6.828094
6.828094
6.828094
6.828094
6.828094
6.828094
6.828094
6.828094
6.828094
6.828094
6.828094
6.828094
6.828094
6.828094
6.828094
6.828094
6.828094
6.828094
6.828094
6.828094
6.828094
6.828094
6.828094
6.828094
6.828094
6.828094
6.828094
6.828094
6.828094
6.828094
6.828094
6.828094
6.828094
6.828094
6.828094
6.828094
6.828094
6.828094
6.828094
6.828094
6.828094
6.828094
6.828094
6.828094
6.828094
6.828094
6.828094
6.828094
6.828094
6.828094
6.828094
6.828094
6.828094
6.828094
6.828094
6.828094
6.828094
6.828094
6.828094
6.828094
6.828094
6.828094
6.828094
6.828094
6.828094
6.828094
6.828094
6.828094
6.828094
6.828094
6.828094
6.828094
6.828094
6.828094
6.828094
6.828094
6.828094
6.828094
6.828094
6.828094
6.828094
6.828094
6.828094
6.828094
6.828094
6.828094
6.828094
6.828094
6.828094
6.828094
6.828094
6.828094
6.828094
6.828094
6.828094
6.828094
6.828094
6.828094
6.828094
6.828094
6.828094
6.828094
6.828094
6.828094
6.828094
6.828094
6.828094
6.828094
6.828094
6.828094
6.828094
6.828094
6.828094
6.828094
6.828094
6.828094
6.828094
6.828094
6.828094
6.828094
6.828094
6.828094
6.828094
6.828094
6.828094
6.828094
6.828094
6.828094
6.828094
6.828094
6.828094
6.828094
6.828094
6.828094
6.828094
6.828094
6.828094
6.828094
6.828094
6.828094
6.828094
6.828094
6.828094
6.828094
6.828094
6.828094
6.828094
6.828094
6.828094
6.828094
6.828094
6.828094
6.828094
6.828094
6.828094
6.828094
6.828094
6.828094
6.828094
6.828094
6.828094
6.828094
6.828094
6.828094
6.828094
6.828094
6.828094
6.828094
6.828094
6.828094
6.828094
6.828094
6.828094
6.828094
6.828094
6.828094
6.828094
6.828094
6.828094
6.828094
6.828094
6.828094
6.828094
6.828094
6.828094
6.828094
6.828094
6.828094
6.828094
6.828094
6.828094
6.828094
6.828094
6.828094
6.828094
6.828094
6.828094
6.828094
6.828094
6.828094
6.828094
6.828094
6.828094
6.828094
6.828094
6.828094
6.828094
6.828094
6.828094
6.828094
6.828094
6.828094
6.828094
6.828094
6.828094
6.828094
6.828094
6.828094
6.828094
6.828094
6.828094
6.828094
6.828094
6.828094
6.828094
6.828094
6.828094
6.828094
6.828094
6.828094
6.828094
6.828094
6.828094
6.828094
6.828094
6.828094
6.828094
6.828094
6.828094
6.828094
6.828094
6.828094
6.828094
6.828094
6.828094
6.828094
6.828094
6.828094
6.828094
6.828094
6.828094
6.828094
6.828094
6.828094
6.828094
6.828094
6.828094
6.828094
6.828094
6.828094
6.828094
6.828094
6.828094
6.828094
6.828094
6.828094
6.828094
6.828094
6.828094
6.828094
6.828094
6.828094
6.828094
6.828094
6.828094
6.828094
6.828094
6.828094
6.828094
6.828094
6.828094
6.828094
6.828094
6.828094
6.828094
6.828094
6.828094
6.828094
6.828094
6.828094
6.828094
6.828094
6.828094
6.828094
6.828094
6.828094
6.828094
6.828094
6.828094
6.828094
6.828094
6.828094
6.828094
6.828094
6.828094
6.828094
6.828094
6.828094
6.828094
6.828094
6.828094
6.828094
6.828094
6.828094
6.828094
6.828094
6.828094
6.828094
6.828094
6.828094
6.828094
6.828094
6.828094
6.828094
6.828094
6.828094
6.828094
6.828094
6.828094
6.828094
6.828094
6.828094
6.828094
6.828094
6.828094
6.828094
6.828094
6.828094
6.828094
6.828094
6.828094
6.828094
6.828094
6.828094
6.828094
6.828094
6.828094
6.828094
6.828094
6.828094
6.828094
6.828094
6.828094
6.828094
6.828094
6.828094
6.828094
6.828094
6.828094
6.828094
6.828094
6.828094
6.828094
6.828094
6.828094
6.828094
6.828094
6.828094
6.828094
6.828094
6.828094
6.828094
6.828094
6.828094
6.828094
6.828094
6.828094
6.828094
6.828094
6.828094
6.828094
6.828094
6.828094
6.828094
6.828094
6.828094
6.828094
6.828094
6.828094
6.828094
6.828094
6.828094
6.828094
6.828094
6.828094
6.828094
6.828094
6.828094
6.828094
6.828094
6.828094
6.828094
6.828094
6.828094
6.828094
6.828094
6.828094
6.828094
6.828094
6.828094
6.828094
6.828094
6.828094
6.828094
6.828094
6.828094
6.828094
6.828094
6.828094
6.828094
6.828094
6.828094
6.828094
6.828094
6.828094
6.828094
6.828094
6.828094
6.828094
6.828094
6.828094
6.828094
6.828094
6.828094
6.828094
6.828094
6.828094
6.828094
6.828094
6.828094
6.828094
6.828094
6.828094
6.828094
6.828094
6.828094
6.828094
6.828094
6.828094
6.828094
6.828094
6.828094
6.828094
6.828094
6.828094
6.828094
6.828094
6.828094
6.828094
6.828094
6.828094
6.828094
6.828094
6.828094
6.828094
6.828094
6.828094
6.828094
6.828094
6.828094
6.828094
6.828094
6.828094
6.828094
6.828094
6.828094
6.828094
6.828094
6.828094
6.828094
6.828094
6.828094
6.828094
6.828094
6.828094
6.828094
6.828094
6.828094
6.828094
6.828094
6.828094
6.828094
6.828094
6.828094
6.828094
6.828094
6.828094
6.828094
6.828094
6.828094
6.828094
6.828094
6.828094
6.828094
6.828094
6.828094
6.828094
6.828094
6.828094
6.828094
6.828094
6.828094
6.828094
6.828094
6.828094
6.828094
6.828094
6.828094
6.828094
6.828094
6.828094
6.828094
6.828094
6.828094
6.828094
6.828094
6.828094
6.828094
6.828094
6.828094
6.828094
6.828094
6.828094
6.828094
6.828094
6.828094
6.828094
6.828094
6.828094
6.828094
6.828094
6.828094
6.828094
6.828094
6.828094
6.828094
6.828094
6.828094
6.828094
6.828094
6.828094
6.828094
6.828094
6.828094
6.828094
6.828094
6.828094
6.828094
6.828094
6.828094
6.828094
6.828094
6.828094
6.828094
6.828094
6.828094
6.828094
6.828094
6.828094
6.828094
6.828094
6.828094
6.828094
6.828094
6.828094
6.828094
6.828094
6.828094
6.828094
6.828094
6.828094
6.828094
6.828094
6.828094
6.828094
6.828094
6.828094
6.828094
6.828094
6.828094
6.828094
6.828094
6.828094
6.828094
6.828094
6.828094
6.828094
6.828094
6.828094
6.828094
6.828094
6.828094
6.828094
6.828094
6.828094
6.828094
6.828094
6.828094
6.828094
6.828094
6.828094
6.828094
6.828094
6.828094
6.828094
6.828094
6.828094
6.828094
6.828094
6.828094
6.828094
6.828094
6.828094
6.828094
6.828094
6.828094
6.828094
6.828094
6.828094
6.828094
6.828094
6.828094
6.828094
6.828094
6.828094
6.828094
6.828094
6.828094
6.828094
6.828094
6.828094
6.828094
6.828094
6.828094
6.828094
6.828094
6.828094
6.828094
6.828094
6.828094
6.828094
6.828094
6.828094
6.828094
6.828094
6.828094
6.828094
6.828094
6.828094
6.828094
6.828094
6.828094
6.828094
6.828094
6.828094
6.828094
6.828094
6.828094
6.828094
6.828094
6.828094
6.828094
6.828094
6.828094
6.828094
6.828094
6.828094
6.828094
6.828094
6.828094
6.828094
6.828094
6.828094
6.828094
6.828094
6.828094
6.828094
6.828094
6.828094
6.828094
6.828094
6.828094
6.828094
6.828094
6.828094
6.828094
6.828094
6.828094
6.828094
6.828094
6.828094
6.828094
6.828094
6.828094
6.828094
6.828094
6.828094
6.828094
6.828094
6.828094
6.828094
6.828094
6.828094
6.828094
6.828094
6.828094
6.828094
6.828094
6.828094
6.828094
6.828094
6.828094
6.828094
6.828094
6.828094
6.828094
6.828094
6.828094
6.828094
6.828094
6.828094
6.828094
6.828094
6.828094
6.828094
6.828094
6.828094
6.828094
6.828094
6.828094
6.828094
6.828094
6.828094
6.828094
6.828094
6.828094
6.828094
6.828094
6.828094
6.828094
6.828094
6.828094
6.828094
6.828094
6.828094
6.828094
6.828094
6.828094
6.828094
6.828094
6.828094
6.828094
6.828094
6.828094
6.828094
6.828094
6.828094
6.828094
6.828094
6.828094
6.828094
6.828094
6.828094
6.828094
6.828094
6.828094
6.828094
6.828094
6.828094
6.828094
6.828094
6.828094
6.828094
6.828094
6.828094
6.828094
6.828094
6.828094
6.828094
6.828094
6.828094
6.828094
6.828094
6.828094
6.828094
6.828094
6.828094
6.828094
6.828094
6.828094
6.828094
6.828094
6.828094
6.828094
6.828094
6.828094
6.828094
6.828094
6.828094
6.828094
6.828094
6.828094
6.828094
6.828094
6.828094
6.828094
6.828094
6.828094
6.828094
6.828094
6.828094
6.828094
6.828094
6.828094
6.828094
6.828094
6.828094
6.828094
6.828094
6.828094
6.828094
6.828094
6.828094
6.828094
6.828094
6.828094
6.828094
6.828094
6.828094
6.828094
6.828094
6.828094
6.828094
6.828094
6.828094
6.828094
6.828094
6.828094
6.828094
6.828094
6.828094
6.828094
6.828094
6.828094
6.828094
6.828094
6.828094
6.828094
6.828094
6.828094
6.828094
6.828094
6.828094
6.828094
6.828094
6.828094
6.828094
6.828094
6.828094
6.828094
6.828094
6.828094
6.828094
6.828094
6.828094
6.828094
6.828094
6.828094
6.828094
6.828094
6.828094
6.828094
6.828094
6.828094
6.828094
6.828094
6.828094
6.828094
6.828094
6.828094
6.828094
6.828094
6.828094
6.828094
6.828094
6.828094
6.828094
6.828094
6.828094
6.828094
6.828094
6.828094
6.828094
6.828094
6.828094
6.828094
6.828094
6.828094
6.828094
6.828094
6.828094
6.828094
6.828094
6.828094
6.828094
6.828094
6.828094
6.828094
6.828094
6.828094
6.828094
6.828094
6.828094
6.828094
6.828094
6.828094
6.828094
6.828094
6.828094
6.828094
6.828094
6.828094
6.828094
6.828094
6.828094
6.828094
6.828094
6.828094
6.828094
6.828094
6.828094
6.828094
6.828094
6.828094
6.828094
6.828094
6.828094
6.828094
6.828094
6.828094
6.828094
6.828094
6.828094
6.828094
6.828094
6.828094
6.828094
6.828094
6.828094
6.828094
6.828094
6.828094
6.828094
6.828094
6.828094
6.828094
6.828094
6.828094
6.828094
6.828094
6.828094
6.828094
6.828094
6.828094
6.828094
6.828094
6.828094
6.828094
6.828094
6.828094
6.828094
6.828094
6.828094
6.828094
6.828094
6.828094
6.828094
6.828094
6.828094
6.828094
6.828094
6.828094
6.828094
6.828094
6.828094
6.828094
6.828094
6.828094
6.828094
6.828094
6.828094
6.828094
6.828094
6.828094
6.828094
6.828094
6.828094
6.828094
6.828094
6.828094
6.828094
6.828094
6.828094
6.828094
6.828094
6.828094
6.828094
6.828094
6.828094
6.828094
6.828094
6.828094
6.828094
6.828094
6.828094
6.828094
6.828094
6.828094
6.828094
6.828094
6.828094
6.828094
6.828094
6.828094
6.828094
6.828094
6.828094
6.828094
6.828094
6.828094
6.828094
6.828094
6.828094
6.828094
6.828094
6.828094
6.828094
6.828094
6.828094
6.828094
6.828094
6.828094
6.828094
6.828094
6.828094
6.828094
6.828094
6.828094
6.828094
6.828094
6.828094
6.828094
6.828094
6.828094
6.828094
6.828094
6.828094
6.828094
6.828094
6.828094
6.828094
6.828094
6.828094
6.828094
6.828094
6.828094
6.828094
6.828094
6.828094
6.828094
6.828094
6.828094
6.828094
6.828094
6.828094
6.828094
6.828094
6.828094
6.828094
6.828094
6.828094
6.828094
6.828094
6.828094
6.828094
6.828094
6.828094
6.828094
6.828094
6.828094
6.828094
6.828094
6.828094
6.828094
6.828094
6.828094
6.828094
6.828094
6.828094
6.828094
6.828094
6.828094
6.828094
6.828094
6.828094
6.828094
6.828094
6.828094
6.828094
6.828094
6.828094
6.828094
6.828094
6.828094
6.828094
6.828094
6.828094
6.828094
6.828094
6.828094
6.828094
6.828094
6.828094
6.828094
6.828094
6.828094
6.828094
6.828094
6.828094
6.828094
6.828094
6.828094
6.828094
6.828094
6.828094
6.828094
6.828094
6.828094
6.828094
6.828094
6.828094
6.828094
6.828094
6.828094
6.828094
6.828094
6.828094
6.828094
6.828094
6.828094
6.828094
6.828094
6.828094
6.828094
6.828094
6.828094
6.828094
6.828094
6.828094
6.828094
6.828094
6.828094
6.828094
6.828094
6.828094
6.828094
6.828094
6.828094
6.828094
6.828094
6.828094
6.828094
6.828094
6.828094
6.828094
6.828094
6.828094
6.828094
6.828094
6.828094
6.828094
6.828094
6.828094
6.828094
6.828094
6.828094
6.828094
6.828094
6.828094
6.828094
6.828094
6.828094
6.828094
6.828094
6.828094
6.828094
6.828094
6.828094
6.828094
6.828094
6.828094
6.828094
6.828094
6.828094
6.828094
6.828094
6.828094
6.828094
6.828094
6.828094
6.828094
6.828094
6.828094
6.828094
6.828094
6.828094
6.828094
6.828094
6.828094
6.828094
6.828094
6.828094
6.828094
6.828094
6.828094
6.828094
6.828094
6.828094
6.828094
6.828094
6.828094
6.828094
6.828094
6.828094
6.828094
6.828094
6.828094
6.828094
6.828094
6.828094
6.828094
6.828094
6.828094
6.828094
6.828094
6.828094
6.828094
6.828094
6.828094
6.828094
6.828094
6.828094
6.828094
6.828094
6.828094
6.828094
6.828094
6.828094
6.828094
6.828094
6.828094
6.828094
6.828094
6.828094
6.828094
6.828094
6.828094
6.828094
6.828094
6.828094
6.828094
6.828094
6.828094
6.828094
6.828094
6.828094
6.828094
6.828094
6.828094
6.828094
6.828094
6.828094
6.828094
6.828094
6.828094
6.828094
6.828094
6.828094
6.828094
6.828094
6.828094
6.828094
6.828094
6.828094
6.828094
6.828094
6.828094
6.828094
6.828094
6.828094
6.828094
6.828094
6.828094
6.828094
6.828094
6.828094
6.828094
6.828094
6.828094
6.828094
6.828094
6.828094
6.828094
6.828094
6.828094
6.828094
6.828094
6.828094
6.828094
6.828094
6.828094
6.828094
6.828094
6.828094
6.828094
6.828094
6.828094
6.828094
6.828094
6.828094
6.828094
6.828094
6.828094
6.828094
6.828094
6.828094
6.828094
6.828094
6.828094
6.828094
6.828094
6.828094
6.828094
6.828094
6.828094
6.828094
6.828094
6.828094
6.828094
6.828094
6.828094
6.828094
6.828094
6.828094
6.828094
6.828094
6.828094
6.828094
6.828094
6.828094
6.828094
6.828094
6.828094
6.828094
6.828094
6.828094
6.828094
6.828094
6.828094
6.828094
6.828094
6.828094
6.828094
6.828094
6.828094
6.828094
6.828094
6.828094
6.828094
6.828094
6.828094
6.828094
6.828094
6.828094
6.828094
6.828095
6.828095
6.828095
6.828095
6.828095
6.828095
6.828096
6.828097
6.828098
6.828099
6.828100
6.828101
6.828102
6.828103
6.828104
6.828105
6.828106
6.828107
6.828108
6.828109
6.828110
6.828110
6.828110
6.828110
6.828110
6.828110
6.828109
6.828109
6.828108
6.828107
6.828105
6.828103
6.828101
6.828099
6.828096
6.828093
6.828090
6.828086
6.828082
6.828077
6.828072
6.828067
6.828061
6.828055
6.828049
6.828042
6.828035
6.828028
6.828020
6.828011
6.828003
6.827994
6.827985
6.827975
6.827966
6.827955
6.827945
6.827934
6.827923
6.827912
6.827900
6.827888
6.827876
6.827864
6.827851
6.827838
6.827825
6.827812
6.827799
6.827785
6.827771
6.827758
6.827744
6.827730
6.827716
6.827702
6.827688
6.827674
6.827660
6.827646
6.827632
6.827619
6.827605
6.827592
6.827579
6.827566
6.827552
6.827539
6.827526
6.827513
6.827500
6.827487
6.827474
6.827461
6.827448
6.827435
6.827422
6.827409
6.827396
6.827383
6.827370
6.827357
6.827344
6.827331
6.827318
6.827305
6.827291
6.827278
6.827265
6.827252
6.827239
6.827226
6.827213
6.827200
6.827187
6.827174
6.827161
6.827148
6.827135
6.827122
6.827109
6.827096
6.827083
6.827070
6.827057
6.827044
6.827031
6.827018
6.827005
6.826992
6.826979
6.826966
6.826953
6.826940
6.826927
6.826914
6.826901
6.826888
6.826875
6.826862
6.826849
6.826836
6.826823
6.826810
6.826797
6.826784
6.826771
6.826758
6.826745
6.826732
6.826719
6.826706
6.826693
6.826680
6.826667
6.826654
6.826641
6.826628
6.826615
6.826602
6.826589
6.826576
6.826563
6.826550
6.826537
6.826524
6.826511
6.826498
6.826485
6.826472
6.826459
6.826445
6.826432
6.826419
6.826406
6.826393
6.826380
6.826367
6.826354
6.826341
6.826328
6.826315
6.826302
6.826289
6.826276
6.826263
6.826250
6.826237
6.826223
6.826210
6.826197
6.826184
6.826171
6.826158
6.826145
6.826132
6.826119
6.826106
6.826093
6.826080
6.826067
6.826054
6.826041
6.826028
6.826015
6.826002
6.825989
6.825977
6.825964
6.825951
6.825938
6.825925
6.825911
6.825898
6.825885
6.825872
6.825859
6.825846
6.825834
6.825821
6.825808
6.825795
6.825782
6.825769
6.825756
6.825743
6.825730
6.825717
6.825704
6.825691
6.825678
6.825665
6.825652
6.825639
6.825626
6.825613
6.825600
6.825587
6.825573
6.825560
6.825547
6.825534
6.825521
6.825508
6.825495
6.825482
6.825469
6.825456
6.825443
6.825430
6.825417
6.825404
6.825391
6.825378
6.825365
6.825351
6.825338
6.825325
6.825312
6.825299
6.825286
6.825273
6.825260
6.825247
6.825234
6.825221
6.825208
6.825195
6.825182
6.825169
6.825156
6.825143
6.825130
6.825117
6.825104
6.825091
6.825078
6.825065
6.825052
6.825039
6.825026
6.825013
6.825000
6.824987
6.824974
6.824961
6.824948
6.824935
6.824922
6.824909
6.824896
6.824883
6.824870
6.824857
6.824844
6.824831
6.824818
6.824805
6.824792
6.824779
6.824766
6.824753
6.824740
6.824727
6.824714
6.824701
6.824688
6.824675
6.824662
6.824649
6.824636
6.824623
6.824610
6.824597
6.824584
6.824571
6.824558
6.824545
6.824532
6.824519
6.824506
6.824493
6.824480
6.824466
6.824453
6.824440
6.824427
6.824414
6.824401
6.824388
6.824375
6.824362
6.824349
6.824336
6.824323
6.824310
6.824297
6.824285
6.824272
6.824259
6.824247
6.824235
6.824223
6.824211
6.824200
6.824188
6.824177
6.824165
6.824154
6.824143
6.824131
6.824119
6.824108
6.824096
6.824084
6.824071
6.824059
6.824046
6.824032
6.824019
6.824005
6.823990
6.823975
6.823960
6.823944
6.823928
6.823911
6.823893
6.823876
6.823857
6.823838
6.823819
6.823798
6.823778
6.823756
6.823734
6.823712
6.823688
6.823664
6.823640
6.823615
6.823589
6.823563
6.823536
6.823508
6.823480
6.823451
6.823422
6.823392
6.823362
6.823331
6.823300
6.823268
6.823235
6.823202
6.823169
6.823135
6.823100
6.823066
6.823031
6.822996
6.822960
6.822924
6.822888
6.822851
6.822814
6.822777
6.822740
6.822703
6.822666
6.822629
6.822592
6.822555
6.822518
6.822481
6.822444
6.822408
6.822371
6.822335
6.822299
6.822264
6.822228
6.822192
6.822157
6.822121
6.822085
6.822050
6.822014
6.821979
6.821943
6.821908
6.821872
6.821837
6.821801
6.821765
6.821730
6.821694
6.821659
6.821623
6.821588
6.821552
6.821517
6.821481
6.821446
6.821410
6.821375
6.821339
6.821304
6.821268
6.821233
6.821197
6.821162
6.821126
6.821091
6.821056
6.821020
6.820985
6.820949
6.820914
6.820878
6.820843
6.820808
6.820773
6.820738
6.820703
6.820668
6.820633
6.820599
6.820564
6.820530
6.820495
6.820460
6.820426
6.820391
6.820357
6.820322
6.820287
6.820252
6.820216
6.820181
6.820145
6.820109
6.820073
6.820037
6.820000
6.819964
6.819927
6.819889
6.819852
6.819814
6.819775
6.819737
6.819698
6.819659
6.819619
6.819579
6.819539
6.819498
6.819457
6.819416
6.819374
6.819332
6.819290
6.819247
6.819204
6.819160
6.819116
6.819072
6.819028
6.818983
6.818937
6.818892
6.818846
6.818800
6.818753
6.818706
6.818659
6.818611
6.818564
6.818516
6.818467
6.818419
6.818370
6.818321
6.818272
6.818223
6.818174
6.818124
6.818074
6.818025
6.817975
6.817925
6.817876
6.817826
6.817776
6.817726
6.817677
6.817627
6.817577
6.817528
6.817479
6.817430
6.817381
6.817332
6.817283
6.817234
6.817185
6.817136
6.817087
6.817039
6.816990
6.816942
6.816893
6.816845
6.816797
6.816748
6.816700
6.816652
6.816604
6.816556
6.816508
6.816460
6.816411
6.816363
6.816315
6.816267
6.816218
6.816170
6.816121
6.816072
6.816023
6.815974
6.815925
6.815875
6.815825
6.815775
6.815725
6.815675
6.815624
6.815573
6.815522
6.815471
6.815419
6.815368
6.815316
6.815263
6.815211
6.815158
6.815105
6.815051
6.814997
6.814943
6.814889
6.814835
6.814780
6.814725
6.814669
6.814614
6.814558
6.814502
6.814446
6.814389
6.814333
6.814276
6.814219
6.814161
6.814103
6.814045
6.813987
6.813929
6.813870
6.813812
6.813753
6.813694
6.813635
6.813576
6.813517
6.813457
6.813398
6.813338
6.813279
6.813220
6.813160
6.813101
6.813042
6.812983
6.812924
6.812865
6.812806
6.812748
6.812689
6.812631
6.812573
6.812514
6.812456
6.812398
6.812339
6.812281
6.812223
6.812165
6.812106
6.812048
6.811989
6.811930
6.811872
6.811813
6.811753
6.811694
6.811635
6.811575
6.811516
6.811456
6.811396
6.811336
6.811275
6.811215
6.811154
6.811093
6.811032
6.810970
6.810909
6.810847
6.810785
6.810723
6.810660
6.810598
6.810535
6.810472
6.810409
6.810345
6.810282
6.810218
6.810154
6.810090
6.810025
6.809961
6.809896
6.809831
6.809766
6.809700
6.809635
6.809569
6.809504
6.809438
6.809372
6.809306
6.809239
6.809173
6.809106
6.809040
6.808974
6.808907
6.808841
6.808775
6.808708
6.808642
6.808576
6.808510
6.808444
6.808378
6.808312
6.808246
6.808180
6.808114
6.808048
6.807982
6.807916
6.807850
6.807784
6.807718
6.807652
6.807585
6.807518
6.807451
6.807384
6.807317
6.807249
6.807182
6.807114
6.807045
6.806977
6.806908
6.806840
6.806770
6.806701
6.806631
6.806561
6.806491
6.806421
6.806350
6.806280
6.806208
6.806137
6.806065
6.805994
6.805921
6.805849
6.805777
6.805704
6.805631
6.805558
6.805484
6.805411
6.805337
6.805262
6.805188
6.805113
6.805039
6.804964
6.804889
6.804814
6.804739
6.804664
6.804589
6.804513
6.804438
6.804363
6.804287
6.804212
6.804136
6.804061
6.803985
6.803909
6.803834
6.803758
6.803682
6.803606
6.803529
6.803453
6.803377
6.803301
6.803224
6.803148
6.803071
6.802994
6.802917
6.802840
6.802762
6.802685
6.802607
6.802529
6.802451
6.802372
6.802294
6.802215
6.802135
6.802056
6.801976
6.801897
6.801816
6.801736
6.801656
6.801575
6.801494
6.801413
6.801332
6.801250
6.801168
6.801086
6.801004
6.800922
6.800840
6.800758
6.800676
6.800593
6.800511
6.800428
6.800346
6.800263
6.800180
6.800098
6.800014
6.799931
6.799847
6.799764
6.799679
6.799595
6.799511
6.799426
6.799341
6.799256
6.799170
6.799085
6.798999
6.798912
6.798826
6.798739
6.798652
6.798564
6.798476
6.798388
6.798299
6.798210
6.798120
6.798030
6.797940
6.797849
6.797757
6.797665
6.797572
6.797480
6.797386
6.797293
6.797199
6.797104
6.797010
6.796915
6.796819
6.796724
6.796628
6.796531
6.796434
6.796337
6.796239
6.796141
6.796042
6.795943
6.795844
6.795744
6.795643
6.795542
6.795441
6.795339
6.795236
6.795133
6.795030
6.794926
6.794822
6.794717
6.794612
6.794506
6.794400
6.794294
6.794187
6.794080
6.793973
6.793865
6.793758
6.793650
6.793541
6.793433
6.793324
6.793215
6.793105
6.792995
6.792885
6.792774
6.792662
6.792551
6.792438
6.792326
6.792213
6.792100
6.791986
6.791872
6.791757
6.791642
6.791527
6.791411
6.791295
6.791179
6.791062
6.790945
6.790827
6.790709
6.790591
6.790473
6.790354
6.790235
6.790116
6.789997
6.789878
6.789758
6.789639
6.789519
6.789400
6.789280
6.789161
6.789042
6.788923
6.788804
6.788685
6.788567
6.788449
6.788331
6.788212
6.788094
6.787976
6.787857
6.787738
6.787619
6.787499
6.787380
6.787260
6.787140
6.787019
6.786899
6.786778
6.786656
6.786534
6.786412
6.786289
6.786167
6.786043
6.785919
6.785795
6.785671
6.785546
6.785421
6.785295
6.785169
6.785043
6.784917
6.784790
6.784663
6.784535
6.784408
6.784279
6.784151
6.784021
6.783892
6.783761
6.783630
6.783498
6.783366
6.783233
6.783100
6.782966
6.782831
6.782695
6.782558
6.782421
6.782284
6.782145
6.782006
6.781866
6.781726
6.781586
6.781444
6.781303
6.781160
6.781018
6.780874
6.780731
6.780586
6.780441
6.780296
6.780150
6.780003
6.779856
6.779708
6.779559
6.779410
6.779260
6.779109
6.778958
6.778806
6.778654
6.778501
6.778347
6.778192
6.778037
6.777880
6.777723
6.777565
6.777407
6.777247
6.777087
6.776925
6.776764
6.776601
6.776437
6.776273
6.776108
6.775942
6.775776
6.775609
6.775441
6.775273
6.775104
6.774934
6.774764
6.774593
6.774422
6.774251
6.774079
6.773907
6.773735
6.773562
6.773390
6.773216
6.773043
6.772869
6.772694
6.772519
6.772344
6.772168
6.771991
6.771814
6.771637
6.771459
6.771281
6.771102
6.770923
6.770743
6.770563
6.770383
6.770202
6.770022
6.769841
6.769660
6.769479
6.769297
6.769116
6.768934
6.768752
6.768569
6.768386
6.768203
6.768019
6.767835
6.767650
6.767465
6.767279
6.767092
6.766905
6.766717
6.766528
6.766339
6.766149
6.765958
6.765767
6.765575
6.765383
6.765190
6.764996
6.764801
6.764606
6.764409
6.764212
6.764015
6.763816
6.763617
6.763416
6.763215
6.763014
6.762811
6.762608
6.762404
6.762199
6.761994
6.761788
6.761582
6.761374
6.761166
6.760958
6.760748
6.760538
6.760328
6.760116
6.759904
6.759691
6.759477
6.759263
6.759048
6.758833
6.758616
6.758400
6.758182
6.757964
6.757745
6.757526
6.757305
6.757084
6.756861
6.756638
6.756414
6.756189
6.755964
6.755737
6.755510
6.755282
6.755053
6.754824
6.754593
6.754362
6.754130
6.753897
6.753664
6.753429
6.753194
6.752957
6.752720
6.752481
6.752242
6.752001
6.751760
6.751518
6.751275
6.751031
6.750786
6.750540
6.750293
6.750046
6.749798
6.749549
6.749300
6.749049
6.748798
6.748545
6.748292
6.748038
6.747783
6.747527
6.747270
6.747012
6.746753
6.746493
6.746233
6.745972
6.745709
6.745446
6.745183
6.744918
6.744653
6.744387
6.744120
6.743852
6.743584
6.743314
6.743044
6.742773
6.742501
6.742228
6.741955
6.741680
6.741405
6.741128
6.740851
6.740574
6.740295
6.740016
6.739736
6.739456
6.739175
6.738893
6.738610
6.738327
6.738043
6.737758
6.737473
6.737187
6.736900
6.736612
6.736323
6.736034
6.735744
6.735453
6.735162
6.734871
6.734578
6.734285
6.733992
6.733697
6.733402
6.733106
6.732810
6.732513
6.732215
6.731917
6.731619
6.731320
6.731022
6.730723
6.730423
6.730124
6.729824
6.729525
6.729224
6.728924
6.728623
6.728321
6.728019
6.727716
6.727412
6.727108
6.726802
6.726496
6.726190
6.725882
6.725573
6.725264
6.724953
6.724642
6.724330
6.724017
6.723702
6.723387
6.723071
6.722754
6.722436
6.722116
6.721796
6.721475
6.721152
6.720828
6.720503
6.720177
6.719850
6.719521
6.719192
6.718860
6.718528
6.718194
6.717859
6.717523
6.717186
6.716847
6.716508
6.716167
6.715825
6.715481
6.715137
6.714792
6.714445
6.714097
6.713749
6.713399
6.713048
6.712696
6.712343
6.711989
6.711634
6.711277
6.710920
6.710562
6.710203
6.709842
6.709481
6.709119
6.708755
6.708391
6.708025
6.707659
6.707291
6.706922
6.706553
6.706182
6.705811
6.705439
6.705066
6.704692
6.704317
6.703941
6.703563
6.703185
6.702806
6.702425
6.702043
6.701660
6.701276
6.700891
6.700504
6.700116
6.699726
6.699336
6.698944
6.698550
6.698155
6.697759
6.697362
6.696963
6.696564
6.696164
6.695762
6.695360
6.694957
6.694552
6.694147
6.693740
6.693333
6.692925
6.692516
6.692105
6.691694
6.691282
6.690869
6.690456
6.690041
6.689625
6.689209
6.688791
6.688372
6.687952
6.687532
6.687110
6.686687
6.686263
6.685839
6.685413
6.684986
6.684559
6.684130
6.683701
6.683271
6.682840
6.682408
6.681975
6.681541
6.681106
6.680669
6.680232
6.679793
6.679353
6.678912
6.678469
6.678025
6.677579
6.677132
6.676683
6.676232
6.675779
6.675325
6.674870
6.674412
6.673954
6.673493
6.673031
6.672568
6.672103
6.671637
6.671170
6.670700
6.670230
6.669757
6.669283
6.668808
6.668331
6.667852
6.667372
6.666890
6.666407
6.665921
6.665434
6.664946
6.664455
6.663963
6.663470
6.662974
6.662478
6.661980
6.661481
6.660980
6.660478
6.659975
6.659470
6.658964
6.658456
6.657948
6.657438
6.656927
6.656415
6.655902
6.655387
6.654872
6.654355
6.653836
6.653317
6.652796
6.652274
6.651750
6.651225
6.650699
6.650172
6.649643
6.649113
6.648582
6.648050
6.647516
6.646982
6.646446
6.645910
6.645373
6.644835
6.644296
6.643756
6.643216
6.642674
6.642132
6.641589
6.641045
6.640500
6.639953
6.639406
6.638857
6.638307
6.637756
6.637204
6.636650
6.636095
6.635539
6.634981
6.634422
6.633862
6.633301
6.632739
6.632177
6.631612
6.631047
6.630481
6.629913
6.629344
6.628774
6.628204
6.627632
6.627059
6.626485
6.625909
6.625332
6.624753
6.624172
6.623590
6.623006
6.622421
6.621833
6.621244
6.620653
6.620059
6.619464
6.618867
6.618269
6.617668
6.617066
6.616461
6.615855
6.615247
6.614637
6.614026
6.613413
6.612798
6.612181
6.611563
6.610943
6.610321
6.609696
6.609070
6.608442
6.607811
6.607178
6.606543
6.605906
6.605266
6.604625
6.603981
6.603336
6.602688
6.602038
6.601386
6.600733
6.600078
6.599421
6.598763
6.598103
6.597442
6.596779
6.596115
6.595450
6.594782
6.594113
6.593443
6.592770
6.592096
6.591419
6.590741
6.590061
6.589379
6.588695
6.588009
6.587321
6.586631
6.585939
6.585246
6.584551
6.583854
6.583156
6.582456
6.581755
6.581053
6.580349
6.579643
6.578937
6.578229
6.577519
6.576809
6.576096
6.575382
6.574667
6.573949
6.573230
6.572509
6.571786
6.571061
6.570334
6.569604
6.568873
6.568140
6.567404
6.566667
6.565928
6.565186
6.564443
6.563698
6.562951
6.562202
6.561452
6.560700
6.559946
6.559191
6.558433
6.557674
6.556913
6.556150
6.555385
6.554617
6.553848
6.553076
6.552302
6.551525
6.550746
6.549964
6.549180
6.548394
6.547605
6.546813
6.546019
6.545223
6.544424
6.543624
6.542821
6.542017
6.541210
6.540402
6.539592
6.538780
6.537966
6.537150
6.536332
6.535512
6.534689
6.533864
6.533037
6.532207
6.531375
6.530540
6.529703
6.528864
6.528022
6.527178
6.526331
6.525482
6.524630
6.523777
6.522921
6.522063
6.521204
6.520342
6.519479
6.518613
6.517747
6.516878
6.516008
6.515137
6.514263
6.513388
6.512511
6.511632
6.510750
6.509867
6.508982
6.508095
6.507205
6.506313
6.505419
6.504523
6.503625
6.502725
6.501823
6.500920
6.500014
6.499107
6.498198
6.497287
6.496375
6.495461
6.494546
6.493630
6.492712
6.491793
6.490873
6.489951
6.489028
6.488103
6.487176
6.486247
6.485317
6.484384
6.483449
6.482512
6.481573
6.480632
6.479689
6.478745
6.477798
6.476850
6.475899
6.474947
6.473994
6.473038
6.472081
6.471123
6.470163
6.469201
6.468238
6.467274
6.466308
6.465340
6.464371
6.463400
6.462427
6.461452
6.460474
6.459495
6.458513
6.457529
6.456543
6.455554
6.454563
6.453569
6.452574
6.451575
6.450575
6.449572
6.448567
6.447559
6.446550
6.445538
6.444524
6.443508
6.442490
6.441470
6.440448
6.439424
6.438397
6.437369
6.436338
6.435305
6.434270
6.433232
6.432191
6.431148
6.430102
6.429053
6.428001
6.426947
6.425889
6.424829
6.423765
6.422699
6.421630
6.420558
6.419483
6.418406
6.417326
6.416243
6.415157
6.414069
6.412978
6.411884
6.410788
6.409688
6.408586
6.407480
6.406372
6.405260
6.404145
6.403027
6.401906
6.400782
6.399655
6.398524
6.397390
6.396254
6.395114
6.393971
6.392825
6.391676
6.390524
6.389370
6.388213
6.387053
6.385891
6.384727
6.383561
6.382392
6.381222
6.380049
6.378875
6.377698
6.376519
6.375337
6.374154
6.372967
6.371778
6.370587
6.369393
6.368196
6.366996
6.365794
6.364589
6.363382
6.362172
6.360959
6.359744
6.358527
6.357307
6.356085
6.354861
6.353634
6.352406
6.351175
6.349942
6.348707
6.347469
6.346230
6.344987
6.343743
6.342495
6.341245
6.339992
6.338736
6.337477
6.336216
6.334952
6.333684
6.332414
6.331142
6.329866
6.328588
6.327307
6.326023
6.324736
6.323447
6.322155
6.320861
6.319564
6.318265
6.316964
6.315661
6.314356
6.313049
6.311740
6.310428
6.309115
6.307799
6.306480
6.305159
6.303835
6.302508
6.301179
6.299846
6.298511
6.297172
6.295830
6.294485
6.293138
6.291787
6.290433
6.289077
6.287718
6.286355
6.284990
6.283622
6.282251
6.280877
6.279501
6.278121
6.276738
6.275352
6.273962
6.272569
6.271173
6.269772
6.268368
6.266959
6.265547
6.264130
6.262709
6.261284
6.259855
6.258421
6.256983
6.255542
6.254096
6.252646
6.251192
6.249734
6.248272
6.246806
6.245337
6.243864
6.242388
6.240908
6.239426
6.237940
6.236451
6.234959
6.233464
6.231965
6.230463
6.228958
6.227449
6.225936
6.224420
6.222900
6.221376
6.219849
6.218318
6.216784
6.215247
6.213706
6.212162
6.210615
6.209066
6.207514
6.205959
6.204401
6.202842
6.201280
6.199715
6.198149
6.196579
6.195008
6.193433
6.191856
6.190276
6.188693
6.187107
6.185518
6.183926
6.182330
6.180731
6.179129
6.177523
6.175914
6.174302
6.172686
6.171068
6.169445
6.167820
6.166191
6.164559
6.162924
6.161286
6.159645
6.158002
6.156355
6.154706
6.153053
6.151398
6.149739
6.148076
6.146410
6.144741
6.143067
6.141389
6.139708
6.138022
6.136332
6.134638
6.132939
6.131236
6.129529
6.127818
6.126103
6.124383
6.122660
6.120933
6.119201
6.117466
6.115728
6.113986
6.112240
6.110491
6.108739
6.106983
6.105223
6.103459
6.101691
6.099918
6.098141
6.096360
6.094574
6.092783
6.090988
6.089188
6.087383
6.085574
6.083760
6.081942
6.080119
6.078292
6.076460
6.074625
6.072785
6.070942
6.069095
6.067244
6.065391
6.063534
6.061675
6.059812
6.057945
6.056075
6.054202
6.052324
6.050443
6.048557
6.046668
6.044774
6.042876
6.040974
6.039068
6.037157
6.035242
6.033323
6.031399
6.029471
6.027539
6.025603
6.023663
6.021720
6.019774
6.017824
6.015871
6.013915
6.011957
6.009995
6.008030
6.006062
6.004090
6.002115
6.000136
5.998154
5.996167
5.994177
5.992182
5.990184
5.988181
5.986174
5.984163
5.982148
5.980129
5.978106
5.976080
5.974049
5.972014
5.969976
5.967935
5.965890
5.963842
5.961791
5.959737
5.957680
5.955619
5.953555
5.951487
5.949415
5.947339
5.945259
5.943175
5.941086
5.938993
5.936895
5.934793
5.932686
5.930575
5.928459
5.926339
5.924214
5.922085
5.919952
5.917815
5.915673
5.913529
5.911380
5.909229
5.907074
5.904916
5.902755
5.900590
5.898423
5.896252
5.894077
5.891898
5.889715
5.887528
5.885337
5.883141
5.880942
5.878738
5.876529
5.874317
5.872100
5.869879
5.867655
5.865426
5.863194
5.860958
5.858719
5.856477
5.854232
5.851985
5.849735
5.847483
5.845230
5.842974
5.840716
5.838456
5.836192
5.833926
5.831657
5.829385
5.827110
5.824831
5.822549
5.820263
5.817974
5.815681
5.813385
5.811085
5.808782
5.806475
5.804165
5.801851
5.799535
5.797215
5.794892
5.792566
5.790238
5.787906
5.785573
5.783236
5.780897
5.778555
5.776210
5.773862
5.771510
5.769154
5.766795
5.764432
5.762064
5.759692
5.757316
5.754936
5.752551
5.750162
5.747768
5.745369
5.742966
5.740559
5.738147
5.735731
5.733311
5.730887
5.728460
5.726029
5.723595
5.721156
5.718714
5.716268
5.713818
5.711364
5.708905
5.706442
5.703975
5.701503
5.699026
5.696545
5.694058
5.691568
5.689072
5.686572
5.684068
5.681559
5.679046
5.676529
5.674007
5.671482
5.668954
5.666422
5.663887
5.661349
5.658808
5.656264
5.653717
5.651168
5.648615
5.646059
5.643499
5.640937
5.638371
5.635801
5.633227
5.630650
5.628069
5.625485
5.622897
5.620306
5.617711
5.615113
5.612512
5.609907
5.607300
5.604689
5.602076
5.599460
5.596841
5.594220
5.591597
5.588972
5.586345
5.583716
5.581085
5.578452
5.575815
5.573176
5.570534
5.567889
5.565241
5.562589
5.559935
5.557276
5.554614
5.551948
5.549279
5.546606
5.543930
5.541250
5.538566
5.535880
5.533189
5.530496
5.527800
5.525100
5.522398
5.519694
5.516986
5.514276
5.511563
5.508847
5.506129
5.503408
5.500683
5.497955
5.495224
5.492488
5.489749
5.487006
5.484259
5.481508
5.478753
5.475994
5.473230
5.470463
5.467692
5.464917
5.462137
5.459354
5.456567
5.453777
5.450983
5.448186
5.445385
5.442581
5.439774
5.436964
5.434150
5.431333
5.428512
5.425687
5.422859
5.420026
5.417190
5.414349
5.411505
5.408656
5.405804
5.402947
5.400087
5.397223
5.394356
5.391484
5.388609
5.385731
5.382849
5.379964
5.377076
5.374185
5.371292
5.368396
5.365498
5.362597
5.359693
5.356788
5.353879
5.350968
5.348054
5.345137
5.342216
5.339293
5.336367
5.333438
5.330505
5.327570
5.324631
5.321689
5.318745
5.315797
5.312847
5.309894
5.306938
5.303980
5.301020
5.298057
5.295092
5.292125
5.289156
5.286185
5.283212
5.280237
5.277260
5.274280
5.271297
5.268312
5.265324
5.262333
5.259339
5.256342
5.253342
5.250338
5.247332
5.244322
5.241308
5.238292
5.235272
5.232248
5.229222
5.226192
5.223160
5.220125
5.217086
5.214045
5.211002
5.207956
5.204908
5.201857
5.198803
5.195747
5.192688
5.189626
5.186561
5.183493
5.180422
5.177348
5.174271
5.171191
5.168107
5.165021
5.161932
5.158840
5.155745
5.152647
5.149546
5.146443
5.143337
5.140229
5.137118
5.134006
5.130892
5.127775
5.124656
5.121536
5.118413
5.115288
5.112162
5.109033
5.105901
5.102768
5.099632
5.096493
5.093351
5.090206
5.087059
5.083908
5.080754
5.077597
5.074437
5.071274
5.068107
5.064937
5.061764
5.058588
5.055409
5.052227
5.049041
5.045853
5.042662
5.039467
5.036269
5.033069
5.029865
5.026657
5.023447
5.020232
5.017014
5.013793
5.010568
5.007338
5.004105
5.000868
4.997627
4.994382
4.991133
4.987880
4.984623
4.981363
4.978098
4.974830
4.971559
4.968284
4.965006
4.961724
4.958440
4.955152
4.951862
4.948569
4.945274
4.941975
4.938675
4.935372
4.932066
4.928758
4.925447
4.922134
4.918818
4.915500
4.912178
4.908854
4.905527
4.902198
4.898866
4.895531
4.892194
4.888854
4.885511
4.882166
4.878819
4.875469
4.872117
4.868763
4.865407
4.862049
4.858688
4.855325
4.851960
4.848592
4.845222
4.841850
4.838474
4.835096
4.831715
4.828331
4.824944
4.821554
4.818161
4.814766
4.811367
4.807966
4.804563
4.801157
4.797748
4.794337
4.790924
4.787508
4.784091
4.780671
4.777250
4.773827
4.770403
4.766977
4.763550
4.760121
4.756691
4.753259
4.749826
4.746391
4.742955
4.739517
4.736077
4.732636
4.729192
4.725747
4.722300
4.718852
4.715401
4.711948
4.708494
4.705038
4.701580
4.698120
4.694659
4.691196
4.687731
4.684265
4.680798
4.677329
4.673858
4.670386
4.666912
4.663435
4.659956
4.656476
4.652992
4.649506
4.646018
4.642527
4.639033
4.635536
4.632036
4.628534
4.625028
4.621518
4.618006
4.614490
4.610971
4.607449
4.603924
4.600395
4.596863
4.593328
4.589789
4.586248
4.582704
4.579157
4.575607
4.572055
4.568499
4.564941
4.561380
4.557817
4.554250
4.550681
4.547109
4.543534
4.539956
4.536375
4.532792
4.529206
4.525618
4.522027
4.518434
4.514839
4.511241
4.507641
4.504039
4.500435
4.496829
4.493221
4.489611
4.485999
4.482386
4.478770
4.475153
4.471534
4.467912
4.464289
4.460663
4.457035
4.453405
4.449772
4.446138
4.442501
4.438863
4.435222
4.431580
4.427936
4.424290
4.420643
4.416994
4.413344
4.409693
4.406041
4.402388
4.398735
4.395081
4.391426
4.387771
4.384116
4.380461
4.376806
4.373151
4.369497
4.365843
4.362189
4.358535
4.354881
4.351227
4.347573
4.343920
4.340266
4.336613
4.332959
4.329306
4.325653
4.321999
4.318346
4.314693
4.311040
4.307387
4.303734
4.300081
4.296428
4.292775
4.289122
4.285468
4.281814
4.278159
4.274504
4.270847
4.267188
4.263528
4.259867
4.256204
4.252539
4.248872
4.245203
4.241532
4.237859
4.234184
4.230507
4.226827
4.223145
4.219460
4.215774
4.212084
4.208393
4.204699
4.201002
4.197304
4.193603
4.189900
4.186194
4.182487
4.178778
4.175067
4.171353
4.167639
4.163922
4.160204
4.156483
4.152762
4.149038
4.145313
4.141587
4.137859
4.134129
4.130398
4.126666
4.122933
4.119199
4.115463
4.111727
4.107990
4.104252
4.100513
4.096773
4.093033
4.089292
4.085551
4.081810
4.078067
4.074324
4.070580
4.066836
4.063090
4.059343
4.055595
4.051846
4.048096
4.044346
4.040594
4.036841
4.033087
4.029332
4.025575
4.021818
4.018059
4.014300
4.010539
4.006777
4.003015
3.999251
3.995486
3.991721
3.987954
3.984187
3.980419
3.976650
3.972880
3.969110
3.965340
3.961568
3.957797
3.954025
3.950253
3.946481
3.942709
3.938937
3.935166
3.931396
3.927625
3.923856
3.920088
3.916321
3.912554
3.908789
3.905025
3.901262
3.897501
3.893741
3.889983
3.886227
3.882472
3.878718
3.874966
3.871216
3.867466
3.863718
3.859970
3.856224
3.852478
3.848733
3.844990
3.841247
3.837504
3.833763
3.830022
3.826281
3.822541
3.818801
3.815061
3.811322
3.807584
3.803845
3.800107
3.796369
3.792631
3.788893
3.785155
3.781417
3.777678
3.773939
3.770200
3.766460
3.762720
3.758979
3.755238
3.751496
3.747753
3.744010
3.740266
3.736522
3.732777
3.729032
3.725286
3.721539
3.717792
3.714044
3.710295
3.706546
3.702796
3.699046
3.695295
3.691543
3.687791
3.684038
3.680284
3.676530
3.672775
3.669020
3.665264
3.661507
3.657750
3.653992
3.650234
3.646475
3.642716
3.638956
3.635196
3.631437
3.627677
3.623917
3.620157
3.616398
3.612638
3.608879
3.605119
3.601361
3.597602
3.593844
3.590086
3.586328
3.582571
3.578814
3.575057
3.571300
3.567544
3.563788
3.560032
3.556277
3.552522
3.548768
3.545015
3.541262
3.537510
3.533758
3.530008
3.526259
3.522510
3.518763
3.515018
3.511274
3.507531
3.503790
3.500050
3.496313
3.492576
3.488842
3.485109
3.481379
3.477650
3.473923
3.470198
3.466475
3.462753
3.459034
3.455317
3.451601
3.447887
3.444176
3.440466
3.436758
3.433053
3.429350
3.425648
3.421949
3.418252
3.414557
3.410864
3.407173
3.403484
3.399797
3.396111
3.392427
3.388744
3.385063
3.381384
3.377705
3.374028
3.370351
3.366676
3.363002
3.359328
3.355656
3.351984
3.348313
3.344643
3.340974
3.337306
3.333638
3.329971
3.326305
3.322639
3.318974
3.315310
3.311647
3.307984
3.304321
3.300659
3.296998
3.293336
3.289675
3.286015
3.282354
3.278694
3.275033
3.271373
3.267713
3.264052
3.260391
3.256731
3.253070
3.249409
3.245748
3.242088
3.238428
3.234768
3.231109
3.227450
3.223792
3.220135
3.216479
3.212824
3.209169
3.205516
3.201863
3.198212
3.194562
3.190913
3.187266
3.183619
3.179974
3.176330
3.172687
3.169046
3.165406
3.161766
3.158129
3.154492
3.150856
3.147222
3.143590
3.139959
3.136329
3.132702
3.129077
3.125453
3.121831
3.118212
3.114594
3.110978
3.107365
3.103754
3.100145
3.096539
3.092934
3.089332
3.085733
3.082136
3.078541
3.074949
3.071359
3.067772
3.064188
3.060607
3.057028
3.053453
3.049880
3.046311
3.042746
3.039183
3.035624
3.032069
3.028518
3.024970
3.021425
3.017885
3.014347
3.010813
3.007283
3.003756
3.000232
2.996712
2.993194
2.989679
2.986167
2.982657
2.979150
2.975645
2.972142
2.968642
2.965143
2.961646
2.958151
2.954659
2.951168
2.947679
2.944192
2.940707
2.937224
2.933743
2.930264
2.926788
2.923313
2.919840
2.916369
2.912900
2.909433
2.905967
2.902503
2.899040
2.895579
2.892119
2.888660
2.885202
2.881745
2.878289
2.874835
2.871381
2.867929
2.864478
2.861028
2.857580
2.854134
2.850689
2.847246
2.843805
2.840366
2.836929
2.833495
2.830062
2.826631
2.823203
2.819777
2.816354
2.812933
2.809514
2.806098
2.802684
2.799273
2.795863
2.792457
2.789052
2.785649
2.782249
2.778850
2.775454
2.772060
2.768669
2.765280
2.761893
2.758509
2.755128
2.751749
2.748374
2.745000
2.741630
2.738263
2.734898
2.731535
2.728176
2.724819
2.721464
2.718111
2.714761
2.711413
2.708067
2.704723
2.701380
2.698040
2.694702
2.691366
2.688032
2.684700
2.681371
2.678045
2.674722
2.671402
2.668085
2.664772
2.661463
2.658157
2.654856
2.651559
2.648266
2.644977
2.641692
2.638412
2.635136
2.631865
2.628598
2.625335
2.622077
2.618824
2.615574
2.612330
2.609089
2.605853
2.602620
2.599392
2.596168
2.592948
2.589733
2.586521
2.583314
2.580112
2.576913
2.573719
2.570529
2.567344
2.564162
2.560985
2.557812
2.554642
2.551476
2.548314
2.545155
2.541999
2.538847
2.535697
2.532550
2.529405
2.526263
2.523123
2.519985
2.516849
2.513715
2.510583
2.507454
2.504327
2.501202
2.498079
2.494958
2.491840
2.488723
2.485610
2.482498
2.479388
2.476281
2.473176
2.470073
2.466972
2.463874
2.460777
2.457682
2.454590
2.451499
2.448410
2.445323
2.442238
2.439154
2.436073
2.432993
2.429915
2.426840
2.423767
2.420696
2.417629
2.414564
2.411502
2.408444
2.405388
2.402336
2.399288
2.396243
2.393202
2.390164
2.387130
2.384100
2.381073
2.378050
2.375031
2.372015
2.369002
2.365992
2.362986
2.359983
2.356982
2.353985
2.350990
2.347998
2.345010
2.342024
2.339042
2.336063
2.333087
2.330115
2.327147
2.324182
2.321222
2.318265
2.315311
2.312362
2.309417
2.306475
2.303538
2.300605
2.297675
2.294750
2.291829
2.288911
2.285997
2.283087
2.280181
2.277278
2.274379
2.271484
2.268592
2.265705
2.262821
2.259942
2.257066
2.254196
2.251330
2.248468
2.245611
2.242759
2.239912
2.237070
2.234232
2.231400
2.228572
2.225749
2.222930
2.220117
2.217307
2.214502
2.211702
2.208905
2.206113
2.203324
2.200540
2.197760
2.194983
2.192211
2.189442
2.186677
2.183916
2.181159
2.178406
2.175658
2.172913
2.170173
2.167436
2.164704
2.161976
2.159252
2.156532
2.153816
2.151104
2.148395
2.145690
2.142988
2.140289
2.137594
2.134902
2.132212
2.129525
2.126841
2.124159
2.121480
2.118803
2.116130
2.113459
2.110792
2.108127
2.105465
2.102807
2.100152
2.097500
2.094851
2.092207
2.089565
2.086927
2.084293
2.081662
2.079035
2.076412
2.073792
2.071175
2.068561
2.065951
2.063343
2.060739
2.058137
2.055538
2.052942
2.050349
2.047759
2.045171
2.042587
2.040005
2.037427
2.034852
2.032280
2.029712
2.027147
2.024586
2.022029
2.019476
2.016926
2.014380
2.011839
2.009301
2.006767
2.004237
2.001711
1.999189
1.996671
1.994156
1.991645
1.989138
1.986635
1.984135
1.981639
1.979146
1.976658
1.974174
1.971694
1.969218
1.966747
1.964280
1.961818
1.959361
1.956909
1.954462
1.952019
1.949582
1.947150
1.944722
1.942300
1.939883
1.937470
1.935062
1.932659
1.930261
1.927867
1.925477
1.923091
1.920710
1.918332
1.915959
1.913589
1.911224
1.908862
1.906504
1.904150
1.901799
1.899453
1.897110
1.894771
1.892436
1.890105
1.887778
1.885455
1.883136
1.880821
1.878510
1.876202
1.873897
1.871596
1.869299
1.867004
1.864713
1.862424
1.860138
1.857855
1.855575
1.853297
1.851022
1.848749
1.846480
1.844213
1.841949
1.839688
1.837430
1.835175
1.832923
1.830675
1.828429
1.826187
1.823949
1.821713
1.819482
1.817253
1.815028
1.812807
1.810589
1.808374
1.806162
1.803954
1.801749
1.799547
1.797348
1.795152
1.792959
1.790769
1.788583
1.786400
1.784219
1.782042
1.779869
1.777698
1.775532
1.773368
1.771209
1.769053
1.766901
1.764753
1.762609
1.760469
1.758332
1.756199
1.754070
1.751944
1.749822
1.747704
1.745588
1.743476
1.741367
1.739261
1.737158
1.735058
1.732961
1.730867
1.728776
1.726688
1.724604
1.722524
1.720447
1.718373
1.716304
1.714238
1.712177
1.710120
1.708067
1.706018
1.703973
1.701933
1.699897
1.697865
1.695837
1.693814
1.691795
1.689780
1.687769
1.685762
1.683759
1.681759
1.679764
1.677772
1.675784
1.673800
1.671820
1.669844
1.667872
1.665903
1.663939
1.661979
1.660023
1.658072
1.656125
1.654182
1.652243
1.650308
1.648378
1.646451
1.644529
1.642611
1.640696
1.638785
1.636877
1.634973
1.633071
1.631173
1.629278
1.627387
1.625498
1.623612
1.621729
1.619849
1.617972
1.616099
1.614228
1.612360
1.610495
1.608633
1.606775
1.604920
1.603068
1.601219
1.599373
1.597531
1.595692
1.593855
1.592022
1.590192
1.588365
1.586540
1.584719
1.582900
1.581083
1.579269
1.577458
1.575649
1.573842
1.572038
1.570236
1.568437
1.566641
1.564847
1.563056
1.561268
1.559483
1.557701
1.555922
1.554147
1.552374
1.550605
1.548838
1.547075
1.545315
1.543559
1.541805
1.540055
1.538307
1.536563
1.534821
1.533082
1.531345
1.529611
1.527879
1.526150
1.524424
1.522700
1.520978
1.519259
1.517542
1.515828
1.514117
1.512408
1.510702
1.508999
1.507300
1.505603
1.503909
1.502219
1.500532
1.498848
1.497167
1.495490
1.493816
1.492145
1.490477
1.488812
1.487151
1.485492
1.483836
1.482183
1.480533
1.478886
1.477242
1.475601
1.473963
1.472329
1.470698
1.469071
1.467447
1.465827
1.464211
1.462599
1.460990
1.459386
1.457786
1.456189
1.454597
1.453008
1.451424
1.449843
1.448266
1.446693
1.445123
1.443557
1.441994
1.440434
1.438877
1.437324
1.435773
1.434226
1.432683
1.431142
1.429604
1.428070
1.426539
1.425012
1.423488
1.421967
1.420450
1.418936
1.417425
1.415918
1.414414
1.412913
1.411416
1.409921
1.408430
1.406941
1.405455
1.403971
1.402490
1.401011
1.399534
1.398060
1.396587
1.395116
1.393647
1.392180
1.390716
1.389253
1.387793
1.386335
1.384880
1.383427
1.381976
1.380529
1.379084
1.377641
1.376202
1.374765
1.373331
1.371900
1.370472
1.369046
1.367623
1.366203
1.364785
1.363370
1.361957
1.360546
1.359137
1.357731
1.356327
1.354925
1.353525
1.352128
1.350733
1.349341
1.347952
1.346565
1.345181
1.343800
1.342422
1.341047
1.339674
1.338305
1.336938
1.335575
1.334215
1.332857
1.331503
1.330151
1.328802
1.327456
1.326112
1.324772
1.323433
1.322097
1.320764
1.319434
1.318106
1.316781
1.315459
1.314139
1.312823
1.311511
1.310201
1.308895
1.307592
1.306292
1.304996
1.303704
1.302415
1.301129
1.299847
1.298568
1.297292
1.296019
1.294750
1.293483
1.292220
1.290958
1.289700
1.288444
1.287190
1.285938
1.284688
1.283441
1.282195
1.280952
1.279712
1.278473
1.277237
1.276004
1.274773
1.273545
1.272320
1.271097
1.269877
1.268660
1.267446
1.266235
1.265026
1.263820
1.262617
1.261417
1.260219
1.259024
1.257831
1.256640
1.255451
1.254265
1.253081
1.251898
1.250717
1.249539
1.248363
1.247188
1.246016
1.244846
1.243679
1.242514
1.241352
1.240193
1.239036
1.237882
1.236731
1.235583
1.234437
1.233295
1.232156
1.231019
1.229886
1.228755
1.227628
1.226503
1.225381
1.224262
1.223146
1.222033
1.220923
1.219815
1.218710
1.217608
1.216509
1.215413
1.214319
1.213229
1.212142
1.211058
1.209978
1.208900
1.207825
1.206754
1.205685
1.204619
1.203557
1.202496
1.201439
1.200384
1.199332
1.198281
1.197233
1.196188
1.195144
1.194102
1.193062
1.192024
1.190988
1.189953
1.188921
1.187891
1.186864
1.185838
1.184815
1.183795
1.182777
1.181762
1.180750
1.179740
1.178732
1.177727
1.176725
1.175725
1.174727
1.173732
1.172739
1.171748
1.170759
1.169772
1.168787
1.167803
1.166821
1.165841
1.164862
1.163885
1.162909
1.161935
1.160963
1.159993
1.159025
1.158059
1.157095
1.156133
1.155174
1.154216
1.153261
1.152309
1.151359
1.150411
1.149466
1.148523
1.147582
1.146644
1.145708
1.144774
1.143843
1.142914
1.141986
1.141061
1.140138
1.139217
1.138299
1.137382
1.136468
1.135556
1.134647
1.133741
1.132836
1.131935
1.131036
1.130139
1.129246
1.128354
1.127466
1.126579
1.125696
1.124814
1.123935
1.123059
1.122185
1.121313
1.120443
1.119575
1.118709
1.117845
1.116983
1.116122
1.115264
1.114406
1.113551
1.112697
1.111846
1.110996
1.110149
1.109303
1.108460
1.107619
1.106780
1.105944
1.105110
1.104278
1.103448
1.102620
1.101795
1.100972
1.100151
1.099332
1.098515
1.097700
1.096887
1.096076
1.095266
1.094459
1.093653
1.092849
1.092047
1.091247
1.090449
1.089654
1.088860
1.088070
1.087281
1.086495
1.085712
1.084931
1.084153
1.083377
1.082604
1.081834
1.081066
1.080300
1.079537
1.078776
1.078018
1.077263
1.076509
1.075758
1.075010
1.074263
1.073519
1.072777
1.072037
1.071299
1.070563
1.069829
1.069097
1.068367
1.067639
1.066913
1.066190
1.065468
1.064749
1.064032
1.063316
1.062603
1.061892
1.061183
1.060476
1.059770
1.059066
1.058364
1.057663
1.056964
1.056267
1.055570
1.054875
1.054181
1.053489
1.052798
1.052109
1.051421
1.050735
1.050051
1.049368
1.048687
1.048008
1.047331
1.046655
1.045982
1.045310
1.044640
1.043972
1.043306
1.042642
1.041979
1.041318
1.040659
1.040002
1.039346
1.038691
1.038039
1.037387
1.036738
1.036089
1.035442
1.034797
1.034153
1.033511
1.032870
1.032231
1.031593
1.030957
1.030322
1.029690
1.029058
1.028429
1.027801
1.027175
1.026551
1.025929
1.025308
1.024690
1.024073
1.023458
1.022845
1.022233
1.021623
1.021015
1.020409
1.019804
1.019201
1.018599
1.018000
1.017401
1.016805
1.016211
1.015618
1.015027
1.014439
1.013852
1.013267
1.012684
1.012103
1.011524
1.010947
1.010371
1.009797
1.009226
1.008655
1.008087
1.007520
1.006955
1.006391
1.005829
1.005269
1.004709
1.004151
1.003595
1.003039
1.002485
1.001932
1.001380
1.000829
1.000280
0.999732
0.999185
0.998640
0.998096
0.997553
0.997011
0.996471
0.995932
0.995394
0.994857
0.994322
0.993788
0.993255
0.992724
0.992194
0.991665
0.991137
0.990611
0.990085
0.989561
0.989038
0.988517
0.987996
0.987477
0.986959
0.986442
0.985927
0.985414
0.984902
0.984391
0.983883
0.983376
0.982870
0.982367
0.981865
0.981365
0.980867
0.980370
0.979875
0.979382
0.978891
0.978401
0.977913
0.977427
0.976943
0.976460
0.975979
0.975499
0.975021
0.974544
0.974069
0.973596
0.973124
0.972653
0.972184
0.971716
0.971250
0.970785
0.970322
0.969860
0.969399
0.968940
0.968482
0.968025
0.967569
0.967115
0.966661
0.966208
0.965757
0.965306
0.964856
0.964406
0.963958
0.963510
0.963063
0.962616
0.962171
0.961726
0.961282
0.960838
0.960395
0.959952
0.959510
0.959068
0.958627
0.958186
0.957746
0.957307
0.956869
0.956431
0.955994
0.955558
0.955123
0.954688
0.954254
0.953821
0.953389
0.952958
0.952527
0.952097
0.951668
0.951240
0.950813
0.950386
0.949960
0.949536
0.949112
0.948689
0.948267
0.947846
0.947426
0.947007
0.946590
0.946174
0.945759
0.945345
0.944933
0.944522
0.944113
0.943704
0.943298
0.942893
0.942489
0.942087
0.941687
0.941288
0.940890
0.940494
0.940099
0.939707
0.939315
0.938926
0.938538
0.938152
0.937767
0.937385
0.937004
0.936624
0.936247
0.935871
0.935497
0.935124
0.934753
0.934383
0.934015
0.933649
0.933284
0.932920
0.932558
0.932197
0.931837
0.931478
0.931121
0.930765
0.930410
0.930056
0.929703
0.929350
0.928999
0.928648
0.928299
0.927950
0.927602
0.927255
0.926909
0.926564
0.926220
0.925877
0.925534
0.925192
0.924851
0.924511
0.924171
0.923832
0.923494
0.923156
0.922818
0.922482
0.922145
0.921809
0.921474
0.921138
0.920803
0.920469
0.920135
0.919801
0.919468
0.919135
0.918803
0.918471
0.918140
0.917809
0.917479
0.917149
0.916820
0.916491
0.916162
0.915834
0.915506
0.915179
0.914852
0.914526
0.914201
0.913876
0.913552
0.913229
0.912906
0.912584
0.912264
0.911944
0.911624
0.911306
0.910989
0.910673
0.910357
0.910043
0.909729
0.909417
0.909106
0.908795
0.908486
0.908178
0.907871
0.907565
0.907260
0.906956
0.906653
0.906351
0.906051
0.905751
0.905452
0.905155
0.904858
0.904563
0.904268
0.903974
0.903681
0.903389
0.903098
0.902807
0.902517
0.902228
0.901940
0.901651
0.901363
0.901076
0.900789
0.900503
0.900217
0.899932
0.899647
0.899363
0.899080
0.898797
0.898515
0.898234
0.897953
0.897672
0.897392
0.897113
0.896834
0.896556
0.896278
0.896001
0.895724
0.895448
0.895173
0.894898
0.894623
0.894350
0.894076
0.893803
0.893531
0.893259
0.892988
0.892718
0.892448
0.892179
0.891911
0.891643
0.891376
0.891110
0.890845
0.890581
0.890318
0.890055
0.889794
0.889533
0.889274
0.889015
0.888758
0.888501
0.888246
0.887991
0.887737
0.887484
0.887232
0.886981
0.886731
0.886482
0.886234
0.885986
0.885740
0.885494
0.885249
0.885004
0.884761
0.884518
0.884277
0.884036
0.883795
0.883556
0.883316
0.883078
0.882840
0.882602
0.882365
0.882128
0.881891
0.881655
0.881419
0.881184
0.880949
0.880715
0.880481
0.880247
0.880015
0.879783
0.879551
0.879321
0.879090
0.878861
0.878632
0.878403
0.878174
0.877946
0.877719
0.877492
0.877265
0.877039
0.876813
0.876588
0.876363
0.876139
0.875915
0.875692
0.875469
0.875247
0.875026
0.874805
0.874584
0.874365
0.874145
0.873927
0.873708
0.873491
0.873273
0.873057
0.872840
0.872624
0.872409
0.872194
0.871980
0.871767
0.871554
0.871341
0.871130
0.870919
0.870709
0.870499
0.870290
0.870082
0.869875
0.869669
0.869463
0.869258
0.869054
0.868851
0.868649
0.868448
0.868248
0.868048
0.867850
0.867652
0.867455
0.867259
0.867064
0.866870
0.866676
0.866484
0.866292
0.866101
0.865910
0.865721
0.865532
0.865343
0.865156
0.864969
0.864783
0.864598
0.864413
0.864230
0.864046
0.863864
0.863681
0.863500
0.863318
0.863137
0.862956
0.862775
0.862595
0.862414
0.862234
0.862054
0.861875
0.861695
0.861517
0.861338
0.861160
0.860982
0.860805
0.860628
0.860452
0.860275
0.860100
0.859925
0.859750
0.859575
0.859401
0.859227
0.859054
0.858880
0.858707
0.858534
0.858361
0.858188
0.858016
0.857844
0.857672
0.857500
0.857329
0.857158
0.856988
0.856818
0.856649
0.856480
0.856312
0.856145
0.855978
0.855812
0.855647
0.855483
0.855319
0.855156
0.854993
0.854832
0.854671
0.854511
0.854351
0.854192
0.854034
0.853877
0.853720
0.853565
0.853409
0.853255
0.853101
0.852947
0.852795
0.852642
0.852491
0.852340
0.852189
0.852039
0.851890
0.851741
0.851593
0.851445
0.851297
0.851150
0.851004
0.850857
0.850711
0.850565
0.850420
0.850275
0.850130
0.849986
0.849842
0.849698
0.849555
0.849413
0.849271
0.849129
0.848987
0.848846
0.848704
0.848564
0.848423
0.848282
0.848142
0.848001
0.847861
0.847722
0.847582
0.847442
0.847303
0.847164
0.847025
0.846887
0.846748
0.846610
0.846472
0.846334
0.846197
0.846060
0.845923
0.845787
0.845651
0.845516
0.845381
0.845247
0.845113
0.844980
0.844847
0.844715
0.844583
0.844451
0.844321
0.844190
0.844060
0.843931
0.843802
0.843673
0.843545
0.843417
0.843289
0.843162
0.843035
0.842909
0.842783
0.842657
0.842532
0.842407
0.842283
0.842159
0.842035
0.841912
0.841789
0.841667
0.841545
0.841424
0.841303
0.841183
0.841063
0.840943
0.840824
0.840705
0.840587
0.840469
0.840351
0.840234
0.840117
0.840000
0.839883
0.839766
0.839650
0.839534
0.839418
0.839302
0.839186
0.839069
0.838953
0.838836
0.838719
0.838603
0.838486
0.838369
0.838252
0.838135
0.838019
0.837903
0.837787
0.837672
0.837557
0.837442
0.837328
0.837214
0.837100
0.836987
0.836875
0.836763
0.836652
0.836541
0.836430
0.836321
0.836211
0.836103
0.835995
0.835887
0.835780
0.835674
0.835568
0.835463
0.835359
0.835255
0.835151
0.835048
0.834946
0.834844
0.834743
0.834642
0.834542
0.834443
0.834344
0.834245
0.834148
0.834051
0.833954
0.833858
0.833762
0.833667
0.833573
0.833478
0.833385
0.833292
0.833199
0.833107
0.833015
0.832923
0.832832
0.832742
0.832651
0.832561
0.832471
0.832382
0.832292
0.832203
0.832114
0.832025
0.831936
0.831848
0.831759
0.831670
0.831582
0.831493
0.831404
0.831315
0.831225
0.831136
0.831047
0.830957
0.830867
0.830778
0.830688
0.830599
0.830509
0.830420
0.830330
0.830241
0.830152
0.830063
0.829974
0.829885
0.829796
0.829707
0.829618
0.829529
0.829440
0.829351
0.829262
0.829173
0.829084
0.828995
0.828906
0.828817
0.828728
0.828640
0.828551
0.828462
0.828373
0.828285
0.828197
0.828108
0.828020
0.827932
0.827844
0.827757
0.827669
0.827582
0.827495
0.827408
0.827321
0.827235
0.827148
0.827062
0.826976
0.826891
0.826805
0.826720
0.826635
0.826550
0.826466
0.826381
0.826297
0.826214
0.826130
0.826047
0.825964
0.825882
0.825799
0.825717
0.825635
0.825554
0.825472
0.825391
0.825310
0.825230
0.825149
0.825069
0.824989
0.824910
0.824830
0.824750
0.824670
0.824591
0.824511
0.824431
0.824352
0.824272
0.824192
0.824113
0.824033
0.823954
0.823875
0.823796
0.823717
0.823639
0.823560
0.823482
0.823404
0.823327
0.823249
0.823172
0.823095
0.823019
0.822942
0.822866
0.822791
0.822715
0.822641
0.822566
0.822492
0.822419
0.822346
0.822273
0.822202
0.822130
0.822059
0.821989
0.821919
0.821850
0.821781
0.821713
0.821646
0.821578
0.821512
0.821446
0.821380
0.821316
0.821251
0.821187
0.821124
0.821061
0.820999
0.820937
0.820875
0.820814
0.820753
0.820693
0.820633
0.820574
0.820515
0.820456
0.820397
0.820339
0.820281
0.820223
0.820165
0.820108
0.820050
0.819993
0.819936
0.819879
0.819822
0.819765
0.819707
0.819650
0.819592
0.819535
0.819477
0.819419
0.819360
0.819302
0.819243
0.819184
0.819126
0.819067
0.819008
0.818949
0.818891
0.818832
0.818773
0.818714
0.818656
0.818597
0.818539
0.818480
0.818422
0.818363
0.818305
0.818247
0.818188
0.818130
0.818072
0.818014
0.817956
0.817898
0.817840
0.817782
0.817725
0.817667
0.817610
0.817552
0.817495
0.817438
0.817380
0.817323
0.817266
0.817209
0.817152
0.817095
0.817039
0.816982
0.816926
0.816869
0.816813
0.816756
0.816700
0.816644
0.816588
0.816531
0.816475
0.816419
0.816364
0.816308
0.816252
0.816196
0.816140
0.816085
0.816029
0.815973
0.815918
0.815862
0.815807
0.815751
0.815696
0.815640
0.815585
0.815529
0.815474
0.815418
0.815362
0.815307
0.815251
0.815195
0.815138
0.815082
0.815025
0.814968
0.814910
0.814853
0.814796
0.814738
0.814680
0.814623
0.814566
0.814508
0.814451
0.814394
0.814337
0.814281
0.814225
0.814169
0.814113
0.814058
0.814004
0.813949
0.813896
0.813843
0.813790
0.813738
0.813686
0.813635
0.813585
0.813535
0.813485
0.813437
0.813389
0.813342
0.813295
0.813249
0.813204
0.813159
0.813115
0.813072
0.813029
0.812987
0.812946
0.812906
0.812866
0.812826
0.812788
0.812750
0.812712
0.812676
0.812640
0.812604
0.812569
0.812535
0.812501
0.812468
0.812435
0.812402
0.812370
0.812339
0.812307
0.812276
0.812246
0.812216
0.812186
0.812156
0.812126
0.812097
0.812068
0.812038
0.812009
0.811980
0.811950
0.811921
0.811891
0.811862
0.811832
0.811801
0.811771
0.811740
0.811709
0.811678
0.811647
0.811616
0.811585
0.811554
0.811523
0.811492
0.811461
0.811430
0.811399
0.811368
0.811337
0.811305
0.811274
0.811243
0.811212
0.811181
0.811150
0.811119
0.811088
0.811057
0.811025
0.810994
0.810963
0.810932
0.810901
0.810870
0.810839
0.810808
0.810777
0.810746
0.810715
0.810683
0.810652
0.810621
0.810590
0.810559
0.810528
0.810497
0.810466
0.810434
0.810403
0.810372
0.810341
0.810310
0.810279
0.810248
0.810217
0.810186
0.810155
0.810123
0.810092
0.810061
0.810030
0.809999
0.809968
0.809937
0.809905
0.809874
0.809843
0.809811
0.809779
0.809747
0.809716
0.809684
0.809651
0.809619
0.809587
0.809555
0.809523
0.809491
0.809459
0.809428
0.809396
0.809365
0.809333
0.809302
0.809271
0.809240
0.809210
0.809180
0.809149
0.809120
0.809090
0.809061
0.809032
0.809003
0.808975
0.808947
0.808920
0.808892
0.808865
0.808839
0.808813
0.808787
0.808761
0.808736
0.808711
0.808687
0.808662
0.808639
0.808615
0.808592
0.808570
0.808547
0.808526
0.808504
0.808482
0.808462
0.808441
0.808420
0.808400
0.808381
0.808361
0.808342
0.808323
0.808304
0.808286
0.808268
0.808250
0.808232
0.808214
0.808196
0.808179
0.808162
0.808145
0.808127
0.808110
0.808093
0.808076
0.808059
0.808042
0.808025
0.808008
0.807991
0.807973
0.807956
0.807938
0.807920
0.807902
0.807885
0.807867
0.807849
0.807831
0.807813
0.807795
0.807777
0.807759
0.807741
0.807723
0.807705
0.807687
0.807669
0.807651
0.807633
0.807615
0.807597
0.807579
0.807561
0.807543
0.807525
0.807507
0.807489
0.807471
0.807453
0.807435
0.807417
0.807399
0.807381
0.807363
0.807345
0.807327
0.807309
0.807291
0.807273
0.807255
0.807237
0.807219
0.807201
0.807183
0.807164
0.807146
0.807129
0.807110
0.807092
0.807075
0.807056
0.807038
0.807021
0.807002
0.806984
0.806967
0.806948
0.806930
0.806913
0.806894
0.806876
0.806859
0.806840
0.806822
0.806805
0.806786
0.806768
0.806751
0.806732
0.806715
0.806697
0.806678
0.806661
0.806643
0.806624
0.806607
0.806589
0.806570
0.806553
0.806535
0.806516
0.806499
0.806481
0.806462
0.806445
0.806427
0.806408
0.806391
0.806373
0.806354
0.806337
0.806319
0.806300
0.806283
0.806265
0.806246
0.806229
0.806211
0.806192
0.806175
0.806157
0.806138
0.806121
0.806103
0.806084
0.806067
0.806048
0.806030
0.806013
0.805994
0.805976
0.805959
0.805940
0.805922
0.805905
0.805886
0.805868
0.805851
0.805832
0.805814
0.805796
0.805778
0.805760
0.805742
0.805724
0.805706
0.805688
0.805670
0.805652
0.805634
0.805616
0.805598
0.805580
0.805562
0.805544
0.805526
0.805508
0.805490
0.805472
0.805454
0.805436
0.805418
0.805400
0.805382
0.805364
0.805346
0.805328
0.805310
0.805292
0.805274
0.805256
0.805238
0.805220
0.805202
0.805184
0.805166
0.805148
0.805130
0.805112
0.805094
0.805076
0.805058
0.805040
0.805022
0.805004
0.804986
0.804967
0.804949
0.804930
0.804911
0.804893
0.804874
0.804855
0.804836
0.804817
0.804799
0.804780
0.804762
0.804743
0.804725
0.804706
0.804688
0.804670
0.804652
0.804635
0.804617
0.804600
0.804583
0.804566
0.804549
0.804533
0.804516
0.804500
0.804485
0.804469
0.804454
0.804439
0.804425
0.804410
0.804396
0.804383
0.804369
0.804356
0.804343
0.804330
0.804318
0.804306
0.804294
0.804283
0.804271
0.804260
0.804250
0.804239
0.804229
0.804219
0.804210
0.804200
0.804191
0.804182
0.804174
0.804165
0.804157
0.804149
0.804141
0.804133
0.804126
0.804118
0.804111
0.804104
0.804097
0.804090
0.804083
0.804076
0.804070
0.804063
0.804056
0.804049
0.804042
0.804036
0.804029
0.804022
0.804015
0.804007
0.804000
0.803993
0.803985
0.803978
0.803970
0.803963
0.803955
0.803948
0.803940
0.803933
0.803925
0.803918
0.803910
0.803902
0.803895
0.803887
0.803880
0.803872
0.803865
0.803857
0.803850
0.803842
0.803835
0.803827
0.803820
0.803812
0.803805
0.803797
0.803790
0.803782
0.803774
0.803767
0.803759
0.803752
0.803744
0.803737
0.803729
0.803722
0.803714
0.803706
0.803699
0.803692
0.803684
0.803676
0.803669
0.803661
0.803654
0.803646
0.803639
0.803631
0.803624
0.803616
0.803608
0.803601
0.803593
0.803586
0.803578
0.803571
0.803563
0.803556
0.803548
0.803541
0.803533
0.803526
0.803518
0.803511
0.803503
0.803496
0.803488
0.803480
0.803473
0.803465
0.803458
0.803450
0.803443
0.803435
0.803428
0.803420
0.803412
0.803405
0.803397
0.803390
0.803382
0.803375
0.803367
0.803360
0.803352
0.803345
0.803337
0.803330
0.803322
0.803315
0.803307
0.803300
0.803292
0.803284
0.803277
0.803269
0.803262
0.803254
0.803247
0.803239
0.803232
0.803224
0.803217
0.803209
0.803202
0.803194
0.803186
0.803179
0.803171
0.803164
0.803156
0.803149
0.803141
0.803134
0.803126
0.803119
0.803111
0.803103
0.803096
0.803088
0.803081
0.803073
0.803066
0.803058
0.803051
0.803043
0.803036
0.803028
0.803021
0.803013
0.803006
0.802998
0.802990
0.802983
0.802975
0.802968
0.802960
0.802953
0.802945
0.802938
0.802930
0.802923
0.802915
0.802907
0.802900
0.802892
0.802885
0.802877
0.802870
0.802862
0.802855
0.802847
0.802840
0.802832
0.802825
0.802817
0.802809
0.802802
0.802794
0.802787
0.802779
0.802772
0.802764
0.802757
0.802749
0.802742
0.802734
0.802727
0.802719
0.802712
0.802704
0.802696
0.802689
0.802681
0.802674
0.802666
0.802659
0.802651
0.802644
0.802636
0.802629
0.802621
0.802613
0.802606
0.802598
0.802591
0.802583
0.802576
0.802568
0.802561
0.802553
0.802546
0.802538
0.802531
0.802523
0.802516
0.802508
0.802500
0.802493
0.802485
0.802478
0.802470
0.802463
0.802455
0.802448
0.802440
0.802433
0.802425
0.802418
0.802410
0.802402
0.802395
0.802387
0.802380
0.802372
0.802365
0.802357
0.802350
0.802342
0.802335
0.802327
0.802319
0.802312
0.802304
0.802297
0.802289
0.802282
0.802274
0.802267
0.802259
0.802252
0.802244
0.802237
0.802229
0.802222
0.802214
0.802206
0.802199
0.802191
0.802184
0.802176
0.802169
0.802161
0.802154
0.802146
0.802139
0.802131
0.802123
0.802116
0.802108
0.802101
0.802093
0.802086
0.802078
0.802071
0.802063
0.802056
0.802048
0.802041
0.802033
0.802025
0.802018
0.802010
0.802003
0.801995
0.801988
0.801980
0.801973
0.801965
0.801958
0.801950
0.801943
0.801935
0.801928
0.801920
0.801912
0.801905
0.801897
0.801890
0.801882
0.801875
0.801867
0.801860
0.801852
0.801845
0.801837
0.801829
0.801822
0.801814
0.801807
0.801799
0.801792
0.801784
0.801777
0.801769
0.801762
0.801754
0.801747
0.801739
0.801732
0.801724
0.801716
0.801709
0.801701
0.801694
0.801686
0.801679
0.801671
0.801664
0.801656
0.801649
0.801641
0.801633
0.801626
0.801618
0.801611
0.801603
0.801596
0.801588
0.801581
0.801573
0.801566
0.801558
0.801551
0.801543
0.801535
0.801528
0.801520
0.801513
0.801505
0.801498
0.801490
0.801483
0.801475
0.801468
0.801460
0.801453
0.801445
0.801438
0.801430
0.801422
0.801415
0.801407
0.801400
0.801392
0.801385
0.801377
0.801370
0.801362
0.801355
0.801347
0.801339
0.801332
0.801324
0.801317
0.801309
0.801302
0.801294
0.801287
0.801279
0.801272
0.801264
0.801257
0.801249
0.801242
0.801234
0.801226
0.801219
0.801211
0.801204
0.801196
0.801189
0.801181
0.801174
0.801166
0.801159
0.801151
0.801144
0.801136
0.801129
0.801121
0.801113
0.801106
0.801098
0.801091
0.801083
0.801076
0.801068
0.801061
0.801053
0.801045
0.801038
0.801030
0.801023
0.801015
0.801008
0.801000
0.800993
0.800985
0.800978
0.800970
0.800963
0.800955
0.800948
0.800940
0.800933
0.800925
0.800917
0.800910
0.800902
0.800895
0.800887
0.800880
0.800872
0.800865
0.800857
0.800849
0.800842
0.800835
0.800827
0.800819
0.800812
0.800804
0.800797
0.800789
0.800782
0.800774
0.800767
0.800759
0.800751
0.800744
0.800736
0.800729
0.800721
0.800714
0.800706
0.800699
0.800691
0.800684
0.800676
0.800669
0.800661
0.800654
0.800646
0.800639
0.800631
0.800623
0.800616
0.800608
0.800601
0.800593
0.800586
0.800578
0.800571
0.800563
0.800556
0.800548
0.800540
0.800533
0.800525
0.800518
0.800510
0.800503
0.800495
0.800488
0.800480
0.800473
0.800465
0.800458
0.800450
0.800442
0.800435
0.800427
0.800420
0.800412
0.800405
0.800397
0.800390
0.800382
0.800375
0.800367
0.800360
0.800352
0.800345
0.800337
0.800329
0.800322
0.800314
0.800307
0.800299
0.800292
0.800284
0.800277
0.800269
0.800262
0.800254
0.800246
0.800239
0.800231
0.800224
0.800216
0.800209
0.800201
0.800194
0.800186
0.800179
0.800171
0.800164
0.800156
0.800149
0.800141
0.800133
0.800126
0.800118
0.800111
0.800103
0.800096
0.800088
0.800081
0.800073
0.800066
0.800058
0.800050
0.800043
0.800035
0.800028
0.800021
0.800014
0.800009
0.800005
0.800002
0.800001
0.800000
0.800000
0.800000
0.800000
