0.800000
0.800038
0.800082
0.800133
0.800191
0.800254
0.800319
0.800384
0.800450
0.800516
0.800582
0.800648
0.800714
0.800779
0.800845
0.800911
0.800977
0.801043
0.801109
0.801175
0.801241
0.801307
0.801373
0.801439
0.801504
0.801570
0.801636
0.801702
0.801768
0.801834
0.801900
0.801966
0.802032
0.802098
0.802163
0.802229
0.802295
0.802361
0.802427
0.802493
0.802559
0.802625
0.802690
0.802756
0.802822
0.802888
0.802954
0.803020
0.803086
0.803152
0.803218
0.803284
0.803350
0.803415
0.803481
0.803547
0.803613
0.803679
0.803745
0.803811
0.803877
0.803943
0.804008
0.804074
0.804140
0.804206
0.804272
0.804338
0.804404
0.804470
0.804536
0.804601
0.804667
0.804733
0.804799
0.804864
0.804928
0.804991
0.805054
0.805114
0.805174
0.805232
0.805290
0.805347
0.805403
0.805460
0.805516
0.805573
0.805630
0.805688
0.805746
0.805806
0.805867
0.805929
0.805993
0.806059
0.806126
0.806195
0.806267
0.806341
0.806417
0.806496
0.806578
0.806662
0.806749
0.806839
0.806932
0.807028
0.807127
0.807230
0.807335
0.807444
0.807557
0.807672
0.807791
0.807913
0.808038
0.808165
0.808294
0.808425
0.808558
0.808694
0.808832
0.808973
0.809116
0.809262
0.809412
0.809565
0.809721
0.809881
0.810044
0.810211
0.810382
0.810557
0.810736
0.810920
0.811107
0.811298
0.811493
0.811692
0.811894
0.812100
0.812308
0.812519
0.812732
0.812948
0.813166
0.813388
0.813612
0.813839
0.814069
0.814302
0.814538
0.814777
0.815019
0.815264
0.815512
0.815764
0.816019
0.816278
0.816540
0.816807
0.817078
0.817354
0.817635
0.817921
0.818213
0.818510
0.818813
0.819122
0.819438
0.819759
0.820086
0.820418
0.820756
0.821100
0.821449
0.821804
0.822165
0.822533
0.822907
0.823288
0.823675
0.824069
0.824469
0.824875
0.825288
0.825707
0.826132
0.826564
0.827002
0.827447
0.827898
0.828356
0.828819
0.829289
0.829765
0.830247
0.830737
0.831234
0.831740
0.832254
0.832776
0.833307
0.833846
0.834394
0.834950
0.835515
0.836090
0.836674
0.837267
0.837869
0.838480
0.839101
0.839731
0.840370
0.841020
0.841678
0.842346
0.843024
0.843711
0.844409
0.845118
0.845837
0.846568
0.847312
0.848067
0.848835
0.849614
0.850407
0.851212
0.852029
0.852859
0.853701
0.854556
0.855424
0.856304
0.857197
0.858102
0.859022
0.859955
0.860903
0.861865
0.862843
0.863835
0.864843
0.865866
0.866905
0.867959
0.869029
0.870115
0.871216
0.872334
0.873468
0.874620
0.875790
0.876978
0.878185
0.879411
0.880656
0.881920
0.883204
0.884508
0.885832
0.887176
0.888540
0.889926
0.891335
0.892765
0.894218
0.895693
0.897191
0.898713
0.900258
0.901827
0.903420
0.905039
0.906683
0.908353
0.910049
0.911771
0.913520
0.915295
0.917099
0.918930
0.920790
0.922680
0.924599
0.926547
0.928526
0.930536
0.932576
0.934647
0.936750
0.938885
0.941051
0.943250
0.945483
0.947748
0.950048
0.952382
0.954751
0.957156
0.959597
0.962074
0.964589
0.967141
0.969732
0.972361
0.975031
0.977741
0.980491
0.983283
0.986117
0.988994
0.991914
0.994877
0.997885
1.000938
1.004035
1.007178
1.010366
1.013601
1.016883
1.020212
1.023588
1.027013
1.030486
1.034009
1.037583
1.041207
1.044882
1.048610
1.052391
1.056225
1.060113
1.064056
1.068055
1.072110
1.076221
1.080389
1.084614
1.088898
1.093240
1.097642
1.102103
1.106625
1.111208
1.115852
1.120558
1.125325
1.130154
1.135046
1.140001
1.145019
1.150100
1.155246
1.160457
1.165735
1.171079
1.176491
1.181971
1.187520
1.193140
1.198831
1.204593
1.210429
1.216338
1.222322
1.228382
1.234518
1.240731
1.247023
1.253395
1.259848
1.266383
1.273001
1.279703
1.286489
1.293361
1.300320
1.307365
1.314498
1.321719
1.329030
1.336431
1.343924
1.351508
1.359187
1.366959
1.374828
1.382793
1.390854
1.399015
1.407274
1.415634
1.424095
1.432658
1.441324
1.450095
1.458971
1.467954
1.477044
1.486243
1.495552
1.504972
1.514503
1.524146
1.533901
1.543769
1.553751
1.563846
1.574056
1.584381
1.594822
1.605381
1.616058
1.626854
1.637769
1.648805
1.659964
1.671245
1.682649
1.694178
1.705832
1.717613
1.729520
1.741556
1.753720
1.766014
1.778440
1.790999
1.803692
1.816520
1.829485
1.842587
1.855826
1.869204
1.882720
1.896375
1.910169
1.924104
1.938179
1.952397
1.966757
1.981260
1.995909
2.010702
2.025642
2.040729
2.055963
2.071345
2.086876
2.102556
2.118385
2.134363
2.150492
2.166770
2.183200
2.199780
2.216512
2.233395
2.250430
2.267617
2.284955
2.302443
2.320081
2.337869
2.355807
2.373894
2.392131
2.410517
2.429052
2.447737
2.466571
2.485554
2.504687
2.523969
2.543400
2.562979
2.582706
2.602580
2.622602
2.642770
2.663085
2.683546
2.704153
2.724904
2.745800
2.766840
2.788022
2.809345
2.830807
2.852408
2.874145
2.896018
2.918025
2.940164
2.962435
2.984837
3.007370
3.030031
3.052821
3.075739
3.098782
3.121951
3.145243
3.168657
3.192191
3.215844
3.239614
3.263500
3.287499
3.311610
3.335830
3.360159
3.384594
3.409131
3.433770
3.458508
3.483341
3.508268
3.533286
3.558394
3.583589
3.608870
3.634234
3.659679
3.685202
3.710803
3.736477
3.762222
3.788037
3.813919
3.839865
3.865873
3.891940
3.918064
3.944242
3.970471
3.996748
4.023070
4.049434
4.075840
4.102285
4.128767
4.155284
4.181834
4.208414
4.235023
4.261657
4.288315
4.314993
4.341691
4.368405
4.395135
4.421879
4.448634
4.475400
4.502175
4.528956
4.555744
4.582534
4.609327
4.636119
4.662908
4.689692
4.716469
4.743237
4.769994
4.796738
4.823467
4.850182
4.876881
4.903565
4.930233
4.956884
4.983519
5.010137
5.036736
5.063316
5.089874
5.116409
5.142921
5.169407
5.195868
5.222302
5.248708
5.275086
5.301436
5.327757
5.354047
5.380306
5.406531
5.432722
5.458876
5.484992
5.511069
5.537104
5.563100
5.589054
5.614968
5.640842
5.666675
5.692468
5.718220
5.743932
5.769601
5.795227
5.820809
5.846346
5.871837
5.897281
5.922677
5.948023
5.973320
5.998566
6.023760
6.048903
6.073992
6.099029
6.124013
6.148944
6.173821
6.198642
6.223407
6.248114
6.272763
6.297352
6.321882
6.346353
6.370765
6.395119
6.419415
6.443654
6.467835
6.491957
6.516019
6.540022
6.563963
6.587843
6.611660
6.635413
6.659102
6.682728
6.706288
6.729783
6.753211
6.776573
6.799867
6.823092
6.846248
6.869334
6.892349
6.915291
6.938160
6.960954
6.983672
7.006313
7.028877
7.051363
7.073771
7.096099
7.118347
7.140513
7.162597
7.184595
7.206507
7.228332
7.250067
7.271712
7.293265
7.314724
7.336089
7.357358
7.378530
7.399605
7.420580
7.441456
7.462230
7.482903
7.503472
7.523939
7.544301
7.564560
7.584717
7.604769
7.624718
7.644561
7.664298
7.683927
7.703447
7.722854
7.742145
7.761319
7.780375
7.799309
7.818119
7.836804
7.855361
7.873790
7.892087
7.910252
7.928283
7.946177
7.963936
7.981556
7.999039
8.016383
8.033587
8.050650
8.067572
8.084353
8.100992
8.117489
8.133845
8.150059
8.166134
8.182069
8.197865
8.213524
8.229045
8.244431
8.259681
8.274796
8.289775
8.304621
8.319333
8.333913
8.348360
8.362678
8.376866
8.390926
8.404861
8.418670
8.432355
8.445916
8.459355
8.472672
8.485866
8.498938
8.511888
8.524715
8.537422
8.550007
8.562471
8.574817
8.587045
8.599159
8.611160
8.623051
8.634833
8.646508
8.658075
8.669537
8.680893
8.692143
8.703291
8.714337
8.725282
8.736129
8.746877
8.757528
8.768083
8.778540
8.788897
8.799153
8.809302
8.819343
8.829272
8.839087
8.848785
8.858366
8.867832
8.877184
8.886424
8.895553
8.904575
8.913492
8.922305
8.931017
8.939631
8.948147
8.956570
8.964900
8.973141
8.981294
8.989362
8.997345
9.005246
9.013065
9.020804
9.028464
9.036044
9.043546
9.050970
9.058317
9.065588
9.072781
9.079898
9.086938
9.093902
9.100790
9.107602
9.114338
9.121000
9.127587
9.134100
9.140538
9.146902
9.153193
9.159409
9.165550
9.171615
9.177605
9.183518
9.189355
9.195116
9.200802
9.206413
9.211949
9.217412
9.222801
9.228117
9.233361
9.238533
9.243634
9.248664
9.253624
9.258513
9.263331
9.268077
9.272751
9.277351
9.281879
9.286333
9.290716
9.295027
9.299267
9.303434
9.307529
9.311551
9.315501
9.319379
9.323184
9.326918
9.330584
9.334182
9.337716
9.341189
9.344606
9.347969
9.351282
9.354549
9.357771
9.360950
9.364088
9.367185
9.370243
9.373262
9.376244
9.379188
9.382096
9.384970
9.387807
9.390610
9.393377
9.396109
9.398804
9.401463
9.404085
9.406670
9.409220
9.411734
9.414213
9.416659
9.419070
9.421448
9.423793
9.426105
9.428383
9.430628
9.432840
9.435017
9.437162
9.439272
9.441349
9.443393
9.445404
9.447383
9.449331
9.451247
9.453132
9.454988
9.456814
9.458611
9.460381
9.462123
9.463838
9.465528
9.467191
9.468829
9.470441
9.472028
9.473589
9.475124
9.476635
9.478122
9.479584
9.481022
9.482437
9.483828
9.485195
9.486538
9.487858
9.489154
9.490427
9.491678
9.492907
9.494116
9.495305
9.496475
9.497627
9.498761
9.499877
9.500977
9.502060
9.503126
9.504176
9.505208
9.506223
9.507220
9.508199
9.509161
9.510107
9.511036
9.511948
9.512844
9.513725
9.514589
9.515437
9.516270
9.517087
9.517890
9.518677
9.519449
9.520207
9.520951
9.521680
9.522395
9.523096
9.523783
9.524458
9.525121
9.525771
9.526410
9.527037
9.527652
9.528255
9.528847
9.529428
9.529997
9.530555
9.531103
9.531641
9.532170
9.532689
9.533199
9.533700
9.534193
9.534678
9.535154
9.535623
9.536083
9.536536
9.536982
9.537422
9.537855
9.538282
9.538703
9.539118
9.539528
9.539933
9.540332
9.540726
9.541114
9.541497
9.541874
9.542245
9.542611
9.542970
9.543324
9.543671
9.544013
9.544349
9.544680
9.545006
9.545326
9.545640
9.545949
9.546252
9.546548
9.546836
9.547118
9.547393
9.547660
9.547921
9.548175
9.548423
9.548665
9.548901
9.549130
9.549354
9.549573
9.549785
9.549991
9.550191
9.550384
9.550572
9.550754
9.550929
9.551099
9.551264
9.551424
9.551578
9.551728
9.551874
9.552017
9.552155
9.552290
9.552422
9.552551
9.552677
9.552800
9.552919
9.553035
9.553147
9.553256
9.553361
9.553464
9.553564
9.553661
9.553756
9.553848
9.553939
9.554028
9.554116
9.554203
9.554289
9.554374
9.554460
9.554546
9.554632
9.554719
9.554808
9.554899
9.554993
9.555090
9.555190
9.555292
9.555397
9.555503
9.555609
9.555716
9.555823
9.555930
9.556037
9.556144
9.556250
9.556355
9.556460
9.556563
9.556665
9.556766
9.556865
9.556963
9.557059
9.557154
9.557247
9.557337
9.557426
9.557513
9.557597
9.557679
9.557759
9.557836
9.557911
9.557983
9.558052
9.558119
9.558183
9.558245
9.558304
9.558360
9.558413
9.558464
9.558512
9.558557
9.558600
9.558639
9.558676
9.558711
9.558742
9.558771
9.558798
9.558822
9.558843
9.558863
9.558880
9.558894
9.558907
9.558917
9.558925
9.558932
9.558936
9.558939
9.558940
9.558939
9.558938
9.558935
9.558931
9.558926
9.558920
9.558913
9.558906
9.558899
9.558891
9.558883
9.558875
9.558868
9.558861
9.558856
9.558851
9.558847
9.558844
9.558842
9.558841
9.558840
9.558840
9.558840
9.558840
9.558840
9.558840
9.558840
9.558840
9.558840
9.558840
9.558840
9.558840
9.558840
9.558840
9.558840
9.558840
9.558840
9.558840
9.558840
9.558840
9.558840
9.558840
9.558840
9.558840
9.558840
9.558840
9.558840
9.558840
9.558840
9.558840
9.558840
9.558840
9.558840
9.558840
9.558840
9.558840
9.558840
9.558840
9.558840
9.558840
9.558840
9.558840
9.558840
9.558840
9.558840
9.558840
9.558840
9.558840
9.558840
9.558840
9.558840
9.558840
9.558840
9.558840
9.558840
9.558840
9.558840
9.558840
9.558840
9.558840
9.558840
9.558840
9.558840
9.558840
9.558840
9.558840
9.558840
9.558840
9.558840
9.558840
9.558840
9.558840
9.558840
9.558840
9.558840
9.558840
9.558840
9.558840
9.558840
9.558840
9.558840
9.558840
9.558840
9.558840
9.558840
9.558840
9.558840
9.558840
9.558840
9.558840
9.558840
9.558840
9.558840
9.558840
9.558840
9.558840
9.558840
9.558840
9.558840
9.558840
9.558840
9.558840
9.558840
9.558840
9.558840
9.558840
9.558840
9.558840
9.558840
9.558840
9.558840
9.558840
9.558840
9.558840
9.558840
9.558840
9.558840
9.558840
9.558840
9.558840
9.558840
9.558840
9.558840
9.558840
9.558840
9.558840
9.558840
9.558840
9.558840
9.558840
9.558840
9.558840
9.558840
9.558840
9.558840
9.558840
9.558840
9.558840
9.558840
9.558840
9.558840
9.558840
9.558840
9.558840
9.558840
9.558840
9.558840
9.558840
9.558840
9.558840
9.558840
9.558840
9.558840
9.558840
9.558840
9.558840
9.558840
9.558840
9.558840
9.558840
9.558840
9.558840
9.558840
9.558840
9.558840
9.558840
9.558840
9.558840
9.558840
9.558840
9.558840
9.558840
9.558840
9.558840
9.558840
9.558840
9.558840
9.558840
9.558840
9.558840
9.558840
9.558840
9.558840
9.558840
9.558840
9.558840
9.558840
9.558840
9.558840
9.558840
9.558840
9.558840
9.558840
9.558840
9.558840
9.558840
9.558840
9.558840
9.558840
9.558840
9.558840
9.558840
9.558840
9.558840
9.558840
9.558840
9.558840
9.558840
9.558840
9.558840
9.558840
9.558840
9.558840
9.558840
9.558840
9.558840
9.558840
9.558840
9.558840
9.558840
9.558840
9.558840
9.558840
9.558840
9.558840
9.558840
9.558840
9.558840
9.558840
9.558840
9.558840
9.558840
9.558840
9.558840
9.558840
9.558840
9.558840
9.558840
9.558840
9.558840
9.558840
9.558840
9.558840
9.558840
9.558840
9.558840
9.558840
9.558840
9.558840
9.558840
9.558840
9.558840
9.558840
9.558840
9.558840
9.558840
9.558840
9.558840
9.558840
9.558840
9.558840
9.558840
9.558840
9.558840
9.558840
9.558840
9.558840
9.558840
9.558840
9.558840
9.558840
9.558840
9.558840
9.558840
9.558840
9.558840
9.558840
9.558840
9.558840
9.558840
9.558840
9.558840
9.558840
9.558840
9.558840
9.558840
9.558840
9.558840
9.558840
9.558840
9.558840
9.558840
9.558840
9.558840
9.558840
9.558840
9.558840
9.558840
9.558840
9.558840
9.558840
9.558840
9.558840
9.558840
9.558840
9.558840
9.558840
9.558840
9.558840
9.558840
9.558840
9.558840
9.558840
9.558840
9.558840
9.558840
9.558840
9.558840
9.558840
9.558840
9.558840
9.558840
9.558840
9.558840
9.558840
9.558840
9.558840
9.558840
9.558840
9.558840
9.558840
9.558840
9.558840
9.558840
9.558840
9.558840
9.558840
9.558840
9.558840
9.558840
9.558840
9.558840
9.558840
9.558840
9.558840
9.558840
9.558840
9.558840
9.558840
9.558840
9.558840
9.558840
9.558840
9.558840
9.558840
9.558840
9.558840
9.558840
9.558840
9.558840
9.558840
9.558840
9.558840
9.558840
9.558840
9.558840
9.558840
9.558840
9.558840
9.558840
9.558840
9.558840
9.558840
9.558840
9.558840
9.558840
9.558840
9.558840
9.558840
9.558840
9.558840
9.558840
9.558840
9.558840
9.558840
9.558840
9.558840
9.558840
9.558840
9.558840
9.558840
9.558840
9.558840
9.558840
9.558840
9.558840
9.558840
9.558840
9.558840
9.558840
9.558840
9.558840
9.558840
9.558840
9.558840
9.558840
9.558840
9.558840
9.558840
9.558840
9.558840
9.558840
9.558840
9.558840
9.558840
9.558840
9.558840
9.558840
9.558840
9.558840
9.558840
9.558840
9.558840
9.558840
9.558840
9.558840
9.558840
9.558840
9.558840
9.558840
9.558840
9.558840
9.558840
9.558840
9.558840
9.558840
9.558840
9.558840
9.558840
9.558840
9.558840
9.558840
9.558840
9.558840
9.558840
9.558840
9.558840
9.558840
9.558840
9.558840
9.558840
9.558840
9.558840
9.558840
9.558840
9.558840
9.558840
9.558840
9.558840
9.558840
9.558840
9.558840
9.558840
9.558840
9.558840
9.558840
9.558840
9.558840
9.558840
9.558840
9.558840
9.558840
9.558840
9.558840
9.558840
9.558840
9.558840
9.558840
9.558840
9.558840
9.558840
9.558840
9.558840
9.558840
9.558840
9.558840
9.558840
9.558840
9.558840
9.558840
9.558840
9.558840
9.558840
9.558840
9.558840
9.558840
9.558840
9.558840
9.558840
9.558840
9.558840
9.558840
9.558840
9.558840
9.558840
9.558840
9.558840
9.558840
9.558840
9.558840
9.558840
9.558840
9.558840
9.558840
9.558840
9.558840
9.558840
9.558840
9.558840
9.558840
9.558840
9.558840
9.558840
9.558840
9.558840
9.558840
9.558840
9.558840
9.558840
9.558840
9.558840
9.558840
9.558840
9.558840
9.558840
9.558840
9.558840
9.558840
9.558840
9.558840
9.558840
9.558840
9.558840
9.558840
9.558840
9.558840
9.558840
9.558840
9.558840
9.558840
9.558840
9.558840
9.558840
9.558840
9.558840
9.558840
9.558840
9.558840
9.558840
9.558840
9.558840
9.558840
9.558840
9.558840
9.558840
9.558840
9.558840
9.558840
9.558840
9.558840
9.558840
9.558840
9.558840
9.558840
9.558840
9.558840
9.558840
9.558840
9.558840
9.558840
9.558840
9.558840
9.558840
9.558840
9.558840
9.558840
9.558840
9.558840
9.558840
9.558840
9.558840
9.558840
9.558840
9.558840
9.558840
9.558840
9.558840
9.558840
9.558840
9.558840
9.558840
9.558840
9.558840
9.558840
9.558840
9.558840
9.558840
9.558840
9.558840
9.558840
9.558840
9.558840
9.558840
9.558840
9.558840
9.558840
9.558840
9.558840
9.558840
9.558840
9.558840
9.558840
9.558840
9.558840
9.558840
9.558840
9.558840
9.558840
9.558840
9.558840
9.558840
9.558840
9.558840
9.558840
9.558840
9.558840
9.558840
9.558840
9.558840
9.558840
9.558840
9.558840
9.558840
9.558840
9.558840
9.558840
9.558840
9.558840
9.558840
9.558840
9.558840
9.558840
9.558840
9.558840
9.558840
9.558840
9.558840
9.558840
9.558840
9.558840
9.558840
9.558840
9.558840
9.558840
9.558840
9.558840
9.558840
9.558840
9.558840
9.558840
9.558840
9.558840
9.558840
9.558840
9.558840
9.558840
9.558840
9.558840
9.558840
9.558840
9.558840
9.558840
9.558840
9.558840
9.558840
9.558840
9.558840
9.558840
9.558840
9.558840
9.558840
9.558840
9.558840
9.558840
9.558840
9.558840
9.558840
9.558840
9.558840
9.558840
9.558840
9.558840
9.558840
9.558840
9.558840
9.558840
9.558840
9.558840
9.558840
9.558840
9.558840
9.558840
9.558840
9.558840
9.558840
9.558840
9.558840
9.558840
9.558840
9.558840
9.558840
9.558840
9.558840
9.558840
9.558840
9.558840
9.558840
9.558840
9.558840
9.558840
9.558840
9.558840
9.558840
9.558840
9.558840
9.558840
9.558840
9.558840
9.558840
9.558840
9.558840
9.558840
9.558840
9.558840
9.558840
9.558840
9.558840
9.558840
9.558840
9.558840
9.558840
9.558840
9.558840
9.558840
9.558840
9.558840
9.558840
9.558840
9.558840
9.558840
9.558840
9.558840
9.558840
9.558840
9.558840
9.558840
9.558840
9.558840
9.558840
9.558840
9.558840
9.558840
9.558840
9.558840
9.558840
9.558840
9.558840
9.558840
9.558840
9.558840
9.558840
9.558840
9.558840
9.558840
9.558840
9.558840
9.558840
9.558840
9.558840
9.558840
9.558840
9.558840
9.558840
9.558840
9.558840
9.558840
9.558840
9.558840
9.558840
9.558840
9.558840
9.558840
9.558840
9.558840
9.558840
9.558840
9.558840
9.558840
9.558840
9.558840
9.558840
9.558840
9.558840
9.558840
9.558840
9.558840
9.558840
9.558840
9.558840
9.558840
9.558840
9.558840
9.558840
9.558840
9.558840
9.558840
9.558840
9.558840
9.558840
9.558840
9.558840
9.558840
9.558840
9.558840
9.558840
9.558840
9.558840
9.558840
9.558840
9.558840
9.558840
9.558840
9.558840
9.558840
9.558840
9.558840
9.558840
9.558840
9.558840
9.558840
9.558840
9.558840
9.558840
9.558840
9.558840
9.558840
9.558840
9.558840
9.558840
9.558840
9.558840
9.558840
9.558840
9.558840
9.558840
9.558840
9.558840
9.558840
9.558840
9.558840
9.558840
9.558840
9.558840
9.558840
9.558840
9.558840
9.558840
9.558840
9.558840
9.558840
9.558840
9.558840
9.558840
9.558840
9.558840
9.558840
9.558840
9.558840
9.558840
9.558840
9.558840
9.558840
9.558840
9.558840
9.558840
9.558840
9.558840
9.558840
9.558840
9.558840
9.558840
9.558840
9.558840
9.558840
9.558840
9.558840
9.558840
9.558840
9.558840
9.558840
9.558840
9.558840
9.558840
9.558840
9.558840
9.558840
9.558840
9.558840
9.558840
9.558840
9.558840
9.558840
9.558840
9.558840
9.558840
9.558840
9.558840
9.558840
9.558840
9.558840
9.558840
9.558840
9.558840
9.558840
9.558840
9.558840
9.558840
9.558840
9.558840
9.558840
9.558840
9.558840
9.558840
9.558840
9.558840
9.558840
9.558840
9.558840
9.558840
9.558840
9.558840
9.558840
9.558840
9.558840
9.558840
9.558840
9.558840
9.558840
9.558840
9.558840
9.558840
9.558840
9.558840
9.558840
9.558840
9.558840
9.558840
9.558840
9.558840
9.558840
9.558840
9.558840
9.558840
9.558840
9.558840
9.558840
9.558840
9.558840
9.558840
9.558840
9.558840
9.558840
9.558840
9.558840
9.558840
9.558840
9.558840
9.558840
9.558840
9.558840
9.558840
9.558840
9.558840
9.558840
9.558840
9.558840
9.558840
9.558840
9.558840
9.558840
9.558840
9.558840
9.558840
9.558840
9.558840
9.558840
9.558840
9.558840
9.558840
9.558840
9.558840
9.558840
9.558840
9.558840
9.558840
9.558840
9.558840
9.558840
9.558840
9.558840
9.558840
9.558840
9.558840
9.558840
9.558840
9.558840
9.558840
9.558840
9.558840
9.558840
9.558840
9.558840
9.558840
9.558840
9.558840
9.558840
9.558840
9.558840
9.558840
9.558840
9.558840
9.558840
9.558840
9.558840
9.558840
9.558840
9.558840
9.558840
9.558840
9.558840
9.558840
9.558840
9.558840
9.558840
9.558840
9.558840
9.558840
9.558840
9.558840
9.558840
9.558840
9.558840
9.558840
9.558840
9.558840
9.558840
9.558840
9.558840
9.558840
9.558840
9.558840
9.558840
9.558840
9.558840
9.558840
9.558840
9.558840
9.558840
9.558840
9.558840
9.558840
9.558840
9.558840
9.558840
9.558840
9.558840
9.558840
9.558840
9.558840
9.558840
9.558840
9.558840
9.558840
9.558840
9.558840
9.558840
9.558840
9.558840
9.558840
9.558840
9.558840
9.558840
9.558840
9.558840
9.558840
9.558840
9.558840
9.558840
9.558840
9.558840
9.558840
9.558840
9.558840
9.558840
9.558840
9.558840
9.558840
9.558840
9.558840
9.558840
9.558840
9.558840
9.558840
9.558840
9.558840
9.558840
9.558840
9.558840
9.558840
9.558840
9.558840
9.558840
9.558840
9.558840
9.558840
9.558840
9.558840
9.558840
9.558840
9.558840
9.558840
9.558840
9.558840
9.558840
9.558840
9.558840
9.558840
9.558840
9.558840
9.558840
9.558840
9.558840
9.558840
9.558840
9.558840
9.558840
9.558840
9.558840
9.558840
9.558840
9.558840
9.558840
9.558840
9.558840
9.558840
9.558840
9.558840
9.558840
9.558840
9.558840
9.558840
9.558840
9.558840
9.558840
9.558840
9.558840
9.558840
9.558840
9.558840
9.558840
9.558840
9.558840
9.558840
9.558840
9.558840
9.558840
9.558840
9.558840
9.558840
9.558840
9.558840
9.558840
9.558840
9.558840
9.558840
9.558840
9.558840
9.558840
9.558840
9.558840
9.558840
9.558840
9.558840
9.558840
9.558840
9.558840
9.558840
9.558840
9.558840
9.558840
9.558840
9.558840
9.558840
9.558840
9.558840
9.558840
9.558840
9.558840
9.558840
9.558840
9.558840
9.558840
9.558840
9.558840
9.558840
9.558840
9.558840
9.558840
9.558840
9.558840
9.558840
9.558840
9.558840
9.558840
9.558840
9.558840
9.558840
9.558840
9.558840
9.558840
9.558840
9.558840
9.558840
9.558840
9.558840
9.558840
9.558840
9.558840
9.558840
9.558840
9.558840
9.558840
9.558840
9.558840
9.558840
9.558840
9.558840
9.558840
9.558840
9.558840
9.558840
9.558840
9.558840
9.558840
9.558840
9.558840
9.558840
9.558840
9.558840
9.558840
9.558840
9.558840
9.558840
9.558840
9.558840
9.558840
9.558840
9.558840
9.558840
9.558840
9.558840
9.558840
9.558840
9.558840
9.558840
9.558840
9.558840
9.558840
9.558840
9.558840
9.558840
9.558840
9.558840
9.558840
9.558840
9.558840
9.558840
9.558840
9.558840
9.558840
9.558840
9.558840
9.558840
9.558840
9.558840
9.558840
9.558840
9.558840
9.558840
9.558840
9.558840
9.558840
9.558840
9.558840
9.558840
9.558840
9.558840
9.558840
9.558840
9.558840
9.558840
9.558840
9.558840
9.558840
9.558840
9.558840
9.558840
9.558840
9.558840
9.558840
9.558840
9.558840
9.558840
9.558840
9.558840
9.558840
9.558840
9.558840
9.558840
9.558840
9.558840
9.558840
9.558840
9.558840
9.558840
9.558840
9.558840
9.558840
9.558840
9.558840
9.558840
9.558840
9.558840
9.558840
9.558840
9.558840
9.558840
9.558840
9.558840
9.558840
9.558840
9.558840
9.558840
9.558840
9.558840
9.558840
9.558840
9.558840
9.558840
9.558840
9.558840
9.558840
9.558840
9.558840
9.558840
9.558840
9.558840
9.558840
9.558840
9.558840
9.558840
9.558840
9.558840
9.558840
9.558840
9.558840
9.558840
9.558840
9.558840
9.558840
9.558840
9.558840
9.558840
9.558840
9.558840
9.558840
9.558840
9.558840
9.558840
9.558840
9.558840
9.558840
9.558840
9.558840
9.558840
9.558840
9.558840
9.558840
9.558840
9.558840
9.558840
9.558840
9.558840
9.558840
9.558840
9.558840
9.558840
9.558840
9.558840
9.558840
9.558840
9.558840
9.558840
9.558840
9.558840
9.558840
9.558840
9.558840
9.558840
9.558840
9.558840
9.558840
9.558840
9.558840
9.558840
9.558840
9.558840
9.558840
9.558840
9.558840
9.558840
9.558840
9.558840
9.558840
9.558840
9.558840
9.558840
9.558840
9.558840
9.558840
9.558840
9.558840
9.558840
9.558840
9.558840
9.558840
9.558840
9.558840
9.558840
9.558840
9.558840
9.558840
9.558840
9.558840
9.558840
9.558840
9.558840
9.558840
9.558840
9.558840
9.558840
9.558840
9.558840
9.558840
9.558840
9.558840
9.558840
9.558840
9.558840
9.558840
9.558840
9.558840
9.558840
9.558840
9.558840
9.558840
9.558840
9.558840
9.558840
9.558840
9.558840
9.558840
9.558840
9.558840
9.558840
9.558840
9.558840
9.558840
9.558840
9.558840
9.558840
9.558840
9.558840
9.558840
9.558840
9.558840
9.558840
9.558840
9.558840
9.558840
9.558840
9.558840
9.558840
9.558840
9.558840
9.558840
9.558840
9.558840
9.558840
9.558840
9.558840
9.558840
9.558840
9.558840
9.558840
9.558840
9.558840
9.558840
9.558840
9.558840
9.558840
9.558840
9.558840
9.558840
9.558840
9.558840
9.558840
9.558840
9.558840
9.558840
9.558840
9.558840
9.558840
9.558840
9.558840
9.558840
9.558840
9.558840
9.558840
9.558840
9.558840
9.558840
9.558840
9.558840
9.558840
9.558840
9.558840
9.558840
9.558840
9.558840
9.558840
9.558840
9.558840
9.558840
9.558840
9.558840
9.558840
9.558840
9.558840
9.558840
9.558840
9.558840
9.558840
9.558840
9.558840
9.558840
9.558840
9.558840
9.558840
9.558840
9.558840
9.558840
9.558840
9.558840
9.558840
9.558840
9.558840
9.558840
9.558840
9.558840
9.558840
9.558840
9.558840
9.558840
9.558840
9.558840
9.558840
9.558840
9.558840
9.558840
9.558840
9.558840
9.558840
9.558840
9.558840
9.558840
9.558840
9.558840
9.558840
9.558840
9.558840
9.558840
9.558840
9.558840
9.558840
9.558840
9.558840
9.558840
9.558840
9.558840
9.558840
9.558840
9.558840
9.558840
9.558840
9.558840
9.558840
9.558840
9.558840
9.558840
9.558840
9.558840
9.558840
9.558840
9.558840
9.558840
9.558840
9.558840
9.558840
9.558840
9.558840
9.558840
9.558840
9.558840
9.558840
9.558840
9.558840
9.558840
9.558840
9.558840
9.558840
9.558840
9.558840
9.558840
9.558840
9.558840
9.558840
9.558840
9.558840
9.558840
9.558840
9.558840
9.558840
9.558840
9.558840
9.558840
9.558840
9.558840
9.558840
9.558840
9.558840
9.558840
9.558840
9.558840
9.558840
9.558840
9.558840
9.558840
9.558840
9.558840
9.558840
9.558840
9.558840
9.558840
9.558840
9.558840
9.558840
9.558840
9.558840
9.558840
9.558840
9.558840
9.558840
9.558840
9.558840
9.558840
9.558840
9.558840
9.558840
9.558840
9.558840
9.558840
9.558840
9.558840
9.558840
9.558840
9.558840
9.558840
9.558840
9.558840
9.558840
9.558840
9.558840
9.558840
9.558840
9.558840
9.558840
9.558840
9.558840
9.558840
9.558840
9.558840
9.558840
9.558840
9.558840
9.558840
9.558840
9.558840
9.558840
9.558840
9.558840
9.558840
9.558840
9.558840
9.558840
9.558840
9.558840
9.558840
9.558840
9.558840
9.558840
9.558840
9.558840
9.558840
9.558840
9.558840
9.558840
9.558840
9.558840
9.558840
9.558840
9.558840
9.558840
9.558840
9.558840
9.558840
9.558840
9.558840
9.558840
9.558840
9.558840
9.558840
9.558840
9.558840
9.558840
9.558840
9.558840
9.558840
9.558840
9.558840
9.558840
9.558840
9.558840
9.558840
9.558840
9.558840
9.558840
9.558840
9.558840
9.558840
9.558840
9.558840
9.558840
9.558840
9.558840
9.558840
9.558840
9.558840
9.558840
9.558840
9.558840
9.558840
9.558840
9.558840
9.558840
9.558840
9.558840
9.558840
9.558840
9.558840
9.558840
9.558840
9.558840
9.558840
9.558840
9.558840
9.558840
9.558840
9.558840
9.558840
9.558840
9.558840
9.558840
9.558840
9.558840
9.558840
9.558840
9.558840
9.558840
9.558840
9.558840
9.558840
9.558840
9.558840
9.558840
9.558840
9.558840
9.558840
9.558840
9.558840
9.558840
9.558840
9.558840
9.558840
9.558840
9.558840
9.558840
9.558840
9.558840
9.558840
9.558840
9.558840
9.558840
9.558840
9.558840
9.558840
9.558840
9.558840
9.558840
9.558840
9.558840
9.558840
9.558840
9.558840
9.558840
9.558840
9.558840
9.558840
9.558840
9.558840
9.558840
9.558840
9.558840
9.558840
9.558840
9.558840
9.558840
9.558840
9.558840
9.558840
9.558840
9.558840
9.558840
9.558840
9.558840
9.558840
9.558840
9.558840
9.558840
9.558840
9.558840
9.558840
9.558840
9.558840
9.558840
9.558840
9.558840
9.558840
9.558840
9.558840
9.558840
9.558840
9.558840
9.558840
9.558840
9.558840
9.558840
9.558840
9.558840
9.558840
9.558840
9.558840
9.558840
9.558840
9.558840
9.558840
9.558840
9.558840
9.558840
9.558840
9.558840
9.558840
9.558840
9.558840
9.558840
9.558840
9.558840
9.558840
9.558840
9.558840
9.558840
9.558840
9.558840
9.558840
9.558840
9.558840
9.558840
9.558840
9.558840
9.558840
9.558840
9.558840
9.558840
9.558840
9.558840
9.558840
9.558840
9.558840
9.558840
9.558840
9.558840
9.558840
9.558840
9.558840
9.558840
9.558840
9.558840
9.558840
9.558840
9.558840
9.558840
9.558840
9.558840
9.558840
9.558840
9.558840
9.558840
9.558840
9.558840
9.558840
9.558840
9.558840
9.558840
9.558840
9.558840
9.558840
9.558840
9.558840
9.558840
9.558840
9.558840
9.558840
9.558840
9.558840
9.558840
9.558840
9.558840
9.558840
9.558840
9.558840
9.558840
9.558840
9.558840
9.558840
9.558840
9.558840
9.558840
9.558840
9.558840
9.558840
9.558840
9.558840
9.558840
9.558840
9.558840
9.558840
9.558840
9.558840
9.558840
9.558840
9.558840
9.558840
9.558840
9.558840
9.558840
9.558840
9.558840
9.558840
9.558840
9.558840
9.558840
9.558840
9.558840
9.558840
9.558840
9.558840
9.558840
9.558840
9.558840
9.558840
9.558840
9.558840
9.558840
9.558840
9.558840
9.558840
9.558840
9.558840
9.558840
9.558840
9.558840
9.558840
9.558840
9.558840
9.558840
9.558840
9.558840
9.558840
9.558840
9.558840
9.558840
9.558840
9.558840
9.558840
9.558840
9.558840
9.558840
9.558840
9.558840
9.558840
9.558840
9.558840
9.558840
9.558840
9.558840
9.558840
9.558840
9.558840
9.558840
9.558840
9.558840
9.558840
9.558840
9.558840
9.558840
9.558840
9.558840
9.558840
9.558840
9.558840
9.558840
9.558840
9.558840
9.558840
9.558840
9.558840
9.558840
9.558840
9.558840
9.558840
9.558840
9.558840
9.558840
9.558840
9.558840
9.558840
9.558840
9.558840
9.558840
9.558840
9.558840
9.558840
9.558840
9.558840
9.558840
9.558840
9.558840
9.558840
9.558840
9.558840
9.558840
9.558840
9.558840
9.558840
9.558840
9.558840
9.558840
9.558840
9.558840
9.558840
9.558840
9.558840
9.558840
9.558840
9.558840
9.558840
9.558840
9.558840
9.558840
9.558840
9.558840
9.558840
9.558840
9.558840
9.558840
9.558840
9.558840
9.558840
9.558840
9.558840
9.558840
9.558840
9.558840
9.558840
9.558840
9.558840
9.558840
9.558840
9.558840
9.558840
9.558840
9.558840
9.558840
9.558840
9.558840
9.558840
9.558840
9.558840
9.558840
9.558840
9.558840
9.558840
9.558840
9.558840
9.558840
9.558840
9.558840
9.558840
9.558840
9.558840
9.558840
9.558840
9.558840
9.558840
9.558840
9.558840
9.558840
9.558840
9.558840
9.558840
9.558840
9.558840
9.558840
9.558840
9.558840
9.558840
9.558840
9.558840
9.558840
9.558840
9.558840
9.558840
9.558840
9.558840
9.558840
9.558840
9.558840
9.558840
9.558840
9.558840
9.558840
9.558840
9.558840
9.558840
9.558840
9.558840
9.558840
9.558840
9.558840
9.558840
9.558840
9.558840
9.558840
9.558840
9.558840
9.558840
9.558840
9.558840
9.558840
9.558840
9.558840
9.558840
9.558840
9.558840
9.558840
9.558840
9.558840
9.558840
9.558840
9.558840
9.558840
9.558840
9.558840
9.558840
9.558840
9.558840
9.558840
9.558840
9.558840
9.558840
9.558840
9.558840
9.558840
9.558840
9.558840
9.558840
9.558840
9.558840
9.558840
9.558840
9.558840
9.558840
9.558840
9.558840
9.558840
9.558840
9.558840
9.558840
9.558840
9.558840
9.558840
9.558840
9.558840
9.558840
9.558840
9.558840
9.558840
9.558840
9.558840
9.558840
9.558840
9.558840
9.558840
9.558840
9.558840
9.558840
9.558840
9.558840
9.558840
9.558840
9.558840
9.558840
9.558840
9.558840
9.558840
9.558840
9.558840
9.558840
9.558840
9.558840
9.558840
9.558840
9.558840
9.558840
9.558840
9.558840
9.558840
9.558840
9.558840
9.558840
9.558840
9.558840
9.558840
9.558840
9.558840
9.558840
9.558840
9.558840
9.558840
9.558840
9.558840
9.558840
9.558840
9.558840
9.558840
9.558840
9.558840
9.558840
9.558840
9.558840
9.558840
9.558840
9.558840
9.558840
9.558840
9.558840
9.558840
9.558840
9.558840
9.558840
9.558840
9.558840
9.558840
9.558840
9.558840
9.558840
9.558840
9.558840
9.558840
9.558840
9.558840
9.558840
9.558840
9.558840
9.558840
9.558840
9.558840
9.558840
9.558840
9.558840
9.558840
9.558840
9.558840
9.558840
9.558840
9.558840
9.558840
9.558840
9.558840
9.558840
9.558840
9.558840
9.558840
9.558840
9.558840
9.558840
9.558840
9.558840
9.558840
9.558840
9.558840
9.558840
9.558840
9.558840
9.558840
9.558840
9.558840
9.558840
9.558840
9.558840
9.558840
9.558840
9.558840
9.558840
9.558840
9.558840
9.558840
9.558840
9.558840
9.558840
9.558840
9.558840
9.558840
9.558840
9.558840
9.558840
9.558840
9.558840
9.558840
9.558840
9.558840
9.558840
9.558840
9.558840
9.558840
9.558840
9.558840
9.558840
9.558840
9.558840
9.558840
9.558840
9.558840
9.558840
9.558840
9.558840
9.558840
9.558840
9.558840
9.558840
9.558840
9.558840
9.558840
9.558840
9.558840
9.558840
9.558840
9.558840
9.558840
9.558840
9.558840
9.558840
9.558840
9.558840
9.558840
9.558840
9.558840
9.558840
9.558840
9.558840
9.558840
9.558840
9.558840
9.558840
9.558840
9.558840
9.558840
9.558840
9.558840
9.558840
9.558840
9.558840
9.558840
9.558840
9.558840
9.558840
9.558840
9.558840
9.558840
9.558840
9.558840
9.558840
9.558840
9.558840
9.558840
9.558840
9.558840
9.558840
9.558840
9.558840
9.558840
9.558840
9.558840
9.558840
9.558840
9.558840
9.558840
9.558840
9.558840
9.558840
9.558840
9.558840
9.558840
9.558840
9.558840
9.558840
9.558840
9.558840
9.558840
9.558840
9.558840
9.558840
9.558840
9.558840
9.558840
9.558840
9.558840
9.558840
9.558840
9.558840
9.558840
9.558840
9.558840
9.558840
9.558840
9.558840
9.558840
9.558840
9.558840
9.558840
9.558840
9.558840
9.558840
9.558840
9.558840
9.558840
9.558840
9.558840
9.558840
9.558840
9.558840
9.558840
9.558840
9.558840
9.558840
9.558840
9.558840
9.558840
9.558840
9.558840
9.558840
9.558840
9.558840
9.558840
9.558840
9.558840
9.558840
9.558840
9.558840
9.558840
9.558840
9.558840
9.558840
9.558840
9.558840
9.558840
9.558840
9.558840
9.558840
9.558840
9.558840
9.558840
9.558840
9.558840
9.558840
9.558840
9.558840
9.558840
9.558840
9.558840
9.558840
9.558840
9.558840
9.558840
9.558840
9.558840
9.558840
9.558840
9.558840
9.558840
9.558840
9.558840
9.558840
9.558840
9.558840
9.558840
9.558840
9.558840
9.558840
9.558840
9.558840
9.558840
9.558840
9.558840
9.558840
9.558840
9.558840
9.558840
9.558840
9.558840
9.558840
9.558840
9.558840
9.558840
9.558840
9.558840
9.558840
9.558840
9.558840
9.558840
9.558840
9.558840
9.558840
9.558840
9.558840
9.558840
9.558840
9.558840
9.558840
9.558840
9.558840
9.558840
9.558840
9.558840
9.558840
9.558840
9.558840
9.558840
9.558840
9.558840
9.558840
9.558840
9.558840
9.558840
9.558840
9.558840
9.558840
9.558840
9.558840
9.558840
9.558840
9.558840
9.558840
9.558840
9.558840
9.558840
9.558840
9.558840
9.558840
9.558840
9.558840
9.558840
9.558840
9.558840
9.558840
9.558840
9.558840
9.558840
9.558840
9.558840
9.558840
9.558840
9.558840
9.558840
9.558840
9.558840
9.558840
9.558840
9.558840
9.558840
9.558840
9.558840
9.558840
9.558840
9.558840
9.558840
9.558840
9.558840
9.558840
9.558840
9.558840
9.558840
9.558840
9.558840
9.558840
9.558840
9.558840
9.558840
9.558840
9.558840
9.558840
9.558840
9.558840
9.558840
9.558840
9.558840
9.558840
9.558840
9.558840
9.558840
9.558840
9.558840
9.558840
9.558840
9.558840
9.558840
9.558840
9.558840
9.558840
9.558840
9.558840
9.558840
9.558840
9.558840
9.558840
9.558840
9.558840
9.558840
9.558840
9.558840
9.558840
9.558840
9.558840
9.558840
9.558840
9.558840
9.558840
9.558840
9.558840
9.558840
9.558840
9.558840
9.558840
9.558840
9.558840
9.558840
9.558840
9.558840
9.558840
9.558840
9.558840
9.558840
9.558840
9.558840
9.558840
9.558840
9.558840
9.558840
9.558840
9.558840
9.558840
9.558840
9.558840
9.558840
9.558840
9.558840
9.558840
9.558840
9.558840
9.558840
9.558840
9.558840
9.558840
9.558840
9.558840
9.558840
9.558840
9.558840
9.558840
9.558840
9.558840
9.558840
9.558840
9.558840
9.558840
9.558840
9.558840
9.558840
9.558840
9.558840
9.558840
9.558840
9.558840
9.558840
9.558840
9.558840
9.558840
9.558840
9.558840
9.558840
9.558840
9.558840
9.558840
9.558840
9.558840
9.558840
9.558840
9.558840
9.558840
9.558840
9.558840
9.558840
9.558840
9.558840
9.558840
9.558840
9.558840
9.558840
9.558840
9.558840
9.558840
9.558840
9.558840
9.558840
9.558840
9.558840
9.558840
9.558840
9.558840
9.558840
9.558840
9.558840
9.558840
9.558840
9.558840
9.558840
9.558840
9.558840
9.558840
9.558840
9.558840
9.558840
9.558840
9.558840
9.558840
9.558840
9.558840
9.558840
9.558840
9.558840
9.558840
9.558840
9.558840
9.558840
9.558840
9.558840
9.558840
9.558840
9.558840
9.558840
9.558840
9.558840
9.558840
9.558840
9.558840
9.558840
9.558840
9.558840
9.558840
9.558840
9.558840
9.558840
9.558840
9.558840
9.558840
9.558840
9.558840
9.558840
9.558840
9.558840
9.558840
9.558840
9.558840
9.558840
9.558840
9.558840
9.558840
9.558840
9.558840
9.558840
9.558840
9.558840
9.558840
9.558840
9.558840
9.558840
9.558840
9.558840
9.558840
9.558840
9.558840
9.558840
9.558840
9.558840
9.558840
9.558840
9.558840
9.558840
9.558840
9.558840
9.558840
9.558840
9.558840
9.558840
9.558840
9.558840
9.558840
9.558840
9.558840
9.558840
9.558840
9.558840
9.558840
9.558840
9.558840
9.558840
9.558840
9.558840
9.558840
9.558840
9.558840
9.558840
9.558840
9.558840
9.558840
9.558840
9.558840
9.558840
9.558840
9.558840
9.558840
9.558840
9.558840
9.558840
9.558840
9.558840
9.558840
9.558840
9.558840
9.558840
9.558840
9.558840
9.558840
9.558840
9.558840
9.558840
9.558840
9.558840
9.558840
9.558840
9.558840
9.558840
9.558840
9.558840
9.558840
9.558840
9.558840
9.558840
9.558840
9.558840
9.558840
9.558840
9.558840
9.558840
9.558840
9.558840
9.558840
9.558840
9.558840
9.558840
9.558840
9.558840
9.558840
9.558840
9.558840
9.558840
9.558840
9.558840
9.558840
9.558840
9.558840
9.558840
9.558840
9.558840
9.558840
9.558840
9.558840
9.558840
9.558840
9.558840
9.558840
9.558840
9.558840
9.558840
9.558840
9.558840
9.558840
9.558840
9.558840
9.558840
9.558840
9.558840
9.558840
9.558840
9.558840
9.558840
9.558840
9.558840
9.558840
9.558840
9.558840
9.558840
9.558840
9.558840
9.558840
9.558840
9.558840
9.558840
9.558840
9.558840
9.558840
9.558840
9.558840
9.558840
9.558840
9.558840
9.558840
9.558840
9.558840
9.558840
9.558840
9.558840
9.558840
9.558840
9.558840
9.558840
9.558840
9.558840
9.558840
9.558840
9.558840
9.558840
9.558840
9.558840
9.558840
9.558840
9.558840
9.558840
9.558840
9.558840
9.558840
9.558840
9.558840
9.558840
9.558840
9.558840
9.558840
9.558840
9.558840
9.558840
9.558840
9.558840
9.558840
9.558840
9.558840
9.558840
9.558840
9.558840
9.558840
9.558840
9.558840
9.558840
9.558840
9.558840
9.558840
9.558840
9.558840
9.558840
9.558840
9.558840
9.558840
9.558840
9.558840
9.558840
9.558840
9.558840
9.558840
9.558840
9.558840
9.558840
9.558840
9.558840
9.558840
9.558840
9.558840
9.558840
9.558840
9.558840
9.558840
9.558840
9.558840
9.558840
9.558840
9.558840
9.558840
9.558840
9.558840
9.558840
9.558840
9.558840
9.558840
9.558840
9.558840
9.558840
9.558840
9.558840
9.558840
9.558840
9.558840
9.558840
9.558840
9.558840
9.558840
9.558840
9.558840
9.558840
9.558840
9.558840
9.558840
9.558840
9.558840
9.558840
9.558840
9.558840
9.558840
9.558840
9.558840
9.558840
9.558840
9.558840
9.558840
9.558840
9.558840
9.558840
9.558840
9.558840
9.558840
9.558840
9.558840
9.558840
9.558840
9.558840
9.558840
9.558840
9.558840
9.558840
9.558840
9.558840
9.558840
9.558840
9.558840
9.558840
9.558840
9.558840
9.558840
9.558840
9.558840
9.558840
9.558840
9.558840
9.558840
9.558840
9.558840
9.558840
9.558840
9.558840
9.558840
9.558840
9.558840
9.558840
9.558840
9.558840
9.558840
9.558840
9.558840
9.558840
9.558840
9.558840
9.558840
9.558840
9.558840
9.558840
9.558840
9.558840
9.558840
9.558840
9.558840
9.558840
9.558840
9.558840
9.558840
9.558840
9.558840
9.558840
9.558840
9.558840
9.558840
9.558840
9.558840
9.558840
9.558840
9.558840
9.558840
9.558840
9.558840
9.558840
9.558840
9.558840
9.558840
9.558840
9.558840
9.558840
9.558840
9.558840
9.558840
9.558840
9.558840
9.558840
9.558840
9.558840
9.558840
9.558840
9.558840
9.558840
9.558840
9.558840
9.558840
9.558840
9.558840
9.558840
9.558840
9.558840
9.558840
9.558840
9.558840
9.558840
9.558840
9.558840
9.558840
9.558840
9.558840
9.558840
9.558840
9.558840
9.558840
9.558840
9.558840
9.558840
9.558840
9.558840
9.558840
9.558840
9.558840
9.558840
9.558840
9.558840
9.558840
9.558840
9.558840
9.558840
9.558840
9.558840
9.558840
9.558840
9.558840
9.558840
9.558840
9.558840
9.558840
9.558840
9.558840
9.558840
9.558840
9.558840
9.558840
9.558840
9.558840
9.558840
9.558840
9.558840
9.558840
9.558840
9.558840
9.558840
9.558840
9.558840
9.558840
9.558840
9.558840
9.558840
9.558840
9.558840
9.558840
9.558840
9.558840
9.558840
9.558840
9.558840
9.558840
9.558840
9.558840
9.558840
9.558840
9.558840
9.558840
9.558840
9.558840
9.558840
9.558840
9.558840
9.558840
9.558840
9.558840
9.558840
9.558840
9.558840
9.558840
9.558840
9.558840
9.558840
9.558840
9.558840
9.558840
9.558840
9.558840
9.558840
9.558840
9.558840
9.558840
9.558840
9.558840
9.558840
9.558840
9.558840
9.558840
9.558840
9.558840
9.558840
9.558840
9.558840
9.558840
9.558840
9.558840
9.558840
9.558840
9.558840
9.558840
9.558840
9.558840
9.558840
9.558840
9.558840
9.558840
9.558840
9.558840
9.558840
9.558840
9.558840
9.558840
9.558840
9.558840
9.558840
9.558840
9.558840
9.558840
9.558840
9.558840
9.558840
9.558840
9.558840
9.558840
9.558840
9.558840
9.558840
9.558840
9.558840
9.558840
9.558840
9.558840
9.558840
9.558840
9.558840
9.558840
9.558840
9.558840
9.558840
9.558840
9.558840
9.558840
9.558840
9.558840
9.558840
9.558840
9.558840
9.558840
9.558840
9.558840
9.558840
9.558840
9.558840
9.558840
9.558840
9.558840
9.558840
9.558840
9.558840
9.558840
9.558840
9.558840
9.558840
9.558840
9.558840
9.558840
9.558840
9.558840
9.558840
9.558840
9.558840
9.558840
9.558840
9.558840
9.558840
9.558840
9.558840
9.558840
9.558840
9.558840
9.558840
9.558840
9.558840
9.558840
9.558840
9.558840
9.558840
9.558840
9.558840
9.558840
9.558840
9.558840
9.558840
9.558840
9.558840
9.558840
9.558840
9.558840
9.558840
9.558840
9.558840
9.558840
9.558840
9.558840
9.558840
9.558840
9.558840
9.558840
9.558840
9.558840
9.558840
9.558840
9.558840
9.558840
9.558840
9.558840
9.558840
9.558840
9.558840
9.558840
9.558840
9.558840
9.558840
9.558840
9.558840
9.558840
9.558840
9.558840
9.558840
9.558840
9.558840
9.558840
9.558840
9.558840
9.558840
9.558840
9.558840
9.558840
9.558840
9.558840
9.558840
9.558840
9.558840
9.558840
9.558840
9.558840
9.558840
9.558840
9.558840
9.558840
9.558840
9.558840
9.558840
9.558840
9.558840
9.558840
9.558840
9.558840
9.558840
9.558840
9.558840
9.558840
9.558840
9.558840
9.558840
9.558840
9.558840
9.558840
9.558840
9.558840
9.558840
9.558840
9.558840
9.558840
9.558840
9.558840
9.558840
9.558840
9.558840
9.558840
9.558840
9.558840
9.558840
9.558840
9.558840
9.558840
9.558840
9.558840
9.558840
9.558840
9.558840
9.558840
9.558840
9.558840
9.558840
9.558840
9.558840
9.558840
9.558840
9.558840
9.558840
9.558840
9.558840
9.558840
9.558840
9.558840
9.558840
9.558840
9.558840
9.558840
9.558840
9.558840
9.558840
9.558840
9.558840
9.558840
9.558840
9.558840
9.558840
9.558840
9.558840
9.558840
9.558840
9.558840
9.558840
9.558840
9.558840
9.558840
9.558840
9.558840
9.558840
9.558840
9.558840
9.558840
9.558840
9.558840
9.558840
9.558840
9.558840
9.558840
9.558840
9.558840
9.558840
9.558840
9.558840
9.558840
9.558840
9.558840
9.558840
9.558840
9.558840
9.558840
9.558840
9.558840
9.558840
9.558840
9.558840
9.558840
9.558840
9.558840
9.558840
9.558840
9.558840
9.558840
9.558840
9.558840
9.558840
9.558840
9.558840
9.558840
9.558840
9.558840
9.558840
9.558840
9.558840
9.558840
9.558840
9.558840
9.558840
9.558840
9.558840
9.558840
9.558840
9.558840
9.558840
9.558840
9.558840
9.558840
9.558840
9.558840
9.558840
9.558840
9.558840
9.558840
9.558840
9.558840
9.558840
9.558840
9.558840
9.558840
9.558840
9.558840
9.558840
9.558840
9.558840
9.558840
9.558840
9.558840
9.558840
9.558840
9.558840
9.558840
9.558840
9.558840
9.558840
9.558840
9.558840
9.558840
9.558840
9.558840
9.558840
9.558840
9.558840
9.558840
9.558840
9.558840
9.558840
9.558840
9.558840
9.558840
9.558840
9.558840
9.558840
9.558840
9.558840
9.558840
9.558840
9.558840
9.558840
9.558840
9.558840
9.558840
9.558840
9.558840
9.558840
9.558840
9.558840
9.558840
9.558840
9.558840
9.558840
9.558840
9.558840
9.558840
9.558840
9.558840
9.558840
9.558840
9.558840
9.558840
9.558840
9.558840
9.558840
9.558840
9.558840
9.558840
9.558840
9.558840
9.558840
9.558840
9.558840
9.558840
9.558840
9.558840
9.558840
9.558840
9.558840
9.558840
9.558840
9.558840
9.558840
9.558840
9.558840
9.558840
9.558840
9.558840
9.558840
9.558840
9.558840
9.558840
9.558840
9.558840
9.558840
9.558840
9.558840
9.558840
9.558840
9.558840
9.558840
9.558840
9.558840
9.558840
9.558840
9.558840
9.558840
9.558840
9.558840
9.558840
9.558840
9.558840
9.558840
9.558840
9.558840
9.558840
9.558840
9.558840
9.558840
9.558840
9.558840
9.558840
9.558840
9.558840
9.558840
9.558840
9.558840
9.558840
9.558840
9.558840
9.558840
9.558840
9.558840
9.558840
9.558840
9.558840
9.558840
9.558840
9.558840
9.558840
9.558840
9.558840
9.558840
9.558840
9.558840
9.558840
9.558840
9.558840
9.558840
9.558840
9.558840
9.558840
9.558840
9.558840
9.558840
9.558840
9.558840
9.558840
9.558840
9.558840
9.558840
9.558840
9.558840
9.558840
9.558840
9.558840
9.558840
9.558840
9.558840
9.558840
9.558840
9.558840
9.558840
9.558840
9.558840
9.558840
9.558840
9.558840
9.558840
9.558840
9.558840
9.558840
9.558840
9.558840
9.558840
9.558840
9.558840
9.558840
9.558840
9.558840
9.558840
9.558840
9.558840
9.558840
9.558840
9.558840
9.558840
9.558840
9.558840
9.558840
9.558840
9.558840
9.558840
9.558840
9.558840
9.558840
9.558840
9.558840
9.558840
9.558840
9.558840
9.558840
9.558840
9.558840
9.558840
9.558840
9.558840
9.558840
9.558840
9.558840
9.558840
9.558840
9.558840
9.558840
9.558840
9.558840
9.558840
9.558840
9.558840
9.558840
9.558840
9.558840
9.558840
9.558840
9.558840
9.558840
9.558840
9.558840
9.558840
9.558840
9.558840
9.558840
9.558840
9.558840
9.558840
9.558840
9.558840
9.558840
9.558840
9.558840
9.558840
9.558840
9.558840
9.558840
9.558840
9.558840
9.558840
9.558840
9.558840
9.558840
9.558840
9.558840
9.558840
9.558840
9.558840
9.558840
9.558840
9.558840
9.558840
9.558840
9.558840
9.558840
9.558840
9.558840
9.558840
9.558840
9.558840
9.558840
9.558840
9.558840
9.558840
9.558840
9.558840
9.558840
9.558840
9.558840
9.558840
9.558840
9.558840
9.558840
9.558840
9.558840
9.558840
9.558840
9.558840
9.558840
9.558840
9.558840
9.558840
9.558840
9.558840
9.558840
9.558840
9.558840
9.558840
9.558840
9.558840
9.558840
9.558840
9.558840
9.558840
9.558840
9.558840
9.558840
9.558840
9.558840
9.558840
9.558840
9.558840
9.558840
9.558840
9.558840
9.558840
9.558840
9.558840
9.558840
9.558840
9.558840
9.558840
9.558840
9.558840
9.558840
9.558840
9.558840
9.558840
9.558840
9.558840
9.558840
9.558840
9.558840
9.558840
9.558840
9.558840
9.558840
9.558840
9.558840
9.558840
9.558840
9.558840
9.558840
9.558840
9.558840
9.558840
9.558840
9.558840
9.558840
9.558840
9.558840
9.558840
9.558840
9.558840
9.558840
9.558840
9.558840
9.558840
9.558840
9.558840
9.558840
9.558840
9.558840
9.558840
9.558840
9.558840
9.558840
9.558840
9.558840
9.558840
9.558840
9.558840
9.558840
9.558840
9.558840
9.558840
9.558840
9.558840
9.558840
9.558840
9.558840
9.558840
9.558840
9.558840
9.558840
9.558840
9.558840
9.558840
9.558840
9.558840
9.558840
9.558840
9.558840
9.558840
9.558840
9.558840
9.558840
9.558840
9.558840
9.558840
9.558840
9.558840
9.558840
9.558840
9.558840
9.558840
9.558840
9.558840
9.558840
9.558840
9.558840
9.558840
9.558840
9.558840
9.558840
9.558840
9.558840
9.558840
9.558840
9.558840
9.558840
9.558840
9.558840
9.558840
9.558840
9.558840
9.558840
9.558840
9.558840
9.558840
9.558840
9.558840
9.558840
9.558840
9.558840
9.558840
9.558840
9.558840
9.558840
9.558840
9.558840
9.558840
9.558840
9.558840
9.558840
9.558840
9.558840
9.558841
9.558842
9.558843
9.558844
9.558845
9.558847
9.558849
9.558851
9.558853
9.558855
9.558857
9.558859
9.558861
9.558863
9.558865
9.558866
9.558867
9.558868
9.558868
9.558868
9.558868
9.558867
9.558865
9.558863
9.558861
9.558858
9.558855
9.558851
9.558847
9.558842
9.558836
9.558830
9.558823
9.558816
9.558807
9.558798
9.558789
9.558779
9.558768
9.558756
9.558744
9.558731
9.558718
9.558703
9.558688
9.558673
9.558656
9.558639
9.558622
9.558603
9.558584
9.558565
9.558544
9.558524
9.558502
9.558480
9.558458
9.558435
9.558412
9.558388
9.558363
9.558338
9.558313
9.558287
9.558261
9.558236
9.558210
9.558183
9.558157
9.558130
9.558104
9.558077
9.558050
9.558024
9.557997
9.557970
9.557944
9.557918
9.557892
9.557866
9.557841
9.557816
9.557791
9.557766
9.557741
9.557716
9.557691
9.557666
9.557641
9.557616
9.557591
9.557566
9.557541
9.557516
9.557491
9.557466
9.557441
9.557416
9.557391
9.557366
9.557341
9.557316
9.557292
9.557267
9.557242
9.557217
9.557192
9.557167
9.557142
9.557117
9.557092
9.557067
9.557042
9.557017
9.556992
9.556968
9.556943
9.556918
9.556893
9.556868
9.556843
9.556818
9.556793
9.556768
9.556743
9.556719
9.556694
9.556669
9.556644
9.556619
9.556593
9.556569
9.556544
9.556519
9.556494
9.556469
9.556444
9.556419
9.556394
9.556369
9.556345
9.556320
9.556295
9.556270
9.556246
9.556221
9.556196
9.556171
9.556146
9.556121
9.556096
9.556071
9.556046
9.556021
9.555996
9.555971
9.555946
9.555921
9.555896
9.555871
9.555846
9.555821
9.555796
9.555771
9.555747
9.555722
9.555697
9.555672
9.555647
9.555622
9.555597
9.555573
9.555548
9.555523
9.555498
9.555472
9.555447
9.555422
9.555397
9.555372
9.555348
9.555323
9.555298
9.555273
9.555248
9.555224
9.555199
9.555174
9.555149
9.555124
9.555099
9.555074
9.555049
9.555024
9.554999
9.554974
9.554949
9.554924
9.554899
9.554874
9.554849
9.554825
9.554800
9.554775
9.554750
9.554725
9.554700
9.554675
9.554650
9.554625
9.554600
9.554575
9.554551
9.554526
9.554501
9.554476
9.554451
9.554426
9.554401
9.554376
9.554351
9.554326
9.554301
9.554276
9.554250
9.554225
9.554200
9.554176
9.554151
9.554126
9.554101
9.554076
9.554052
9.554027
9.554002
9.553977
9.553952
9.553928
9.553903
9.553878
9.553853
9.553828
9.553803
9.553778
9.553753
9.553728
9.553704
9.553679
9.553654
9.553629
9.553604
9.553579
9.553554
9.553529
9.553504
9.553479
9.553454
9.553429
9.553404
9.553379
9.553354
9.553329
9.553304
9.553279
9.553254
9.553230
9.553205
9.553180
9.553155
9.553130
9.553105
9.553080
9.553055
9.553030
9.553005
9.552981
9.552956
9.552931
9.552906
9.552881
9.552856
9.552831
9.552806
9.552781
9.552756
9.552732
9.552707
9.552682
9.552657
9.552632
9.552607
9.552582
9.552557
9.552532
9.552507
9.552482
9.552457
9.552432
9.552407
9.552382
9.552357
9.552333
9.552308
9.552283
9.552259
9.552234
9.552210
9.552186
9.552162
9.552139
9.552116
9.552094
9.552072
9.552050
9.552029
9.552007
9.551985
9.551964
9.551942
9.551920
9.551898
9.551876
9.551853
9.551830
9.551806
9.551781
9.551756
9.551730
9.551703
9.551675
9.551647
9.551617
9.551587
9.551555
9.551523
9.551490
9.551455
9.551420
9.551383
9.551345
9.551306
9.551266
9.551225
9.551182
9.551138
9.551093
9.551047
9.550999
9.550950
9.550899
9.550848
9.550795
9.550740
9.550685
9.550629
9.550571
9.550512
9.550451
9.550390
9.550328
9.550264
9.550200
9.550134
9.550068
9.550001
9.549933
9.549864
9.549794
9.549723
9.549652
9.549580
9.549508
9.549435
9.549362
9.549288
9.549214
9.549140
9.549066
9.548992
9.548918
9.548844
9.548770
9.548697
9.548623
9.548550
9.548477
9.548405
9.548333
9.548261
9.548190
9.548119
9.548048
9.547977
9.547906
9.547835
9.547764
9.547693
9.547622
9.547551
9.547480
9.547409
9.547338
9.547267
9.547196
9.547126
9.547055
9.546984
9.546913
9.546843
9.546772
9.546701
9.546630
9.546560
9.546489
9.546418
9.546348
9.546278
9.546208
9.546139
9.546069
9.546001
9.545932
9.545863
9.545795
9.545726
9.545658
9.545589
9.545521
9.545452
9.545382
9.545313
9.545243
9.545172
9.545101
9.545029
9.544958
9.544885
9.544813
9.544739
9.544666
9.544591
9.544516
9.544440
9.544363
9.544285
9.544207
9.544128
9.544048
9.543967
9.543886
9.543803
9.543720
9.543636
9.543551
9.543465
9.543379
9.543291
9.543203
9.543114
9.543024
9.542933
9.542841
9.542748
9.542654
9.542560
9.542465
9.542369
9.542273
9.542175
9.542077
9.541978
9.541879
9.541779
9.541678
9.541577
9.541476
9.541373
9.541270
9.541167
9.541064
9.540960
9.540856
9.540752
9.540648
9.540543
9.540439
9.540334
9.540230
9.540125
9.540021
9.539917
9.539814
9.539711
9.539609
9.539507
9.539405
9.539304
9.539204
9.539103
9.539002
9.538902
9.538801
9.538700
9.538599
9.538498
9.538397
9.538295
9.538193
9.538091
9.537988
9.537885
9.537781
9.537677
9.537573
9.537468
9.537362
9.537256
9.537149
9.537042
9.536933
9.536824
9.536715
9.536605
9.536494
9.536383
9.536271
9.536159
9.536045
9.535930
9.535815
9.535699
9.535582
9.535465
9.535348
9.535229
9.535110
9.534990
9.534869
9.534748
9.534625
9.534503
9.534379
9.534255
9.534131
9.534005
9.533879
9.533753
9.533626
9.533499
9.533372
9.533245
9.533118
9.532991
9.532864
9.532738
9.532611
9.532484
9.532357
9.532230
9.532102
9.531975
9.531847
9.531719
9.531591
9.531462
9.531333
9.531204
9.531075
9.530945
9.530815
9.530684
9.530553
9.530421
9.530288
9.530154
9.530020
9.529884
9.529747
9.529610
9.529471
9.529331
9.529190
9.529048
9.528905
9.528760
9.528615
9.528468
9.528319
9.528170
9.528019
9.527868
9.527715
9.527561
9.527406
9.527250
9.527093
9.526935
9.526776
9.526615
9.526454
9.526292
9.526129
9.525965
9.525800
9.525633
9.525466
9.525298
9.525129
9.524959
9.524788
9.524616
9.524443
9.524269
9.524094
9.523919
9.523743
9.523565
9.523388
9.523209
9.523030
9.522851
9.522671
9.522491
9.522310
9.522129
9.521949
9.521768
9.521586
9.521405
9.521224
9.521042
9.520861
9.520680
9.520498
9.520316
9.520134
9.519952
9.519770
9.519588
9.519405
9.519223
9.519039
9.518856
9.518671
9.518486
9.518301
9.518114
9.517927
9.517739
9.517550
9.517359
9.517167
9.516974
9.516780
9.516585
9.516388
9.516190
9.515990
9.515789
9.515588
9.515384
9.515180
9.514974
9.514767
9.514559
9.514350
9.514140
9.513929
9.513717
9.513504
9.513290
9.513075
9.512860
9.512643
9.512424
9.512204
9.511983
9.511760
9.511536
9.511309
9.511081
9.510851
9.510618
9.510384
9.510148
9.509910
9.509670
9.509428
9.509185
9.508939
9.508692
9.508443
9.508192
9.507939
9.507686
9.507430
9.507173
9.506914
9.506654
9.506392
9.506129
9.505864
9.505597
9.505330
9.505061
9.504790
9.504519
9.504247
9.503974
9.503700
9.503425
9.503150
9.502874
9.502597
9.502319
9.502041
9.501761
9.501480
9.501199
9.500916
9.500632
9.500348
9.500062
9.499776
9.499488
9.499200
9.498911
9.498621
9.498329
9.498037
9.497744
9.497450
9.497154
9.496858
9.496560
9.496262
9.495964
9.495664
9.495365
9.495064
9.494763
9.494462
9.494161
9.493859
9.493557
9.493255
9.492952
9.492648
9.492343
9.492038
9.491732
9.491424
9.491116
9.490806
9.490496
9.490183
9.489870
9.489555
9.489239
9.488922
9.488603
9.488284
9.487963
9.487642
9.487320
9.486996
9.486671
9.486346
9.486019
9.485691
9.485362
9.485031
9.484699
9.484365
9.484030
9.483693
9.483354
9.483014
9.482671
9.482328
9.481982
9.481635
9.481286
9.480936
9.480585
9.480232
9.479877
9.479520
9.479162
9.478802
9.478441
9.478077
9.477712
9.477345
9.476977
9.476607
9.476236
9.475863
9.475488
9.475112
9.474734
9.474354
9.473973
9.473590
9.473206
9.472820
9.472432
9.472042
9.471651
9.471258
9.470863
9.470467
9.470069
9.469669
9.469268
9.468866
9.468462
9.468057
9.467651
9.467243
9.466835
9.466425
9.466013
9.465601
9.465186
9.464770
9.464352
9.463933
9.463512
9.463089
9.462665
9.462240
9.461814
9.461387
9.460959
9.460531
9.460102
9.459672
9.459241
9.458808
9.458375
9.457940
9.457503
9.457065
9.456625
9.456183
9.455739
9.455293
9.454844
9.454393
9.453939
9.453483
9.453025
9.452564
9.452100
9.451634
9.451164
9.450692
9.450218
9.449740
9.449259
9.448776
9.448290
9.447800
9.447307
9.446812
9.446313
9.445810
9.445305
9.444796
9.444285
9.443770
9.443252
9.442732
9.442208
9.441682
9.441153
9.440622
9.440088
9.439551
9.439011
9.438468
9.437923
9.437375
9.436825
9.436273
9.435718
9.435161
9.434602
9.434040
9.433477
9.432912
9.432344
9.431775
9.431204
9.430632
9.430057
9.429481
9.428903
9.428324
9.427744
9.427162
9.426579
9.425994
9.425409
9.424822
9.424234
9.423646
9.423057
9.422467
9.421877
9.421287
9.420695
9.420103
9.419510
9.418915
9.418319
9.417721
9.417121
9.416519
9.415915
9.415309
9.414701
9.414091
9.413479
9.412865
9.412248
9.411629
9.411007
9.410383
9.409757
9.409128
9.408497
9.407864
9.407229
9.406591
9.405951
9.405308
9.404663
9.404015
9.403364
9.402711
9.402054
9.401395
9.400732
9.400067
9.399399
9.398729
9.398055
9.397379
9.396701
9.396020
9.395337
9.394651
9.393964
9.393274
9.392582
9.391888
9.391192
9.390493
9.389791
9.389087
9.388380
9.387671
9.386959
9.386244
9.385527
9.384807
9.384085
9.383359
9.382631
9.381900
9.381167
9.380432
9.379693
9.378953
9.378210
9.377464
9.376715
9.375964
9.375211
9.374455
9.373696
9.372935
9.372171
9.371404
9.370635
9.369864
9.369090
9.368314
9.367535
9.366754
9.365970
9.365184
9.364395
9.363604
9.362810
9.362013
9.361214
9.360413
9.359609
9.358803
9.357994
9.357183
9.356369
9.355552
9.354734
9.353913
9.353090
9.352264
9.351436
9.350606
9.349773
9.348938
9.348101
9.347261
9.346419
9.345574
9.344727
9.343878
9.343027
9.342174
9.341318
9.340460
9.339599
9.338737
9.337871
9.337003
9.336133
9.335260
9.334386
9.333508
9.332629
9.331746
9.330861
9.329973
9.329082
9.328188
9.327291
9.326391
9.325487
9.324580
9.323670
9.322756
9.321838
9.320917
9.319992
9.319063
9.318130
9.317193
9.316252
9.315307
9.314357
9.313403
9.312445
9.311482
9.310515
9.309544
9.308567
9.307587
9.306602
9.305613
9.304619
9.303621
9.302619
9.301613
9.300603
9.299588
9.298569
9.297545
9.296518
9.295486
9.294450
9.293410
9.292366
9.291319
9.290268
9.289213
9.288155
9.287094
9.286030
9.284963
9.283891
9.282817
9.281738
9.280655
9.279569
9.278479
9.277385
9.276287
9.275186
9.274080
9.272970
9.271857
9.270739
9.269617
9.268491
9.267361
9.266226
9.265087
9.263942
9.262793
9.261638
9.260477
9.259310
9.258137
9.256959
9.255773
9.254582
9.253384
9.252179
9.250968
9.249750
9.248526
9.247296
9.246059
9.244815
9.243564
9.242306
9.241040
9.239766
9.238485
9.237195
9.235897
9.234590
9.233276
9.231952
9.230620
9.229280
9.227932
9.226576
9.225211
9.223839
9.222458
9.221070
9.219673
9.218268
9.216853
9.215431
9.213999
9.212558
9.211107
9.209648
9.208179
9.206701
9.205214
9.203717
9.202212
9.200699
9.199178
9.197649
9.196113
9.194571
9.193022
9.191466
9.189904
9.188336
9.186762
9.185182
9.183596
9.182005
9.180408
9.178807
9.177201
9.175590
9.173975
9.172356
9.170734
9.169109
9.167481
9.165851
9.164220
9.162588
9.160954
9.159320
9.157686
9.156050
9.154414
9.152777
9.151138
9.149499
9.147859
9.146219
9.144578
9.142937
9.141296
9.139655
9.138015
9.136375
9.134736
9.133097
9.131460
9.129824
9.128189
9.126555
9.124923
9.123291
9.121660
9.120030
9.118399
9.116769
9.115138
9.113507
9.111875
9.110243
9.108609
9.106974
9.105338
9.103699
9.102059
9.100417
9.098772
9.097124
9.095472
9.093816
9.092156
9.090492
9.088821
9.087145
9.085462
9.083773
9.082078
9.080377
9.078671
9.076962
9.075250
9.073535
9.071817
9.070095
9.068368
9.066636
9.064899
9.063156
9.061408
9.059655
9.057896
9.056132
9.054363
9.052588
9.050808
9.049023
9.047232
9.045435
9.043632
9.041823
9.040008
9.038186
9.036359
9.034525
9.032684
9.030836
9.028982
9.027121
9.025253
9.023378
9.021497
9.019608
9.017713
9.015811
9.013901
9.011985
9.010061
9.008131
9.006194
9.004250
9.002299
9.000341
8.998377
8.996405
8.994426
8.992440
8.990447
8.988447
8.986440
8.984425
8.982404
8.980375
8.978339
8.976296
8.974246
8.972189
8.970124
8.968053
8.965975
8.963889
8.961797
8.959698
8.957592
8.955479
8.953360
8.951234
8.949101
8.946962
8.944816
8.942664
8.940506
8.938343
8.936174
8.934001
8.931825
8.929645
8.927462
8.925277
8.923088
8.920897
8.918700
8.916497
8.914287
8.912070
8.909847
8.907617
8.905381
8.903139
8.900891
8.898637
8.896376
8.894109
8.891835
8.889555
8.887269
8.884976
8.882676
8.880369
8.878055
8.875734
8.873405
8.871070
8.868726
8.866375
8.864017
8.861651
8.859277
8.856896
8.854507
8.852110
8.849706
8.847294
8.844874
8.842448
8.840014
8.837573
8.835125
8.832669
8.830207
8.827737
8.825260
8.822776
8.820284
8.817785
8.815278
8.812763
8.810242
8.807713
8.805177
8.802634
8.800084
8.797526
8.794962
8.792391
8.789813
8.787229
8.784638
8.782041
8.779438
8.776828
8.774211
8.771588
8.768958
8.766321
8.763677
8.761026
8.758368
8.755704
8.753032
8.750354
8.747669
8.744977
8.742277
8.739571
8.736857
8.734135
8.731406
8.728669
8.725924
8.723172
8.720411
8.717643
8.714866
8.712080
8.709286
8.706484
8.703674
8.700855
8.698028
8.695193
8.692350
8.689499
8.686640
8.683774
8.680899
8.678017
8.675127
8.672230
8.669325
8.666414
8.663495
8.660570
8.657637
8.654697
8.651751
8.648798
8.645838
8.642872
8.639900
8.636921
8.633936
8.630946
8.627949
8.624946
8.621937
8.618923
8.615902
8.612876
8.609845
8.606808
8.603766
8.600719
8.597667
8.594609
8.591547
8.588479
8.585406
8.582329
8.579247
8.576160
8.573069
8.569973
8.566873
8.563768
8.560657
8.557542
8.554420
8.551294
8.548163
8.545026
8.541885
8.538739
8.535589
8.532433
8.529273
8.526108
8.522937
8.519762
8.516581
8.513395
8.510204
8.507007
8.503806
8.500599
8.497386
8.494168
8.490944
8.487714
8.484478
8.481237
8.477989
8.474736
8.471478
8.468215
8.464948
8.461675
8.458398
8.455117
8.451830
8.448540
8.445245
8.441945
8.438641
8.435332
8.432019
8.428701
8.425378
8.422049
8.418714
8.415373
8.412026
8.408673
8.405315
8.401950
8.398580
8.395203
8.391819
8.388429
8.385031
8.381626
8.378212
8.374790
8.371359
8.367918
8.364468
8.361008
8.357536
8.354054
8.350560
8.347054
8.343535
8.340005
8.336462
8.332907
8.329339
8.325758
8.322165
8.318558
8.314939
8.311306
8.307660
8.304000
8.300327
8.296640
8.292939
8.289224
8.285495
8.281753
8.277997
8.274227
8.270443
8.266645
8.262833
8.259007
8.255167
8.251314
8.247449
8.243571
8.239680
8.235777
8.231861
8.227934
8.223994
8.220043
8.216080
8.212106
8.208121
8.204125
8.200119
8.196102
8.192076
8.188041
8.183996
8.179942
8.175880
8.171810
8.167732
8.163646
8.159553
8.155453
8.151346
8.147231
8.143109
8.138980
8.134843
8.130700
8.126549
8.122392
8.118228
8.114058
8.109881
8.105698
8.101508
8.097311
8.093107
8.088896
8.084678
8.080453
8.076221
8.071981
8.067733
8.063479
8.059217
8.054948
8.050671
8.046388
8.042097
8.037799
8.033495
8.029184
8.024866
8.020542
8.016211
8.011873
8.007528
8.003177
7.998819
7.994455
7.990084
7.985706
7.981321
7.976930
7.972531
7.968126
7.963713
7.959292
7.954864
7.950428
7.945985
7.941535
7.937077
7.932612
7.928138
7.923657
7.919169
7.914672
7.910167
7.905654
7.901133
7.896604
7.892067
7.887523
7.882969
7.878408
7.873838
7.869259
7.864672
7.860077
7.855474
7.850862
7.846242
7.841613
7.836977
7.832331
7.827677
7.823015
7.818344
7.813664
7.808975
7.804277
7.799571
7.794857
7.790134
7.785402
7.780662
7.775914
7.771156
7.766391
7.761617
7.756835
7.752045
7.747248
7.742443
7.737630
7.732810
7.727983
7.723147
7.718304
7.713454
7.708596
7.703731
7.698859
7.693981
7.689096
7.684204
7.679305
7.674400
7.669488
7.664570
7.659645
7.654714
7.649776
7.644832
7.639881
7.634924
7.629960
7.624990
7.620012
7.615028
7.610037
7.605039
7.600034
7.595022
7.590004
7.584979
7.579948
7.574910
7.569865
7.564814
7.559756
7.554693
7.549623
7.544547
7.539465
7.534378
7.529285
7.524186
7.519082
7.513971
7.508855
7.503732
7.498603
7.493468
7.488327
7.483180
7.478027
7.472869
7.467705
7.462535
7.457359
7.452177
7.446989
7.441795
7.436596
7.431390
7.426179
7.420962
7.415739
7.410509
7.405273
7.400029
7.394779
7.389521
7.384257
7.378986
7.373709
7.368426
7.363136
7.357839
7.352536
7.347226
7.341910
7.336587
7.331257
7.325921
7.320578
7.315229
7.309873
7.304510
7.299141
7.293765
7.288382
7.282992
7.277595
7.272192
7.266783
7.261367
7.255945
7.250517
7.245082
7.239642
7.234195
7.228743
7.223284
7.217818
7.212347
7.206870
7.201387
7.195898
7.190404
7.184903
7.179396
7.173883
7.168363
7.162837
7.157305
7.151767
7.146223
7.140674
7.135120
7.129561
7.123996
7.118427
7.112852
7.107272
7.101688
7.096098
7.090504
7.084906
7.079303
7.073694
7.068081
7.062463
7.056839
7.051209
7.045575
7.039935
7.034290
7.028640
7.022985
7.017326
7.011662
7.005994
7.000321
6.994644
6.988963
6.983277
6.977587
6.971893
6.966195
6.960493
6.954787
6.949077
6.943363
6.937645
6.931922
6.926195
6.920463
6.914727
6.908988
6.903246
6.897501
6.891753
6.886003
6.880250
6.874494
6.868736
6.862976
6.857213
6.851448
6.845680
6.839911
6.834138
6.828364
6.822586
6.816805
6.811020
6.805231
6.799438
6.793642
6.787841
6.782037
6.776229
6.770417
6.764602
6.758782
6.752959
6.747132
6.741302
6.735467
6.729628
6.723784
6.717937
6.712086
6.706230
6.700370
6.694504
6.688634
6.682758
6.676877
6.670990
6.665098
6.659201
6.653298
6.647391
6.641479
6.635562
6.629640
6.623713
6.617782
6.611846
6.605905
6.599959
6.594010
6.588056
6.582098
6.576135
6.570168
6.564196
6.558218
6.552236
6.546248
6.540255
6.534258
6.528255
6.522247
6.516235
6.510220
6.504200
6.498177
6.492150
6.486120
6.480086
6.474049
6.468009
6.461966
6.455919
6.449870
6.443817
6.437761
6.431701
6.425637
6.419570
6.413497
6.407421
6.401341
6.395257
6.389170
6.383079
6.376984
6.370886
6.364784
6.358679
6.352570
6.346458
6.340343
6.334224
6.328101
6.321976
6.315846
6.309714
6.303577
6.297437
6.291292
6.285143
6.278990
6.272832
6.266671
6.260505
6.254336
6.248163
6.241988
6.235809
6.229627
6.223442
6.217255
6.211065
6.204872
6.198676
6.192478
6.186277
6.180074
6.173868
6.167660
6.161448
6.155234
6.149017
6.142796
6.136572
6.130345
6.124116
6.117883
6.111647
6.105409
6.099167
6.092923
6.086676
6.080426
6.074173
6.067918
6.061660
6.055400
6.049137
6.042871
6.036603
6.030332
6.024057
6.017779
6.011498
6.005212
5.998923
5.992630
5.986333
5.980032
5.973728
5.967420
5.961109
5.954794
5.948475
5.942153
5.935827
5.929498
5.923165
5.916828
5.910488
5.904144
5.897797
5.891445
5.885089
5.878729
5.872365
5.865996
5.859623
5.853245
5.846863
5.840477
5.834087
5.827693
5.821295
5.814894
5.808489
5.802080
5.795669
5.789254
5.782836
5.776416
5.769992
5.763566
5.757137
5.750705
5.744271
5.737833
5.731392
5.724949
5.718502
5.712053
5.705601
5.699146
5.692689
5.686229
5.679767
5.673303
5.666836
5.660368
5.653896
5.647423
5.640947
5.634469
5.627988
5.621506
5.615020
5.608533
5.602043
5.595551
5.589055
5.582558
5.576058
5.569555
5.563049
5.556541
5.550030
5.543516
5.536999
5.530480
5.523959
5.517435
5.510909
5.504380
5.497849
5.491316
5.484782
5.478246
5.471708
5.465168
5.458626
5.452083
5.445538
5.438990
5.432442
5.425892
5.419340
5.412787
5.406234
5.399679
5.393123
5.386566
5.380008
5.373450
5.366891
5.360332
5.353772
5.347211
5.340650
5.334089
5.327527
5.320965
5.314402
5.307838
5.301274
5.294708
5.288142
5.281575
5.275006
5.268437
5.261865
5.255293
5.248719
5.242144
5.235567
5.228989
5.222410
5.215829
5.209247
5.202664
5.196079
5.189493
5.182905
5.176316
5.169725
5.163132
5.156537
5.149939
5.143340
5.136739
5.130135
5.123528
5.116920
5.110308
5.103694
5.097078
5.090459
5.083838
5.077214
5.070587
5.063958
5.057326
5.050692
5.044055
5.037415
5.030773
5.024129
5.017481
5.010832
5.004180
4.997525
4.990868
4.984209
4.977547
4.970883
4.964217
4.957549
4.950878
4.944206
4.937532
4.930857
4.924180
4.917502
4.910823
4.904143
4.897462
4.890780
4.884098
4.877415
4.870732
4.864048
4.857363
4.850677
4.843991
4.837303
4.830615
4.823925
4.817234
4.810542
4.803849
4.797155
4.790460
4.783764
4.777067
4.770369
4.763669
4.756969
4.750267
4.743565
4.736862
4.730157
4.723452
4.716747
4.710040
4.703332
4.696624
4.689914
4.683204
4.676492
4.669781
4.663069
4.656358
4.649646
4.642935
4.636225
4.629515
4.622807
4.616100
4.609394
4.602690
4.595987
4.589285
4.582585
4.575887
4.569190
4.562494
4.555800
4.549107
4.542415
4.535725
4.529037
4.522350
4.515665
4.508981
4.502299
4.495619
4.488940
4.482262
4.475586
4.468911
4.462237
4.455564
4.448893
4.442223
4.435553
4.428884
4.422216
4.415548
4.408881
4.402215
4.395549
4.388883
4.382218
4.375554
4.368891
4.362228
4.355566
4.348905
4.342243
4.335582
4.328922
4.322261
4.315601
4.308941
4.302281
4.295620
4.288960
4.282299
4.275638
4.268976
4.262314
4.255652
4.248990
4.242327
4.235665
4.229003
4.222341
4.215680
4.209019
4.202359
4.195699
4.189039
4.182381
4.175723
4.169066
4.162410
4.155755
4.149101
4.142448
4.135797
4.129146
4.122498
4.115851
4.109206
4.102563
4.095923
4.089285
4.082649
4.076016
4.069385
4.062756
4.056130
4.049506
4.042885
4.036265
4.029649
4.023034
4.016422
4.009811
4.003203
3.996598
3.989995
3.983394
3.976797
3.970202
3.963612
3.957024
3.950440
3.943861
3.937285
3.930713
3.924145
3.917582
3.911024
3.904469
3.897919
3.891374
3.884832
3.878296
3.871764
3.865237
3.858716
3.852200
3.845690
3.839186
3.832688
3.826196
3.819711
3.813232
3.806759
3.800293
3.793834
3.787381
3.780934
3.774493
3.768058
3.761628
3.755204
3.748785
3.742372
3.735964
3.729562
3.723166
3.716775
3.710390
3.704011
3.697637
3.691268
3.684905
3.678547
3.672194
3.665846
3.659503
3.653164
3.646828
3.640497
3.634169
3.627845
3.621524
3.615207
3.608894
3.602584
3.596279
3.589977
3.583679
3.577386
3.571096
3.564810
3.558529
3.552251
3.545978
3.539708
3.533442
3.527179
3.520919
3.514663
3.508409
3.502159
3.495912
3.489669
3.483431
3.477196
3.470967
3.464742
3.458522
3.452308
3.446099
3.439896
3.433698
3.427507
3.421322
3.415142
3.408968
3.402800
3.396636
3.390479
3.384326
3.378180
3.372039
3.365903
3.359774
3.353652
3.347536
3.341427
3.335326
3.329231
3.323144
3.317064
3.310992
3.304927
3.298869
3.292818
3.286775
3.280738
3.274708
3.268684
3.262668
3.256658
3.250655
3.244659
3.238670
3.232689
3.226717
3.220753
3.214798
3.208852
3.202915
3.196988
3.191070
3.185161
3.179262
3.173372
3.167492
3.161620
3.155757
3.149903
3.144058
3.138221
3.132392
3.126572
3.120761
3.114960
3.109168
3.103385
3.097613
3.091850
3.086097
3.080354
3.074620
3.068896
3.063182
3.057476
3.051780
3.046092
3.040413
3.034741
3.029078
3.023422
3.017774
3.012134
3.006502
3.000878
2.995263
2.989657
2.984059
2.978470
2.972890
2.967318
2.961755
2.956201
2.950655
2.945117
2.939587
2.934064
2.928549
2.923040
2.917538
2.912042
2.906553
2.901070
2.895595
2.890126
2.884665
2.879212
2.873766
2.868328
2.862899
2.857477
2.852063
2.846658
2.841260
2.835870
2.830488
2.825113
2.819746
2.814386
2.809033
2.803687
2.798348
2.793016
2.787692
2.782377
2.777070
2.771772
2.766483
2.761203
2.755932
2.750670
2.745418
2.740174
2.734939
2.729713
2.724495
2.719285
2.714083
2.708889
2.703702
2.698522
2.693350
2.688185
2.683029
2.677882
2.672744
2.667615
2.662495
2.657385
2.652284
2.647193
2.642112
2.637041
2.631980
2.626929
2.621887
2.616855
2.611832
2.606819
2.601814
2.596818
2.591832
2.586856
2.581890
2.576935
2.571991
2.567058
2.562136
2.557225
2.552325
2.547437
2.542560
2.537694
2.532839
2.527995
2.523161
2.518337
2.513522
2.508717
2.503921
2.499135
2.494358
2.489590
2.484833
2.480086
2.475349
2.470622
2.465906
2.461200
2.456504
2.451818
2.447143
2.442477
2.437822
2.433175
2.428538
2.423909
2.419289
2.414677
2.410073
2.405477
2.400890
2.396311
2.391741
2.387179
2.382627
2.378083
2.373548
2.369023
2.364506
2.359998
2.355498
2.351008
2.346525
2.342052
2.337586
2.333127
2.328677
2.324233
2.319798
2.315370
2.310950
2.306538
2.302134
2.297739
2.293353
2.288976
2.284608
2.280250
2.275902
2.271563
2.267234
2.262915
2.258605
2.254304
2.250013
2.245730
2.241457
2.237192
2.232936
2.228689
2.224450
2.220221
2.216001
2.211790
2.207588
2.203396
2.199214
2.195042
2.190879
2.186727
2.182584
2.178451
2.174327
2.170213
2.166108
2.162011
2.157924
2.153846
2.149776
2.145715
2.141663
2.137619
2.133585
2.129560
2.125545
2.121540
2.117545
2.113560
2.109585
2.105621
2.101667
2.097724
2.093792
2.089869
2.085957
2.082055
2.078163
2.074280
2.070408
2.066545
2.062692
2.058849
2.055016
2.051193
2.047380
2.043579
2.039787
2.036007
2.032237
2.028477
2.024729
2.020991
2.017263
2.013546
2.009839
2.006141
2.002454
1.998776
1.995107
1.991448
1.987798
1.984158
1.980527
1.976906
1.973294
1.969691
1.966098
1.962515
1.958942
1.955377
1.951823
1.948277
1.944741
1.941214
1.937695
1.934186
1.930684
1.927191
1.923705
1.920228
1.916759
1.913297
1.909844
1.906399
1.902961
1.899532
1.896111
1.892698
1.889293
1.885897
1.882508
1.879128
1.875755
1.872391
1.869035
1.865686
1.862345
1.859011
1.855684
1.852365
1.849054
1.845751
1.842455
1.839168
1.835888
1.832617
1.829354
1.826099
1.822852
1.819614
1.816384
1.813162
1.809949
1.806743
1.803546
1.800357
1.797176
1.794003
1.790837
1.787680
1.784530
1.781388
1.778253
1.775127
1.772008
1.768898
1.765795
1.762700
1.759614
1.756535
1.753465
1.750403
1.747349
1.744304
1.741267
1.738238
1.735217
1.732204
1.729199
1.726202
1.723214
1.720233
1.717261
1.714297
1.711342
1.708395
1.705456
1.702526
1.699604
1.696690
1.693785
1.690889
1.688002
1.685123
1.682253
1.679391
1.676537
1.673692
1.670855
1.668026
1.665206
1.662394
1.659590
1.656795
1.654008
1.651229
1.648459
1.645696
1.642942
1.640195
1.637457
1.634727
1.632005
1.629291
1.626585
1.623887
1.621196
1.618514
1.615838
1.613171
1.610511
1.607858
1.605212
1.602575
1.599944
1.597321
1.594705
1.592097
1.589495
1.586901
1.584313
1.581733
1.579159
1.576593
1.574033
1.571480
1.568933
1.566393
1.563859
1.561331
1.558810
1.556295
1.553786
1.551284
1.548788
1.546299
1.543816
1.541340
1.538870
1.536407
1.533950
1.531499
1.529055
1.526618
1.524187
1.521763
1.519345
1.516934
1.514529
1.512130
1.509738
1.507352
1.504972
1.502599
1.500233
1.497873
1.495519
1.493172
1.490832
1.488498
1.486171
1.483850
1.481536
1.479229
1.476928
1.474633
1.472345
1.470063
1.467788
1.465519
1.463256
1.460999
1.458749
1.456505
1.454267
1.452035
1.449810
1.447592
1.445380
1.443175
1.440976
1.438784
1.436599
1.434420
1.432249
1.430084
1.427926
1.425775
1.423630
1.421493
1.419362
1.417238
1.415121
1.413011
1.410907
1.408810
1.406721
1.404638
1.402563
1.400495
1.398434
1.396380
1.394333
1.392293
1.390260
1.388235
1.386216
1.384204
1.382200
1.380202
1.378211
1.376226
1.374249
1.372278
1.370313
1.368356
1.366405
1.364461
1.362524
1.360593
1.358670
1.356753
1.354842
1.352939
1.351041
1.349150
1.347265
1.345387
1.343514
1.341648
1.339788
1.337933
1.336085
1.334242
1.332404
1.330573
1.328747
1.326927
1.325113
1.323305
1.321502
1.319705
1.317914
1.316128
1.314348
1.312573
1.310803
1.309038
1.307278
1.305523
1.303773
1.302028
1.300288
1.298553
1.296822
1.295096
1.293375
1.291659
1.289948
1.288242
1.286542
1.284847
1.283157
1.281472
1.279791
1.278116
1.276445
1.274779
1.273118
1.271462
1.269810
1.268163
1.266521
1.264883
1.263250
1.261622
1.259998
1.258379
1.256765
1.255156
1.253552
1.251952
1.250358
1.248767
1.247182
1.245600
1.244024
1.242451
1.240884
1.239320
1.237761
1.236207
1.234657
1.233112
1.231571
1.230034
1.228501
1.226973
1.225449
1.223929
1.222414
1.220904
1.219398
1.217897
1.216401
1.214910
1.213424
1.211942
1.210465
1.208992
1.207524
1.206061
1.204602
1.203149
1.201700
1.200255
1.198815
1.197380
1.195950
1.194524
1.193103
1.191687
1.190275
1.188867
1.187465
1.186067
1.184674
1.183286
1.181903
1.180525
1.179152
1.177783
1.176419
1.175060
1.173706
1.172356
1.171011
1.169670
1.168334
1.167002
1.165674
1.164350
1.163031
1.161716
1.160406
1.159100
1.157799
1.156503
1.155211
1.153924
1.152641
1.151362
1.150088
1.148817
1.147551
1.146289
1.145030
1.143776
1.142525
1.141278
1.140034
1.138794
1.137557
1.136324
1.135094
1.133869
1.132647
1.131429
1.130214
1.129004
1.127797
1.126594
1.125395
1.124199
1.123007
1.121818
1.120633
1.119451
1.118273
1.117098
1.115927
1.114759
1.113594
1.112433
1.111275
1.110120
1.108968
1.107820
1.106675
1.105534
1.104397
1.103263
1.102133
1.101007
1.099884
1.098765
1.097649
1.096537
1.095428
1.094322
1.093220
1.092122
1.091027
1.089935
1.088847
1.087763
1.086682
1.085605
1.084531
1.083461
1.082394
1.081331
1.080271
1.079214
1.078162
1.077113
1.076067
1.075026
1.073988
1.072953
1.071923
1.070896
1.069873
1.068854
1.067839
1.066827
1.065819
1.064814
1.063813
1.062816
1.061823
1.060834
1.059848
1.058867
1.057890
1.056917
1.055947
1.054982
1.054020
1.053062
1.052107
1.051157
1.050209
1.049266
1.048326
1.047390
1.046457
1.045528
1.044603
1.043681
1.042763
1.041849
1.040938
1.040032
1.039128
1.038229
1.037333
1.036440
1.035551
1.034665
1.033782
1.032903
1.032026
1.031153
1.030283
1.029417
1.028553
1.027693
1.026837
1.025983
1.025133
1.024286
1.023442
1.022601
1.021764
1.020929
1.020097
1.019268
1.018442
1.017619
1.016799
1.015981
1.015166
1.014353
1.013543
1.012736
1.011931
1.011129
1.010329
1.009531
1.008737
1.007945
1.007157
1.006371
1.005589
1.004809
1.004032
1.003258
1.002487
1.001718
1.000952
1.000188
0.999427
0.998668
0.997913
0.997159
0.996409
0.995660
0.994915
0.994172
0.993432
0.992694
0.991959
0.991227
0.990497
0.989770
0.989046
0.988324
0.987605
0.986889
0.986175
0.985464
0.984755
0.984048
0.983345
0.982643
0.981945
0.981248
0.980554
0.979863
0.979174
0.978487
0.977802
0.977120
0.976439
0.975761
0.975086
0.974412
0.973742
0.973073
0.972408
0.971745
0.971084
0.970426
0.969770
0.969117
0.968467
0.967819
0.967172
0.966529
0.965887
0.965248
0.964611
0.963976
0.963344
0.962714
0.962087
0.961462
0.960840
0.960220
0.959602
0.958987
0.958374
0.957764
0.957156
0.956550
0.955946
0.955345
0.954746
0.954149
0.953555
0.952963
0.952373
0.951784
0.951198
0.950614
0.950032
0.949452
0.948874
0.948299
0.947725
0.947154
0.946585
0.946018
0.945454
0.944892
0.944332
0.943774
0.943218
0.942665
0.942114
0.941564
0.941017
0.940472
0.939928
0.939387
0.938847
0.938310
0.937774
0.937240
0.936709
0.936179
0.935652
0.935127
0.934604
0.934082
0.933563
0.933045
0.932529
0.932015
0.931503
0.930992
0.930483
0.929976
0.929471
0.928969
0.928468
0.927969
0.927473
0.926979
0.926487
0.925997
0.925509
0.925022
0.924538
0.924056
0.923575
0.923096
0.922619
0.922144
0.921670
0.921199
0.920729
0.920262
0.919796
0.919332
0.918870
0.918410
0.917951
0.917495
0.917040
0.916587
0.916136
0.915686
0.915238
0.914792
0.914347
0.913905
0.913463
0.913023
0.912585
0.912148
0.911713
0.911280
0.910848
0.910418
0.909990
0.909564
0.909140
0.908717
0.908297
0.907878
0.907461
0.907046
0.906632
0.906219
0.905808
0.905398
0.904990
0.904583
0.904178
0.903774
0.903372
0.902971
0.902573
0.902176
0.901781
0.901387
0.900996
0.900606
0.900218
0.899831
0.899446
0.899062
0.898680
0.898300
0.897921
0.897543
0.897167
0.896792
0.896419
0.896047
0.895676
0.895307
0.894940
0.894574
0.894210
0.893847
0.893486
0.893126
0.892768
0.892411
0.892055
0.891701
0.891348
0.890997
0.890647
0.890299
0.889952
0.889607
0.889263
0.888921
0.888579
0.888239
0.887900
0.887562
0.887225
0.886889
0.886555
0.886221
0.885888
0.885557
0.885226
0.884896
0.884568
0.884241
0.883915
0.883591
0.883268
0.882947
0.882627
0.882308
0.881991
0.881675
0.881360
0.881046
0.880733
0.880421
0.880111
0.879800
0.879491
0.879182
0.878874
0.878567
0.878261
0.877955
0.877651
0.877348
0.877046
0.876745
0.876446
0.876147
0.875850
0.875554
0.875259
0.874966
0.874674
0.874383
0.874093
0.873804
0.873516
0.873230
0.872944
0.872659
0.872376
0.872093
0.871811
0.871530
0.871249
0.870970
0.870691
0.870413
0.870136
0.869861
0.869586
0.869312
0.869039
0.868767
0.868496
0.868226
0.867958
0.867690
0.867424
0.867158
0.866894
0.866630
0.866368
0.866107
0.865846
0.865587
0.865328
0.865071
0.864815
0.864560
0.864307
0.864054
0.863803
0.863553
0.863305
0.863057
0.862811
0.862565
0.862321
0.862077
0.861835
0.861593
0.861352
0.861112
0.860873
0.860634
0.860397
0.860160
0.859924
0.859689
0.859454
0.859221
0.858988
0.858756
0.858525
0.858295
0.858066
0.857838
0.857611
0.857386
0.857162
0.856938
0.856716
0.856495
0.856276
0.856057
0.855840
0.855623
0.855408
0.855194
0.854980
0.854768
0.854556
0.854345
0.854136
0.853926
0.853717
0.853509
0.853301
0.853093
0.852885
0.852678
0.852471
0.852264
0.852058
0.851853
0.851648
0.851443
0.851240
0.851037
0.850835
0.850634
0.850434
0.850234
0.850036
0.849839
0.849642
0.849446
0.849252
0.849058
0.848865
0.848673
0.848482
0.848291
0.848102
0.847913
0.847725
0.847538
0.847352
0.847166
0.846981
0.846797
0.846613
0.846429
0.846246
0.846064
0.845882
0.845700
0.845520
0.845339
0.845159
0.844980
0.844800
0.844622
0.844443
0.844265
0.844088
0.843910
0.843734
0.843557
0.843382
0.843207
0.843032
0.842858
0.842685
0.842513
0.842341
0.842170
0.842000
0.841831
0.841662
0.841494
0.841327
0.841161
0.840996
0.840831
0.840667
0.840504
0.840341
0.840179
0.840018
0.839858
0.839698
0.839538
0.839380
0.839221
0.839064
0.838907
0.838751
0.838596
0.838441
0.838288
0.838135
0.837983
0.837832
0.837682
0.837533
0.837384
0.837237
0.837090
0.836944
0.836799
0.836655
0.836511
0.836369
0.836226
0.836085
0.835944
0.835803
0.835663
0.835523
0.835383
0.835244
0.835105
0.834966
0.834828
0.834690
0.834552
0.834415
0.834278
0.834141
0.834005
0.833869
0.833733
0.833598
0.833463
0.833328
0.833193
0.833059
0.832924
0.832790
0.832656
0.832523
0.832389
0.832257
0.832124
0.831993
0.831862
0.831732
0.831602
0.831473
0.831345
0.831218
0.831091
0.830965
0.830840
0.830716
0.830592
0.830470
0.830348
0.830226
0.830106
0.829986
0.829867
0.829748
0.829631
0.829514
0.829398
0.829282
0.829167
0.829053
0.828939
0.828826
0.828714
0.828602
0.828490
0.828380
0.828269
0.828159
0.828050
0.827940
0.827832
0.827723
0.827615
0.827507
0.827399
0.827291
0.827182
0.827074
0.826965
0.826856
0.826747
0.826637
0.826527
0.826416
0.826305
0.826194
0.826083
0.825971
0.825859
0.825748
0.825637
0.825526
0.825415
0.825305
0.825195
0.825086
0.824977
0.824868
0.824760
0.824653
0.824546
0.824440
0.824334
0.824230
0.824126
0.824022
0.823920
0.823818
0.823717
0.823616
0.823517
0.823418
0.823320
0.823223
0.823127
0.823032
0.822937
0.822843
0.822750
0.822658
0.822567
0.822477
0.822387
0.822298
0.822210
0.822123
0.822036
0.821951
0.821866
0.821781
0.821697
0.821615
0.821532
0.821450
0.821369
0.821288
0.821208
0.821128
0.821049
0.820970
0.820892
0.820814
0.820736
0.820658
0.820581
0.820503
0.820426
0.820349
0.820272
0.820194
0.820117
0.820039
0.819961
0.819883
0.819805
0.819726
0.819647
0.819568
0.819488
0.819409
0.819329
0.819250
0.819170
0.819091
0.819011
0.818932
0.818852
0.818773
0.818693
0.818613
0.818534
0.818454
0.818374
0.818293
0.818213
0.818132
0.818050
0.817969
0.817887
0.817805
0.817724
0.817642
0.817560
0.817478
0.817396
0.817315
0.817234
0.817153
0.817072
0.816992
0.816912
0.816833
0.816754
0.816676
0.816598
0.816521
0.816445
0.816369
0.816294
0.816219
0.816145
0.816072
0.816000
0.815929
0.815858
0.815789
0.815720
0.815652
0.815585
0.815518
0.815453
0.815388
0.815325
0.815262
0.815200
0.815139
0.815079
0.815020
0.814961
0.814904
0.814847
0.814791
0.814736
0.814682
0.814628
0.814575
0.814523
0.814472
0.814421
0.814371
0.814321
0.814272
0.814224
0.814176
0.814129
0.814082
0.814035
0.813989
0.813943
0.813898
0.813852
0.813807
0.813762
0.813716
0.813671
0.813626
0.813581
0.813535
0.813489
0.813443
0.813397
0.813351
0.813304
0.813257
0.813210
0.813162
0.813115
0.813067
0.813020
0.812972
0.812925
0.812877
0.812830
0.812782
0.812735
0.812687
0.812640
0.812592
0.812545
0.812497
0.812450
0.812402
0.812355
0.812307
0.812260
0.812212
0.812165
0.812117
0.812069
0.812022
0.811975
0.811927
0.811879
0.811832
0.811785
0.811737
0.811689
0.811642
0.811594
0.811547
0.811499
0.811452
0.811404
0.811357
0.811309
0.811262
0.811214
0.811167
0.811119
0.811072
0.811024
0.810977
0.810929
0.810882
0.810834
0.810787
0.810739
0.810692
0.810644
0.810597
0.810549
0.810502
0.810454
0.810407
0.810359
0.810312
0.810264
0.810217
0.810169
0.810122
0.810074
0.810026
0.809979
0.809932
0.809884
0.809836
0.809789
0.809741
0.809694
0.809646
0.809599
0.809551
0.809503
0.809455
0.809407
0.809358
0.809309
0.809260
0.809211
0.809161
0.809111
0.809061
0.809012
0.808962
0.808912
0.808863
0.808813
0.808764
0.808715
0.808667
0.808619
0.808571
0.808523
0.808477
0.808430
0.808384
0.808339
0.808295
0.808251
0.808208
0.808165
0.808123
0.808082
0.808042
0.808002
0.807963
0.807925
0.807888
0.807852
0.807816
0.807782
0.807748
0.807715
0.807683
0.807651
0.807621
0.807591
0.807563
0.807535
0.807508
0.807481
0.807456
0.807431
0.807408
0.807384
0.807362
0.807341
0.807320
0.807299
0.807280
0.807261
0.807242
0.807225
0.807207
0.807191
0.807174
0.807158
0.807143
0.807127
0.807113
0.807098
0.807083
0.807069
0.807055
0.807041
0.807026
0.807012
0.806998
0.806983
0.806968
0.806953
0.806938
0.806923
0.806907
0.806891
0.806875
0.806858
0.806842
0.806825
0.806809
0.806793
0.806776
0.806760
0.806743
0.806727
0.806710
0.806694
0.806677
0.806661
0.806644
0.806628
0.806611
0.806595
0.806578
0.806562
0.806545
0.806529
0.806512
0.806496
0.806480
0.806463
0.806447
0.806430
0.806414
0.806397
0.806381
0.806364
0.806348
0.806331
0.806315
0.806298
0.806282
0.806265
0.806249
0.806232
0.806216
0.806199
0.806183
0.806167
0.806150
0.806134
0.806117
0.806101
0.806084
0.806068
0.806051
0.806035
0.806018
0.806002
0.805985
0.805969
0.805952
0.805936
0.805919
0.805903
0.805886
0.805870
0.805854
0.805837
0.805821
0.805804
0.805788
0.805771
0.805755
0.805738
0.805722
0.805705
0.805689
0.805672
0.805656
0.805639
0.805623
0.805606
0.805590
0.805574
0.805557
0.805540
0.805524
0.805508
0.805491
0.805475
0.805458
0.805442
0.805425
0.805409
0.805392
0.805376
0.805359
0.805343
0.805326
0.805310
0.805293
0.805277
0.805261
0.805244
0.805227
0.805211
0.805195
0.805178
0.805162
0.805145
0.805129
0.805112
0.805096
0.805079
0.805063
0.805046
0.805030
0.805013
0.804997
0.804980
0.804964
0.804947
0.804931
0.804914
0.804898
0.804882
0.804865
0.804849
0.804832
0.804816
0.804799
0.804783
0.804766
0.804750
0.804733
0.804717
0.804700
0.804684
0.804667
0.804651
0.804634
0.804618
0.804601
0.804585
0.804569
0.804552
0.804536
0.804519
0.804503
0.804486
0.804470
0.804453
0.804437
0.804420
0.804404
0.804387
0.804371
0.804354
0.804338
0.804321
0.804305
0.804288
0.804272
0.804256
0.804239
0.804223
0.804206
0.804190
0.804173
0.804157
0.804140
0.804124
0.804107
0.804091
0.804074
0.804058
0.804041
0.804025
0.804008
0.803992
0.803975
0.803959
0.803943
0.803926
0.803910
0.803893
0.803877
0.803860
0.803844
0.803827
0.803811
0.803794
0.803778
0.803761
0.803745
0.803728
0.803712
0.803695
0.803679
0.803662
0.803646
0.803629
0.803613
0.803597
0.803580
0.803564
0.803547
0.803531
0.803514
0.803498
0.803481
0.803465
0.803448
0.803432
0.803415
0.803399
0.803382
0.803366
0.803350
0.803333
0.803316
0.803300
0.803284
0.803267
0.803251
0.803234
0.803218
0.803201
0.803185
0.803168
0.803152
0.803135
0.803119
0.803102
0.803086
0.803069
0.803053
0.803037
0.803020
0.803003
0.802987
0.802971
0.802954
0.802938
0.802921
0.802905
0.802888
0.802872
0.802855
0.802839
0.802822
0.802806
0.802789
0.802773
0.802756
0.802740
0.802724
0.802707
0.802690
0.802674
0.802658
0.802641
0.802625
0.802608
0.802592
0.802575
0.802559
0.802542
0.802526
0.802509
0.802493
0.802476
0.802460
0.802443
0.802427
0.802411
0.802394
0.802377
0.802361
0.802345
0.802328
0.802312
0.802295
0.802279
0.802262
0.802246
0.802229
0.802213
0.802196
0.802180
0.802163
0.802147
0.802130
0.802114
0.802098
0.802081
0.802064
0.802048
0.802032
0.802015
0.801999
0.801982
0.801966
0.801949
0.801933
0.801916
0.801900
0.801883
0.801867
0.801850
0.801834
0.801817
0.801801
0.801785
0.801768
0.801751
0.801735
0.801719
0.801702
0.801686
0.801669
0.801653
0.801636
0.801620
0.801603
0.801587
0.801570
0.801554
0.801537
0.801521
0.801504
0.801488
0.801472
0.801455
0.801439
0.801422
0.801406
0.801389
0.801373
0.801356
0.801340
0.801323
0.801307
0.801290
0.801274
0.801257
0.801241
0.801224
0.801208
0.801191
0.801175
0.801158
0.801142
0.801126
0.801109
0.801093
0.801076
0.801060
0.801043
0.801027
0.801010
0.800994
0.800977
0.800961
0.800944
0.800928
0.800911
0.800895
0.800878
0.800862
0.800845
0.800829
0.800813
0.800796
0.800779
0.800763
0.800747
0.800730
0.800714
0.800697
0.800681
0.800664
0.800648
0.800631
0.800615
0.800598
0.800582
0.800565
0.800549
0.800532
0.800516
0.800500
0.800483
0.800466
0.800450
0.800434
0.800417
0.800401
0.800384
0.800368
0.800351
0.800335
0.800318
0.800302
0.800285
0.800269
0.800252
0.800236
0.800219
0.800203
0.800187
0.800170
0.800154
0.800137
0.800121
0.800104
0.800088
0.800071
0.800055
0.800040
0.800027
0.800016
0.800009
0.800004
0.800001
0.800000
0.800000
