0.800000
0.800055
0.800115
0.800183
0.800257
0.800335
0.800415
0.800496
0.800576
0.800657
0.800738
0.800818
0.800899
0.800979
0.801060
0.801141
0.801221
0.801302
0.801382
0.801463
0.801543
0.801624
0.801705
0.801785
0.801866
0.801947
0.802027
0.802108
0.802188
0.802269
0.802350
0.802430
0.802511
0.802591
0.802672
0.802752
0.802833
0.802914
0.802994
0.803075
0.803156
0.803236
0.803316
0.803397
0.803476
0.803555
0.803634
0.803712
0.803789
0.803866
0.803942
0.804018
0.804093
0.804169
0.804244
0.804320
0.804396
0.804472
0.804549
0.804627
0.804705
0.804783
0.804863
0.804944
0.805025
0.805108
0.805192
0.805277
0.805363
0.805450
0.805539
0.805630
0.805722
0.805815
0.805910
0.806007
0.806106
0.806206
0.806307
0.806411
0.806516
0.806623
0.806732
0.806842
0.806955
0.807069
0.807185
0.807303
0.807422
0.807543
0.807665
0.807787
0.807910
0.808034
0.808158
0.808282
0.808407
0.808533
0.808660
0.808788
0.808917
0.809048
0.809181
0.809315
0.809451
0.809590
0.809731
0.809873
0.810019
0.810166
0.810316
0.810469
0.810624
0.810782
0.810942
0.811103
0.811267
0.811432
0.811599
0.811767
0.811936
0.812107
0.812280
0.812454
0.812632
0.812811
0.812994
0.813180
0.813371
0.813565
0.813763
0.813966
0.814173
0.814385
0.814600
0.814820
0.815044
0.815273
0.815505
0.815743
0.815986
0.816234
0.816487
0.816746
0.817011
0.817281
0.817557
0.817839
0.818126
0.818418
0.818716
0.819019
0.819328
0.819642
0.819962
0.820288
0.820619
0.820957
0.821301
0.821650
0.822005
0.822365
0.822729
0.823099
0.823475
0.823855
0.824241
0.824632
0.825028
0.825429
0.825835
0.826246
0.826662
0.827084
0.827513
0.827948
0.828391
0.828840
0.829297
0.829761
0.830231
0.830708
0.831193
0.831684
0.832183
0.832689
0.833202
0.833723
0.834250
0.834784
0.835325
0.835873
0.836428
0.836990
0.837559
0.838136
0.838719
0.839310
0.839910
0.840518
0.841135
0.841762
0.842398
0.843044
0.843700
0.844365
0.845040
0.845726
0.846421
0.847126
0.847840
0.848565
0.849300
0.850044
0.850799
0.851564
0.852341
0.853128
0.853927
0.854738
0.855560
0.856394
0.857240
0.858097
0.858966
0.859846
0.860739
0.861644
0.862561
0.863491
0.864434
0.865392
0.866363
0.867348
0.868346
0.869359
0.870386
0.871427
0.872481
0.873550
0.874633
0.875730
0.876842
0.877969
0.879113
0.880272
0.881447
0.882637
0.883844
0.885067
0.886306
0.887563
0.888838
0.890130
0.891441
0.892771
0.894120
0.895487
0.896875
0.898282
0.899710
0.901159
0.902629
0.904120
0.905634
0.907170
0.908729
0.910310
0.911914
0.913542
0.915193
0.916869
0.918569
0.920293
0.922042
0.923815
0.925614
0.927438
0.929288
0.931164
0.933068
0.934998
0.936956
0.938941
0.940954
0.942995
0.945064
0.947163
0.949290
0.951447
0.953634
0.955852
0.958100
0.960380
0.962691
0.965034
0.967409
0.969817
0.972258
0.974733
0.977242
0.979785
0.982363
0.984977
0.987626
0.990310
0.993031
0.995788
0.998582
1.001413
1.004282
1.007190
1.010136
1.013121
1.016146
1.019212
1.022319
1.025467
1.028657
1.031891
1.035168
1.038490
1.041857
1.045268
1.048726
1.052230
1.055781
1.059379
1.063024
1.066717
1.070459
1.074248
1.078087
1.081975
1.085912
1.089898
1.093935
1.098023
1.102162
1.106353
1.110595
1.114890
1.119238
1.123640
1.128096
1.132605
1.137168
1.141787
1.146461
1.151191
1.155977
1.160820
1.165721
1.170680
1.175698
1.180776
1.185915
1.191115
1.196375
1.201698
1.207083
1.212529
1.218038
1.223610
1.229245
1.234944
1.240707
1.246537
1.252431
1.258393
1.264422
1.270519
1.276685
1.282921
1.289227
1.295604
1.302054
1.308577
1.315175
1.321847
1.328595
1.335419
1.342321
1.349301
1.356360
1.363498
1.370717
1.378016
1.385398
1.392862
1.400408
1.408036
1.415749
1.423545
1.431427
1.439395
1.447448
1.455589
1.463818
1.472135
1.480542
1.489039
1.497626
1.506304
1.515075
1.523938
1.532894
1.541943
1.551087
1.560327
1.569663
1.579097
1.588628
1.598258
1.607988
1.617818
1.627750
1.637782
1.647916
1.658150
1.668487
1.678926
1.689468
1.700113
1.710861
1.721714
1.732672
1.743736
1.754908
1.766186
1.777573
1.789069
1.800674
1.812390
1.824215
1.836151
1.848197
1.860355
1.872625
1.885007
1.897502
1.910110
1.922832
1.935670
1.948624
1.961693
1.974879
1.988179
2.001596
2.015128
2.028776
2.042540
2.056419
2.070416
2.084530
2.098761
2.113109
2.127576
2.142160
2.156862
2.171682
2.186621
2.201677
2.216851
2.232143
2.247553
2.263082
2.278730
2.294497
2.310385
2.326392
2.342520
2.358769
2.375138
2.391627
2.408236
2.424964
2.441810
2.458772
2.475851
2.493045
2.510355
2.527780
2.545320
2.562976
2.580746
2.598632
2.616632
2.634746
2.652975
2.671316
2.689771
2.708337
2.727016
2.745805
2.764706
2.783716
2.802836
2.822065
2.841402
2.860847
2.880399
2.900056
2.919816
2.939679
2.959643
2.979708
2.999871
3.020133
3.040492
3.060947
3.081497
3.102142
3.122880
3.143709
3.164630
3.185640
3.206738
3.227923
3.249193
3.270546
3.291983
3.313500
3.335096
3.356769
3.378519
3.400344
3.422243
3.444214
3.466256
3.488367
3.510545
3.532788
3.555093
3.577459
3.599885
3.622367
3.644905
3.667498
3.690143
3.712839
3.735586
3.758381
3.781223
3.804112
3.827043
3.850017
3.873031
3.896082
3.919169
3.942288
3.965438
3.988616
4.011820
4.035050
4.058302
4.081576
4.104872
4.128187
4.151522
4.174875
4.198244
4.221628
4.245026
4.268435
4.291855
4.315283
4.338718
4.362159
4.385604
4.409052
4.432501
4.455949
4.479395
4.502837
4.526274
4.549704
4.573125
4.596536
4.619934
4.643320
4.666690
4.690046
4.713386
4.736710
4.760019
4.783312
4.806587
4.829844
4.853081
4.876297
4.899490
4.922658
4.945801
4.968918
4.992007
5.015069
5.038102
5.061106
5.084080
5.107023
5.129934
5.152813
5.175658
5.198469
5.221244
5.243982
5.266682
5.289343
5.311964
5.334543
5.357080
5.379575
5.402029
5.424442
5.446813
5.469141
5.491427
5.513670
5.535867
5.558020
5.580126
5.602185
5.624197
5.646163
5.668081
5.689951
5.711773
5.733545
5.755267
5.776938
5.798558
5.820126
5.841642
5.863103
5.884511
5.905864
5.927162
5.948403
5.969587
5.990714
6.011783
6.032796
6.053752
6.074651
6.095494
6.116280
6.137010
6.157682
6.178295
6.198848
6.219342
6.239775
6.260147
6.280457
6.300705
6.320889
6.341011
6.361067
6.381059
6.400986
6.420847
6.440641
6.460370
6.480030
6.499622
6.519143
6.538593
6.557971
6.577276
6.596509
6.615669
6.634756
6.653770
6.672710
6.691575
6.710364
6.729076
6.747711
6.766268
6.784747
6.803147
6.821468
6.839708
6.857867
6.875946
6.893943
6.911856
6.929685
6.947429
6.965086
6.982657
7.000139
7.017532
7.034835
7.052046
7.069167
7.086197
7.103134
7.119979
7.136730
7.153389
7.169953
7.186423
7.202796
7.219071
7.235248
7.251327
7.267308
7.283189
7.298970
7.314650
7.330229
7.345706
7.361080
7.376353
7.391524
7.406592
7.421560
7.436427
7.451193
7.465858
7.480420
7.494880
7.509238
7.523492
7.537643
7.551688
7.565627
7.579461
7.593188
7.606808
7.620321
7.633727
7.647026
7.660218
7.673303
7.686282
7.699154
7.711921
7.724583
7.737139
7.749591
7.761936
7.774174
7.786306
7.798330
7.810248
7.822058
7.833763
7.845361
7.856854
7.868243
7.879527
7.890708
7.901785
7.912760
7.923632
7.934403
7.945071
7.955638
7.966101
7.976463
7.986722
7.996879
8.006935
8.016888
8.026740
8.036491
8.046141
8.055693
8.065146
8.074501
8.083761
8.092925
8.101994
8.110969
8.119848
8.128633
8.137323
8.145918
8.154420
8.162829
8.171145
8.179370
8.187505
8.195549
8.203503
8.211368
8.219142
8.226828
8.234426
8.241936
8.249360
8.256698
8.263952
8.271123
8.278212
8.285218
8.292143
8.298987
8.305751
8.312434
8.319041
8.325572
8.332032
8.338421
8.344739
8.350985
8.357158
8.363257
8.369282
8.375235
8.381115
8.386924
8.392661
8.398328
8.403925
8.409453
8.414913
8.420304
8.425628
8.430885
8.436077
8.441206
8.446271
8.451274
8.456216
8.461098
8.465921
8.470686
8.475394
8.480045
8.484640
8.489180
8.493665
8.498095
8.502471
8.506792
8.511058
8.515271
8.519430
8.523536
8.527591
8.531594
8.535547
8.539450
8.543304
8.547110
8.550868
8.554580
8.558247
8.561869
8.565447
8.568981
8.572471
8.575920
8.579327
8.582692
8.586017
8.589303
8.592548
8.595755
8.598922
8.602050
8.605139
8.608188
8.611199
8.614171
8.617104
8.619998
8.622855
8.625674
8.628457
8.631203
8.633914
8.636592
8.639236
8.641847
8.644427
8.646975
8.649493
8.651981
8.654440
8.656871
8.659270
8.661635
8.663966
8.666261
8.668522
8.670751
8.672948
8.675114
8.677250
8.679354
8.681428
8.683472
8.685485
8.687469
8.689423
8.691349
8.693246
8.695115
8.696955
8.698767
8.700552
8.702309
8.704039
8.705743
8.707422
8.709077
8.710708
8.712315
8.713897
8.715455
8.716988
8.718497
8.719982
8.721443
8.722880
8.724294
8.725685
8.727054
8.728402
8.729729
8.731036
8.732323
8.733591
8.734841
8.736072
8.737285
8.738481
8.739658
8.740818
8.741961
8.743087
8.744195
8.745288
8.746363
8.747422
8.748464
8.749489
8.750496
8.751486
8.752459
8.753415
8.754355
8.755279
8.756188
8.757082
8.757964
8.758831
8.759686
8.760528
8.761357
8.762174
8.762977
8.763768
8.764545
8.765309
8.766061
8.766800
8.767527
8.768243
8.768949
8.769643
8.770328
8.771002
8.771667
8.772320
8.772964
8.773596
8.774218
8.774829
8.775430
8.776021
8.776602
8.777173
8.777735
8.778288
8.778832
8.779368
8.779896
8.780416
8.780929
8.781435
8.781934
8.782427
8.782913
8.783393
8.783865
8.784331
8.784789
8.785240
8.785684
8.786122
8.786553
8.786977
8.787395
8.787805
8.788209
8.788606
8.788997
8.789383
8.789762
8.790135
8.790502
8.790862
8.791216
8.791563
8.791905
8.792241
8.792571
8.792898
8.793221
8.793540
8.793855
8.794166
8.794473
8.794776
8.795075
8.795369
8.795659
8.795945
8.796226
8.796504
8.796777
8.797046
8.797311
8.797572
8.797827
8.798078
8.798323
8.798563
8.798798
8.799029
8.799254
8.799475
8.799692
8.799905
8.800114
8.800318
8.800519
8.800716
8.800908
8.801097
8.801280
8.801459
8.801633
8.801802
8.801967
8.802127
8.802284
8.802436
8.802585
8.802730
8.802872
8.803010
8.803146
8.803278
8.803408
8.803536
8.803661
8.803784
8.803904
8.804022
8.804137
8.804250
8.804360
8.804467
8.804571
8.804672
8.804771
8.804868
8.804963
8.805056
8.805147
8.805236
8.805324
8.805411
8.805497
8.805582
8.805666
8.805750
8.805834
8.805919
8.806005
8.806092
8.806181
8.806272
8.806365
8.806460
8.806556
8.806655
8.806755
8.806855
8.806955
8.807056
8.807155
8.807254
8.807352
8.807449
8.807545
8.807640
8.807733
8.807825
8.807915
8.808004
8.808091
8.808176
8.808260
8.808341
8.808420
8.808497
8.808571
8.808644
8.808714
8.808782
8.808847
8.808910
8.808970
8.809027
8.809083
8.809135
8.809185
8.809233
8.809277
8.809320
8.809359
8.809396
8.809431
8.809463
8.809492
8.809519
8.809544
8.809566
8.809586
8.809604
8.809620
8.809633
8.809645
8.809654
8.809662
8.809668
8.809672
8.809674
8.809676
8.809675
8.809673
8.809671
8.809667
8.809662
8.809656
8.809650
8.809643
8.809636
8.809629
8.809622
8.809615
8.809608
8.809602
8.809596
8.809591
8.809587
8.809585
8.809583
8.809582
8.809581
8.809581
8.809581
8.809581
8.809581
8.809581
8.809581
8.809581
8.809581
8.809581
8.809581
8.809581
8.809581
8.809581
8.809581
8.809581
8.809581
8.809581
8.809581
8.809581
8.809581
8.809581
8.809581
8.809581
8.809581
8.809581
8.809581
8.809581
8.809581
8.809581
8.809581
8.809581
8.809581
8.809581
8.809581
8.809581
8.809581
8.809581
8.809581
8.809581
8.809581
8.809581
8.809581
8.809581
8.809581
8.809581
8.809581
8.809581
8.809581
8.809581
8.809581
8.809581
8.809581
8.809581
8.809581
8.809581
8.809581
8.809581
8.809581
8.809581
8.809581
8.809581
8.809581
8.809581
8.809581
8.809581
8.809581
8.809581
8.809581
8.809581
8.809581
8.809581
8.809581
8.809581
8.809581
8.809581
8.809581
8.809581
8.809581
8.809581
8.809581
8.809581
8.809581
8.809581
8.809581
8.809581
8.809581
8.809581
8.809581
8.809581
8.809581
8.809581
8.809581
8.809581
8.809581
8.809581
8.809581
8.809581
8.809581
8.809581
8.809581
8.809581
8.809581
8.809581
8.809581
8.809581
8.809581
8.809581
8.809581
8.809581
8.809581
8.809581
8.809581
8.809581
8.809581
8.809581
8.809581
8.809581
8.809581
8.809581
8.809581
8.809581
8.809581
8.809581
8.809581
8.809581
8.809581
8.809581
8.809581
8.809581
8.809581
8.809581
8.809581
8.809581
8.809581
8.809581
8.809581
8.809581
8.809581
8.809581
8.809581
8.809581
8.809581
8.809581
8.809581
8.809581
8.809581
8.809581
8.809581
8.809581
8.809581
8.809581
8.809581
8.809581
8.809581
8.809581
8.809581
8.809581
8.809581
8.809581
8.809581
8.809581
8.809581
8.809581
8.809581
8.809581
8.809581
8.809581
8.809581
8.809581
8.809581
8.809581
8.809581
8.809581
8.809581
8.809581
8.809581
8.809581
8.809581
8.809581
8.809581
8.809581
8.809581
8.809581
8.809581
8.809581
8.809581
8.809581
8.809581
8.809581
8.809581
8.809581
8.809581
8.809581
8.809581
8.809581
8.809581
8.809581
8.809581
8.809581
8.809581
8.809581
8.809581
8.809581
8.809581
8.809581
8.809581
8.809581
8.809581
8.809581
8.809581
8.809581
8.809581
8.809581
8.809581
8.809581
8.809581
8.809581
8.809581
8.809581
8.809581
8.809581
8.809581
8.809581
8.809581
8.809581
8.809581
8.809581
8.809581
8.809581
8.809581
8.809581
8.809581
8.809581
8.809581
8.809581
8.809581
8.809581
8.809581
8.809581
8.809581
8.809581
8.809581
8.809581
8.809581
8.809581
8.809581
8.809581
8.809581
8.809581
8.809581
8.809581
8.809581
8.809581
8.809581
8.809581
8.809581
8.809581
8.809581
8.809581
8.809581
8.809581
8.809581
8.809581
8.809581
8.809581
8.809581
8.809581
8.809581
8.809581
8.809581
8.809581
8.809581
8.809581
8.809581
8.809581
8.809581
8.809581
8.809581
8.809581
8.809581
8.809581
8.809581
8.809581
8.809581
8.809581
8.809581
8.809581
8.809581
8.809581
8.809581
8.809581
8.809581
8.809581
8.809581
8.809581
8.809581
8.809581
8.809581
8.809581
8.809581
8.809581
8.809581
8.809581
8.809581
8.809581
8.809581
8.809581
8.809581
8.809581
8.809581
8.809581
8.809581
8.809581
8.809581
8.809581
8.809581
8.809581
8.809581
8.809581
8.809581
8.809581
8.809581
8.809581
8.809581
8.809581
8.809581
8.809581
8.809581
8.809581
8.809581
8.809581
8.809581
8.809581
8.809581
8.809581
8.809581
8.809581
8.809581
8.809581
8.809581
8.809581
8.809581
8.809581
8.809581
8.809581
8.809581
8.809581
8.809581
8.809581
8.809581
8.809581
8.809581
8.809581
8.809581
8.809581
8.809581
8.809581
8.809581
8.809581
8.809581
8.809581
8.809581
8.809581
8.809581
8.809581
8.809581
8.809581
8.809581
8.809581
8.809581
8.809581
8.809581
8.809581
8.809581
8.809581
8.809581
8.809581
8.809581
8.809581
8.809581
8.809581
8.809581
8.809581
8.809581
8.809581
8.809581
8.809581
8.809581
8.809581
8.809581
8.809581
8.809581
8.809581
8.809581
8.809581
8.809581
8.809581
8.809581
8.809581
8.809581
8.809581
8.809581
8.809581
8.809581
8.809581
8.809581
8.809581
8.809581
8.809581
8.809581
8.809581
8.809581
8.809581
8.809581
8.809581
8.809581
8.809581
8.809581
8.809581
8.809581
8.809581
8.809581
8.809581
8.809581
8.809581
8.809581
8.809581
8.809581
8.809581
8.809581
8.809581
8.809581
8.809581
8.809581
8.809581
8.809581
8.809581
8.809581
8.809581
8.809581
8.809581
8.809581
8.809581
8.809581
8.809581
8.809581
8.809581
8.809581
8.809581
8.809581
8.809581
8.809581
8.809581
8.809581
8.809581
8.809581
8.809581
8.809581
8.809581
8.809581
8.809581
8.809581
8.809581
8.809581
8.809581
8.809581
8.809581
8.809581
8.809581
8.809581
8.809581
8.809581
8.809581
8.809581
8.809581
8.809581
8.809581
8.809581
8.809581
8.809581
8.809581
8.809581
8.809581
8.809581
8.809581
8.809581
8.809581
8.809581
8.809581
8.809581
8.809581
8.809581
8.809581
8.809581
8.809581
8.809581
8.809581
8.809581
8.809581
8.809581
8.809581
8.809581
8.809581
8.809581
8.809581
8.809581
8.809581
8.809581
8.809581
8.809581
8.809581
8.809581
8.809581
8.809581
8.809581
8.809581
8.809581
8.809581
8.809581
8.809581
8.809581
8.809581
8.809581
8.809581
8.809581
8.809581
8.809581
8.809581
8.809581
8.809581
8.809581
8.809581
8.809581
8.809581
8.809581
8.809581
8.809581
8.809581
8.809581
8.809581
8.809581
8.809581
8.809581
8.809581
8.809581
8.809581
8.809581
8.809581
8.809581
8.809581
8.809581
8.809581
8.809581
8.809581
8.809581
8.809581
8.809581
8.809581
8.809581
8.809581
8.809581
8.809581
8.809581
8.809581
8.809581
8.809581
8.809581
8.809581
8.809581
8.809581
8.809581
8.809581
8.809581
8.809581
8.809581
8.809581
8.809581
8.809581
8.809581
8.809581
8.809581
8.809581
8.809581
8.809581
8.809581
8.809581
8.809581
8.809581
8.809581
8.809581
8.809581
8.809581
8.809581
8.809581
8.809581
8.809581
8.809581
8.809581
8.809581
8.809581
8.809581
8.809581
8.809581
8.809581
8.809581
8.809581
8.809581
8.809581
8.809581
8.809581
8.809581
8.809581
8.809581
8.809581
8.809581
8.809581
8.809581
8.809581
8.809581
8.809581
8.809581
8.809581
8.809581
8.809581
8.809581
8.809581
8.809581
8.809581
8.809581
8.809581
8.809581
8.809581
8.809581
8.809581
8.809581
8.809581
8.809581
8.809581
8.809581
8.809581
8.809581
8.809581
8.809581
8.809581
8.809581
8.809581
8.809581
8.809581
8.809581
8.809581
8.809581
8.809581
8.809581
8.809581
8.809581
8.809581
8.809581
8.809581
8.809581
8.809581
8.809581
8.809581
8.809581
8.809581
8.809581
8.809581
8.809581
8.809581
8.809581
8.809581
8.809581
8.809581
8.809581
8.809581
8.809581
8.809581
8.809581
8.809581
8.809581
8.809581
8.809581
8.809581
8.809581
8.809581
8.809581
8.809581
8.809581
8.809581
8.809581
8.809581
8.809581
8.809581
8.809581
8.809581
8.809581
8.809581
8.809581
8.809581
8.809581
8.809581
8.809581
8.809581
8.809581
8.809581
8.809581
8.809581
8.809581
8.809581
8.809581
8.809581
8.809581
8.809581
8.809581
8.809581
8.809581
8.809581
8.809581
8.809581
8.809581
8.809581
8.809581
8.809581
8.809581
8.809581
8.809581
8.809581
8.809581
8.809581
8.809581
8.809581
8.809581
8.809581
8.809581
8.809581
8.809581
8.809581
8.809581
8.809581
8.809581
8.809581
8.809581
8.809581
8.809581
8.809581
8.809581
8.809581
8.809581
8.809581
8.809581
8.809581
8.809581
8.809581
8.809581
8.809581
8.809581
8.809581
8.809581
8.809581
8.809581
8.809581
8.809581
8.809581
8.809581
8.809581
8.809581
8.809581
8.809581
8.809581
8.809581
8.809581
8.809581
8.809581
8.809581
8.809581
8.809581
8.809581
8.809581
8.809581
8.809581
8.809581
8.809581
8.809581
8.809581
8.809581
8.809581
8.809581
8.809581
8.809581
8.809581
8.809581
8.809581
8.809581
8.809581
8.809581
8.809581
8.809581
8.809581
8.809581
8.809581
8.809581
8.809581
8.809581
8.809581
8.809581
8.809581
8.809581
8.809581
8.809581
8.809581
8.809581
8.809581
8.809581
8.809581
8.809581
8.809581
8.809581
8.809581
8.809581
8.809581
8.809581
8.809581
8.809581
8.809581
8.809581
8.809581
8.809581
8.809581
8.809581
8.809581
8.809581
8.809581
8.809581
8.809581
8.809581
8.809581
8.809581
8.809581
8.809581
8.809581
8.809581
8.809581
8.809581
8.809581
8.809581
8.809581
8.809581
8.809581
8.809581
8.809581
8.809581
8.809581
8.809581
8.809581
8.809581
8.809581
8.809581
8.809581
8.809581
8.809581
8.809581
8.809581
8.809581
8.809581
8.809581
8.809581
8.809581
8.809581
8.809581
8.809581
8.809581
8.809581
8.809581
8.809581
8.809581
8.809581
8.809581
8.809581
8.809581
8.809581
8.809581
8.809581
8.809581
8.809581
8.809581
8.809581
8.809581
8.809581
8.809581
8.809581
8.809581
8.809581
8.809581
8.809581
8.809581
8.809581
8.809581
8.809581
8.809581
8.809581
8.809581
8.809581
8.809581
8.809581
8.809581
8.809581
8.809581
8.809581
8.809581
8.809581
8.809581
8.809581
8.809581
8.809581
8.809581
8.809581
8.809581
8.809581
8.809581
8.809581
8.809581
8.809581
8.809581
8.809581
8.809581
8.809581
8.809581
8.809581
8.809581
8.809581
8.809581
8.809581
8.809581
8.809581
8.809581
8.809581
8.809581
8.809581
8.809581
8.809581
8.809581
8.809581
8.809581
8.809581
8.809581
8.809581
8.809581
8.809581
8.809581
8.809581
8.809581
8.809581
8.809581
8.809581
8.809581
8.809581
8.809581
8.809581
8.809581
8.809581
8.809581
8.809581
8.809581
8.809581
8.809581
8.809581
8.809581
8.809581
8.809581
8.809581
8.809581
8.809581
8.809581
8.809581
8.809581
8.809581
8.809581
8.809581
8.809581
8.809581
8.809581
8.809581
8.809581
8.809581
8.809581
8.809581
8.809581
8.809581
8.809581
8.809581
8.809581
8.809581
8.809581
8.809581
8.809581
8.809581
8.809581
8.809581
8.809581
8.809581
8.809581
8.809581
8.809581
8.809581
8.809581
8.809581
8.809581
8.809581
8.809581
8.809581
8.809581
8.809581
8.809581
8.809581
8.809581
8.809581
8.809581
8.809581
8.809581
8.809581
8.809581
8.809581
8.809581
8.809581
8.809581
8.809581
8.809581
8.809581
8.809581
8.809581
8.809581
8.809581
8.809581
8.809581
8.809581
8.809581
8.809581
8.809581
8.809581
8.809581
8.809581
8.809581
8.809581
8.809581
8.809581
8.809581
8.809581
8.809581
8.809581
8.809581
8.809581
8.809581
8.809581
8.809581
8.809581
8.809581
8.809581
8.809581
8.809581
8.809581
8.809581
8.809581
8.809581
8.809581
8.809581
8.809581
8.809581
8.809581
8.809581
8.809581
8.809581
8.809581
8.809581
8.809581
8.809581
8.809581
8.809581
8.809581
8.809581
8.809581
8.809581
8.809581
8.809581
8.809581
8.809581
8.809581
8.809581
8.809581
8.809581
8.809581
8.809581
8.809581
8.809581
8.809581
8.809581
8.809581
8.809581
8.809581
8.809581
8.809581
8.809581
8.809581
8.809581
8.809581
8.809581
8.809581
8.809581
8.809581
8.809581
8.809581
8.809581
8.809581
8.809581
8.809581
8.809581
8.809581
8.809581
8.809581
8.809581
8.809581
8.809581
8.809581
8.809581
8.809581
8.809581
8.809581
8.809581
8.809581
8.809581
8.809581
8.809581
8.809581
8.809581
8.809581
8.809581
8.809581
8.809581
8.809581
8.809581
8.809581
8.809581
8.809581
8.809581
8.809581
8.809581
8.809581
8.809581
8.809581
8.809581
8.809581
8.809581
8.809581
8.809581
8.809581
8.809581
8.809581
8.809581
8.809581
8.809581
8.809581
8.809581
8.809581
8.809581
8.809581
8.809581
8.809581
8.809581
8.809581
8.809581
8.809581
8.809581
8.809581
8.809581
8.809581
8.809581
8.809581
8.809581
8.809581
8.809581
8.809581
8.809581
8.809581
8.809581
8.809581
8.809581
8.809581
8.809581
8.809581
8.809581
8.809581
8.809581
8.809581
8.809581
8.809581
8.809581
8.809581
8.809581
8.809581
8.809581
8.809581
8.809581
8.809581
8.809581
8.809581
8.809581
8.809581
8.809581
8.809581
8.809581
8.809581
8.809581
8.809581
8.809581
8.809581
8.809581
8.809581
8.809581
8.809581
8.809581
8.809581
8.809581
8.809581
8.809581
8.809581
8.809581
8.809581
8.809581
8.809581
8.809581
8.809581
8.809581
8.809581
8.809581
8.809581
8.809581
8.809581
8.809581
8.809581
8.809581
8.809581
8.809581
8.809581
8.809581
8.809581
8.809581
8.809581
8.809581
8.809581
8.809581
8.809581
8.809581
8.809581
8.809581
8.809581
8.809581
8.809581
8.809581
8.809581
8.809581
8.809581
8.809581
8.809581
8.809581
8.809581
8.809581
8.809581
8.809581
8.809581
8.809581
8.809581
8.809581
8.809581
8.809581
8.809581
8.809581
8.809581
8.809581
8.809581
8.809581
8.809581
8.809581
8.809581
8.809581
8.809581
8.809581
8.809581
8.809581
8.809581
8.809581
8.809581
8.809581
8.809581
8.809581
8.809581
8.809581
8.809581
8.809581
8.809581
8.809581
8.809581
8.809581
8.809581
8.809581
8.809581
8.809581
8.809581
8.809581
8.809581
8.809581
8.809581
8.809581
8.809581
8.809581
8.809581
8.809581
8.809581
8.809581
8.809581
8.809581
8.809581
8.809581
8.809581
8.809581
8.809581
8.809581
8.809581
8.809581
8.809581
8.809581
8.809581
8.809581
8.809581
8.809581
8.809581
8.809581
8.809581
8.809581
8.809581
8.809581
8.809581
8.809581
8.809581
8.809581
8.809581
8.809581
8.809581
8.809581
8.809581
8.809581
8.809581
8.809581
8.809581
8.809581
8.809581
8.809581
8.809581
8.809581
8.809581
8.809581
8.809581
8.809581
8.809581
8.809581
8.809581
8.809581
8.809581
8.809581
8.809581
8.809581
8.809581
8.809581
8.809581
8.809581
8.809581
8.809581
8.809581
8.809581
8.809581
8.809581
8.809581
8.809581
8.809581
8.809581
8.809581
8.809581
8.809581
8.809581
8.809581
8.809581
8.809581
8.809581
8.809581
8.809581
8.809581
8.809581
8.809581
8.809581
8.809581
8.809581
8.809581
8.809581
8.809581
8.809581
8.809581
8.809581
8.809581
8.809581
8.809581
8.809581
8.809581
8.809581
8.809581
8.809581
8.809581
8.809581
8.809581
8.809581
8.809581
8.809581
8.809581
8.809581
8.809581
8.809581
8.809581
8.809581
8.809581
8.809581
8.809581
8.809581
8.809581
8.809581
8.809581
8.809581
8.809581
8.809581
8.809581
8.809581
8.809581
8.809581
8.809581
8.809581
8.809581
8.809581
8.809581
8.809581
8.809581
8.809581
8.809581
8.809581
8.809581
8.809581
8.809581
8.809581
8.809581
8.809581
8.809581
8.809581
8.809581
8.809581
8.809581
8.809581
8.809581
8.809581
8.809581
8.809581
8.809581
8.809581
8.809581
8.809581
8.809581
8.809581
8.809581
8.809581
8.809581
8.809581
8.809581
8.809581
8.809581
8.809581
8.809581
8.809581
8.809581
8.809581
8.809581
8.809581
8.809581
8.809581
8.809581
8.809581
8.809581
8.809581
8.809581
8.809581
8.809581
8.809581
8.809581
8.809581
8.809581
8.809581
8.809581
8.809581
8.809581
8.809581
8.809581
8.809581
8.809581
8.809581
8.809581
8.809581
8.809581
8.809581
8.809581
8.809581
8.809581
8.809581
8.809581
8.809581
8.809581
8.809581
8.809581
8.809581
8.809581
8.809581
8.809581
8.809581
8.809581
8.809581
8.809581
8.809581
8.809581
8.809581
8.809581
8.809581
8.809581
8.809581
8.809581
8.809581
8.809581
8.809581
8.809581
8.809581
8.809581
8.809581
8.809581
8.809581
8.809581
8.809581
8.809581
8.809581
8.809581
8.809581
8.809581
8.809581
8.809581
8.809581
8.809581
8.809581
8.809581
8.809581
8.809581
8.809581
8.809581
8.809581
8.809581
8.809581
8.809581
8.809581
8.809581
8.809581
8.809581
8.809581
8.809581
8.809581
8.809581
8.809581
8.809581
8.809581
8.809581
8.809581
8.809581
8.809581
8.809581
8.809581
8.809581
8.809581
8.809581
8.809581
8.809581
8.809581
8.809581
8.809581
8.809581
8.809581
8.809581
8.809581
8.809581
8.809581
8.809581
8.809581
8.809581
8.809581
8.809581
8.809581
8.809581
8.809581
8.809581
8.809581
8.809581
8.809581
8.809581
8.809581
8.809581
8.809581
8.809581
8.809581
8.809581
8.809581
8.809581
8.809581
8.809581
8.809581
8.809581
8.809581
8.809581
8.809581
8.809581
8.809581
8.809581
8.809581
8.809581
8.809581
8.809581
8.809581
8.809581
8.809581
8.809581
8.809581
8.809581
8.809581
8.809581
8.809581
8.809581
8.809581
8.809581
8.809581
8.809581
8.809581
8.809581
8.809581
8.809581
8.809581
8.809581
8.809581
8.809581
8.809581
8.809581
8.809581
8.809581
8.809581
8.809581
8.809581
8.809581
8.809581
8.809581
8.809581
8.809581
8.809581
8.809581
8.809581
8.809581
8.809581
8.809581
8.809581
8.809581
8.809581
8.809581
8.809581
8.809581
8.809581
8.809581
8.809581
8.809581
8.809581
8.809581
8.809581
8.809581
8.809581
8.809581
8.809581
8.809581
8.809581
8.809581
8.809581
8.809581
8.809581
8.809581
8.809581
8.809581
8.809581
8.809581
8.809581
8.809581
8.809581
8.809581
8.809581
8.809581
8.809581
8.809581
8.809581
8.809581
8.809581
8.809581
8.809581
8.809581
8.809581
8.809581
8.809581
8.809581
8.809581
8.809581
8.809581
8.809581
8.809581
8.809581
8.809581
8.809581
8.809581
8.809581
8.809581
8.809581
8.809581
8.809581
8.809581
8.809581
8.809581
8.809581
8.809581
8.809581
8.809581
8.809581
8.809581
8.809581
8.809581
8.809581
8.809581
8.809581
8.809581
8.809581
8.809581
8.809581
8.809581
8.809581
8.809581
8.809581
8.809581
8.809581
8.809581
8.809581
8.809581
8.809581
8.809581
8.809581
8.809581
8.809581
8.809581
8.809581
8.809581
8.809581
8.809581
8.809581
8.809581
8.809581
8.809581
8.809581
8.809581
8.809581
8.809581
8.809581
8.809581
8.809581
8.809581
8.809581
8.809581
8.809581
8.809581
8.809581
8.809581
8.809581
8.809581
8.809581
8.809581
8.809581
8.809581
8.809581
8.809581
8.809581
8.809581
8.809581
8.809581
8.809581
8.809581
8.809581
8.809581
8.809581
8.809581
8.809581
8.809581
8.809581
8.809581
8.809581
8.809581
8.809581
8.809581
8.809581
8.809581
8.809581
8.809581
8.809581
8.809581
8.809581
8.809581
8.809581
8.809581
8.809581
8.809581
8.809581
8.809581
8.809581
8.809581
8.809581
8.809581
8.809581
8.809581
8.809581
8.809581
8.809581
8.809581
8.809581
8.809581
8.809581
8.809581
8.809581
8.809581
8.809581
8.809581
8.809581
8.809581
8.809581
8.809581
8.809581
8.809581
8.809581
8.809581
8.809581
8.809581
8.809581
8.809581
8.809581
8.809581
8.809581
8.809581
8.809581
8.809581
8.809581
8.809581
8.809581
8.809581
8.809581
8.809581
8.809581
8.809581
8.809581
8.809581
8.809581
8.809581
8.809581
8.809581
8.809581
8.809581
8.809581
8.809581
8.809581
8.809581
8.809581
8.809581
8.809581
8.809581
8.809581
8.809581
8.809581
8.809581
8.809581
8.809581
8.809581
8.809581
8.809581
8.809581
8.809581
8.809581
8.809581
8.809581
8.809581
8.809581
8.809581
8.809581
8.809581
8.809581
8.809581
8.809581
8.809581
8.809581
8.809581
8.809581
8.809581
8.809581
8.809581
8.809581
8.809581
8.809581
8.809581
8.809581
8.809581
8.809581
8.809581
8.809581
8.809581
8.809581
8.809581
8.809581
8.809581
8.809581
8.809581
8.809581
8.809581
8.809581
8.809581
8.809581
8.809581
8.809581
8.809581
8.809581
8.809581
8.809581
8.809581
8.809581
8.809581
8.809581
8.809581
8.809581
8.809581
8.809581
8.809581
8.809581
8.809581
8.809581
8.809581
8.809581
8.809581
8.809581
8.809581
8.809581
8.809581
8.809581
8.809581
8.809581
8.809581
8.809581
8.809581
8.809581
8.809581
8.809581
8.809581
8.809581
8.809581
8.809581
8.809581
8.809581
8.809581
8.809581
8.809581
8.809581
8.809581
8.809581
8.809581
8.809581
8.809581
8.809581
8.809581
8.809581
8.809581
8.809581
8.809581
8.809581
8.809581
8.809581
8.809581
8.809581
8.809581
8.809581
8.809581
8.809581
8.809581
8.809581
8.809581
8.809581
8.809581
8.809581
8.809581
8.809581
8.809581
8.809581
8.809581
8.809581
8.809581
8.809581
8.809581
8.809581
8.809581
8.809581
8.809581
8.809581
8.809581
8.809581
8.809581
8.809581
8.809581
8.809581
8.809581
8.809581
8.809581
8.809581
8.809581
8.809581
8.809581
8.809581
8.809581
8.809581
8.809581
8.809581
8.809581
8.809581
8.809581
8.809581
8.809581
8.809581
8.809581
8.809581
8.809581
8.809581
8.809581
8.809581
8.809581
8.809581
8.809581
8.809581
8.809581
8.809581
8.809581
8.809581
8.809581
8.809581
8.809581
8.809581
8.809581
8.809581
8.809581
8.809581
8.809581
8.809581
8.809581
8.809581
8.809581
8.809581
8.809581
8.809581
8.809581
8.809581
8.809581
8.809581
8.809581
8.809581
8.809581
8.809581
8.809581
8.809581
8.809581
8.809581
8.809581
8.809581
8.809581
8.809581
8.809581
8.809581
8.809581
8.809581
8.809581
8.809581
8.809581
8.809581
8.809581
8.809581
8.809581
8.809581
8.809581
8.809581
8.809581
8.809581
8.809581
8.809581
8.809581
8.809581
8.809581
8.809581
8.809581
8.809581
8.809581
8.809581
8.809581
8.809581
8.809581
8.809581
8.809581
8.809581
8.809581
8.809581
8.809581
8.809581
8.809581
8.809581
8.809581
8.809581
8.809581
8.809581
8.809581
8.809581
8.809581
8.809581
8.809581
8.809581
8.809581
8.809581
8.809581
8.809581
8.809581
8.809581
8.809581
8.809581
8.809581
8.809581
8.809581
8.809581
8.809581
8.809581
8.809581
8.809581
8.809581
8.809581
8.809581
8.809581
8.809581
8.809581
8.809581
8.809581
8.809581
8.809581
8.809581
8.809581
8.809581
8.809581
8.809581
8.809581
8.809581
8.809581
8.809581
8.809581
8.809581
8.809581
8.809581
8.809581
8.809581
8.809581
8.809581
8.809581
8.809581
8.809581
8.809581
8.809581
8.809581
8.809581
8.809581
8.809581
8.809581
8.809581
8.809581
8.809581
8.809581
8.809581
8.809581
8.809581
8.809581
8.809581
8.809581
8.809581
8.809581
8.809581
8.809581
8.809581
8.809581
8.809581
8.809581
8.809581
8.809581
8.809581
8.809581
8.809581
8.809581
8.809581
8.809581
8.809581
8.809581
8.809581
8.809581
8.809581
8.809581
8.809581
8.809581
8.809581
8.809581
8.809581
8.809581
8.809581
8.809581
8.809581
8.809581
8.809581
8.809581
8.809581
8.809581
8.809581
8.809581
8.809581
8.809581
8.809581
8.809581
8.809581
8.809581
8.809581
8.809581
8.809581
8.809581
8.809581
8.809581
8.809581
8.809581
8.809581
8.809581
8.809581
8.809581
8.809581
8.809581
8.809581
8.809581
8.809581
8.809581
8.809581
8.809581
8.809581
8.809581
8.809581
8.809581
8.809581
8.809581
8.809581
8.809581
8.809581
8.809581
8.809581
8.809581
8.809581
8.809581
8.809581
8.809581
8.809581
8.809581
8.809581
8.809581
8.809581
8.809581
8.809581
8.809581
8.809581
8.809581
8.809581
8.809581
8.809581
8.809581
8.809581
8.809581
8.809581
8.809581
8.809581
8.809581
8.809581
8.809581
8.809581
8.809581
8.809581
8.809581
8.809581
8.809581
8.809581
8.809581
8.809581
8.809581
8.809581
8.809581
8.809581
8.809581
8.809581
8.809581
8.809581
8.809581
8.809581
8.809581
8.809581
8.809581
8.809581
8.809581
8.809581
8.809581
8.809581
8.809581
8.809581
8.809581
8.809581
8.809581
8.809581
8.809581
8.809581
8.809581
8.809581
8.809581
8.809581
8.809581
8.809581
8.809581
8.809581
8.809581
8.809581
8.809581
8.809581
8.809581
8.809581
8.809581
8.809581
8.809581
8.809581
8.809581
8.809581
8.809581
8.809581
8.809581
8.809581
8.809581
8.809581
8.809581
8.809581
8.809581
8.809581
8.809581
8.809581
8.809581
8.809581
8.809581
8.809581
8.809581
8.809581
8.809581
8.809581
8.809581
8.809581
8.809581
8.809581
8.809581
8.809581
8.809581
8.809581
8.809581
8.809581
8.809581
8.809581
8.809581
8.809581
8.809581
8.809581
8.809581
8.809581
8.809581
8.809581
8.809581
8.809581
8.809581
8.809581
8.809581
8.809581
8.809581
8.809581
8.809581
8.809581
8.809581
8.809581
8.809581
8.809581
8.809581
8.809581
8.809581
8.809581
8.809581
8.809581
8.809581
8.809581
8.809581
8.809581
8.809581
8.809581
8.809581
8.809581
8.809581
8.809581
8.809581
8.809581
8.809581
8.809581
8.809581
8.809581
8.809581
8.809581
8.809581
8.809581
8.809581
8.809581
8.809581
8.809581
8.809581
8.809581
8.809581
8.809581
8.809581
8.809581
8.809581
8.809581
8.809581
8.809581
8.809581
8.809581
8.809581
8.809581
8.809581
8.809581
8.809581
8.809581
8.809581
8.809581
8.809581
8.809581
8.809581
8.809581
8.809581
8.809581
8.809581
8.809581
8.809581
8.809581
8.809581
8.809581
8.809581
8.809581
8.809581
8.809581
8.809581
8.809581
8.809581
8.809581
8.809581
8.809581
8.809581
8.809581
8.809581
8.809581
8.809581
8.809581
8.809581
8.809581
8.809581
8.809581
8.809581
8.809581
8.809581
8.809581
8.809581
8.809581
8.809581
8.809581
8.809581
8.809581
8.809581
8.809581
8.809581
8.809581
8.809581
8.809581
8.809581
8.809581
8.809581
8.809581
8.809581
8.809581
8.809581
8.809581
8.809581
8.809581
8.809581
8.809581
8.809581
8.809581
8.809581
8.809581
8.809581
8.809581
8.809581
8.809581
8.809581
8.809581
8.809581
8.809581
8.809581
8.809581
8.809581
8.809581
8.809581
8.809581
8.809581
8.809581
8.809581
8.809581
8.809581
8.809581
8.809581
8.809581
8.809581
8.809581
8.809581
8.809581
8.809581
8.809581
8.809581
8.809581
8.809581
8.809581
8.809581
8.809581
8.809581
8.809581
8.809581
8.809581
8.809581
8.809581
8.809581
8.809581
8.809581
8.809581
8.809581
8.809581
8.809581
8.809581
8.809581
8.809581
8.809581
8.809581
8.809581
8.809581
8.809581
8.809581
8.809581
8.809581
8.809581
8.809581
8.809581
8.809581
8.809581
8.809581
8.809581
8.809581
8.809581
8.809581
8.809581
8.809581
8.809581
8.809581
8.809581
8.809581
8.809581
8.809581
8.809581
8.809581
8.809581
8.809581
8.809581
8.809581
8.809581
8.809581
8.809581
8.809581
8.809581
8.809581
8.809581
8.809581
8.809581
8.809581
8.809581
8.809581
8.809581
8.809581
8.809581
8.809581
8.809581
8.809581
8.809581
8.809581
8.809581
8.809581
8.809581
8.809581
8.809581
8.809581
8.809581
8.809581
8.809581
8.809581
8.809581
8.809581
8.809581
8.809581
8.809581
8.809581
8.809581
8.809581
8.809581
8.809581
8.809581
8.809581
8.809581
8.809581
8.809581
8.809581
8.809581
8.809581
8.809581
8.809581
8.809581
8.809581
8.809581
8.809581
8.809581
8.809581
8.809581
8.809581
8.809581
8.809581
8.809581
8.809581
8.809581
8.809581
8.809581
8.809581
8.809581
8.809581
8.809581
8.809581
8.809581
8.809581
8.809581
8.809581
8.809581
8.809581
8.809581
8.809581
8.809581
8.809581
8.809581
8.809581
8.809581
8.809581
8.809581
8.809581
8.809581
8.809581
8.809581
8.809581
8.809581
8.809581
8.809581
8.809581
8.809581
8.809581
8.809581
8.809581
8.809581
8.809581
8.809581
8.809581
8.809581
8.809581
8.809581
8.809581
8.809581
8.809581
8.809581
8.809581
8.809581
8.809581
8.809581
8.809581
8.809581
8.809581
8.809581
8.809581
8.809581
8.809581
8.809581
8.809581
8.809581
8.809581
8.809581
8.809581
8.809581
8.809581
8.809581
8.809581
8.809581
8.809581
8.809581
8.809581
8.809581
8.809581
8.809581
8.809581
8.809581
8.809581
8.809581
8.809581
8.809581
8.809581
8.809581
8.809581
8.809581
8.809581
8.809581
8.809581
8.809581
8.809581
8.809581
8.809581
8.809581
8.809581
8.809581
8.809581
8.809581
8.809581
8.809581
8.809581
8.809581
8.809581
8.809581
8.809581
8.809581
8.809581
8.809581
8.809581
8.809581
8.809581
8.809581
8.809581
8.809581
8.809581
8.809581
8.809581
8.809581
8.809581
8.809581
8.809581
8.809581
8.809581
8.809581
8.809581
8.809581
8.809581
8.809581
8.809581
8.809581
8.809581
8.809581
8.809581
8.809581
8.809581
8.809581
8.809581
8.809581
8.809581
8.809581
8.809581
8.809581
8.809581
8.809581
8.809581
8.809581
8.809581
8.809581
8.809581
8.809581
8.809581
8.809581
8.809581
8.809581
8.809581
8.809581
8.809581
8.809581
8.809581
8.809581
8.809581
8.809581
8.809581
8.809581
8.809581
8.809581
8.809581
8.809581
8.809581
8.809581
8.809581
8.809581
8.809581
8.809581
8.809581
8.809581
8.809581
8.809581
8.809581
8.809581
8.809581
8.809581
8.809581
8.809581
8.809581
8.809581
8.809581
8.809581
8.809581
8.809581
8.809581
8.809581
8.809581
8.809581
8.809581
8.809581
8.809581
8.809581
8.809581
8.809581
8.809581
8.809581
8.809581
8.809581
8.809581
8.809581
8.809581
8.809581
8.809581
8.809581
8.809581
8.809581
8.809581
8.809581
8.809581
8.809581
8.809581
8.809581
8.809581
8.809581
8.809581
8.809581
8.809581
8.809581
8.809581
8.809581
8.809581
8.809581
8.809581
8.809581
8.809581
8.809581
8.809581
8.809581
8.809581
8.809581
8.809581
8.809581
8.809581
8.809581
8.809581
8.809581
8.809581
8.809581
8.809581
8.809581
8.809581
8.809581
8.809581
8.809581
8.809581
8.809581
8.809581
8.809581
8.809581
8.809581
8.809581
8.809581
8.809581
8.809581
8.809581
8.809581
8.809581
8.809581
8.809581
8.809581
8.809581
8.809581
8.809581
8.809581
8.809581
8.809581
8.809581
8.809581
8.809581
8.809581
8.809581
8.809581
8.809581
8.809581
8.809581
8.809581
8.809581
8.809581
8.809581
8.809581
8.809581
8.809581
8.809581
8.809581
8.809581
8.809581
8.809581
8.809581
8.809581
8.809581
8.809581
8.809581
8.809581
8.809581
8.809581
8.809581
8.809581
8.809581
8.809581
8.809581
8.809581
8.809581
8.809581
8.809581
8.809581
8.809581
8.809581
8.809581
8.809581
8.809581
8.809581
8.809581
8.809581
8.809581
8.809581
8.809581
8.809581
8.809581
8.809581
8.809581
8.809581
8.809581
8.809581
8.809581
8.809581
8.809581
8.809581
8.809581
8.809581
8.809581
8.809581
8.809581
8.809581
8.809581
8.809581
8.809581
8.809581
8.809581
8.809581
8.809581
8.809581
8.809581
8.809581
8.809581
8.809581
8.809581
8.809581
8.809581
8.809581
8.809581
8.809581
8.809581
8.809581
8.809581
8.809581
8.809581
8.809581
8.809581
8.809581
8.809581
8.809581
8.809581
8.809581
8.809581
8.809581
8.809581
8.809581
8.809581
8.809581
8.809581
8.809581
8.809581
8.809581
8.809581
8.809581
8.809581
8.809581
8.809581
8.809581
8.809581
8.809581
8.809581
8.809581
8.809581
8.809581
8.809581
8.809581
8.809581
8.809581
8.809581
8.809581
8.809581
8.809581
8.809581
8.809581
8.809581
8.809581
8.809581
8.809581
8.809581
8.809581
8.809581
8.809581
8.809581
8.809581
8.809581
8.809581
8.809581
8.809581
8.809581
8.809581
8.809581
8.809581
8.809581
8.809581
8.809581
8.809581
8.809581
8.809581
8.809581
8.809581
8.809581
8.809581
8.809581
8.809581
8.809581
8.809581
8.809581
8.809581
8.809581
8.809581
8.809581
8.809581
8.809581
8.809581
8.809581
8.809581
8.809581
8.809581
8.809581
8.809581
8.809581
8.809581
8.809581
8.809581
8.809581
8.809581
8.809581
8.809581
8.809581
8.809581
8.809581
8.809581
8.809581
8.809581
8.809581
8.809581
8.809581
8.809581
8.809581
8.809581
8.809581
8.809581
8.809581
8.809581
8.809581
8.809581
8.809581
8.809581
8.809581
8.809581
8.809581
8.809581
8.809581
8.809581
8.809581
8.809581
8.809581
8.809581
8.809581
8.809581
8.809581
8.809581
8.809581
8.809581
8.809581
8.809581
8.809581
8.809581
8.809581
8.809581
8.809581
8.809581
8.809581
8.809581
8.809581
8.809581
8.809581
8.809581
8.809581
8.809581
8.809581
8.809581
8.809581
8.809581
8.809581
8.809581
8.809581
8.809581
8.809581
8.809581
8.809581
8.809581
8.809581
8.809581
8.809581
8.809581
8.809581
8.809581
8.809581
8.809581
8.809581
8.809581
8.809581
8.809581
8.809581
8.809581
8.809581
8.809581
8.809581
8.809581
8.809581
8.809581
8.809581
8.809581
8.809581
8.809581
8.809581
8.809581
8.809581
8.809581
8.809581
8.809581
8.809581
8.809581
8.809581
8.809581
8.809581
8.809581
8.809581
8.809581
8.809581
8.809581
8.809581
8.809581
8.809581
8.809581
8.809581
8.809581
8.809581
8.809581
8.809581
8.809581
8.809581
8.809581
8.809581
8.809581
8.809581
8.809581
8.809581
8.809581
8.809581
8.809581
8.809581
8.809581
8.809581
8.809581
8.809581
8.809581
8.809581
8.809581
8.809581
8.809581
8.809581
8.809581
8.809581
8.809581
8.809581
8.809581
8.809581
8.809581
8.809581
8.809581
8.809581
8.809581
8.809581
8.809581
8.809581
8.809581
8.809581
8.809581
8.809581
8.809581
8.809581
8.809581
8.809581
8.809581
8.809581
8.809581
8.809581
8.809581
8.809581
8.809581
8.809581
8.809581
8.809581
8.809581
8.809581
8.809581
8.809581
8.809581
8.809581
8.809581
8.809581
8.809581
8.809581
8.809581
8.809581
8.809581
8.809581
8.809581
8.809581
8.809581
8.809581
8.809581
8.809581
8.809581
8.809581
8.809581
8.809581
8.809581
8.809581
8.809581
8.809581
8.809581
8.809581
8.809581
8.809581
8.809581
8.809581
8.809581
8.809581
8.809581
8.809581
8.809581
8.809581
8.809581
8.809581
8.809581
8.809581
8.809581
8.809581
8.809581
8.809581
8.809581
8.809581
8.809581
8.809581
8.809581
8.809581
8.809581
8.809581
8.809581
8.809581
8.809581
8.809581
8.809581
8.809581
8.809581
8.809581
8.809581
8.809581
8.809581
8.809581
8.809581
8.809581
8.809581
8.809581
8.809581
8.809581
8.809581
8.809581
8.809581
8.809581
8.809581
8.809581
8.809581
8.809581
8.809581
8.809581
8.809581
8.809581
8.809581
8.809581
8.809581
8.809581
8.809581
8.809581
8.809581
8.809581
8.809581
8.809581
8.809581
8.809581
8.809581
8.809581
8.809581
8.809581
8.809581
8.809581
8.809581
8.809581
8.809581
8.809581
8.809581
8.809581
8.809581
8.809581
8.809581
8.809581
8.809581
8.809581
8.809581
8.809581
8.809581
8.809581
8.809581
8.809581
8.809581
8.809581
8.809581
8.809581
8.809581
8.809581
8.809581
8.809581
8.809581
8.809581
8.809581
8.809581
8.809581
8.809581
8.809581
8.809581
8.809581
8.809581
8.809581
8.809581
8.809581
8.809581
8.809581
8.809581
8.809581
8.809581
8.809581
8.809581
8.809581
8.809581
8.809581
8.809581
8.809581
8.809581
8.809581
8.809581
8.809581
8.809581
8.809581
8.809581
8.809581
8.809581
8.809581
8.809581
8.809581
8.809581
8.809581
8.809581
8.809581
8.809581
8.809581
8.809581
8.809581
8.809581
8.809581
8.809581
8.809581
8.809581
8.809581
8.809581
8.809581
8.809581
8.809581
8.809581
8.809581
8.809581
8.809581
8.809581
8.809581
8.809581
8.809581
8.809581
8.809581
8.809581
8.809581
8.809581
8.809581
8.809581
8.809581
8.809581
8.809581
8.809581
8.809581
8.809581
8.809581
8.809581
8.809581
8.809581
8.809581
8.809581
8.809581
8.809581
8.809581
8.809581
8.809581
8.809581
8.809581
8.809581
8.809581
8.809581
8.809581
8.809581
8.809581
8.809581
8.809581
8.809581
8.809581
8.809581
8.809581
8.809581
8.809581
8.809581
8.809581
8.809581
8.809581
8.809581
8.809581
8.809581
8.809581
8.809581
8.809581
8.809581
8.809581
8.809581
8.809581
8.809581
8.809581
8.809581
8.809581
8.809581
8.809581
8.809581
8.809581
8.809581
8.809581
8.809581
8.809581
8.809581
8.809581
8.809581
8.809581
8.809581
8.809581
8.809581
8.809581
8.809581
8.809581
8.809581
8.809581
8.809581
8.809581
8.809581
8.809581
8.809581
8.809581
8.809581
8.809581
8.809581
8.809581
8.809581
8.809581
8.809581
8.809581
8.809581
8.809581
8.809581
8.809581
8.809581
8.809581
8.809581
8.809581
8.809581
8.809581
8.809581
8.809581
8.809581
8.809581
8.809581
8.809581
8.809581
8.809581
8.809581
8.809581
8.809581
8.809581
8.809581
8.809581
8.809581
8.809581
8.809581
8.809581
8.809581
8.809581
8.809581
8.809581
8.809581
8.809581
8.809581
8.809581
8.809581
8.809581
8.809581
8.809581
8.809581
8.809581
8.809581
8.809581
8.809581
8.809581
8.809581
8.809581
8.809581
8.809581
8.809581
8.809581
8.809581
8.809581
8.809581
8.809581
8.809581
8.809581
8.809581
8.809581
8.809581
8.809581
8.809581
8.809581
8.809581
8.809581
8.809581
8.809581
8.809581
8.809581
8.809581
8.809581
8.809581
8.809581
8.809581
8.809581
8.809581
8.809581
8.809581
8.809581
8.809581
8.809581
8.809581
8.809581
8.809581
8.809581
8.809581
8.809581
8.809581
8.809581
8.809581
8.809581
8.809581
8.809581
8.809581
8.809581
8.809581
8.809581
8.809581
8.809581
8.809581
8.809581
8.809581
8.809581
8.809581
8.809581
8.809581
8.809581
8.809581
8.809581
8.809581
8.809581
8.809581
8.809581
8.809581
8.809581
8.809581
8.809581
8.809581
8.809581
8.809581
8.809581
8.809581
8.809581
8.809581
8.809581
8.809581
8.809581
8.809581
8.809581
8.809581
8.809581
8.809581
8.809581
8.809581
8.809581
8.809581
8.809581
8.809581
8.809581
8.809581
8.809581
8.809581
8.809581
8.809581
8.809581
8.809581
8.809581
8.809581
8.809581
8.809581
8.809581
8.809581
8.809581
8.809581
8.809581
8.809581
8.809581
8.809581
8.809581
8.809581
8.809581
8.809581
8.809581
8.809581
8.809581
8.809581
8.809581
8.809581
8.809581
8.809581
8.809581
8.809581
8.809581
8.809581
8.809581
8.809581
8.809581
8.809581
8.809581
8.809581
8.809581
8.809581
8.809581
8.809581
8.809581
8.809581
8.809581
8.809581
8.809581
8.809581
8.809581
8.809581
8.809581
8.809581
8.809581
8.809581
8.809581
8.809581
8.809581
8.809581
8.809581
8.809581
8.809581
8.809581
8.809581
8.809581
8.809581
8.809581
8.809581
8.809581
8.809581
8.809581
8.809581
8.809581
8.809581
8.809582
8.809582
8.809583
8.809584
8.809585
8.809587
8.809588
8.809590
8.809592
8.809594
8.809596
8.809598
8.809599
8.809601
8.809603
8.809604
8.809606
8.809607
8.809608
8.809608
8.809608
8.809608
8.809608
8.809607
8.809605
8.809603
8.809601
8.809598
8.809594
8.809590
8.809586
8.809581
8.809575
8.809569
8.809562
8.809554
8.809546
8.809538
8.809529
8.809519
8.809508
8.809497
8.809485
8.809472
8.809459
8.809445
8.809431
8.809415
8.809400
8.809383
8.809366
8.809348
8.809330
8.809311
8.809292
8.809272
8.809251
8.809230
8.809209
8.809187
8.809165
8.809142
8.809119
8.809096
8.809072
8.809048
8.809023
8.808998
8.808974
8.808949
8.808924
8.808898
8.808873
8.808848
8.808823
8.808797
8.808772
8.808747
8.808723
8.808699
8.808675
8.808651
8.808628
8.808604
8.808581
8.808557
8.808534
8.808510
8.808487
8.808463
8.808439
8.808416
8.808393
8.808369
8.808346
8.808323
8.808299
8.808276
8.808252
8.808229
8.808206
8.808182
8.808159
8.808135
8.808112
8.808088
8.808065
8.808042
8.808019
8.807995
8.807972
8.807948
8.807924
8.807901
8.807877
8.807854
8.807830
8.807807
8.807783
8.807760
8.807737
8.807713
8.807690
8.807667
8.807643
8.807620
8.807596
8.807573
8.807549
8.807526
8.807502
8.807479
8.807455
8.807432
8.807408
8.807385
8.807361
8.807338
8.807314
8.807291
8.807267
8.807244
8.807220
8.807197
8.807174
8.807150
8.807127
8.807104
8.807080
8.807057
8.807033
8.807010
8.806986
8.806963
8.806940
8.806916
8.806893
8.806869
8.806846
8.806822
8.806799
8.806775
8.806752
8.806728
8.806705
8.806682
8.806658
8.806635
8.806611
8.806588
8.806564
8.806541
8.806517
8.806494
8.806470
8.806447
8.806423
8.806400
8.806377
8.806353
8.806329
8.806306
8.806283
8.806259
8.806236
8.806213
8.806189
8.806166
8.806142
8.806119
8.806095
8.806072
8.806048
8.806025
8.806001
8.805978
8.805954
8.805931
8.805907
8.805884
8.805861
8.805837
8.805813
8.805790
8.805767
8.805743
8.805720
8.805696
8.805673
8.805649
8.805626
8.805602
8.805579
8.805555
8.805532
8.805509
8.805485
8.805462
8.805439
8.805415
8.805392
8.805368
8.805345
8.805321
8.805298
8.805274
8.805251
8.805227
8.805204
8.805180
8.805157
8.805134
8.805110
8.805087
8.805064
8.805040
8.805017
8.804993
8.804970
8.804946
8.804923
8.804900
8.804876
8.804853
8.804830
8.804806
8.804783
8.804760
8.804736
8.804713
8.804690
8.804666
8.804643
8.804619
8.804595
8.804572
8.804549
8.804525
8.804502
8.804479
8.804455
8.804432
8.804408
8.804385
8.804362
8.804338
8.804314
8.804291
8.804267
8.804244
8.804220
8.804197
8.804173
8.804150
8.804127
8.804103
8.804080
8.804056
8.804033
8.804009
8.803986
8.803962
8.803939
8.803916
8.803892
8.803869
8.803845
8.803822
8.803799
8.803776
8.803753
8.803731
8.803709
8.803687
8.803665
8.803643
8.803622
8.803600
8.803579
8.803558
8.803538
8.803517
8.803496
8.803474
8.803453
8.803430
8.803408
8.803385
8.803362
8.803338
8.803314
8.803290
8.803265
8.803239
8.803212
8.803185
8.803157
8.803128
8.803098
8.803067
8.803036
8.803004
8.802971
8.802937
8.802902
8.802867
8.802831
8.802794
8.802756
8.802717
8.802677
8.802636
8.802595
8.802552
8.802508
8.802463
8.802417
8.802371
8.802324
8.802276
8.802228
8.802178
8.802128
8.802077
8.802025
8.801972
8.801919
8.801864
8.801810
8.801754
8.801698
8.801642
8.801585
8.801528
8.801471
8.801413
8.801355
8.801297
8.801238
8.801179
8.801120
8.801061
8.801002
8.800944
8.800885
8.800826
8.800768
8.800710
8.800653
8.800595
8.800538
8.800481
8.800424
8.800367
8.800310
8.800253
8.800196
8.800140
8.800083
8.800027
8.799971
8.799915
8.799859
8.799802
8.799746
8.799689
8.799632
8.799576
8.799519
8.799462
8.799406
8.799349
8.799292
8.799236
8.799180
8.799123
8.799067
8.799010
8.798953
8.798896
8.798840
8.798783
8.798727
8.798670
8.798614
8.798557
8.798501
8.798445
8.798388
8.798332
8.798276
8.798220
8.798164
8.798109
8.798054
8.797999
8.797944
8.797890
8.797835
8.797781
8.797726
8.797671
8.797617
8.797562
8.797507
8.797451
8.797395
8.797339
8.797283
8.797226
8.797169
8.797111
8.797053
8.796994
8.796935
8.796875
8.796815
8.796754
8.796692
8.796630
8.796567
8.796503
8.796439
8.796374
8.796308
8.796242
8.796175
8.796107
8.796038
8.795969
8.795899
8.795828
8.795756
8.795684
8.795611
8.795538
8.795464
8.795389
8.795313
8.795237
8.795160
8.795082
8.795003
8.794925
8.794845
8.794765
8.794685
8.794604
8.794522
8.794440
8.794357
8.794274
8.794191
8.794107
8.794023
8.793939
8.793854
8.793770
8.793685
8.793600
8.793515
8.793430
8.793345
8.793261
8.793176
8.793091
8.793007
8.792923
8.792839
8.792755
8.792672
8.792590
8.792507
8.792425
8.792343
8.792262
8.792181
8.792099
8.792018
8.791937
8.791856
8.791775
8.791694
8.791613
8.791531
8.791450
8.791368
8.791286
8.791204
8.791121
8.791038
8.790954
8.790870
8.790786
8.790701
8.790616
8.790530
8.790443
8.790356
8.790268
8.790179
8.790090
8.790000
8.789909
8.789817
8.789725
8.789632
8.789539
8.789444
8.789349
8.789253
8.789157
8.789059
8.788961
8.788862
8.788763
8.788663
8.788562
8.788460
8.788357
8.788254
8.788150
8.788045
8.787940
8.787834
8.787727
8.787620
8.787512
8.787404
8.787295
8.787186
8.787077
8.786967
8.786857
8.786747
8.786637
8.786527
8.786417
8.786307
8.786196
8.786086
8.785975
8.785865
8.785755
8.785644
8.785533
8.785422
8.785312
8.785201
8.785090
8.784979
8.784868
8.784757
8.784646
8.784534
8.784422
8.784309
8.784196
8.784083
8.783968
8.783854
8.783738
8.783622
8.783506
8.783389
8.783271
8.783152
8.783033
8.782913
8.782793
8.782671
8.782549
8.782427
8.782303
8.782179
8.782055
8.781929
8.781803
8.781677
8.781549
8.781421
8.781292
8.781163
8.781034
8.780904
8.780773
8.780643
8.780512
8.780381
8.780249
8.780117
8.779984
8.779851
8.779718
8.779584
8.779449
8.779314
8.779179
8.779043
8.778907
8.778770
8.778633
8.778495
8.778357
8.778218
8.778079
8.777939
8.777800
8.777660
8.777519
8.777379
8.777238
8.777097
8.776956
8.776814
8.776671
8.776528
8.776384
8.776240
8.776095
8.775949
8.775803
8.775657
8.775510
8.775362
8.775214
8.775065
8.774917
8.774767
8.774618
8.774468
8.774318
8.774167
8.774016
8.773864
8.773712
8.773559
8.773406
8.773251
8.773096
8.772940
8.772783
8.772626
8.772468
8.772310
8.772150
8.771990
8.771829
8.771666
8.771503
8.771340
8.771175
8.771010
8.770844
8.770677
8.770510
8.770342
8.770173
8.770004
8.769834
8.769663
8.769492
8.769321
8.769149
8.768977
8.768805
8.768631
8.768457
8.768283
8.768107
8.767930
8.767753
8.767575
8.767396
8.767216
8.767035
8.766853
8.766670
8.766485
8.766300
8.766114
8.765926
8.765738
8.765549
8.765358
8.765167
8.764974
8.764781
8.764586
8.764391
8.764195
8.763998
8.763800
8.763602
8.763403
8.763205
8.763006
8.762806
8.762606
8.762406
8.762206
8.762005
8.761803
8.761601
8.761398
8.761195
8.760991
8.760786
8.760580
8.760374
8.760167
8.759958
8.759749
8.759538
8.759327
8.759114
8.758900
8.758684
8.758468
8.758251
8.758033
8.757814
8.757595
8.757374
8.757153
8.756931
8.756708
8.756484
8.756258
8.756031
8.755804
8.755575
8.755345
8.755114
8.754882
8.754649
8.754415
8.754179
8.753943
8.753706
8.753468
8.753228
8.752988
8.752745
8.752502
8.752257
8.752011
8.751764
8.751515
8.751265
8.751014
8.750762
8.750508
8.750252
8.749995
8.749737
8.749478
8.749218
8.748956
8.748693
8.748429
8.748164
8.747898
8.747631
8.747362
8.747093
8.746824
8.746553
8.746283
8.746012
8.745740
8.745469
8.745197
8.744924
8.744652
8.744378
8.744104
8.743829
8.743553
8.743276
8.742998
8.742719
8.742439
8.742158
8.741876
8.741593
8.741309
8.741024
8.740739
8.740452
8.740165
8.739876
8.739588
8.739298
8.739008
8.738717
8.738425
8.738132
8.737839
8.737545
8.737249
8.736953
8.736656
8.736357
8.736057
8.735755
8.735452
8.735148
8.734842
8.734535
8.734227
8.733917
8.733606
8.733294
8.732980
8.732664
8.732347
8.732029
8.731709
8.731387
8.731064
8.730739
8.730413
8.730085
8.729756
8.729426
8.729094
8.728761
8.728427
8.728091
8.727755
8.727418
8.727079
8.726740
8.726399
8.726057
8.725714
8.725369
8.725023
8.724676
8.724327
8.723977
8.723626
8.723273
8.722919
8.722563
8.722206
8.721848
8.721489
8.721127
8.720764
8.720399
8.720033
8.719664
8.719294
8.718922
8.718548
8.718172
8.717793
8.717414
8.717032
8.716648
8.716263
8.715875
8.715486
8.715095
8.714702
8.714308
8.713912
8.713515
8.713116
8.712714
8.712311
8.711907
8.711500
8.711092
8.710682
8.710270
8.709857
8.709443
8.709027
8.708609
8.708190
8.707770
8.707348
8.706925
8.706501
8.706076
8.705650
8.705223
8.704795
8.704366
8.703937
8.703507
8.703076
8.702644
8.702211
8.701777
8.701342
8.700907
8.700470
8.700033
8.699595
8.699156
8.698716
8.698276
8.697835
8.697392
8.696949
8.696504
8.696058
8.695610
8.695161
8.694710
8.694258
8.693804
8.693348
8.692891
8.692432
8.691972
8.691509
8.691045
8.690579
8.690111
8.689640
8.689168
8.688693
8.688215
8.687735
8.687252
8.686767
8.686280
8.685790
8.685298
8.684802
8.684305
8.683804
8.683301
8.682795
8.682287
8.681776
8.681262
8.680745
8.680226
8.679704
8.679178
8.678650
8.678120
8.677586
8.677050
8.676511
8.675970
8.675427
8.674881
8.674333
8.673782
8.673229
8.672673
8.672115
8.671554
8.670991
8.670425
8.669857
8.669287
8.668715
8.668141
8.667565
8.666987
8.666407
8.665825
8.665240
8.664654
8.664065
8.663474
8.662881
8.662286
8.661689
8.661090
8.660488
8.659885
8.659280
8.658674
8.658065
8.657455
8.656843
8.656230
8.655615
8.654999
8.654381
8.653761
8.653140
8.652518
8.651895
8.651271
8.650646
8.650019
8.649392
8.648763
8.648134
8.647503
8.646871
8.646238
8.645604
8.644968
8.644331
8.643693
8.643053
8.642412
8.641769
8.641124
8.640477
8.639828
8.639177
8.638524
8.637869
8.637211
8.636551
8.635889
8.635224
8.634557
8.633887
8.633215
8.632540
8.631863
8.631183
8.630501
8.629816
8.629129
8.628438
8.627745
8.627049
8.626350
8.625648
8.624944
8.624237
8.623527
8.622815
8.622100
8.621383
8.620663
8.619941
8.619217
8.618490
8.617762
8.617030
8.616297
8.615562
8.614824
8.614083
8.613340
8.612595
8.611846
8.611096
8.610342
8.609586
8.608827
8.608066
8.607302
8.606535
8.605766
8.604995
8.604222
8.603447
8.602669
8.601890
8.601109
8.600326
8.599540
8.598753
8.597964
8.597173
8.596380
8.595585
8.594787
8.593987
8.593184
8.592379
8.591572
8.590762
8.589950
8.589135
8.588318
8.587498
8.586676
8.585852
8.585025
8.584196
8.583364
8.582529
8.581692
8.580852
8.580009
8.579163
8.578314
8.577462
8.576607
8.575746
8.574881
8.574010
8.573134
8.572253
8.571366
8.570476
8.569582
8.568687
8.567793
8.566900
8.566009
8.565122
8.564238
8.563357
8.562479
8.561601
8.560724
8.559846
8.558967
8.558085
8.557201
8.556314
8.555425
8.554533
8.553637
8.552738
8.551837
8.550932
8.550025
8.549115
8.548202
8.547285
8.546366
8.545443
8.544516
8.543586
8.542652
8.541714
8.540773
8.539828
8.538879
8.537926
8.536968
8.536007
8.535041
8.534070
8.533094
8.532113
8.531127
8.530137
8.529142
8.528141
8.527137
8.526127
8.525113
8.524095
8.523072
8.522045
8.521013
8.519976
8.518934
8.517888
8.516837
8.515781
8.514719
8.513653
8.512582
8.511506
8.510424
8.509337
8.508245
8.507147
8.506044
8.504936
8.503822
8.502704
8.501581
8.500454
8.499322
8.498187
8.497048
8.495908
8.494768
8.493628
8.492489
8.491351
8.490216
8.489083
8.487951
8.486818
8.485683
8.484545
8.483404
8.482257
8.481105
8.479947
8.478785
8.477618
8.476449
8.475276
8.474101
8.472923
8.471742
8.470558
8.469372
8.468182
8.466990
8.465796
8.464598
8.463396
8.462192
8.460983
8.459770
8.458554
8.457333
8.456109
8.454881
8.453649
8.452414
8.451176
8.449934
8.448688
8.447439
8.446187
8.444930
8.443670
8.442407
8.441139
8.439868
8.438593
8.437314
8.436031
8.434744
8.433452
8.432156
8.430855
8.429549
8.428239
8.426924
8.425605
8.424282
8.422956
8.421626
8.420293
8.418956
8.417616
8.416272
8.414924
8.413572
8.412216
8.410856
8.409492
8.408123
8.406750
8.405372
8.403990
8.402602
8.401210
8.399813
8.398411
8.397004
8.395592
8.394175
8.392754
8.391328
8.389899
8.388465
8.387028
8.385586
8.384139
8.382689
8.381234
8.379775
8.378311
8.376843
8.375370
8.373892
8.372409
8.370921
8.369427
8.367928
8.366424
8.364914
8.363400
8.361880
8.360356
8.358828
8.357295
8.355757
8.354215
8.352669
8.351118
8.349563
8.348004
8.346441
8.344873
8.343300
8.341723
8.340141
8.338554
8.336962
8.335364
8.333762
8.332154
8.330542
8.328926
8.327305
8.325680
8.324052
8.322419
8.320783
8.319144
8.317501
8.315854
8.314204
8.312550
8.310893
8.309232
8.307567
8.305898
8.304225
8.302547
8.300865
8.299177
8.297484
8.295786
8.294083
8.292375
8.290662
8.288945
8.287224
8.285499
8.283769
8.282035
8.280295
8.278551
8.276803
8.275049
8.273290
8.271526
8.269756
8.267981
8.266199
8.264412
8.262617
8.260816
8.259008
8.257193
8.255371
8.253543
8.251707
8.249865
8.248016
8.246161
8.244299
8.242431
8.240556
8.238675
8.236787
8.234893
8.232992
8.231084
8.229170
8.227249
8.225322
8.223387
8.221446
8.219498
8.217543
8.215582
8.213614
8.211641
8.209662
8.207678
8.205689
8.203695
8.201695
8.199691
8.197682
8.195668
8.193649
8.191626
8.189598
8.187566
8.185529
8.183486
8.181439
8.179386
8.177328
8.175265
8.173196
8.171122
8.169042
8.166958
8.164869
8.162776
8.160678
8.158575
8.156468
8.154357
8.152241
8.150121
8.147996
8.145867
8.143733
8.141594
8.139451
8.137303
8.135149
8.132990
8.130825
8.128654
8.126477
8.124293
8.122103
8.119908
8.117706
8.115499
8.113287
8.111069
8.108845
8.106616
8.104381
8.102139
8.099892
8.097639
8.095380
8.093115
8.090844
8.088567
8.086284
8.083994
8.081697
8.079393
8.077082
8.074765
8.072442
8.070114
8.067779
8.065439
8.063094
8.060742
8.058385
8.056022
8.053654
8.051280
8.048901
8.046515
8.044124
8.041726
8.039323
8.036913
8.034496
8.032073
8.029642
8.027205
8.024760
8.022309
8.019850
8.017385
8.014913
8.012435
8.009951
8.007461
8.004964
8.002462
7.999953
7.997437
7.994915
7.992386
7.989851
7.987308
7.984758
7.982201
7.979636
7.977063
7.974483
7.971894
7.969298
7.966694
7.964082
7.961463
7.958837
7.956204
7.953563
7.950916
7.948261
7.945600
7.942931
7.940256
7.937574
7.934885
7.932190
7.929487
7.926778
7.924061
7.921338
7.918608
7.915870
7.913125
7.910374
7.907617
7.904853
7.902084
7.899309
7.896528
7.893743
7.890952
7.888155
7.885353
7.882545
7.879732
7.876914
7.874089
7.871260
7.868424
7.865583
7.862735
7.859881
7.857020
7.854152
7.851277
7.848395
7.845507
7.842612
7.839711
7.836804
7.833892
7.830973
7.828049
7.825120
7.822184
7.819243
7.816297
7.813344
7.810386
7.807423
7.804453
7.801478
7.798497
7.795509
7.792514
7.789512
7.786504
7.783489
7.780467
7.777439
7.774405
7.771365
7.768319
7.765267
7.762209
7.759145
7.756075
7.752998
7.749914
7.746824
7.743727
7.740623
7.737513
7.734395
7.731269
7.728136
7.724995
7.721845
7.718688
7.715523
7.712350
7.709170
7.705983
7.702789
7.699589
7.696381
7.693167
7.689946
7.686719
7.683485
7.680244
7.676997
7.673743
7.670483
7.667216
7.663942
7.660660
7.657371
7.654073
7.650768
7.647454
7.644134
7.640806
7.637471
7.634129
7.630781
7.627426
7.624064
7.620695
7.617320
7.613938
7.610550
7.607155
7.603753
7.600346
7.596931
7.593510
7.590083
7.586648
7.583206
7.579756
7.576300
7.572836
7.569366
7.565890
7.562408
7.558921
7.555428
7.551930
7.548427
7.544918
7.541404
7.537885
7.534360
7.530830
7.527295
7.523754
7.520207
7.516653
7.513094
7.509527
7.505953
7.502373
7.498785
7.495189
7.491586
7.487976
7.484360
7.480736
7.477107
7.473471
7.469829
7.466181
7.462527
7.458867
7.455201
7.451529
7.447851
7.444167
7.440477
7.436780
7.433076
7.429366
7.425648
7.421923
7.418191
7.414452
7.410706
7.406953
7.403195
7.399430
7.395660
7.391885
7.388103
7.384316
7.380524
7.376725
7.372921
7.369111
7.365295
7.361474
7.357646
7.353812
7.349971
7.346123
7.342268
7.338405
7.334535
7.330657
7.326772
7.322881
7.318983
7.315080
7.311170
7.307255
7.303334
7.299408
7.295476
7.291538
7.287594
7.283645
7.279690
7.275729
7.271761
7.267788
7.263808
7.259820
7.255825
7.251821
7.247809
7.243789
7.239761
7.235726
7.231684
7.227635
7.223580
7.219518
7.215450
7.211375
7.207293
7.203206
7.199112
7.195011
7.190905
7.186792
7.182673
7.178547
7.174415
7.170275
7.166129
7.161976
7.157816
7.153649
7.149475
7.145295
7.141109
7.136917
7.132720
7.128517
7.124310
7.120097
7.115879
7.111656
7.107428
7.103195
7.098957
7.094715
7.090467
7.086215
7.081957
7.077693
7.073423
7.069147
7.064864
7.060576
7.056282
7.051982
7.047678
7.043369
7.039056
7.034739
7.030419
7.026095
7.021768
7.017437
7.013104
7.008767
7.004426
7.000083
6.995735
6.991384
6.987028
6.982668
6.978302
6.973931
6.969555
6.965173
6.960785
6.956392
6.951993
6.947589
6.943181
6.938768
6.934350
6.929928
6.925501
6.921069
6.916633
6.912192
6.907745
6.903293
6.898837
6.894374
6.889906
6.885431
6.880949
6.876460
6.871964
6.867460
6.862949
6.858431
6.853906
6.849373
6.844835
6.840289
6.835738
6.831181
6.826617
6.822047
6.817472
6.812890
6.808303
6.803710
6.799110
6.794504
6.789892
6.785273
6.780648
6.776016
6.771376
6.766730
6.762076
6.757416
6.752748
6.748075
6.743395
6.738711
6.734021
6.729327
6.724628
6.719924
6.715217
6.710506
6.705791
6.701072
6.696349
6.691623
6.686893
6.682159
6.677420
6.672677
6.667929
6.663176
6.658419
6.653656
6.648889
6.644118
6.639343
6.634564
6.629783
6.624998
6.620211
6.615422
6.610630
6.605836
6.601039
6.596240
6.591439
6.586634
6.581827
6.577016
6.572201
6.567382
6.562559
6.557731
6.552898
6.548059
6.543216
6.538367
6.533514
6.528655
6.523792
6.518925
6.514054
6.509179
6.504300
6.499417
6.494530
6.489639
6.484745
6.479848
6.474947
6.470041
6.465132
6.460218
6.455301
6.450378
6.445451
6.440519
6.435582
6.430641
6.425696
6.420746
6.415792
6.410834
6.405873
6.400908
6.395940
6.390969
6.385994
6.381017
6.376035
6.371051
6.366063
6.361073
6.356078
6.351079
6.346077
6.341069
6.336057
6.331040
6.326018
6.320991
6.315960
6.310923
6.305882
6.300837
6.295788
6.290736
6.285680
6.280622
6.275560
6.270495
6.265428
6.260357
6.255284
6.250207
6.245127
6.240044
6.234956
6.229865
6.224769
6.219667
6.214561
6.209449
6.204331
6.199208
6.194079
6.188946
6.183807
6.178663
6.173514
6.168361
6.163204
6.158042
6.152876
6.147707
6.142533
6.137355
6.132173
6.126987
6.121797
6.116603
6.111404
6.106201
6.100994
6.095782
6.090565
6.085344
6.080119
6.074889
6.069656
6.064418
6.059177
6.053932
6.048684
6.043433
6.038180
6.032923
6.027664
6.022402
6.017137
6.011869
6.006598
6.001323
5.996045
5.990763
5.985477
5.980187
5.974893
5.969594
5.964291
5.958984
5.953672
5.948357
5.943037
5.937715
5.932389
5.927059
5.921727
5.916392
5.911055
5.905715
5.900372
5.895028
5.889681
5.884332
5.878981
5.873628
5.868272
5.862914
5.857552
5.852188
5.846822
5.841452
5.836079
5.830704
5.825326
5.819946
5.814564
5.809179
5.803793
5.798405
5.793015
5.787624
5.782231
5.776836
5.771439
5.766041
5.760641
5.755238
5.749834
5.744426
5.739016
5.733603
5.728186
5.722766
5.717343
5.711916
5.706485
5.701051
5.695614
5.690173
5.684729
5.679282
5.673832
5.668380
5.662924
5.657466
5.652004
5.646540
5.641072
5.635601
5.630126
5.624647
5.619165
5.613678
5.608187
5.602692
5.597192
5.591687
5.586177
5.580663
5.575143
5.569620
5.564091
5.558558
5.553020
5.547478
5.541932
5.536382
5.530827
5.525269
5.519708
5.514142
5.508573
5.503000
5.497424
5.491844
5.486261
5.480674
5.475084
5.469491
5.463894
5.458294
5.452691
5.447085
5.441477
5.435865
5.430252
5.424636
5.419018
5.413398
5.407776
5.402153
5.396528
5.390901
5.385273
5.379642
5.374010
5.368376
5.362740
5.357101
5.351460
5.345817
5.340171
5.334523
5.328872
5.323218
5.317563
5.311905
5.306245
5.300582
5.294918
5.289252
5.283585
5.277917
5.272247
5.266576
5.260903
5.255230
5.249556
5.243881
5.238204
5.232527
5.226848
5.221168
5.215486
5.209803
5.204117
5.198430
5.192742
5.187052
5.181360
5.175666
5.169971
5.164274
5.158576
5.152876
5.147174
5.141470
5.135765
5.130058
5.124349
5.118638
5.112926
5.107211
5.101494
5.095776
5.090055
5.084332
5.078606
5.072878
5.067148
5.061416
5.055682
5.049945
5.044206
5.038464
5.032720
5.026974
5.021225
5.015474
5.009721
5.003966
4.998208
4.992448
4.986686
4.980922
4.975155
4.969386
4.963614
4.957840
4.952064
4.946284
4.940502
4.934718
4.928930
4.923140
4.917348
4.911554
4.905757
4.899957
4.894156
4.888352
4.882547
4.876739
4.870930
4.865119
4.859306
4.853492
4.847677
4.841860
4.836042
4.830223
4.824403
4.818581
4.812759
4.806935
4.801110
4.795284
4.789457
4.783628
4.777798
4.771967
4.766134
4.760300
4.754465
4.748628
4.742790
4.736951
4.731111
4.725270
4.719428
4.713584
4.707739
4.701894
4.696047
4.690198
4.684349
4.678498
4.672647
4.666794
4.660939
4.655084
4.649227
4.643368
4.637508
4.631647
4.625785
4.619922
4.614058
4.608193
4.602327
4.596460
4.590593
4.584726
4.578858
4.572990
4.567123
4.561255
4.555388
4.549521
4.543655
4.537790
4.531925
4.526062
4.520198
4.514336
4.508475
4.502614
4.496754
4.490895
4.485037
4.479181
4.473325
4.467471
4.461619
4.455767
4.449918
4.444069
4.438222
4.432377
4.426532
4.420689
4.414847
4.409007
4.403167
4.397328
4.391491
4.385654
4.379817
4.373981
4.368145
4.362310
4.356475
4.350640
4.344805
4.338970
4.333135
4.327300
4.321465
4.315630
4.309794
4.303959
4.298124
4.292288
4.286453
4.280617
4.274782
4.268945
4.263108
4.257270
4.251431
4.245591
4.239750
4.233907
4.228063
4.222218
4.216372
4.210526
4.204678
4.198829
4.192980
4.187131
4.181281
4.175431
4.169581
4.163731
4.157881
4.152032
4.146183
4.140335
4.134487
4.128640
4.122793
4.116946
4.111100
4.105255
4.099410
4.093566
4.087724
4.081882
4.076041
4.070202
4.064364
4.058527
4.052692
4.046858
4.041027
4.035197
4.029369
4.023543
4.017720
4.011897
4.006077
4.000258
3.994440
3.988624
3.982809
3.976994
3.971181
3.965369
3.959559
3.953750
3.947943
3.942137
3.936334
3.930532
3.924733
3.918936
3.913142
3.907351
3.901563
3.895778
3.889996
3.884217
3.878442
3.872669
3.866900
3.861134
3.855371
3.849611
3.843854
3.838100
3.832350
3.826604
3.820862
3.815123
3.809389
3.803658
3.797932
3.792210
3.786493
3.780780
3.775072
3.769368
3.763670
3.757975
3.752285
3.746599
3.740916
3.735237
3.729562
3.723891
3.718223
3.712559
3.706898
3.701241
3.695588
3.689938
3.684291
3.678648
3.673009
3.667373
3.661741
3.656112
3.650487
3.644866
3.639248
3.633633
3.628022
3.622413
3.616806
3.611202
3.605600
3.600000
3.594402
3.588807
3.583213
3.577622
3.572033
3.566446
3.560861
3.555278
3.549697
3.544119
3.538543
3.532971
3.527401
3.521834
3.516271
3.510710
3.505152
3.499597
3.494044
3.488494
3.482947
3.477402
3.471861
3.466322
3.460787
3.455255
3.449726
3.444201
3.438679
3.433161
3.427647
3.422137
3.416632
3.411130
3.405634
3.400141
3.394653
3.389170
3.383691
3.378215
3.372744
3.367277
3.361815
3.356356
3.350902
3.345453
3.340009
3.334570
3.329135
3.323706
3.318282
3.312863
3.307450
3.302044
3.296643
3.291250
3.285863
3.280483
3.275109
3.269742
3.264381
3.259026
3.253678
3.248335
3.243000
3.237671
3.232348
3.227033
3.221724
3.216423
3.211128
3.205841
3.200560
3.195287
3.190022
3.184764
3.179514
3.174272
3.169037
3.163811
3.158591
3.153379
3.148173
3.142974
3.137781
3.132595
3.127415
3.122241
3.117075
3.111914
3.106760
3.101612
3.096470
3.091334
3.086204
3.081080
3.075961
3.070849
3.065743
3.060643
3.055549
3.050460
3.045376
3.040297
3.035223
3.030153
3.025087
3.020026
3.014969
3.009916
3.004868
2.999824
2.994784
2.989749
2.984718
2.979691
2.974670
2.969653
2.964641
2.959635
2.954635
2.949640
2.944650
2.939666
2.934688
2.929714
2.924744
2.919780
2.914821
2.909867
2.904919
2.899976
2.895038
2.890106
2.885180
2.880259
2.875345
2.870437
2.865535
2.860639
2.855751
2.850869
2.845995
2.841127
2.836267
2.831413
2.826566
2.821725
2.816891
2.812063
2.807241
2.802426
2.797617
2.792815
2.788019
2.783230
2.778448
2.773672
2.768903
2.764140
2.759385
2.754637
2.749896
2.745164
2.740439
2.735723
2.731014
2.726313
2.721619
2.716932
2.712252
2.707580
2.702915
2.698258
2.693608
2.688966
2.684331
2.679705
2.675086
2.670475
2.665872
2.661277
2.656691
2.652114
2.647545
2.642986
2.638436
2.633895
2.629362
2.624837
2.620320
2.615811
2.611310
2.606816
2.602331
2.597853
2.593383
2.588921
2.584466
2.580020
2.575581
2.571149
2.566725
2.562309
2.557901
2.553501
2.549109
2.544726
2.540351
2.535984
2.531624
2.527272
2.522927
2.518589
2.514257
2.509933
2.505614
2.501303
2.496997
2.492698
2.488406
2.484120
2.479839
2.475565
2.471298
2.467038
2.462784
2.458538
2.454298
2.450066
2.445841
2.441623
2.437412
2.433206
2.429007
2.424813
2.420626
2.416445
2.412270
2.408102
2.403940
2.399784
2.395635
2.391492
2.387356
2.383226
2.379104
2.374989
2.370881
2.366782
2.362690
2.358605
2.354529
2.350460
2.346398
2.342343
2.338295
2.334253
2.330219
2.326191
2.322169
2.318155
2.314147
2.310146
2.306151
2.302163
2.298182
2.294207
2.290239
2.286279
2.282327
2.278383
2.274447
2.270518
2.266598
2.262685
2.258780
2.254881
2.250989
2.247105
2.243227
2.239356
2.235493
2.231637
2.227788
2.223946
2.220112
2.216286
2.212467
2.208656
2.204854
2.201060
2.197276
2.193500
2.189733
2.185975
2.182226
2.178486
2.174754
2.171030
2.167314
2.163606
2.159906
2.156214
2.152530
2.148854
2.145186
2.141526
2.137874
2.134229
2.130593
2.126965
2.123345
2.119734
2.116132
2.112540
2.108956
2.105381
2.101815
2.098257
2.094706
2.091164
2.087628
2.084099
2.080578
2.077063
2.073555
2.070055
2.066561
2.063074
2.059593
2.056119
2.052652
2.049192
2.045739
2.042293
2.038856
2.035426
2.032003
2.028588
2.025180
2.021778
2.018383
2.014994
2.011611
2.008234
2.004863
2.001497
1.998138
1.994785
1.991437
1.988096
1.984760
1.981431
1.978107
1.974791
1.971481
1.968178
1.964883
1.961595
1.958315
1.955042
1.951777
1.948519
1.945267
1.942022
1.938784
1.935552
1.932326
1.929106
1.925893
1.922687
1.919486
1.916292
1.913104
1.909923
1.906748
1.903580
1.900420
1.897267
1.894122
1.890984
1.887854
1.884732
1.881617
1.878509
1.875408
1.872313
1.869225
1.866143
1.863068
1.859999
1.856937
1.853881
1.850832
1.847789
1.844753
1.841723
1.838701
1.835685
1.832677
1.829676
1.826684
1.823700
1.820725
1.817758
1.814800
1.811849
1.808905
1.805969
1.803040
1.800117
1.797202
1.794294
1.791392
1.788498
1.785611
1.782731
1.779858
1.776992
1.774133
1.771282
1.768440
1.765605
1.762779
1.759962
1.757153
1.754353
1.751560
1.748776
1.745999
1.743229
1.740467
1.737711
1.734963
1.732220
1.729485
1.726756
1.724034
1.721319
1.718610
1.715907
1.713211
1.710523
1.707841
1.705166
1.702499
1.699839
1.697187
1.694542
1.691904
1.689273
1.686648
1.684029
1.681416
1.678808
1.676205
1.673608
1.671016
1.668429
1.665847
1.663270
1.660698
1.658131
1.655569
1.653013
1.650463
1.647919
1.645381
1.642850
1.640325
1.637807
1.635295
1.632788
1.630288
1.627793
1.625304
1.622819
1.620340
1.617866
1.615398
1.612934
1.610475
1.608022
1.605573
1.603130
1.600692
1.598259
1.595832
1.593412
1.590998
1.588590
1.586190
1.583795
1.581408
1.579026
1.576651
1.574281
1.571917
1.569559
1.567205
1.564857
1.562514
1.560177
1.557845
1.555518
1.553197
1.550881
1.548571
1.546267
1.543969
1.541678
1.539393
1.537115
1.534845
1.532581
1.530325
1.528075
1.525832
1.523596
1.521366
1.519142
1.516924
1.514712
1.512506
1.510306
1.508112
1.505924
1.503742
1.501565
1.499395
1.497231
1.495073
1.492922
1.490778
1.488640
1.486510
1.484387
1.482271
1.480162
1.478059
1.475963
1.473873
1.471789
1.469711
1.467639
1.465571
1.463510
1.461453
1.459402
1.457357
1.455316
1.453281
1.451251
1.449227
1.447209
1.445196
1.443190
1.441190
1.439196
1.437209
1.435227
1.433251
1.431280
1.429315
1.427354
1.425398
1.423446
1.421499
1.419556
1.417617
1.415682
1.413751
1.411824
1.409902
1.407984
1.406070
1.404161
1.402257
1.400359
1.398466
1.396578
1.394696
1.392820
1.390948
1.389082
1.387221
1.385364
1.383512
1.381664
1.379820
1.377981
1.376147
1.374316
1.372490
1.370669
1.368851
1.367039
1.365231
1.363428
1.361630
1.359837
1.358050
1.356269
1.354493
1.352723
1.350958
1.349198
1.347444
1.345694
1.343949
1.342209
1.340472
1.338741
1.337013
1.335290
1.333571
1.331856
1.330145
1.328439
1.326737
1.325040
1.323348
1.321660
1.319978
1.318302
1.316630
1.314964
1.313304
1.311649
1.309999
1.308354
1.306714
1.305078
1.303447
1.301819
1.300196
1.298577
1.296962
1.295352
1.293746
1.292144
1.290547
1.288954
1.287366
1.285783
1.284205
1.282633
1.281066
1.279505
1.277949
1.276399
1.274854
1.273314
1.271780
1.270250
1.268725
1.267204
1.265688
1.264176
1.262668
1.261164
1.259665
1.258170
1.256679
1.255193
1.253711
1.252235
1.250763
1.249296
1.247834
1.246378
1.244927
1.243481
1.242039
1.240603
1.239171
1.237743
1.236319
1.234898
1.233482
1.232069
1.230659
1.229253
1.227851
1.226452
1.225056
1.223664
1.222276
1.220891
1.219510
1.218133
1.216761
1.215392
1.214028
1.212667
1.211311
1.209959
1.208610
1.207264
1.205922
1.204583
1.203247
1.201914
1.200584
1.199257
1.197933
1.196611
1.195293
1.193977
1.192664
1.191354
1.190048
1.188744
1.187445
1.186149
1.184858
1.183570
1.182286
1.181005
1.179728
1.178454
1.177184
1.175916
1.174650
1.173388
1.172129
1.170872
1.169619
1.168368
1.167120
1.165875
1.164634
1.163395
1.162160
1.160928
1.159700
1.158475
1.157255
1.156038
1.154825
1.153617
1.152412
1.151210
1.150013
1.148819
1.147629
1.146442
1.145259
1.144079
1.142902
1.141729
1.140559
1.139393
1.138229
1.137070
1.135914
1.134761
1.133613
1.132469
1.131330
1.130195
1.129064
1.127937
1.126814
1.125695
1.124580
1.123469
1.122361
1.121256
1.120155
1.119057
1.117963
1.116872
1.115784
1.114699
1.113618
1.112540
1.111466
1.110395
1.109328
1.108265
1.107206
1.106151
1.105100
1.104053
1.103009
1.101969
1.100932
1.099899
1.098869
1.097842
1.096818
1.095798
1.094780
1.093765
1.092753
1.091744
1.090738
1.089734
1.088733
1.087736
1.086742
1.085751
1.084764
1.083780
1.082800
1.081823
1.080849
1.079879
1.078911
1.077947
1.076985
1.076026
1.075069
1.074116
1.073165
1.072216
1.071271
1.070328
1.069388
1.068451
1.067516
1.066585
1.065657
1.064732
1.063810
1.062891
1.061976
1.061064
1.060155
1.059249
1.058347
1.057448
1.056552
1.055658
1.054768
1.053880
1.052995
1.052113
1.051233
1.050356
1.049481
1.048608
1.047738
1.046871
1.046007
1.045145
1.044287
1.043432
1.042580
1.041731
1.040884
1.040041
1.039200
1.038362
1.037527
1.036695
1.035865
1.035038
1.034214
1.033392
1.032573
1.031756
1.030942
1.030130
1.029321
1.028514
1.027711
1.026910
1.026112
1.025318
1.024526
1.023737
1.022951
1.022169
1.021389
1.020612
1.019838
1.019067
1.018299
1.017534
1.016771
1.016011
1.015253
1.014497
1.013744
1.012994
1.012245
1.011500
1.010756
1.010016
1.009278
1.008543
1.007811
1.007082
1.006356
1.005634
1.004914
1.004196
1.003482
1.002771
1.002062
1.001355
1.000652
0.999950
0.999251
0.998554
0.997860
0.997168
0.996478
0.995791
0.995106
0.994423
0.993742
0.993064
0.992388
0.991714
0.991043
0.990375
0.989708
0.989044
0.988383
0.987723
0.987065
0.986410
0.985756
0.985103
0.984453
0.983804
0.983156
0.982511
0.981866
0.981224
0.980584
0.979945
0.979309
0.978674
0.978041
0.977410
0.976781
0.976154
0.975529
0.974906
0.974284
0.973665
0.973048
0.972432
0.971818
0.971206
0.970595
0.969986
0.969379
0.968773
0.968169
0.967567
0.966967
0.966368
0.965771
0.965176
0.964583
0.963991
0.963401
0.962812
0.962226
0.961641
0.961058
0.960477
0.959897
0.959320
0.958744
0.958171
0.957599
0.957030
0.956462
0.955896
0.955332
0.954770
0.954209
0.953650
0.953094
0.952539
0.951986
0.951435
0.950886
0.950339
0.949794
0.949251
0.948710
0.948171
0.947634
0.947098
0.946565
0.946033
0.945503
0.944975
0.944449
0.943925
0.943402
0.942882
0.942363
0.941847
0.941332
0.940819
0.940308
0.939799
0.939291
0.938786
0.938282
0.937781
0.937281
0.936784
0.936288
0.935795
0.935304
0.934815
0.934328
0.933843
0.933360
0.932879
0.932401
0.931924
0.931449
0.930976
0.930505
0.930036
0.929568
0.929102
0.928638
0.928176
0.927716
0.927258
0.926802
0.926348
0.925896
0.925446
0.924998
0.924551
0.924106
0.923662
0.923221
0.922781
0.922342
0.921906
0.921471
0.921038
0.920606
0.920177
0.919749
0.919323
0.918899
0.918477
0.918056
0.917637
0.917219
0.916803
0.916388
0.915974
0.915562
0.915151
0.914742
0.914333
0.913926
0.913520
0.913116
0.912713
0.912310
0.911909
0.911509
0.911111
0.910714
0.910318
0.909923
0.909529
0.909138
0.908747
0.908357
0.907969
0.907581
0.907195
0.906810
0.906426
0.906044
0.905662
0.905282
0.904903
0.904525
0.904149
0.903774
0.903400
0.903029
0.902658
0.902289
0.901921
0.901554
0.901188
0.900824
0.900461
0.900098
0.899737
0.899377
0.899017
0.898660
0.898303
0.897948
0.897594
0.897242
0.896891
0.896541
0.896193
0.895846
0.895501
0.895157
0.894814
0.894473
0.894132
0.893793
0.893456
0.893119
0.892784
0.892449
0.892116
0.891785
0.891454
0.891125
0.890797
0.890470
0.890145
0.889821
0.889498
0.889176
0.888855
0.888536
0.888217
0.887900
0.887584
0.887269
0.886956
0.886644
0.886332
0.886023
0.885714
0.885406
0.885100
0.884795
0.884490
0.884187
0.883885
0.883583
0.883283
0.882984
0.882685
0.882388
0.882092
0.881796
0.881502
0.881208
0.880916
0.880624
0.880334
0.880045
0.879757
0.879470
0.879184
0.878899
0.878615
0.878332
0.878050
0.877768
0.877486
0.877205
0.876925
0.876645
0.876366
0.876088
0.875810
0.875532
0.875256
0.874980
0.874706
0.874432
0.874159
0.873887
0.873616
0.873347
0.873077
0.872810
0.872542
0.872276
0.872011
0.871747
0.871483
0.871220
0.870958
0.870697
0.870436
0.870175
0.869916
0.869657
0.869398
0.869140
0.868883
0.868627
0.868371
0.868117
0.867863
0.867611
0.867359
0.867108
0.866858
0.866610
0.866362
0.866115
0.865869
0.865625
0.865381
0.865138
0.864896
0.864654
0.864414
0.864175
0.863937
0.863699
0.863463
0.863227
0.862993
0.862759
0.862526
0.862294
0.862063
0.861833
0.861603
0.861375
0.861146
0.860919
0.860693
0.860467
0.860242
0.860019
0.859795
0.859573
0.859351
0.859131
0.858911
0.858691
0.858473
0.858255
0.858038
0.857822
0.857607
0.857393
0.857180
0.856968
0.856757
0.856547
0.856338
0.856130
0.855923
0.855717
0.855512
0.855308
0.855104
0.854901
0.854699
0.854498
0.854297
0.854096
0.853896
0.853696
0.853497
0.853298
0.853100
0.852902
0.852705
0.852508
0.852312
0.852116
0.851921
0.851727
0.851534
0.851341
0.851150
0.850959
0.850769
0.850580
0.850392
0.850205
0.850018
0.849833
0.849648
0.849464
0.849282
0.849099
0.848918
0.848737
0.848557
0.848378
0.848200
0.848022
0.847844
0.847668
0.847491
0.847315
0.847139
0.846964
0.846788
0.846613
0.846438
0.846263
0.846089
0.845915
0.845742
0.845569
0.845397
0.845225
0.845054
0.844884
0.844714
0.844545
0.844377
0.844209
0.844042
0.843876
0.843711
0.843546
0.843383
0.843219
0.843057
0.842895
0.842734
0.842574
0.842414
0.842255
0.842096
0.841939
0.841781
0.841624
0.841468
0.841312
0.841156
0.841001
0.840847
0.840693
0.840539
0.840386
0.840233
0.840081
0.839929
0.839778
0.839628
0.839478
0.839329
0.839179
0.839031
0.838882
0.838734
0.838587
0.838439
0.838292
0.838146
0.838000
0.837854
0.837709
0.837565
0.837421
0.837278
0.837135
0.836993
0.836851
0.836710
0.836569
0.836429
0.836289
0.836150
0.836012
0.835874
0.835736
0.835599
0.835462
0.835325
0.835189
0.835053
0.834918
0.834783
0.834648
0.834514
0.834381
0.834248
0.834116
0.833984
0.833853
0.833723
0.833593
0.833464
0.833336
0.833208
0.833081
0.832954
0.832828
0.832703
0.832578
0.832454
0.832331
0.832208
0.832085
0.831963
0.831842
0.831720
0.831599
0.831479
0.831358
0.831237
0.831117
0.830997
0.830877
0.830758
0.830638
0.830519
0.830400
0.830281
0.830162
0.830044
0.829925
0.829808
0.829690
0.829572
0.829454
0.829337
0.829220
0.829103
0.828986
0.828870
0.828754
0.828638
0.828522
0.828407
0.828293
0.828179
0.828066
0.827953
0.827841
0.827729
0.827618
0.827508
0.827398
0.827289
0.827181
0.827073
0.826966
0.826859
0.826753
0.826648
0.826543
0.826439
0.826335
0.826232
0.826130
0.826028
0.825927
0.825826
0.825726
0.825627
0.825528
0.825429
0.825331
0.825233
0.825136
0.825039
0.824942
0.824846
0.824750
0.824654
0.824559
0.824464
0.824369
0.824274
0.824179
0.824084
0.823989
0.823893
0.823798
0.823702
0.823605
0.823509
0.823412
0.823314
0.823217
0.823119
0.823021
0.822923
0.822824
0.822727
0.822629
0.822531
0.822434
0.822338
0.822241
0.822145
0.822050
0.821955
0.821861
0.821767
0.821673
0.821581
0.821489
0.821397
0.821307
0.821217
0.821127
0.821039
0.820951
0.820864
0.820778
0.820692
0.820607
0.820523
0.820440
0.820358
0.820276
0.820195
0.820115
0.820036
0.819958
0.819880
0.819803
0.819727
0.819651
0.819577
0.819503
0.819430
0.819357
0.819285
0.819214
0.819143
0.819073
0.819004
0.818935
0.818867
0.818799
0.818731
0.818664
0.818597
0.818531
0.818465
0.818399
0.818333
0.818268
0.818203
0.818137
0.818072
0.818007
0.817941
0.817876
0.817810
0.817744
0.817678
0.817612
0.817545
0.817479
0.817412
0.817344
0.817277
0.817210
0.817142
0.817075
0.817008
0.816940
0.816873
0.816806
0.816738
0.816671
0.816604
0.816536
0.816469
0.816401
0.816334
0.816266
0.816198
0.816130
0.816062
0.815994
0.815925
0.815856
0.815787
0.815717
0.815648
0.815578
0.815508
0.815439
0.815369
0.815300
0.815231
0.815162
0.815093
0.815025
0.814956
0.814889
0.814822
0.814755
0.814689
0.814623
0.814558
0.814494
0.814430
0.814367
0.814304
0.814242
0.814182
0.814121
0.814062
0.814003
0.813945
0.813888
0.813832
0.813777
0.813722
0.813668
0.813615
0.813563
0.813512
0.813462
0.813412
0.813364
0.813316
0.813269
0.813223
0.813177
0.813133
0.813089
0.813046
0.813004
0.812962
0.812921
0.812881
0.812842
0.812803
0.812764
0.812727
0.812689
0.812652
0.812616
0.812580
0.812545
0.812510
0.812475
0.812440
0.812406
0.812371
0.812337
0.812303
0.812269
0.812235
0.812200
0.812166
0.812131
0.812096
0.812061
0.812025
0.811990
0.811953
0.811917
0.811881
0.811845
0.811808
0.811772
0.811735
0.811699
0.811662
0.811626
0.811590
0.811553
0.811517
0.811480
0.811444
0.811407
0.811371
0.811334
0.811298
0.811262
0.811225
0.811189
0.811152
0.811116
0.811079
0.811043
0.811006
0.810970
0.810934
0.810897
0.810861
0.810824
0.810788
0.810751
0.810715
0.810678
0.810642
0.810606
0.810569
0.810533
0.810496
0.810460
0.810423
0.810387
0.810350
0.810314
0.810278
0.810241
0.810205
0.810168
0.810132
0.810095
0.810059
0.810022
0.809986
0.809950
0.809913
0.809877
0.809840
0.809804
0.809767
0.809731
0.809694
0.809658
0.809622
0.809585
0.809549
0.809512
0.809476
0.809439
0.809403
0.809366
0.809330
0.809294
0.809257
0.809221
0.809184
0.809148
0.809111
0.809075
0.809038
0.809002
0.808966
0.808929
0.808893
0.808856
0.808820
0.808783
0.808747
0.808710
0.808674
0.808638
0.808601
0.808565
0.808528
0.808492
0.808455
0.808419
0.808383
0.808346
0.808310
0.808273
0.808237
0.808200
0.808164
0.808127
0.808090
0.808053
0.808015
0.807978
0.807940
0.807903
0.807865
0.807828
0.807790
0.807752
0.807715
0.807677
0.807640
0.807602
0.807565
0.807528
0.807492
0.807455
0.807419
0.807383
0.807347
0.807312
0.807276
0.807242
0.807207
0.807173
0.807139
0.807106
0.807073
0.807041
0.807008
0.806977
0.806945
0.806914
0.806884
0.806854
0.806825
0.806795
0.806767
0.806739
0.806711
0.806684
0.806657
0.806630
0.806604
0.806579
0.806554
0.806529
0.806505
0.806481
0.806458
0.806435
0.806412
0.806389
0.806368
0.806346
0.806325
0.806304
0.806283
0.806262
0.806242
0.806222
0.806203
0.806183
0.806164
0.806144
0.806125
0.806106
0.806087
0.806068
0.806049
0.806030
0.806011
0.805993
0.805973
0.805954
0.805935
0.805915
0.805895
0.805875
0.805855
0.805835
0.805815
0.805795
0.805775
0.805755
0.805735
0.805714
0.805694
0.805674
0.805654
0.805634
0.805614
0.805594
0.805573
0.805553
0.805533
0.805513
0.805493
0.805473
0.805453
0.805432
0.805412
0.805392
0.805372
0.805352
0.805332
0.805311
0.805291
0.805271
0.805251
0.805231
0.805211
0.805191
0.805170
0.805150
0.805130
0.805110
0.805090
0.805070
0.805049
0.805029
0.805009
0.804989
0.804969
0.804949
0.804929
0.804909
0.804888
0.804868
0.804848
0.804828
0.804808
0.804788
0.804767
0.804747
0.804727
0.804707
0.804687
0.804667
0.804647
0.804626
0.804606
0.804586
0.804566
0.804546
0.804526
0.804505
0.804485
0.804465
0.804445
0.804425
0.804405
0.804385
0.804364
0.804344
0.804324
0.804304
0.804284
0.804264
0.804244
0.804223
0.804203
0.804183
0.804163
0.804143
0.804123
0.804103
0.804082
0.804062
0.804042
0.804022
0.804002
0.803982
0.803961
0.803941
0.803921
0.803901
0.803881
0.803861
0.803841
0.803820
0.803800
0.803780
0.803760
0.803740
0.803720
0.803700
0.803679
0.803659
0.803639
0.803619
0.803599
0.803579
0.803558
0.803538
0.803518
0.803498
0.803478
0.803458
0.803438
0.803417
0.803397
0.803377
0.803357
0.803337
0.803317
0.803297
0.803276
0.803256
0.803236
0.803216
0.803196
0.803176
0.803156
0.803135
0.803115
0.803095
0.803075
0.803055
0.803035
0.803014
0.802994
0.802974
0.802954
0.802934
0.802914
0.802894
0.802873
0.802853
0.802833
0.802813
0.802793
0.802773
0.802752
0.802732
0.802712
0.802692
0.802672
0.802652
0.802632
0.802612
0.802591
0.802571
0.802551
0.802531
0.802511
0.802490
0.802470
0.802450
0.802430
0.802410
0.802390
0.802370
0.802350
0.802329
0.802309
0.802289
0.802269
0.802249
0.802229
0.802208
0.802188
0.802168
0.802148
0.802128
0.802108
0.802087
0.802067
0.802047
0.802027
0.802007
0.801987
0.801967
0.801947
0.801926
0.801906
0.801886
0.801866
0.801846
0.801826
0.801805
0.801785
0.801765
0.801745
0.801725
0.801705
0.801685
0.801664
0.801644
0.801624
0.801604
0.801584
0.801564
0.801543
0.801523
0.801503
0.801483
0.801463
0.801443
0.801423
0.801403
0.801382
0.801362
0.801342
0.801322
0.801302
0.801282
0.801261
0.801241
0.801221
0.801201
0.801181
0.801161
0.801141
0.801121
0.801100
0.801080
0.801060
0.801040
0.801020
0.800999
0.800979
0.800959
0.800939
0.800919
0.800899
0.800879
0.800859
0.800838
0.800818
0.800798
0.800778
0.800758
0.800738
0.800717
0.800697
0.800677
0.800657
0.800637
0.800617
0.800597
0.800576
0.800556
0.800536
0.800516
0.800496
0.800476
0.800455
0.800435
0.800415
0.800395
0.800375
0.800355
0.800335
0.800314
0.800294
0.800274
0.800254
0.800234
0.800214
0.800194
0.800173
0.800153
0.800133
0.800113
0.800093
0.800073
0.800054
0.800037
0.800023
0.800013
0.800006
0.800002
0.800000
