0.799948
0.800014
0.800081
0.800147
0.800213
0.800279
0.800345
0.800411
0.800477
0.800543
0.800609
0.800676
0.800742
0.800808
0.800874
0.800940
0.801006
0.801072
0.801138
0.801204
0.801271
0.801337
0.801403
0.801469
0.801535
0.801601
0.801667
0.801733
0.801799
0.801866
0.801932
0.801998
0.802064
0.802130
0.802196
0.802262
0.802328
0.802395
0.802461
0.802527
0.802593
0.802659
0.802725
0.802791
0.802856
0.802922
0.802987
0.803051
0.803115
0.803178
0.803241
0.803304
0.803366
0.803428
0.803491
0.803553
0.803616
0.803678
0.803741
0.803805
0.803869
0.803933
0.803998
0.804064
0.804130
0.804197
0.804265
0.804334
0.804404
0.804475
0.804547
0.804620
0.804693
0.804769
0.804845
0.804922
0.805001
0.805081
0.805163
0.805245
0.805329
0.805414
0.805501
0.805589
0.805678
0.805769
0.805861
0.805954
0.806049
0.806145
0.806243
0.806341
0.806441
0.806541
0.806642
0.806743
0.806844
0.806945
0.807047
0.807149
0.807252
0.807356
0.807460
0.807566
0.807672
0.807780
0.807889
0.808000
0.808112
0.808225
0.808340
0.808457
0.808575
0.808695
0.808817
0.808940
0.809066
0.809193
0.809322
0.809452
0.809583
0.809716
0.809849
0.809983
0.810118
0.810255
0.810393
0.810532
0.810674
0.810818
0.810965
0.811114
0.811267
0.811422
0.811580
0.811742
0.811906
0.812074
0.812246
0.812421
0.812599
0.812779
0.812963
0.813150
0.813340
0.813534
0.813730
0.813931
0.814135
0.814342
0.814554
0.814770
0.814990
0.815213
0.815441
0.815672
0.815907
0.816145
0.816387
0.816632
0.816881
0.817133
0.817389
0.817648
0.817911
0.818178
0.818448
0.818722
0.818999
0.819279
0.819561
0.819846
0.820134
0.820425
0.820719
0.821017
0.821319
0.821625
0.821936
0.822251
0.822570
0.822894
0.823223
0.823556
0.823893
0.824236
0.824583
0.824935
0.825292
0.825654
0.826021
0.826392
0.826768
0.827149
0.827534
0.827924
0.828318
0.828718
0.829121
0.829530
0.829942
0.830360
0.830782
0.831210
0.831643
0.832082
0.832527
0.832978
0.833434
0.833897
0.834365
0.834839
0.835319
0.835805
0.836296
0.836793
0.837296
0.837804
0.838318
0.838838
0.839364
0.839896
0.840435
0.840980
0.841533
0.842093
0.842660
0.843235
0.843817
0.844407
0.845005
0.845611
0.846225
0.846848
0.847479
0.848118
0.848766
0.849423
0.850089
0.850764
0.851449
0.852144
0.852848
0.853562
0.854286
0.855019
0.855763
0.856516
0.857279
0.858053
0.858837
0.859632
0.860439
0.861257
0.862086
0.862926
0.863779
0.864642
0.865518
0.866405
0.867305
0.868217
0.869142
0.870080
0.871031
0.871996
0.872974
0.873966
0.874971
0.875990
0.877022
0.878068
0.879127
0.880201
0.881288
0.882389
0.883503
0.884631
0.885773
0.886929
0.888098
0.889282
0.890481
0.891694
0.892923
0.894166
0.895425
0.896700
0.897991
0.899297
0.900621
0.901961
0.903318
0.904692
0.906083
0.907492
0.908919
0.910365
0.911830
0.913313
0.914816
0.916339
0.917881
0.919444
0.921026
0.922628
0.924251
0.925894
0.927558
0.929243
0.930950
0.932678
0.934427
0.936197
0.937990
0.939804
0.941640
0.943499
0.945380
0.947284
0.949212
0.951163
0.953138
0.955138
0.957162
0.959211
0.961286
0.963387
0.965514
0.967666
0.969845
0.972051
0.974284
0.976544
0.978831
0.981145
0.983488
0.985858
0.988258
0.990686
0.993144
0.995631
0.998147
1.000693
1.003270
1.005878
1.008517
1.011188
1.013890
1.016625
1.019392
1.022193
1.025027
1.027895
1.030798
1.033735
1.036709
1.039718
1.042764
1.045846
1.048965
1.052122
1.055317
1.058550
1.061821
1.065132
1.068481
1.071870
1.075299
1.078768
1.082278
1.085829
1.089421
1.093054
1.096729
1.100447
1.104208
1.108012
1.111858
1.115748
1.119682
1.123660
1.127683
1.131749
1.135860
1.140016
1.144217
1.148463
1.152755
1.157092
1.161475
1.165903
1.170377
1.174897
1.179465
1.184079
1.188742
1.193451
1.198209
1.203016
1.207872
1.212778
1.217733
1.222737
1.227792
1.232898
1.238055
1.243263
1.248523
1.253834
1.259197
1.264613
1.270083
1.275606
1.281184
1.286816
1.292504
1.298247
1.304048
1.309905
1.315819
1.321789
1.327817
1.333903
1.340047
1.346251
1.352513
1.358836
1.365218
1.371662
1.378167
1.384734
1.391363
1.398055
1.404810
1.411629
1.418512
1.425460
1.432473
1.439552
1.446697
1.453909
1.461189
1.468538
1.475956
1.483443
1.491000
1.498627
1.506324
1.514093
1.521932
1.529841
1.537821
1.545872
1.553995
1.562191
1.570459
1.578801
1.587215
1.595702
1.604264
1.612900
1.621611
1.630397
1.639257
1.648194
1.657206
1.666296
1.675464
1.684710
1.694034
1.703439
1.712924
1.722492
1.732140
1.741871
1.751682
1.761576
1.771550
1.781607
1.791745
1.801965
1.812266
1.822649
1.833115
1.843663
1.854295
1.865009
1.875805
1.886685
1.897647
1.908694
1.919826
1.931042
1.942343
1.953729
1.965201
1.976759
1.988403
2.000133
2.011950
2.023853
2.035845
2.047925
2.060093
2.072349
2.084691
2.097120
2.109635
2.122235
2.134922
2.147693
2.160550
2.173492
2.186520
2.199635
2.212835
2.226121
2.239491
2.252947
2.266487
2.280112
2.293822
2.307617
2.321496
2.335459
2.349506
2.363637
2.377852
2.392151
2.406534
2.421000
2.435549
2.450183
2.464899
2.479697
2.494575
2.509534
2.524571
2.539686
2.554881
2.570153
2.585503
2.600930
2.616434
2.632015
2.647674
2.663410
2.679222
2.695108
2.711070
2.727107
2.743217
2.759400
2.775655
2.791981
2.808379
2.824848
2.841389
2.858001
2.874684
2.891436
2.908258
2.925149
2.942106
2.959130
2.976219
2.993371
3.010586
3.027864
3.045205
3.062607
3.080071
3.097593
3.115174
3.132814
3.150511
3.168264
3.186073
3.203935
3.221851
3.239818
3.257837
3.275905
3.294022
3.312185
3.330396
3.348654
3.366958
3.385308
3.403704
3.422144
3.440626
3.459149
3.477712
3.496311
3.514946
3.533613
3.552313
3.571044
3.589806
3.608598
3.627419
3.646267
3.665142
3.684043
3.702968
3.721916
3.740886
3.759876
3.778885
3.797912
3.816956
3.836015
3.855088
3.874176
3.893277
3.912393
3.931521
3.950662
3.969814
3.988976
4.008147
4.027326
4.046511
4.065702
4.084897
4.104095
4.123296
4.142498
4.161701
4.180904
4.200104
4.219301
4.238494
4.257681
4.276860
4.296030
4.315187
4.334330
4.353458
4.372568
4.391659
4.410729
4.429777
4.448802
4.467804
4.486781
4.505735
4.524663
4.543564
4.562437
4.581282
4.600097
4.618883
4.637638
4.656362
4.675054
4.693713
4.712341
4.730937
4.749501
4.768031
4.786528
4.804991
4.823419
4.841812
4.860169
4.878489
4.896771
4.915014
4.933218
4.951382
4.969508
4.987594
5.005641
5.023650
5.041621
5.059555
5.077454
5.095317
5.113144
5.130936
5.148694
5.166417
5.184106
5.201762
5.219384
5.236973
5.254528
5.272050
5.289540
5.306996
5.324418
5.341806
5.359158
5.376474
5.393752
5.410992
5.428192
5.445350
5.462468
5.479544
5.496578
5.513570
5.530519
5.547426
5.564289
5.581108
5.597882
5.614610
5.631289
5.647918
5.664496
5.681021
5.697494
5.713912
5.730276
5.746584
5.762838
5.779036
5.795179
5.811266
5.827298
5.843273
5.859193
5.875057
5.890865
5.906615
5.922309
5.937944
5.953523
5.969045
5.984510
5.999920
6.015272
6.030568
6.045808
6.060990
6.076114
6.091180
6.106185
6.121128
6.136010
6.150828
6.165584
6.180275
6.194901
6.209460
6.223952
6.238377
6.252734
6.267022
6.281240
6.295386
6.309459
6.323460
6.337388
6.351243
6.365022
6.378726
6.392355
6.405906
6.419381
6.432778
6.446094
6.459330
6.472483
6.485555
6.498542
6.511446
6.524265
6.536997
6.549641
6.562199
6.574668
6.587051
6.599345
6.611549
6.623665
6.635692
6.647631
6.659481
6.671242
6.682913
6.694494
6.705985
6.717387
6.728699
6.739921
6.751052
6.762092
6.773043
6.783906
6.794681
6.805369
6.815971
6.826488
6.836921
6.847272
6.857541
6.867729
6.877836
6.887861
6.897807
6.907674
6.917463
6.927173
6.936805
6.946360
6.955838
6.965239
6.974563
6.983810
6.992979
7.002070
7.011083
7.020020
7.028880
7.037663
7.046368
7.054997
7.063550
7.072027
7.080428
7.088754
7.097003
7.105177
7.113275
7.121299
7.129247
7.137121
7.144919
7.152643
7.160292
7.167869
7.175372
7.182802
7.190159
7.197443
7.204654
7.211792
7.218859
7.225854
7.232777
7.239630
7.246413
7.253128
7.259777
7.266359
7.272874
7.279324
7.285707
7.292026
7.298281
7.304471
7.310596
7.316658
7.322656
7.328593
7.334467
7.340279
7.346029
7.351718
7.357347
7.362916
7.368426
7.373876
7.379269
7.384602
7.389879
7.395098
7.400262
7.405371
7.410425
7.415424
7.420369
7.425261
7.430100
7.434886
7.439620
7.444301
7.448930
7.453509
7.458039
7.462518
7.466949
7.471330
7.475664
7.479950
7.484189
7.488381
7.492528
7.496630
7.500687
7.504700
7.508672
7.512600
7.516486
7.520331
7.524135
7.527898
7.531621
7.535305
7.538950
7.542555
7.546121
7.549648
7.553137
7.556589
7.560002
7.563378
7.566717
7.570019
7.573284
7.576512
7.579704
7.582860
7.585981
7.589067
7.592120
7.595140
7.598128
7.601084
7.604008
7.606902
7.609766
7.612598
7.615399
7.618169
7.620908
7.623616
7.626292
7.628939
7.631555
7.634140
7.636695
7.639220
7.641715
7.644180
7.646615
7.649021
7.651397
7.653743
7.656062
7.658352
7.660615
7.662850
7.665058
7.667240
7.669395
7.671524
7.673627
7.675703
7.677753
7.679777
7.681774
7.683744
7.685689
7.687608
7.689503
7.691373
7.693220
7.695043
7.696844
7.698622
7.700377
7.702110
7.703820
7.705509
7.707175
7.708819
7.710442
7.712044
7.713625
7.715185
7.716725
7.718245
7.719746
7.721229
7.722694
7.724140
7.725567
7.726976
7.728366
7.729736
7.731087
7.732419
7.733731
7.735025
7.736299
7.737555
7.738792
7.740012
7.741214
7.742399
7.743567
7.744720
7.745857
7.746978
7.748083
7.749173
7.750249
7.751309
7.752354
7.753385
7.754400
7.755401
7.756387
7.757359
7.758316
7.759259
7.760189
7.761105
7.762008
7.762897
7.763772
7.764635
7.765484
7.766320
7.767145
7.767957
7.768758
7.769547
7.770326
7.771095
7.771853
7.772601
7.773338
7.774066
7.774783
7.775490
7.776187
7.776874
7.777552
7.778221
7.778881
7.779533
7.780177
7.780814
7.781443
7.782064
7.782678
7.783283
7.783880
7.784468
7.785049
7.785621
7.786186
7.786743
7.787293
7.787836
7.788372
7.788902
7.789426
7.789943
7.790455
7.790960
7.791460
7.791954
7.792441
7.792921
7.793395
7.793863
7.794323
7.794778
7.795227
7.795671
7.796109
7.796543
7.796973
7.797397
7.797818
7.798234
7.798645
7.799051
7.799452
7.799848
7.800240
7.800627
7.801009
7.801387
7.801761
7.802130
7.802495
7.802855
7.803211
7.803564
7.803913
7.804258
7.804601
7.804941
7.805277
7.805610
7.805939
7.806265
7.806587
7.806906
7.807221
7.807533
7.807841
7.808146
7.808448
7.808746
7.809040
7.809331
7.809618
7.809901
7.810181
7.810457
7.810730
7.811000
7.811266
7.811530
7.811791
7.812049
7.812305
7.812560
7.812813
7.813065
7.813316
7.813566
7.813815
7.814063
7.814309
7.814553
7.814796
7.815037
7.815276
7.815512
7.815745
7.815975
7.816201
7.816424
7.816643
7.816858
7.817068
7.817274
7.817476
7.817673
7.817865
7.818053
7.818237
7.818416
7.818590
7.818760
7.818925
7.819085
7.819240
7.819390
7.819535
7.819675
7.819810
7.819939
7.820062
7.820181
7.820294
7.820403
7.820506
7.820604
7.820697
7.820786
7.820870
7.820949
7.821024
7.821096
7.821163
7.821227
7.821287
7.821344
7.821397
7.821446
7.821491
7.821533
7.821571
7.821606
7.821638
7.821667
7.821693
7.821717
7.821738
7.821757
7.821774
7.821789
7.821803
7.821816
7.821828
7.821839
7.821851
7.821862
7.821874
7.821886
7.821899
7.821914
7.821930
7.821948
7.821968
7.821989
7.822012
7.822036
7.822060
7.822084
7.822109
7.822134
7.822158
7.822183
7.822208
7.822232
7.822257
7.822281
7.822306
7.822331
7.822355
7.822380
7.822404
7.822429
7.822454
7.822478
7.822503
7.822527
7.822552
7.822576
7.822601
7.822626
7.822651
7.822675
7.822700
7.822725
7.822750
7.822775
7.822799
7.822824
7.822849
7.822873
7.822898
7.822922
7.822947
7.822972
7.822996
7.823021
7.823045
7.823070
7.823095
7.823119
7.823144
7.823169
7.823193
7.823218
7.823243
7.823267
7.823292
7.823316
7.823341
7.823365
7.823390
7.823415
7.823439
7.823464
7.823488
7.823513
7.823537
7.823562
7.823587
7.823612
7.823636
7.823661
7.823685
7.823710
7.823734
7.823759
7.823784
7.823808
7.823833
7.823857
7.823882
7.823907
7.823931
7.823956
7.823981
7.824006
7.824031
7.824055
7.824080
7.824105
7.824130
7.824154
7.824179
7.824204
7.824228
7.824253
7.824277
7.824302
7.824327
7.824351
7.824376
7.824400
7.824425
7.824449
7.824474
7.824499
7.824523
7.824548
7.824572
7.824597
7.824622
7.824646
7.824671
7.824696
7.824720
7.824745
7.824769
7.824794
7.824818
7.824843
7.824868
7.824892
7.824917
7.824941
7.824966
7.824991
7.825016
7.825040
7.825065
7.825089
7.825114
7.825138
7.825163
7.825187
7.825212
7.825237
7.825261
7.825286
7.825310
7.825335
7.825360
7.825385
7.825409
7.825434
7.825459
7.825484
7.825509
7.825533
7.825558
7.825583
7.825607
7.825632
7.825658
7.825683
7.825709
7.825735
7.825761
7.825787
7.825814
7.825840
7.825867
7.825893
7.825920
7.825946
7.825972
7.825998
7.826023
7.826049
7.826074
7.826098
7.826123
7.826147
7.826170
7.826193
7.826215
7.826237
7.826258
7.826279
7.826299
7.826319
7.826338
7.826356
7.826374
7.826391
7.826408
7.826424
7.826439
7.826453
7.826467
7.826480
7.826493
7.826504
7.826516
7.826526
7.826536
7.826545
7.826553
7.826561
7.826568
7.826574
7.826580
7.826585
7.826589
7.826593
7.826597
7.826599
7.826602
7.826603
7.826605
7.826606
7.826606
7.826606
7.826606
7.826605
7.826605
7.826604
7.826602
7.826601
7.826599
7.826598
7.826596
7.826594
7.826592
7.826590
7.826588
7.826587
7.826585
7.826584
7.826583
7.826582
7.826582
7.826582
7.826582
7.826582
7.826581
7.826581
7.826581
7.826581
7.826581
7.826581
7.826581
7.826581
7.826581
7.826581
7.826581
7.826581
7.826581
7.826581
7.826581
7.826581
7.826581
7.826581
7.826581
7.826581
7.826581
7.826581
7.826581
7.826581
7.826581
7.826581
7.826581
7.826581
7.826581
7.826581
7.826581
7.826581
7.826581
7.826581
7.826581
7.826581
7.826581
7.826581
7.826581
7.826581
7.826581
7.826581
7.826581
7.826581
7.826581
7.826581
7.826581
7.826581
7.826581
7.826581
7.826581
7.826581
7.826581
7.826581
7.826581
7.826581
7.826581
7.826581
7.826581
7.826581
7.826581
7.826581
7.826581
7.826581
7.826581
7.826581
7.826581
7.826581
7.826581
7.826581
7.826581
7.826581
7.826581
7.826581
7.826581
7.826581
7.826581
7.826581
7.826581
7.826581
7.826581
7.826581
7.826581
7.826581
7.826581
7.826581
7.826581
7.826581
7.826581
7.826581
7.826581
7.826581
7.826581
7.826581
7.826581
7.826581
7.826581
7.826581
7.826581
7.826581
7.826581
7.826581
7.826581
7.826581
7.826581
7.826581
7.826581
7.826581
7.826581
7.826581
7.826581
7.826581
7.826581
7.826581
7.826581
7.826581
7.826581
7.826581
7.826581
7.826581
7.826581
7.826581
7.826581
7.826581
7.826581
7.826581
7.826581
7.826581
7.826581
7.826581
7.826581
7.826581
7.826581
7.826581
7.826581
7.826581
7.826581
7.826581
7.826581
7.826581
7.826581
7.826581
7.826581
7.826581
7.826581
7.826581
7.826581
7.826581
7.826581
7.826581
7.826581
7.826581
7.826581
7.826581
7.826581
7.826581
7.826581
7.826581
7.826581
7.826581
7.826581
7.826581
7.826581
7.826581
7.826581
7.826581
7.826581
7.826581
7.826581
7.826581
7.826581
7.826581
7.826581
7.826581
7.826581
7.826581
7.826581
7.826581
7.826581
7.826581
7.826581
7.826581
7.826581
7.826581
7.826581
7.826581
7.826581
7.826581
7.826581
7.826581
7.826581
7.826581
7.826581
7.826581
7.826581
7.826581
7.826581
7.826581
7.826581
7.826581
7.826581
7.826581
7.826581
7.826581
7.826581
7.826581
7.826581
7.826581
7.826581
7.826581
7.826581
7.826581
7.826581
7.826581
7.826581
7.826581
7.826581
7.826581
7.826581
7.826581
7.826581
7.826581
7.826581
7.826581
7.826581
7.826581
7.826581
7.826581
7.826581
7.826581
7.826581
7.826581
7.826581
7.826581
7.826581
7.826581
7.826581
7.826581
7.826581
7.826581
7.826581
7.826581
7.826581
7.826581
7.826581
7.826581
7.826581
7.826581
7.826581
7.826581
7.826581
7.826581
7.826581
7.826581
7.826581
7.826581
7.826581
7.826581
7.826581
7.826581
7.826581
7.826581
7.826581
7.826581
7.826581
7.826581
7.826581
7.826581
7.826581
7.826581
7.826581
7.826581
7.826581
7.826581
7.826581
7.826581
7.826581
7.826581
7.826581
7.826581
7.826581
7.826581
7.826581
7.826581
7.826581
7.826581
7.826581
7.826581
7.826581
7.826581
7.826581
7.826581
7.826581
7.826581
7.826581
7.826581
7.826581
7.826581
7.826581
7.826581
7.826581
7.826581
7.826581
7.826581
7.826581
7.826581
7.826581
7.826581
7.826581
7.826581
7.826581
7.826581
7.826581
7.826581
7.826581
7.826581
7.826581
7.826581
7.826581
7.826581
7.826581
7.826581
7.826581
7.826581
7.826581
7.826581
7.826581
7.826581
7.826581
7.826581
7.826581
7.826581
7.826581
7.826581
7.826581
7.826581
7.826581
7.826581
7.826581
7.826581
7.826581
7.826581
7.826581
7.826581
7.826581
7.826581
7.826581
7.826581
7.826581
7.826581
7.826581
7.826581
7.826581
7.826581
7.826581
7.826581
7.826581
7.826581
7.826581
7.826581
7.826581
7.826581
7.826581
7.826581
7.826581
7.826581
7.826581
7.826581
7.826581
7.826581
7.826581
7.826581
7.826581
7.826581
7.826581
7.826581
7.826581
7.826581
7.826581
7.826581
7.826581
7.826581
7.826581
7.826581
7.826581
7.826581
7.826581
7.826581
7.826581
7.826581
7.826581
7.826581
7.826581
7.826581
7.826581
7.826581
7.826581
7.826581
7.826581
7.826581
7.826581
7.826581
7.826581
7.826581
7.826581
7.826581
7.826581
7.826581
7.826581
7.826581
7.826581
7.826581
7.826581
7.826581
7.826581
7.826581
7.826581
7.826581
7.826581
7.826581
7.826581
7.826581
7.826581
7.826581
7.826581
7.826581
7.826581
7.826581
7.826581
7.826581
7.826581
7.826581
7.826581
7.826581
7.826581
7.826581
7.826581
7.826581
7.826581
7.826581
7.826581
7.826581
7.826581
7.826581
7.826581
7.826581
7.826581
7.826581
7.826581
7.826581
7.826581
7.826581
7.826581
7.826581
7.826581
7.826581
7.826581
7.826581
7.826581
7.826581
7.826581
7.826581
7.826581
7.826581
7.826581
7.826581
7.826581
7.826581
7.826581
7.826581
7.826581
7.826581
7.826581
7.826581
7.826581
7.826581
7.826581
7.826581
7.826581
7.826581
7.826581
7.826581
7.826581
7.826581
7.826581
7.826581
7.826581
7.826581
7.826581
7.826581
7.826581
7.826581
7.826581
7.826581
7.826581
7.826581
7.826581
7.826581
7.826581
7.826581
7.826581
7.826581
7.826581
7.826581
7.826581
7.826581
7.826581
7.826581
7.826581
7.826581
7.826581
7.826581
7.826581
7.826581
7.826581
7.826581
7.826581
7.826581
7.826581
7.826581
7.826581
7.826581
7.826581
7.826581
7.826581
7.826581
7.826581
7.826581
7.826581
7.826581
7.826581
7.826581
7.826581
7.826581
7.826581
7.826581
7.826581
7.826581
7.826581
7.826581
7.826581
7.826581
7.826581
7.826581
7.826581
7.826581
7.826581
7.826581
7.826581
7.826581
7.826581
7.826581
7.826581
7.826581
7.826581
7.826581
7.826581
7.826581
7.826581
7.826581
7.826581
7.826581
7.826581
7.826581
7.826581
7.826581
7.826581
7.826581
7.826581
7.826581
7.826581
7.826581
7.826581
7.826581
7.826581
7.826581
7.826581
7.826581
7.826581
7.826581
7.826581
7.826581
7.826581
7.826581
7.826581
7.826581
7.826581
7.826581
7.826581
7.826581
7.826581
7.826581
7.826581
7.826581
7.826581
7.826581
7.826581
7.826581
7.826581
7.826581
7.826581
7.826581
7.826581
7.826581
7.826581
7.826581
7.826581
7.826581
7.826581
7.826581
7.826581
7.826581
7.826581
7.826581
7.826581
7.826581
7.826581
7.826581
7.826581
7.826581
7.826581
7.826581
7.826581
7.826581
7.826581
7.826581
7.826581
7.826581
7.826581
7.826581
7.826581
7.826581
7.826581
7.826581
7.826581
7.826581
7.826581
7.826581
7.826581
7.826581
7.826581
7.826581
7.826581
7.826581
7.826581
7.826581
7.826581
7.826581
7.826581
7.826581
7.826581
7.826581
7.826581
7.826581
7.826581
7.826581
7.826581
7.826581
7.826581
7.826581
7.826581
7.826581
7.826581
7.826581
7.826581
7.826581
7.826581
7.826581
7.826581
7.826581
7.826581
7.826581
7.826581
7.826581
7.826581
7.826581
7.826581
7.826581
7.826581
7.826581
7.826581
7.826581
7.826581
7.826581
7.826581
7.826581
7.826581
7.826581
7.826581
7.826581
7.826581
7.826581
7.826581
7.826581
7.826581
7.826581
7.826581
7.826581
7.826581
7.826581
7.826581
7.826581
7.826581
7.826581
7.826581
7.826581
7.826581
7.826581
7.826581
7.826581
7.826581
7.826581
7.826581
7.826581
7.826581
7.826581
7.826581
7.826581
7.826581
7.826581
7.826581
7.826581
7.826581
7.826581
7.826581
7.826581
7.826581
7.826581
7.826581
7.826581
7.826581
7.826581
7.826581
7.826581
7.826581
7.826581
7.826581
7.826581
7.826581
7.826581
7.826581
7.826581
7.826581
7.826581
7.826581
7.826581
7.826581
7.826581
7.826581
7.826581
7.826581
7.826581
7.826581
7.826581
7.826581
7.826581
7.826581
7.826581
7.826581
7.826581
7.826581
7.826581
7.826581
7.826581
7.826581
7.826581
7.826581
7.826581
7.826581
7.826581
7.826581
7.826581
7.826581
7.826581
7.826581
7.826581
7.826581
7.826581
7.826581
7.826581
7.826581
7.826581
7.826581
7.826581
7.826581
7.826581
7.826581
7.826581
7.826581
7.826581
7.826581
7.826581
7.826581
7.826581
7.826581
7.826581
7.826581
7.826581
7.826581
7.826581
7.826581
7.826581
7.826581
7.826581
7.826581
7.826581
7.826581
7.826581
7.826581
7.826581
7.826581
7.826581
7.826581
7.826581
7.826581
7.826581
7.826581
7.826581
7.826581
7.826581
7.826581
7.826581
7.826581
7.826581
7.826581
7.826581
7.826581
7.826581
7.826581
7.826581
7.826581
7.826581
7.826581
7.826581
7.826581
7.826581
7.826581
7.826581
7.826581
7.826581
7.826581
7.826581
7.826581
7.826581
7.826581
7.826581
7.826581
7.826581
7.826581
7.826581
7.826581
7.826581
7.826581
7.826581
7.826581
7.826581
7.826581
7.826581
7.826581
7.826581
7.826581
7.826581
7.826581
7.826581
7.826581
7.826581
7.826581
7.826581
7.826581
7.826581
7.826581
7.826581
7.826581
7.826581
7.826581
7.826581
7.826581
7.826581
7.826581
7.826581
7.826581
7.826581
7.826581
7.826581
7.826581
7.826581
7.826581
7.826581
7.826581
7.826581
7.826581
7.826581
7.826581
7.826581
7.826581
7.826581
7.826581
7.826581
7.826581
7.826581
7.826581
7.826581
7.826581
7.826581
7.826581
7.826581
7.826581
7.826581
7.826581
7.826581
7.826581
7.826581
7.826581
7.826581
7.826581
7.826581
7.826581
7.826581
7.826581
7.826581
7.826581
7.826581
7.826581
7.826581
7.826581
7.826581
7.826581
7.826581
7.826581
7.826581
7.826581
7.826581
7.826581
7.826581
7.826581
7.826581
7.826581
7.826581
7.826581
7.826581
7.826581
7.826581
7.826581
7.826581
7.826581
7.826581
7.826581
7.826581
7.826581
7.826581
7.826581
7.826581
7.826581
7.826581
7.826581
7.826581
7.826581
7.826581
7.826581
7.826581
7.826581
7.826581
7.826581
7.826581
7.826581
7.826581
7.826581
7.826581
7.826581
7.826581
7.826581
7.826581
7.826581
7.826581
7.826581
7.826581
7.826581
7.826581
7.826581
7.826581
7.826581
7.826581
7.826581
7.826581
7.826581
7.826581
7.826581
7.826581
7.826581
7.826581
7.826581
7.826581
7.826581
7.826581
7.826581
7.826581
7.826581
7.826581
7.826581
7.826581
7.826581
7.826581
7.826581
7.826581
7.826581
7.826581
7.826581
7.826581
7.826581
7.826581
7.826581
7.826581
7.826581
7.826581
7.826581
7.826581
7.826581
7.826581
7.826581
7.826581
7.826581
7.826581
7.826581
7.826581
7.826581
7.826581
7.826581
7.826581
7.826581
7.826581
7.826581
7.826581
7.826581
7.826581
7.826581
7.826581
7.826581
7.826581
7.826581
7.826581
7.826581
7.826581
7.826581
7.826581
7.826581
7.826581
7.826581
7.826581
7.826581
7.826581
7.826581
7.826581
7.826581
7.826581
7.826581
7.826581
7.826581
7.826581
7.826581
7.826581
7.826581
7.826581
7.826581
7.826581
7.826581
7.826581
7.826581
7.826581
7.826581
7.826581
7.826581
7.826581
7.826581
7.826581
7.826581
7.826581
7.826581
7.826581
7.826581
7.826581
7.826581
7.826581
7.826581
7.826581
7.826581
7.826581
7.826581
7.826581
7.826581
7.826581
7.826581
7.826581
7.826581
7.826581
7.826581
7.826581
7.826581
7.826581
7.826581
7.826581
7.826581
7.826581
7.826581
7.826581
7.826581
7.826581
7.826581
7.826581
7.826581
7.826581
7.826581
7.826581
7.826581
7.826581
7.826581
7.826581
7.826581
7.826581
7.826581
7.826581
7.826581
7.826581
7.826581
7.826581
7.826581
7.826581
7.826581
7.826581
7.826581
7.826581
7.826581
7.826581
7.826581
7.826581
7.826581
7.826581
7.826581
7.826581
7.826581
7.826581
7.826581
7.826581
7.826581
7.826581
7.826581
7.826581
7.826581
7.826581
7.826581
7.826581
7.826581
7.826581
7.826581
7.826581
7.826581
7.826581
7.826581
7.826581
7.826581
7.826581
7.826581
7.826581
7.826581
7.826581
7.826581
7.826581
7.826581
7.826581
7.826581
7.826581
7.826581
7.826581
7.826581
7.826581
7.826581
7.826581
7.826581
7.826581
7.826581
7.826581
7.826581
7.826581
7.826581
7.826581
7.826581
7.826581
7.826581
7.826581
7.826581
7.826581
7.826581
7.826581
7.826581
7.826581
7.826581
7.826581
7.826581
7.826581
7.826581
7.826581
7.826581
7.826581
7.826581
7.826581
7.826581
7.826581
7.826581
7.826581
7.826581
7.826581
7.826581
7.826581
7.826581
7.826581
7.826581
7.826581
7.826581
7.826581
7.826581
7.826581
7.826581
7.826581
7.826581
7.826581
7.826581
7.826581
7.826581
7.826581
7.826581
7.826581
7.826581
7.826581
7.826581
7.826581
7.826581
7.826581
7.826581
7.826581
7.826581
7.826581
7.826581
7.826581
7.826581
7.826581
7.826581
7.826581
7.826581
7.826581
7.826581
7.826581
7.826581
7.826581
7.826581
7.826581
7.826581
7.826581
7.826581
7.826581
7.826581
7.826581
7.826581
7.826581
7.826581
7.826581
7.826581
7.826581
7.826581
7.826581
7.826581
7.826581
7.826581
7.826581
7.826581
7.826581
7.826581
7.826581
7.826581
7.826581
7.826581
7.826581
7.826581
7.826581
7.826581
7.826581
7.826581
7.826581
7.826581
7.826581
7.826581
7.826581
7.826581
7.826581
7.826581
7.826581
7.826581
7.826581
7.826581
7.826581
7.826581
7.826581
7.826581
7.826581
7.826581
7.826581
7.826581
7.826581
7.826581
7.826581
7.826581
7.826581
7.826581
7.826581
7.826581
7.826581
7.826581
7.826581
7.826581
7.826581
7.826581
7.826581
7.826581
7.826581
7.826581
7.826581
7.826581
7.826581
7.826581
7.826581
7.826581
7.826581
7.826581
7.826581
7.826581
7.826581
7.826581
7.826581
7.826581
7.826581
7.826581
7.826581
7.826581
7.826581
7.826581
7.826581
7.826581
7.826581
7.826581
7.826581
7.826581
7.826581
7.826581
7.826581
7.826581
7.826581
7.826581
7.826581
7.826581
7.826581
7.826581
7.826581
7.826581
7.826581
7.826581
7.826581
7.826581
7.826581
7.826581
7.826581
7.826581
7.826581
7.826581
7.826581
7.826581
7.826581
7.826581
7.826581
7.826581
7.826581
7.826581
7.826581
7.826581
7.826581
7.826581
7.826581
7.826581
7.826581
7.826581
7.826581
7.826581
7.826581
7.826581
7.826581
7.826581
7.826581
7.826581
7.826581
7.826581
7.826581
7.826581
7.826581
7.826581
7.826581
7.826581
7.826581
7.826581
7.826581
7.826581
7.826581
7.826581
7.826581
7.826581
7.826581
7.826581
7.826581
7.826581
7.826581
7.826581
7.826581
7.826581
7.826581
7.826581
7.826581
7.826581
7.826581
7.826581
7.826581
7.826581
7.826581
7.826581
7.826581
7.826581
7.826581
7.826581
7.826581
7.826581
7.826581
7.826581
7.826581
7.826581
7.826581
7.826581
7.826581
7.826581
7.826581
7.826581
7.826581
7.826581
7.826581
7.826581
7.826581
7.826581
7.826581
7.826581
7.826581
7.826581
7.826581
7.826581
7.826581
7.826581
7.826581
7.826581
7.826581
7.826581
7.826581
7.826581
7.826581
7.826581
7.826581
7.826581
7.826581
7.826581
7.826581
7.826581
7.826581
7.826581
7.826581
7.826581
7.826581
7.826581
7.826581
7.826581
7.826581
7.826581
7.826581
7.826581
7.826581
7.826581
7.826581
7.826581
7.826581
7.826581
7.826581
7.826581
7.826581
7.826581
7.826581
7.826581
7.826581
7.826581
7.826581
7.826581
7.826581
7.826581
7.826581
7.826581
7.826581
7.826581
7.826581
7.826581
7.826581
7.826581
7.826581
7.826581
7.826581
7.826581
7.826581
7.826581
7.826581
7.826581
7.826581
7.826581
7.826581
7.826581
7.826581
7.826581
7.826581
7.826581
7.826581
7.826581
7.826581
7.826581
7.826581
7.826581
7.826581
7.826581
7.826581
7.826581
7.826581
7.826581
7.826581
7.826581
7.826581
7.826581
7.826581
7.826581
7.826581
7.826581
7.826581
7.826581
7.826581
7.826581
7.826581
7.826581
7.826581
7.826581
7.826581
7.826581
7.826581
7.826581
7.826581
7.826581
7.826581
7.826581
7.826581
7.826581
7.826581
7.826581
7.826581
7.826581
7.826581
7.826581
7.826581
7.826581
7.826581
7.826581
7.826581
7.826581
7.826581
7.826581
7.826581
7.826581
7.826581
7.826581
7.826581
7.826581
7.826581
7.826581
7.826581
7.826581
7.826581
7.826581
7.826581
7.826581
7.826581
7.826581
7.826581
7.826581
7.826581
7.826581
7.826581
7.826581
7.826581
7.826581
7.826581
7.826581
7.826581
7.826581
7.826581
7.826581
7.826581
7.826581
7.826581
7.826581
7.826581
7.826581
7.826581
7.826581
7.826581
7.826581
7.826581
7.826581
7.826581
7.826581
7.826581
7.826581
7.826581
7.826581
7.826581
7.826581
7.826581
7.826581
7.826581
7.826581
7.826581
7.826581
7.826581
7.826581
7.826581
7.826581
7.826581
7.826581
7.826581
7.826581
7.826581
7.826581
7.826581
7.826581
7.826581
7.826581
7.826581
7.826581
7.826581
7.826581
7.826581
7.826581
7.826581
7.826581
7.826581
7.826581
7.826581
7.826581
7.826581
7.826581
7.826581
7.826581
7.826581
7.826581
7.826581
7.826581
7.826581
7.826581
7.826581
7.826581
7.826581
7.826581
7.826581
7.826581
7.826581
7.826581
7.826581
7.826581
7.826581
7.826581
7.826581
7.826581
7.826581
7.826581
7.826581
7.826581
7.826581
7.826581
7.826581
7.826581
7.826581
7.826581
7.826581
7.826581
7.826581
7.826581
7.826581
7.826581
7.826581
7.826581
7.826581
7.826581
7.826581
7.826581
7.826581
7.826581
7.826581
7.826581
7.826581
7.826581
7.826581
7.826581
7.826581
7.826581
7.826581
7.826581
7.826581
7.826581
7.826581
7.826581
7.826581
7.826581
7.826581
7.826581
7.826581
7.826581
7.826581
7.826581
7.826581
7.826581
7.826581
7.826581
7.826581
7.826581
7.826581
7.826581
7.826581
7.826581
7.826581
7.826581
7.826581
7.826581
7.826581
7.826581
7.826581
7.826581
7.826581
7.826581
7.826581
7.826581
7.826581
7.826581
7.826581
7.826581
7.826581
7.826581
7.826581
7.826581
7.826581
7.826581
7.826581
7.826581
7.826581
7.826581
7.826581
7.826581
7.826581
7.826581
7.826581
7.826581
7.826581
7.826581
7.826581
7.826581
7.826581
7.826581
7.826581
7.826581
7.826581
7.826581
7.826581
7.826581
7.826581
7.826581
7.826581
7.826581
7.826581
7.826581
7.826581
7.826581
7.826581
7.826581
7.826581
7.826581
7.826581
7.826581
7.826581
7.826581
7.826581
7.826581
7.826581
7.826581
7.826581
7.826581
7.826581
7.826581
7.826581
7.826581
7.826581
7.826581
7.826581
7.826581
7.826581
7.826581
7.826581
7.826581
7.826581
7.826581
7.826581
7.826581
7.826581
7.826581
7.826581
7.826581
7.826581
7.826581
7.826581
7.826581
7.826581
7.826581
7.826581
7.826581
7.826581
7.826581
7.826581
7.826581
7.826581
7.826581
7.826581
7.826581
7.826581
7.826581
7.826581
7.826581
7.826581
7.826581
7.826581
7.826581
7.826581
7.826581
7.826581
7.826581
7.826581
7.826581
7.826581
7.826581
7.826581
7.826581
7.826581
7.826581
7.826581
7.826581
7.826581
7.826581
7.826581
7.826581
7.826581
7.826581
7.826581
7.826581
7.826581
7.826581
7.826581
7.826581
7.826581
7.826581
7.826581
7.826581
7.826581
7.826581
7.826581
7.826581
7.826581
7.826581
7.826581
7.826581
7.826581
7.826581
7.826581
7.826581
7.826581
7.826581
7.826581
7.826581
7.826581
7.826581
7.826581
7.826581
7.826581
7.826581
7.826581
7.826581
7.826581
7.826581
7.826581
7.826581
7.826581
7.826581
7.826581
7.826581
7.826581
7.826581
7.826581
7.826581
7.826581
7.826581
7.826581
7.826581
7.826581
7.826581
7.826581
7.826581
7.826581
7.826581
7.826581
7.826581
7.826581
7.826581
7.826581
7.826581
7.826581
7.826581
7.826581
7.826581
7.826581
7.826581
7.826581
7.826581
7.826581
7.826581
7.826581
7.826581
7.826581
7.826581
7.826581
7.826581
7.826581
7.826581
7.826581
7.826581
7.826581
7.826581
7.826581
7.826581
7.826581
7.826581
7.826581
7.826581
7.826581
7.826581
7.826581
7.826581
7.826581
7.826581
7.826581
7.826581
7.826581
7.826581
7.826581
7.826581
7.826581
7.826581
7.826581
7.826581
7.826581
7.826581
7.826581
7.826581
7.826581
7.826581
7.826581
7.826581
7.826581
7.826581
7.826581
7.826581
7.826581
7.826581
7.826581
7.826581
7.826581
7.826581
7.826581
7.826581
7.826581
7.826581
7.826581
7.826581
7.826581
7.826581
7.826581
7.826581
7.826581
7.826581
7.826581
7.826581
7.826581
7.826581
7.826581
7.826581
7.826581
7.826581
7.826581
7.826581
7.826581
7.826581
7.826581
7.826581
7.826581
7.826581
7.826581
7.826581
7.826581
7.826581
7.826581
7.826581
7.826581
7.826581
7.826581
7.826581
7.826581
7.826581
7.826581
7.826581
7.826581
7.826581
7.826581
7.826581
7.826581
7.826581
7.826581
7.826581
7.826581
7.826581
7.826581
7.826581
7.826581
7.826581
7.826581
7.826581
7.826581
7.826581
7.826581
7.826581
7.826581
7.826581
7.826581
7.826581
7.826581
7.826581
7.826581
7.826581
7.826581
7.826581
7.826581
7.826581
7.826581
7.826581
7.826581
7.826581
7.826581
7.826581
7.826581
7.826581
7.826581
7.826581
7.826581
7.826581
7.826581
7.826581
7.826581
7.826581
7.826581
7.826581
7.826581
7.826581
7.826581
7.826581
7.826581
7.826581
7.826581
7.826581
7.826581
7.826581
7.826581
7.826581
7.826581
7.826581
7.826581
7.826581
7.826581
7.826581
7.826581
7.826581
7.826581
7.826581
7.826581
7.826581
7.826581
7.826581
7.826581
7.826581
7.826581
7.826581
7.826581
7.826581
7.826581
7.826581
7.826581
7.826581
7.826581
7.826581
7.826581
7.826581
7.826581
7.826581
7.826581
7.826581
7.826581
7.826581
7.826581
7.826581
7.826581
7.826581
7.826581
7.826581
7.826581
7.826581
7.826581
7.826581
7.826581
7.826581
7.826581
7.826581
7.826581
7.826581
7.826581
7.826581
7.826581
7.826581
7.826581
7.826581
7.826581
7.826581
7.826581
7.826581
7.826581
7.826581
7.826581
7.826581
7.826581
7.826581
7.826581
7.826581
7.826581
7.826581
7.826581
7.826581
7.826581
7.826581
7.826581
7.826581
7.826581
7.826581
7.826581
7.826581
7.826581
7.826581
7.826581
7.826581
7.826581
7.826581
7.826581
7.826581
7.826581
7.826581
7.826581
7.826581
7.826581
7.826581
7.826581
7.826581
7.826581
7.826581
7.826581
7.826581
7.826581
7.826581
7.826581
7.826581
7.826581
7.826581
7.826581
7.826581
7.826581
7.826581
7.826581
7.826581
7.826581
7.826581
7.826581
7.826581
7.826581
7.826581
7.826581
7.826581
7.826581
7.826581
7.826581
7.826581
7.826581
7.826581
7.826581
7.826581
7.826581
7.826581
7.826581
7.826581
7.826581
7.826581
7.826581
7.826581
7.826581
7.826581
7.826581
7.826581
7.826581
7.826581
7.826581
7.826581
7.826581
7.826581
7.826581
7.826581
7.826581
7.826581
7.826581
7.826581
7.826581
7.826581
7.826581
7.826581
7.826581
7.826581
7.826581
7.826581
7.826581
7.826581
7.826581
7.826581
7.826581
7.826581
7.826581
7.826581
7.826581
7.826581
7.826581
7.826581
7.826581
7.826581
7.826581
7.826581
7.826581
7.826581
7.826581
7.826581
7.826581
7.826581
7.826581
7.826581
7.826581
7.826581
7.826581
7.826581
7.826581
7.826581
7.826581
7.826581
7.826581
7.826581
7.826581
7.826581
7.826581
7.826581
7.826581
7.826581
7.826581
7.826581
7.826581
7.826581
7.826581
7.826581
7.826581
7.826581
7.826581
7.826581
7.826581
7.826581
7.826581
7.826581
7.826581
7.826581
7.826581
7.826581
7.826581
7.826581
7.826581
7.826581
7.826581
7.826581
7.826581
7.826581
7.826581
7.826581
7.826581
7.826581
7.826581
7.826581
7.826581
7.826581
7.826581
7.826581
7.826581
7.826581
7.826581
7.826581
7.826581
7.826581
7.826581
7.826581
7.826581
7.826581
7.826581
7.826581
7.826581
7.826581
7.826581
7.826581
7.826581
7.826581
7.826581
7.826581
7.826581
7.826581
7.826581
7.826581
7.826581
7.826581
7.826581
7.826581
7.826581
7.826581
7.826581
7.826581
7.826581
7.826581
7.826581
7.826581
7.826581
7.826581
7.826581
7.826581
7.826581
7.826581
7.826581
7.826581
7.826581
7.826581
7.826581
7.826581
7.826581
7.826581
7.826581
7.826581
7.826581
7.826581
7.826581
7.826581
7.826581
7.826581
7.826581
7.826581
7.826581
7.826581
7.826581
7.826581
7.826581
7.826581
7.826581
7.826581
7.826581
7.826581
7.826581
7.826581
7.826581
7.826581
7.826581
7.826581
7.826581
7.826581
7.826581
7.826581
7.826581
7.826581
7.826581
7.826581
7.826581
7.826581
7.826581
7.826581
7.826581
7.826581
7.826581
7.826581
7.826581
7.826581
7.826581
7.826581
7.826581
7.826581
7.826581
7.826581
7.826581
7.826581
7.826581
7.826581
7.826581
7.826581
7.826581
7.826581
7.826581
7.826581
7.826581
7.826581
7.826581
7.826581
7.826581
7.826581
7.826581
7.826581
7.826581
7.826581
7.826581
7.826581
7.826581
7.826581
7.826581
7.826581
7.826581
7.826581
7.826581
7.826581
7.826581
7.826581
7.826581
7.826581
7.826581
7.826581
7.826581
7.826581
7.826581
7.826581
7.826581
7.826581
7.826581
7.826581
7.826581
7.826581
7.826581
7.826581
7.826581
7.826581
7.826581
7.826581
7.826581
7.826581
7.826581
7.826581
7.826581
7.826581
7.826581
7.826582
7.826582
7.826582
7.826582
7.826582
7.826583
7.826583
7.826584
7.826584
7.826585
7.826586
7.826586
7.826587
7.826587
7.826588
7.826588
7.826588
7.826588
7.826589
7.826589
7.826589
7.826589
7.826589
7.826589
7.826588
7.826588
7.826587
7.826587
7.826586
7.826585
7.826584
7.826583
7.826582
7.826581
7.826579
7.826578
7.826576
7.826574
7.826572
7.826569
7.826567
7.826564
7.826562
7.826559
7.826556
7.826552
7.826548
7.826545
7.826541
7.826537
7.826533
7.826529
7.826525
7.826521
7.826516
7.826511
7.826506
7.826501
7.826496
7.826491
7.826486
7.826480
7.826475
7.826469
7.826463
7.826456
7.826450
7.826444
7.826437
7.826431
7.826425
7.826419
7.826412
7.826406
7.826399
7.826392
7.826385
7.826379
7.826372
7.826366
7.826359
7.826353
7.826347
7.826340
7.826334
7.826328
7.826321
7.826315
7.826309
7.826303
7.826297
7.826291
7.826285
7.826279
7.826273
7.826266
7.826260
7.826254
7.826248
7.826241
7.826235
7.826229
7.826223
7.826217
7.826211
7.826205
7.826199
7.826192
7.826186
7.826180
7.826174
7.826168
7.826162
7.826155
7.826149
7.826143
7.826137
7.826131
7.826124
7.826118
7.826112
7.826106
7.826100
7.826094
7.826087
7.826081
7.826074
7.826068
7.826062
7.826056
7.826050
7.826044
7.826037
7.826031
7.826025
7.826019
7.826013
7.826006
7.826000
7.825994
7.825988
7.825982
7.825976
7.825970
7.825963
7.825957
7.825951
7.825945
7.825938
7.825932
7.825927
7.825921
7.825915
7.825908
7.825902
7.825896
7.825890
7.825884
7.825878
7.825872
7.825865
7.825859
7.825853
7.825847
7.825840
7.825834
7.825828
7.825822
7.825816
7.825810
7.825804
7.825798
7.825791
7.825785
7.825779
7.825773
7.825767
7.825761
7.825755
7.825748
7.825742
7.825736
7.825730
7.825724
7.825718
7.825711
7.825705
7.825699
7.825693
7.825687
7.825681
7.825675
7.825669
7.825663
7.825656
7.825650
7.825644
7.825638
7.825632
7.825625
7.825619
7.825613
7.825607
7.825601
7.825595
7.825589
7.825582
7.825576
7.825570
7.825564
7.825558
7.825552
7.825546
7.825540
7.825534
7.825527
7.825521
7.825515
7.825509
7.825503
7.825497
7.825491
7.825484
7.825478
7.825472
7.825465
7.825459
7.825453
7.825447
7.825441
7.825435
7.825429
7.825422
7.825416
7.825410
7.825403
7.825397
7.825391
7.825385
7.825379
7.825373
7.825366
7.825360
7.825354
7.825348
7.825341
7.825335
7.825329
7.825323
7.825317
7.825311
7.825305
7.825299
7.825292
7.825286
7.825280
7.825274
7.825267
7.825261
7.825255
7.825249
7.825243
7.825237
7.825230
7.825224
7.825218
7.825212
7.825206
7.825200
7.825194
7.825188
7.825182
7.825175
7.825169
7.825163
7.825157
7.825151
7.825144
7.825138
7.825132
7.825126
7.825120
7.825114
7.825107
7.825101
7.825095
7.825089
7.825083
7.825077
7.825071
7.825065
7.825059
7.825052
7.825046
7.825040
7.825034
7.825028
7.825022
7.825016
7.825010
7.825004
7.824997
7.824991
7.824985
7.824979
7.824972
7.824966
7.824960
7.824954
7.824948
7.824942
7.824936
7.824930
7.824924
7.824918
7.824911
7.824905
7.824899
7.824893
7.824887
7.824881
7.824875
7.824869
7.824862
7.824856
7.824850
7.824843
7.824837
7.824831
7.824825
7.824819
7.824813
7.824807
7.824801
7.824795
7.824789
7.824782
7.824776
7.824770
7.824764
7.824758
7.824752
7.824745
7.824739
7.824733
7.824726
7.824720
7.824714
7.824708
7.824702
7.824696
7.824690
7.824683
7.824677
7.824670
7.824664
7.824658
7.824652
7.824645
7.824639
7.824633
7.824627
7.824621
7.824615
7.824609
7.824603
7.824596
7.824590
7.824584
7.824578
7.824572
7.824566
7.824560
7.824553
7.824547
7.824541
7.824535
7.824529
7.824523
7.824517
7.824511
7.824504
7.824498
7.824492
7.824486
7.824479
7.824473
7.824467
7.824461
7.824455
7.824449
7.824443
7.824437
7.824430
7.824424
7.824418
7.824412
7.824406
7.824400
7.824394
7.824387
7.824381
7.824375
7.824368
7.824362
7.824356
7.824350
7.824344
7.824338
7.824332
7.824326
7.824320
7.824314
7.824307
7.824301
7.824295
7.824289
7.824283
7.824277
7.824271
7.824265
7.824258
7.824252
7.824246
7.824240
7.824233
7.824227
7.824221
7.824216
7.824210
7.824203
7.824197
7.824191
7.824184
7.824178
7.824172
7.824166
7.824160
7.824154
7.824148
7.824142
7.824136
7.824130
7.824123
7.824117
7.824111
7.824105
7.824099
7.824093
7.824086
7.824080
7.824074
7.824068
7.824061
7.824055
7.824049
7.824043
7.824037
7.824031
7.824024
7.824018
7.824012
7.824006
7.823999
7.823993
7.823987
7.823981
7.823975
7.823968
7.823962
7.823956
7.823950
7.823944
7.823937
7.823931
7.823925
7.823919
7.823913
7.823907
7.823901
7.823895
7.823888
7.823882
7.823876
7.823869
7.823863
7.823857
7.823851
7.823845
7.823839
7.823832
7.823826
7.823820
7.823814
7.823808
7.823802
7.823796
7.823790
7.823784
7.823778
7.823771
7.823765
7.823759
7.823753
7.823747
7.823740
7.823734
7.823728
7.823722
7.823716
7.823710
7.823704
7.823697
7.823691
7.823685
7.823679
7.823673
7.823667
7.823661
7.823655
7.823648
7.823642
7.823636
7.823630
7.823624
7.823618
7.823612
7.823606
7.823600
7.823594
7.823587
7.823581
7.823575
7.823569
7.823562
7.823556
7.823550
7.823544
7.823538
7.823532
7.823526
7.823520
7.823514
7.823507
7.823501
7.823495
7.823489
7.823483
7.823477
7.823471
7.823464
7.823458
7.823452
7.823446
7.823439
7.823433
7.823427
7.823421
7.823415
7.823409
7.823403
7.823397
7.823391
7.823384
7.823378
7.823372
7.823366
7.823360
7.823354
7.823347
7.823341
7.823335
7.823328
7.823322
7.823316
7.823310
7.823304
7.823298
7.823292
7.823285
7.823279
7.823273
7.823266
7.823260
7.823254
7.823247
7.823241
7.823235
7.823229
7.823223
7.823217
7.823211
7.823205
7.823199
7.823192
7.823186
7.823180
7.823174
7.823168
7.823161
7.823155
7.823149
7.823143
7.823137
7.823131
7.823125
7.823119
7.823113
7.823107
7.823100
7.823094
7.823088
7.823082
7.823075
7.823069
7.823063
7.823057
7.823051
7.823045
7.823039
7.823033
7.823026
7.823020
7.823014
7.823008
7.823002
7.822996
7.822990
7.822984
7.822977
7.822971
7.822965
7.822958
7.822952
7.822946
7.822940
7.822934
7.822928
7.822922
7.822916
7.822910
7.822904
7.822897
7.822891
7.822885
7.822879
7.822873
7.822867
7.822861
7.822855
7.822848
7.822842
7.822836
7.822830
7.822823
7.822818
7.822812
7.822806
7.822800
7.822794
7.822787
7.822781
7.822774
7.822768
7.822762
7.822756
7.822750
7.822744
7.822738
7.822732
7.822726
7.822719
7.822713
7.822707
7.822701
7.822695
7.822689
7.822683
7.822676
7.822670
7.822664
7.822658
7.822652
7.822645
7.822639
7.822633
7.822627
7.822621
7.822614
7.822608
7.822602
7.822595
7.822589
7.822583
7.822577
7.822571
7.822565
7.822559
7.822552
7.822546
7.822540
7.822534
7.822527
7.822521
7.822515
7.822509
7.822503
7.822497
7.822491
7.822485
7.822478
7.822472
7.822466
7.822460
7.822453
7.822447
7.822441
7.822435
7.822429
7.822422
7.822416
7.822410
7.822404
7.822398
7.822392
7.822386
7.822380
7.822374
7.822368
7.822361
7.822355
7.822349
7.822342
7.822336
7.822330
7.822324
7.822318
7.822312
7.822306
7.822300
7.822293
7.822287
7.822281
7.822275
7.822269
7.822263
7.822257
7.822251
7.822245
7.822238
7.822232
7.822226
7.822220
7.822214
7.822208
7.822202
7.822196
7.822190
7.822184
7.822177
7.822171
7.822165
7.822158
7.822152
7.822146
7.822140
7.822134
7.822128
7.822122
7.822116
7.822110
7.822103
7.822097
7.822091
7.822085
7.822079
7.822073
7.822067
7.822061
7.822054
7.822048
7.822042
7.822035
7.822029
7.822023
7.822017
7.822011
7.822005
7.821999
7.821993
7.821987
7.821980
7.821974
7.821968
7.821962
7.821955
7.821949
7.821943
7.821937
7.821930
7.821924
7.821918
7.821912
7.821906
7.821900
7.821894
7.821888
7.821881
7.821875
7.821869
7.821862
7.821856
7.821850
7.821844
7.821838
7.821832
7.821826
7.821820
7.821813
7.821807
7.821801
7.821795
7.821789
7.821782
7.821776
7.821770
7.821764
7.821758
7.821751
7.821745
7.821739
7.821733
7.821727
7.821721
7.821715
7.821709
7.821703
7.821696
7.821690
7.821684
7.821678
7.821672
7.821665
7.821659
7.821653
7.821647
7.821641
7.821635
7.821628
7.821622
7.821616
7.821610
7.821604
7.821598
7.821592
7.821586
7.821579
7.821573
7.821567
7.821561
7.821554
7.821548
7.821542
7.821536
7.821530
7.821524
7.821518
7.821512
7.821506
7.821499
7.821493
7.821487
7.821481
7.821475
7.821469
7.821463
7.821457
7.821451
7.821445
7.821438
7.821432
7.821426
7.821420
7.821414
7.821408
7.821402
7.821395
7.821389
7.821383
7.821377
7.821371
7.821364
7.821358
7.821352
7.821346
7.821340
7.821334
7.821328
7.821321
7.821315
7.821309
7.821303
7.821297
7.821291
7.821285
7.821278
7.821272
7.821266
7.821260
7.821254
7.821247
7.821242
7.821236
7.821231
7.821227
7.821223
7.821219
7.821216
7.821213
7.821210
7.821207
7.821204
7.821201
7.821198
7.821194
7.821191
7.821187
7.821182
7.821177
7.821172
7.821166
7.821160
7.821152
7.821144
7.821135
7.821126
7.821115
7.821104
7.821091
7.821078
7.821064
7.821048
7.821032
7.821015
7.820996
7.820977
7.820956
7.820934
7.820911
7.820887
7.820861
7.820835
7.820807
7.820777
7.820747
7.820715
7.820683
7.820649
7.820614
7.820578
7.820541
7.820502
7.820463
7.820423
7.820381
7.820338
7.820295
7.820251
7.820205
7.820159
7.820112
7.820064
7.820015
7.819966
7.819916
7.819866
7.819815
7.819764
7.819712
7.819660
7.819608
7.819556
7.819503
7.819450
7.819398
7.819345
7.819293
7.819241
7.819189
7.819137
7.819086
7.819035
7.818985
7.818935
7.818885
7.818835
7.818786
7.818736
7.818687
7.818637
7.818588
7.818538
7.818489
7.818439
7.818390
7.818340
7.818291
7.818241
7.818192
7.818143
7.818093
7.818044
7.817994
7.817944
7.817895
7.817845
7.817796
7.817746
7.817697
7.817648
7.817598
7.817549
7.817499
7.817450
7.817400
7.817351
7.817302
7.817253
7.817203
7.817154
7.817106
7.817057
7.817008
7.816960
7.816911
7.816863
7.816815
7.816766
7.816718
7.816670
7.816621
7.816572
7.816523
7.816474
7.816425
7.816375
7.816325
7.816275
7.816225
7.816174
7.816123
7.816071
7.816019
7.815967
7.815914
7.815861
7.815807
7.815753
7.815699
7.815645
7.815590
7.815535
7.815480
7.815424
7.815368
7.815312
7.815256
7.815199
7.815141
7.815083
7.815025
7.814966
7.814907
7.814847
7.814787
7.814727
7.814666
7.814605
7.814543
7.814481
7.814419
7.814356
7.814294
7.814231
7.814167
7.814104
7.814041
7.813977
7.813914
7.813850
7.813786
7.813722
7.813658
7.813594
7.813529
7.813465
7.813400
7.813336
7.813271
7.813206
7.813142
7.813077
7.813012
7.812948
7.812883
7.812819
7.812755
7.812692
7.812628
7.812565
7.812501
7.812438
7.812375
7.812312
7.812249
7.812186
7.812123
7.812060
7.811998
7.811935
7.811872
7.811810
7.811747
7.811685
7.811622
7.811559
7.811496
7.811434
7.811371
7.811307
7.811244
7.811180
7.811116
7.811053
7.810988
7.810924
7.810859
7.810794
7.810729
7.810663
7.810597
7.810531
7.810464
7.810397
7.810330
7.810262
7.810194
7.810125
7.810056
7.809987
7.809918
7.809848
7.809778
7.809707
7.809636
7.809564
7.809492
7.809419
7.809347
7.809274
7.809200
7.809127
7.809053
7.808978
7.808903
7.808827
7.808752
7.808676
7.808600
7.808523
7.808446
7.808369
7.808292
7.808214
7.808137
7.808059
7.807981
7.807902
7.807824
7.807745
7.807667
7.807588
7.807509
7.807430
7.807352
7.807273
7.807195
7.807116
7.807039
7.806961
7.806884
7.806807
7.806730
7.806653
7.806577
7.806500
7.806424
7.806347
7.806270
7.806193
7.806116
7.806039
7.805961
7.805883
7.805805
7.805727
7.805648
7.805569
7.805490
7.805410
7.805330
7.805250
7.805169
7.805087
7.805005
7.804923
7.804840
7.804756
7.804673
7.804588
7.804504
7.804419
7.804333
7.804247
7.804160
7.804072
7.803984
7.803896
7.803807
7.803718
7.803628
7.803538
7.803448
7.803356
7.803265
7.803173
7.803080
7.802987
7.802894
7.802800
7.802706
7.802611
7.802516
7.802421
7.802326
7.802230
7.802135
7.802039
7.801944
7.801848
7.801752
7.801656
7.801559
7.801463
7.801366
7.801269
7.801172
7.801075
7.800978
7.800881
7.800784
7.800687
7.800590
7.800492
7.800395
7.800298
7.800200
7.800103
7.800005
7.799906
7.799808
7.799709
7.799610
7.799510
7.799410
7.799310
7.799210
7.799109
7.799008
7.798906
7.798804
7.798701
7.798599
7.798496
7.798392
7.798289
7.798185
7.798080
7.797976
7.797870
7.797765
7.797659
7.797553
7.797446
7.797340
7.797233
7.797126
7.797018
7.796911
7.796804
7.796696
7.796588
7.796480
7.796372
7.796263
7.796155
7.796046
7.795937
7.795827
7.795717
7.795607
7.795496
7.795385
7.795274
7.795162
7.795050
7.794938
7.794826
7.794714
7.794602
7.794490
7.794378
7.794266
7.794153
7.794039
7.793926
7.793812
7.793698
7.793583
7.793468
7.793352
7.793236
7.793120
7.793003
7.792886
7.792768
7.792649
7.792530
7.792411
7.792292
7.792173
7.792054
7.791935
7.791816
7.791697
7.791577
7.791457
7.791337
7.791216
7.791095
7.790973
7.790851
7.790729
7.790606
7.790482
7.790358
7.790234
7.790109
7.789984
7.789858
7.789731
7.789604
7.789477
7.789348
7.789220
7.789090
7.788960
7.788830
7.788699
7.788568
7.788436
7.788304
7.788171
7.788038
7.787904
7.787770
7.787635
7.787500
7.787365
7.787228
7.787091
7.786954
7.786816
7.786677
7.786538
7.786399
7.786258
7.786117
7.785976
7.785833
7.785690
7.785546
7.785402
7.785257
7.785111
7.784964
7.784817
7.784668
7.784520
7.784370
7.784221
7.784070
7.783919
7.783767
7.783615
7.783462
7.783308
7.783154
7.782999
7.782845
7.782689
7.782534
7.782378
7.782223
7.782067
7.781911
7.781756
7.781601
7.781446
7.781290
7.781134
7.780978
7.780821
7.780663
7.780505
7.780346
7.780186
7.780026
7.779865
7.779703
7.779541
7.779378
7.779215
7.779051
7.778887
7.778721
7.778555
7.778388
7.778220
7.778051
7.777881
7.777711
7.777540
7.777368
7.777195
7.777023
7.776849
7.776675
7.776501
7.776326
7.776150
7.775974
7.775797
7.775619
7.775441
7.775262
7.775083
7.774903
7.774722
7.774541
7.774359
7.774176
7.773993
7.773809
7.773625
7.773439
7.773254
7.773067
7.772880
7.772693
7.772505
7.772318
7.772130
7.771941
7.771753
7.771564
7.771375
7.771186
7.770996
7.770806
7.770616
7.770425
7.770233
7.770042
7.769849
7.769657
7.769464
7.769270
7.769076
7.768881
7.768686
7.768491
7.768294
7.768097
7.767900
7.767701
7.767501
7.767301
7.767099
7.766897
7.766694
7.766489
7.766284
7.766077
7.765870
7.765662
7.765452
7.765242
7.765031
7.764819
7.764605
7.764391
7.764175
7.763959
7.763741
7.763522
7.763303
7.763083
7.762862
7.762641
7.762419
7.762197
7.761974
7.761750
7.761525
7.761299
7.761072
7.760845
7.760616
7.760387
7.760157
7.759926
7.759695
7.759462
7.759229
7.758995
7.758761
7.758526
7.758291
7.758055
7.757819
7.757583
7.757347
7.757111
7.756875
7.756639
7.756403
7.756166
7.755929
7.755691
7.755453
7.755215
7.754975
7.754734
7.754493
7.754250
7.754006
7.753761
7.753515
7.753268
7.753019
7.752769
7.752518
7.752266
7.752012
7.751756
7.751499
7.751241
7.750981
7.750719
7.750456
7.750192
7.749926
7.749659
7.749390
7.749119
7.748848
7.748575
7.748300
7.748024
7.747747
7.747468
7.747188
7.746907
7.746624
7.746340
7.746055
7.745768
7.745480
7.745190
7.744899
7.744607
7.744314
7.744020
7.743725
7.743429
7.743132
7.742835
7.742537
7.742237
7.741937
7.741636
7.741334
7.741030
7.740726
7.740420
7.740113
7.739805
7.739495
7.739185
7.738874
7.738562
7.738248
7.737934
7.737619
7.737304
7.736987
7.736669
7.736351
7.736031
7.735711
7.735389
7.735067
7.734743
7.734418
7.734092
7.733764
7.733435
7.733104
7.732772
7.732438
7.732102
7.731765
7.731426
7.731086
7.730744
7.730401
7.730057
7.729711
7.729364
7.729015
7.728666
7.728314
7.727962
7.727609
7.727254
7.726898
7.726540
7.726182
7.725822
7.725462
7.725100
7.724738
7.724374
7.724010
7.723645
7.723279
7.722913
7.722546
7.722178
7.721809
7.721439
7.721069
7.720698
7.720325
7.719952
7.719578
7.719204
7.718829
7.718453
7.718077
7.717700
7.717323
7.716945
7.716567
7.716188
7.715808
7.715426
7.715044
7.714661
7.714276
7.713891
7.713505
7.713118
7.712730
7.712342
7.711952
7.711562
7.711170
7.710777
7.710383
7.709988
7.709591
7.709194
7.708794
7.708394
7.707992
7.707588
7.707184
7.706777
7.706369
7.705959
7.705547
7.705134
7.704719
7.704303
7.703885
7.703466
7.703046
7.702624
7.702201
7.701776
7.701350
7.700921
7.700491
7.700059
7.699625
7.699189
7.698752
7.698312
7.697871
7.697427
7.696982
7.696534
7.696084
7.695633
7.695179
7.694724
7.694266
7.693807
7.693346
7.692883
7.692419
7.691952
7.691484
7.691014
7.690542
7.690068
7.689592
7.689115
7.688635
7.688154
7.687671
7.687186
7.686700
7.686212
7.685722
7.685231
7.684739
7.684244
7.683749
7.683252
7.682754
7.682254
7.681753
7.681250
7.680747
7.680242
7.679737
7.679230
7.678723
7.678214
7.677705
7.677194
7.676682
7.676169
7.675655
7.675139
7.674622
7.674104
7.673585
7.673064
7.672542
7.672019
7.671494
7.670968
7.670441
7.669913
7.669384
7.668855
7.668324
7.667793
7.667261
7.666729
7.666195
7.665661
7.665125
7.664587
7.664049
7.663508
7.662966
7.662423
7.661877
7.661329
7.660780
7.660228
7.659674
7.659118
7.658560
7.657999
7.657436
7.656871
7.656304
7.655734
7.655163
7.654589
7.654013
7.653435
7.652854
7.652271
7.651685
7.651097
7.650507
7.649914
7.649318
7.648720
7.648118
7.647515
7.646908
7.646299
7.645688
7.645074
7.644457
7.643838
7.643216
7.642592
7.641965
7.641336
7.640705
7.640072
7.639436
7.638798
7.638158
7.637515
7.636871
7.636224
7.635576
7.634925
7.634273
7.633618
7.632961
7.632302
7.631640
7.630977
7.630311
7.629643
7.628973
7.628301
7.627628
7.626953
7.626276
7.625598
7.624919
7.624238
7.623557
7.622875
7.622192
7.621508
7.620822
7.620136
7.619448
7.618758
7.618066
7.617373
7.616678
7.615980
7.615281
7.614580
7.613877
7.613172
7.612465
7.611756
7.611045
7.610333
7.609618
7.608903
7.608185
7.607466
7.606746
7.606024
7.605300
7.604575
7.603848
7.603119
7.602389
7.601656
7.600922
7.600186
7.599447
7.598706
7.597963
7.597218
7.596470
7.595721
7.594969
7.594216
7.593461
7.592704
7.591945
7.591185
7.590423
7.589661
7.588897
7.588131
7.587364
7.586596
7.585826
7.585055
7.584282
7.583507
7.582730
7.581950
7.581169
7.580385
7.579598
7.578810
7.578019
7.577225
7.576430
7.575632
7.574832
7.574030
7.573226
7.572419
7.571611
7.570801
7.569989
7.569175
7.568358
7.567540
7.566720
7.565897
7.565072
7.564244
7.563413
7.562580
7.561743
7.560903
7.560061
7.559215
7.558366
7.557514
7.556659
7.555801
7.554940
7.554076
7.553210
7.552341
7.551470
7.550596
7.549720
7.548841
7.547960
7.547077
7.546191
7.545303
7.544412
7.543518
7.542622
7.541722
7.540819
7.539913
7.539005
7.538093
7.537178
7.536261
7.535341
7.534418
7.533493
7.532566
7.531637
7.530705
7.529772
7.528837
7.527900
7.526961
7.526021
7.525079
7.524134
7.523188
7.522239
7.521288
7.520334
7.519378
7.518420
7.517459
7.516495
7.515529
7.514559
7.513587
7.512612
7.511634
7.510655
7.509672
7.508688
7.507702
7.506713
7.505723
7.504732
7.503739
7.502744
7.501747
7.500749
7.499748
7.498745
7.497740
7.496732
7.495722
7.494708
7.493692
7.492672
7.491649
7.490623
7.489593
7.488560
7.487523
7.486484
7.485441
7.484395
7.483346
7.482294
7.481239
7.480181
7.479120
7.478056
7.476989
7.475919
7.474845
7.473768
7.472686
7.471601
7.470513
7.469420
7.468324
7.467223
7.466118
7.465009
7.463896
7.462778
7.461656
7.460530
7.459400
7.458267
7.457129
7.455988
7.454844
7.453697
7.452546
7.451392
7.450236
7.449076
7.447913
7.446747
7.445578
7.444405
7.443228
7.442048
7.440864
7.439676
7.438484
7.437288
7.436089
7.434886
7.433679
7.432469
7.431256
7.430040
7.428821
7.427599
7.426375
7.425149
7.423921
7.422691
7.421459
7.420225
7.418989
7.417750
7.416510
7.415266
7.414020
7.412771
7.411519
7.410264
7.409005
7.407743
7.406477
7.405208
7.403935
7.402659
7.401380
7.400097
7.398812
7.397524
7.396233
7.394940
7.393644
7.392346
7.391046
7.389744
7.388439
7.387132
7.385822
7.384508
7.383192
7.381872
7.380549
7.379222
7.377891
7.376556
7.375218
7.373875
7.372528
7.371178
7.369824
7.368465
7.367104
7.365739
7.364371
7.363000
7.361626
7.360249
7.358870
7.357487
7.356102
7.354714
7.353322
7.351926
7.350527
7.349123
7.347715
7.346302
7.344884
7.343461
7.342034
7.340601
7.339163
7.337720
7.336272
7.334819
7.333361
7.331899
7.330432
7.328961
7.327486
7.326007
7.324525
7.323039
7.321549
7.320054
7.318556
7.317053
7.315545
7.314032
7.312515
7.310992
7.309464
7.307930
7.306392
7.304848
7.303299
7.301745
7.300186
7.298622
7.297054
7.295482
7.293905
7.292325
7.290742
7.289155
7.287566
7.285973
7.284378
7.282779
7.281176
7.279570
7.277960
7.276345
7.274726
7.273103
7.271474
7.269841
7.268202
7.266559
7.264911
7.263258
7.261601
7.259939
7.258273
7.256603
7.254930
7.253253
7.251573
7.249891
7.248205
7.246517
7.244826
7.243133
7.241435
7.239735
7.238030
7.236322
7.234609
7.232891
7.231168
7.229440
7.227706
7.225968
7.224224
7.222475
7.220721
7.218962
7.217199
7.215430
7.213657
7.211880
7.210099
7.208315
7.206527
7.204735
7.202940
7.201140
7.199337
7.197530
7.195719
7.193904
7.192083
7.190257
7.188427
7.186591
7.184750
7.182904
7.181053
7.179197
7.177336
7.175470
7.173599
7.171725
7.169846
7.167964
7.166077
7.164188
7.162295
7.160399
7.158500
7.156597
7.154690
7.152780
7.150865
7.148945
7.147021
7.145091
7.143155
7.141215
7.139268
7.137316
7.135359
7.133396
7.131427
7.129454
7.127475
7.125492
7.123504
7.121512
7.119517
7.117518
7.115515
7.113509
7.111500
7.109487
7.107469
7.105448
7.103422
7.101391
7.099354
7.097312
7.095264
7.093210
7.091150
7.089084
7.087012
7.084935
7.082851
7.080762
7.078667
7.076567
7.074462
7.072352
7.070238
7.068120
7.065997
7.063871
7.061741
7.059607
7.057468
7.055325
7.053176
7.051023
7.048864
7.046699
7.044529
7.042352
7.040170
7.037982
7.035789
7.033589
7.031384
7.029174
7.026958
7.024737
7.022511
7.020281
7.018047
7.015809
7.013567
7.011322
7.009072
7.006819
7.004562
7.002300
7.000033
6.997762
6.995484
6.993201
6.990912
6.988617
6.986316
6.984009
6.981696
6.979378
6.977053
6.974723
6.972388
6.970047
6.967702
6.965353
6.963000
6.960643
6.958283
6.955919
6.953552
6.951181
6.948806
6.946427
6.944043
6.941655
6.939262
6.936864
6.934460
6.932051
6.929636
6.927216
6.924790
6.922359
6.919923
6.917481
6.915035
6.912584
6.910128
6.907668
6.905205
6.902738
6.900267
6.897793
6.895316
6.892834
6.890349
6.887859
6.885364
6.882864
6.880359
6.877847
6.875330
6.872807
6.870278
6.867742
6.865201
6.862653
6.860099
6.857540
6.854975
6.852405
6.849829
6.847249
6.844664
6.842076
6.839483
6.836886
6.834285
6.831680
6.829070
6.826455
6.823835
6.821209
6.818577
6.815939
6.813295
6.810644
6.807987
6.805323
6.802653
6.799976
6.797294
6.794605
6.791911
6.789211
6.786506
6.783796
6.781082
6.778364
6.775642
6.772916
6.770187
6.767453
6.764716
6.761974
6.759227
6.756475
6.753718
6.750955
6.748187
6.745412
6.742632
6.739846
6.737055
6.734257
6.731454
6.728646
6.725832
6.723014
6.720191
6.717365
6.714534
6.711700
6.708862
6.706021
6.703176
6.700328
6.697476
6.694619
6.691758
6.688892
6.686020
6.683143
6.680259
6.677370
6.674474
6.671573
6.668666
6.665753
6.662834
6.659910
6.656980
6.654045
6.651105
6.648161
6.645213
6.642262
6.639306
6.636347
6.633384
6.630417
6.627445
6.624469
6.621487
6.618499
6.615505
6.612505
6.609498
6.606484
6.603463
6.600435
6.597399
6.594357
6.591307
6.588250
6.585187
6.582117
6.579040
6.575957
6.572869
6.569775
6.566675
6.563569
6.560458
6.557341
6.554218
6.551088
6.547951
6.544808
6.541656
6.538497
6.535330
6.532156
6.528973
6.525782
6.522583
6.519376
6.516161
6.512939
6.509710
6.506475
6.503233
6.499984
6.496730
6.493471
6.490206
6.486935
6.483659
6.480377
6.477089
6.473796
6.470495
6.467188
6.463874
6.460553
6.457224
6.453888
6.450544
6.447192
6.443834
6.440468
6.437096
6.433717
6.430333
6.426943
6.423547
6.420147
6.416742
6.413333
6.409919
6.406501
6.403079
6.399653
6.396222
6.392786
6.389345
6.385898
6.382446
6.378988
6.375524
6.372054
6.368577
6.365095
6.361607
6.358113
6.354614
6.351110
6.347602
6.344089
6.340573
6.337054
6.333533
6.330008
6.326482
6.322953
6.319422
6.315889
6.312353
6.308815
6.305274
6.301730
6.298183
6.294632
6.291078
6.287520
6.283959
6.280395
6.276827
6.273256
6.269683
6.266106
6.262527
6.258946
6.255363
6.251778
6.248191
6.244603
6.241014
6.237423
6.233830
6.230235
6.226639
6.223039
6.219436
6.215830
6.212221
6.208607
6.204989
6.201368
6.197741
6.194111
6.190476
6.186837
6.183194
6.179546
6.175894
6.172239
6.168580
6.164917
6.161252
6.157584
6.153912
6.150238
6.146560
6.142879
6.139194
6.135505
6.131812
6.128114
6.124410
6.120702
6.116989
6.113270
6.109547
6.105818
6.102084
6.098345
6.094602
6.090853
6.087101
6.083344
6.079584
6.075821
6.072056
6.068288
6.064518
6.060747
6.056974
6.053198
6.049420
6.045639
6.041855
6.038068
6.034277
6.030482
6.026684
6.022881
6.019075
6.015264
6.011449
6.007631
6.003808
5.999981
5.996151
5.992317
5.988479
5.984639
5.980796
5.976951
5.973103
5.969254
5.965401
5.961547
5.957689
5.953828
5.949963
5.946094
5.942222
5.938344
5.934463
5.930576
5.926685
5.922789
5.918889
5.914984
5.911073
5.907159
5.903239
5.899315
5.895387
5.891454
5.887519
5.883579
5.879636
5.875690
5.871740
5.867787
5.863830
5.859870
5.855905
5.851936
5.847963
5.843985
5.840002
5.836014
5.832021
5.828023
5.824021
5.820014
5.816001
5.811984
5.807963
5.803937
5.799907
5.795873
5.791836
5.787795
5.783752
5.779706
5.775657
5.771606
5.767552
5.763496
5.759437
5.755374
5.751308
5.747238
5.743163
5.739084
5.735000
5.730913
5.726820
5.722723
5.718622
5.714516
5.710406
5.706292
5.702174
5.698052
5.693927
5.689798
5.685667
5.681532
5.677395
5.673255
5.669113
5.664969
5.660822
5.656672
5.652519
5.648362
5.644200
5.640035
5.635866
5.631692
5.627515
5.623333
5.619147
5.614958
5.610764
5.606567
5.602366
5.598161
5.593953
5.589743
5.585529
5.581313
5.577095
5.572875
5.568654
5.564430
5.560205
5.555977
5.551746
5.547512
5.543276
5.539036
5.534793
5.530547
5.526297
5.522045
5.517789
5.513530
5.509267
5.505001
5.500732
5.496460
5.492185
5.487908
5.483627
5.479344
5.475060
5.470773
5.466485
5.462195
5.457903
5.453609
5.449314
5.445015
5.440715
5.436411
5.432105
5.427796
5.423485
5.419170
5.414853
5.410533
5.406210
5.401884
5.397556
5.393226
5.388893
5.384558
5.380221
5.375883
5.371543
5.367202
5.362860
5.358518
5.354174
5.349830
5.345485
5.341139
5.336791
5.332442
5.328092
5.323740
5.319386
5.315030
5.310672
5.306312
5.301951
5.297587
5.293221
5.288854
5.284485
5.280114
5.275742
5.271368
5.266993
5.262616
5.258239
5.253862
5.249484
5.245105
5.240726
5.236346
5.231966
5.227584
5.223201
5.218816
5.214429
5.210039
5.205648
5.201254
5.196857
5.192459
5.188058
5.183654
5.179248
5.174840
5.170429
5.166016
5.161600
5.157182
5.152761
5.148339
5.143915
5.139489
5.135062
5.130633
5.126202
5.121769
5.117334
5.112896
5.108456
5.104014
5.099569
5.095122
5.090673
5.086221
5.081767
5.077311
5.072852
5.068391
5.063928
5.059463
5.054996
5.050528
5.046057
5.041585
5.037111
5.032635
5.028158
5.023680
5.019200
5.014719
5.010236
5.005751
5.001264
4.996774
4.992283
4.987789
4.983292
4.978793
4.974291
4.969786
4.965279
4.960768
4.956255
4.951740
4.947221
4.942700
4.938175
4.933649
4.929119
4.924587
4.920052
4.915515
4.910976
4.906434
4.901890
4.897344
4.892795
4.888243
4.883688
4.879130
4.874569
4.870005
4.865438
4.860867
4.856294
4.851718
4.847138
4.842556
4.837972
4.833384
4.828794
4.824202
4.819608
4.815011
4.810412
4.805811
4.801209
4.796605
4.791999
4.787392
4.782784
4.778173
4.773561
4.768946
4.764329
4.759709
4.755087
4.750463
4.745836
4.741206
4.736573
4.731938
4.727301
4.722660
4.718017
4.713372
4.708724
4.704073
4.699419
4.694763
4.690104
4.685442
4.680778
4.676112
4.671443
4.666771
4.662096
4.657419
4.652739
4.648056
4.643370
4.638680
4.633988
4.629292
4.624593
4.619890
4.615184
4.610475
4.605763
4.601047
4.596328
4.591606
4.586880
4.582152
4.577420
4.572685
4.567948
4.563207
4.558464
4.553717
4.548968
4.544217
4.539463
4.534706
4.529947
4.525185
4.520421
4.515655
4.510887
4.506117
4.501345
4.496572
4.491796
4.487019
4.482241
4.477461
4.472680
4.467897
4.463113
4.458328
4.453542
4.448754
4.443966
4.439176
4.434385
4.429593
4.424800
4.420006
4.415211
4.410415
4.405617
4.400818
4.396019
4.391218
4.386417
4.381615
4.376813
4.372010
4.367207
4.362404
4.357600
4.352797
4.347994
4.343192
4.338390
4.333588
4.328787
4.323987
4.319188
4.314390
4.309593
4.304797
4.300002
4.295209
4.290417
4.285627
4.280838
4.276051
4.271264
4.266480
4.261697
4.256915
4.252135
4.247356
4.242579
4.237804
4.233030
4.228257
4.223486
4.218716
4.213947
4.209179
4.204412
4.199646
4.194880
4.190116
4.185352
4.180589
4.175826
4.171065
4.166303
4.161542
4.156781
4.152020
4.147259
4.142498
4.137737
4.132975
4.128213
4.123450
4.118687
4.113922
4.109157
4.104390
4.099622
4.094852
4.090080
4.085307
4.080532
4.075756
4.070977
4.066197
4.061416
4.056632
4.051847
4.047061
4.042273
4.037484
4.032694
4.027903
4.023110
4.018317
4.013522
4.008726
4.003929
3.999132
3.994333
3.989533
3.984732
3.979930
3.975128
3.970324
3.965519
3.960714
3.955908
3.951102
3.946295
3.941489
3.936683
3.931877
3.927072
3.922268
3.917464
3.912661
3.907859
3.903057
3.898257
3.893457
3.888659
3.883861
3.879064
3.874268
3.869473
3.864678
3.859884
3.855091
3.850298
3.845506
3.840714
3.835924
3.831134
3.826346
3.821560
3.816775
3.811991
3.807209
3.802429
3.797651
3.792875
3.788101
3.783328
3.778558
3.773790
3.769024
3.764261
3.759500
3.754740
3.749983
3.745228
3.740475
3.735725
3.730976
3.726230
3.721487
3.716747
3.712009
3.707275
3.702544
3.697815
3.693091
3.688369
3.683651
3.678936
3.674224
3.669515
3.664810
3.660108
3.655409
3.650713
3.646019
3.641327
3.636636
3.631948
3.627260
3.622575
3.617890
3.613207
3.608525
3.603845
3.599167
3.594491
3.589816
3.585144
3.580474
3.575805
3.571139
3.566475
3.561812
3.557151
3.552492
3.547834
3.543178
3.538523
3.533868
3.529214
3.524560
3.519907
3.515253
3.510600
3.505947
3.501294
3.496641
3.491989
3.487337
3.482686
3.478036
3.473388
3.468741
3.464095
3.459451
3.454809
3.450168
3.445529
3.440892
3.436257
3.431624
3.426992
3.422362
3.417734
3.413107
3.408481
3.403857
3.399235
3.394614
3.389994
3.385377
3.380762
3.376149
3.371539
3.366932
3.362328
3.357727
3.353129
3.348535
3.343944
3.339357
3.334773
3.330193
3.325616
3.321042
3.316472
3.311904
3.307339
3.302777
3.298216
3.293658
3.289102
3.284549
3.279997
3.275449
3.270903
3.266361
3.261823
3.257288
3.252758
3.248232
3.243710
3.239193
3.234681
3.230173
3.225671
3.221173
3.216680
3.212192
3.207709
3.203231
3.198756
3.194285
3.189819
3.185356
3.180897
3.176441
3.171990
3.167543
3.163101
3.158663
3.154230
3.149803
3.145381
3.140964
3.136553
3.132147
3.127747
3.123353
3.118964
3.114580
3.110201
3.105828
3.101460
3.097096
3.092736
3.088380
3.084028
3.079679
3.075334
3.070992
3.066653
3.062318
3.057985
3.053657
3.049332
3.045012
3.040695
3.036383
3.032074
3.027769
3.023469
3.019172
3.014879
3.010590
3.006304
3.002022
2.997742
2.993465
2.989190
2.984917
2.980645
2.976374
2.972105
2.967837
2.963570
2.959305
2.955042
2.950781
2.946523
2.942268
2.938016
2.933768
2.929524
2.925284
2.921047
2.916815
2.912587
2.908363
2.904143
2.899927
2.895715
2.891507
2.887302
2.883100
2.878902
2.874707
2.870514
2.866325
2.862139
2.857956
2.853777
2.849602
2.845430
2.841264
2.837102
2.832945
2.828794
2.824647
2.820506
2.816369
2.812238
2.808112
2.803991
2.799875
2.795764
2.791657
2.787555
2.783456
2.779360
2.775269
2.771181
2.767097
2.763017
2.758940
2.754869
2.750802
2.746740
2.742684
2.738634
2.734589
2.730552
2.726520
2.722495
2.718477
2.714465
2.710460
2.706462
2.702470
2.698484
2.694504
2.690530
2.686561
2.682597
2.678637
2.674682
2.670732
2.666786
2.662844
2.658908
2.654977
2.651051
2.647132
2.643219
2.639312
2.635412
2.631518
2.627631
2.623750
2.619876
2.616008
2.612147
2.608291
2.604441
2.600596
2.596757
2.592922
2.589092
2.585265
2.581443
2.577625
2.573810
2.569999
2.566193
2.562390
2.558593
2.554800
2.551012
2.547229
2.543450
2.539677
2.535909
2.532145
2.528386
2.524632
2.520882
2.517137
2.513395
2.509657
2.505923
2.502190
2.498460
2.494732
2.491007
2.487283
2.483561
2.479842
2.476126
2.472413
2.468703
2.464998
2.461298
2.457602
2.453911
2.450226
2.446546
2.442871
2.439202
2.435539
2.431882
2.428230
2.424583
2.420941
2.417304
2.413672
2.410044
2.406420
2.402800
2.399183
2.395571
2.391962
2.388358
2.384759
2.381164
2.377576
2.373992
2.370415
2.366844
2.363279
2.359720
2.356168
2.352622
2.349082
2.345549
2.342023
2.338502
2.334987
2.331478
2.327974
2.324475
2.320982
2.317493
2.314009
2.310530
2.307056
2.303587
2.300124
2.296668
2.293217
2.289774
2.286337
2.282908
2.279486
2.276071
2.272664
2.269264
2.265872
2.262486
2.259108
2.255737
2.252372
2.249013
2.245660
2.242313
2.238970
2.235633
2.232300
2.228972
2.225648
2.222329
2.219015
2.215707
2.212405
2.209109
2.205819
2.202536
2.199260
2.195990
2.192726
2.189469
2.186219
2.182975
2.179737
2.176505
2.173278
2.170057
2.166840
2.163628
2.160420
2.157215
2.154014
2.150816
2.147622
2.144431
2.141245
2.138062
2.134884
2.131711
2.128542
2.125379
2.122220
2.119067
2.115920
2.112777
2.109640
2.106508
2.103382
2.100260
2.097143
2.094031
2.090922
2.087818
2.084718
2.081620
2.078526
2.075436
2.072349
2.069265
2.066186
2.063111
2.060040
2.056976
2.053916
2.050863
2.047815
2.044774
2.041739
2.038711
2.035688
2.032672
2.029663
2.026659
2.023661
2.020669
2.017683
2.014701
2.011724
2.008752
2.005784
2.002820
1.999860
1.996904
1.993953
1.991007
1.988066
1.985130
1.982200
1.979277
1.976359
1.973448
1.970544
1.967646
1.964755
1.961870
1.958992
1.956120
1.953255
1.950396
1.947543
1.944695
1.941853
1.939016
1.936183
1.933355
1.930531
1.927713
1.924899
1.922090
1.919288
1.916491
1.913701
1.910917
1.908140
1.905370
1.902608
1.899852
1.897103
1.894362
1.891627
1.888899
1.886178
1.883463
1.880755
1.878052
1.875355
1.872663
1.869975
1.867292
1.864613
1.861939
1.859268
1.856603
1.853943
1.851287
1.848638
1.845994
1.843356
1.840725
1.838099
1.835480
1.832867
1.830260
1.827659
1.825064
1.822475
1.819891
1.817312
1.814738
1.812168
1.809603
1.807041
1.804482
1.801926
1.799373
1.796824
1.794278
1.791736
1.789198
1.786664
1.784135
1.781611
1.779091
1.776577
1.774068
1.771565
1.769067
1.766574
1.764086
1.761604
1.759127
1.756655
1.754187
1.751725
1.749266
1.746811
1.744360
1.741912
1.739467
1.737026
1.734589
1.732155
1.729726
1.727301
1.724881
1.722467
1.720058
1.717655
1.715258
1.712866
1.710480
1.708100
1.705726
1.703357
1.700994
1.698636
1.696283
1.693935
1.691591
1.689252
1.686917
1.684585
1.682256
1.679931
1.677610
1.675292
1.672978
1.670668
1.668364
1.666064
1.663770
1.661482
1.659199
1.656922
1.654651
1.652386
1.650127
1.647874
1.645628
1.643386
1.641151
1.638921
1.636696
1.634477
1.632262
1.630051
1.627845
1.625642
1.623444
1.621250
1.619060
1.616875
1.614696
1.612522
1.610353
1.608191
1.606034
1.603884
1.601739
1.599601
1.597468
1.595342
1.593221
1.591106
1.588997
1.586893
1.584795
1.582701
1.580612
1.578526
1.576445
1.574367
1.572293
1.570222
1.568154
1.566091
1.564032
1.561977
1.559928
1.557883
1.555843
1.553809
1.551780
1.549755
1.547737
1.545723
1.543714
1.541711
1.539712
1.537717
1.535728
1.533742
1.531760
1.529782
1.527807
1.525835
1.523865
1.521898
1.519934
1.517973
1.516015
1.514061
1.512111
1.510165
1.508224
1.506287
1.504355
1.502428
1.500506
1.498589
1.496676
1.494769
1.492866
1.490968
1.489074
1.487185
1.485300
1.483419
1.481542
1.479668
1.477797
1.475929
1.474064
1.472203
1.470345
1.468491
1.466641
1.464795
1.462954
1.461118
1.459286
1.457459
1.455637
1.453820
1.452008
1.450201
1.448399
1.446601
1.444808
1.443020
1.441236
1.439455
1.437679
1.435905
1.434135
1.432367
1.430602
1.428840
1.427082
1.425326
1.423574
1.421826
1.420083
1.418343
1.416608
1.414878
1.413153
1.411433
1.409717
1.408007
1.406301
1.404600
1.402904
1.401213
1.399526
1.397843
1.396164
1.394489
1.392818
1.391150
1.389485
1.387823
1.386164
1.384508
1.382855
1.381207
1.379563
1.377923
1.376288
1.374658
1.373032
1.371412
1.369796
1.368185
1.366579
1.364978
1.363382
1.361790
1.360203
1.358620
1.357041
1.355466
1.353895
1.352326
1.350762
1.349200
1.347641
1.346086
1.344533
1.342985
1.341440
1.339899
1.338362
1.336829
1.335301
1.333777
1.332258
1.330743
1.329233
1.327726
1.326224
1.324727
1.323233
1.321742
1.320256
1.318772
1.317292
1.315814
1.314339
1.312866
1.311395
1.309926
1.308460
1.306996
1.305535
1.304077
1.302622
1.301170
1.299722
1.298278
1.296838
1.295401
1.293968
1.292539
1.291113
1.289692
1.288274
1.286859
1.285448
1.284039
1.282634
1.281232
1.279832
1.278434
1.277039
1.275646
1.274255
1.272867
1.271482
1.270099
1.268720
1.267344
1.265971
1.264603
1.263238
1.261876
1.260519
1.259166
1.257816
1.256471
1.255129
1.253791
1.252456
1.251125
1.249797
1.248473
1.247151
1.245831
1.244515
1.243201
1.241889
1.240580
1.239274
1.237972
1.236672
1.235376
1.234083
1.232795
1.231510
1.230229
1.228952
1.227680
1.226411
1.225146
1.223885
1.222629
1.221376
1.220126
1.218880
1.217637
1.216398
1.215161
1.213926
1.212695
1.211466
1.210239
1.209015
1.207794
1.206576
1.205361
1.204149
1.202941
1.201736
1.200535
1.199338
1.198144
1.196955
1.195769
1.194587
1.193408
1.192232
1.191060
1.189892
1.188726
1.187563
1.186402
1.185244
1.184088
1.182935
1.181784
1.180635
1.179489
1.178345
1.177204
1.176065
1.174930
1.173797
1.172668
1.171542
1.170419
1.169299
1.168183
1.167069
1.165959
1.164852
1.163747
1.162645
1.161546
1.160449
1.159354
1.158260
1.157169
1.156079
1.154991
1.153905
1.152821
1.151739
1.150659
1.149582
1.148508
1.147436
1.146367
1.145302
1.144239
1.143180
1.142123
1.141070
1.140020
1.138973
1.137929
1.136888
1.135849
1.134813
1.133779
1.132747
1.131717
1.130689
1.129663
1.128640
1.127618
1.126599
1.125582
1.124568
1.123557
1.122549
1.121543
1.120541
1.119543
1.118547
1.117555
1.116567
1.115581
1.114599
1.113621
1.112645
1.111673
1.110703
1.109736
1.108772
1.107810
1.106851
1.105894
1.104939
1.103988
1.103039
1.102092
1.101149
1.100209
1.099272
1.098338
1.097408
1.096482
1.095559
1.094639
1.093723
1.092810
1.091901
1.090994
1.090091
1.089191
1.088294
1.087399
1.086507
1.085617
1.084730
1.083845
1.082962
1.082082
1.081203
1.080327
1.079454
1.078583
1.077715
1.076850
1.075988
1.075129
1.074273
1.073420
1.072570
1.071723
1.070879
1.070037
1.069199
1.068362
1.067528
1.066696
1.065866
1.065039
1.064212
1.063388
1.062565
1.061743
1.060924
1.060106
1.059290
1.058477
1.057666
1.056857
1.056051
1.055247
1.054446
1.053647
1.052851
1.052057
1.051266
1.050477
1.049691
1.048907
1.048125
1.047345
1.046566
1.045790
1.045015
1.044242
1.043470
1.042700
1.041932
1.041166
1.040402
1.039640
1.038880
1.038123
1.037369
1.036617
1.035868
1.035121
1.034378
1.033636
1.032898
1.032162
1.031428
1.030697
1.029968
1.029242
1.028517
1.027795
1.027074
1.026356
1.025639
1.024924
1.024211
1.023499
1.022790
1.022083
1.021378
1.020676
1.019975
1.019277
1.018582
1.017889
1.017199
1.016512
1.015826
1.015144
1.014463
1.013785
1.013110
1.012436
1.011765
1.011096
1.010429
1.009764
1.009101
1.008439
1.007780
1.007122
1.006467
1.005813
1.005161
1.004512
1.003864
1.003220
1.002577
1.001937
1.001299
1.000664
1.000031
0.999401
0.998772
0.998146
0.997521
0.996899
0.996278
0.995659
0.995041
0.994425
0.993810
0.993197
0.992585
0.991974
0.991365
0.990758
0.990153
0.989549
0.988947
0.988347
0.987749
0.987153
0.986559
0.985967
0.985376
0.984788
0.984201
0.983615
0.983032
0.982449
0.981868
0.981289
0.980711
0.980134
0.979558
0.978984
0.978411
0.977839
0.977268
0.976698
0.976130
0.975563
0.974997
0.974433
0.973871
0.973310
0.972750
0.972193
0.971637
0.971082
0.970529
0.969978
0.969427
0.968879
0.968332
0.967786
0.967242
0.966699
0.966158
0.965618
0.965079
0.964542
0.964005
0.963471
0.962937
0.962405
0.961874
0.961345
0.960817
0.960291
0.959766
0.959243
0.958721
0.958201
0.957683
0.957166
0.956651
0.956137
0.955625
0.955114
0.954604
0.954096
0.953590
0.953085
0.952581
0.952078
0.951576
0.951076
0.950578
0.950081
0.949585
0.949091
0.948599
0.948109
0.947620
0.947134
0.946649
0.946165
0.945684
0.945204
0.944726
0.944250
0.943775
0.943302
0.942831
0.942362
0.941894
0.941428
0.940964
0.940502
0.940042
0.939584
0.939127
0.938673
0.938220
0.937769
0.937319
0.936872
0.936427
0.935983
0.935541
0.935101
0.934663
0.934227
0.933792
0.933359
0.932928
0.932499
0.932070
0.931644
0.931219
0.930796
0.930374
0.929954
0.929535
0.929118
0.928702
0.928288
0.927875
0.927464
0.927053
0.926644
0.926237
0.925831
0.925426
0.925023
0.924621
0.924220
0.923820
0.923422
0.923025
0.922629
0.922234
0.921840
0.921448
0.921056
0.920666
0.920276
0.919887
0.919498
0.919111
0.918724
0.918338
0.917953
0.917568
0.917185
0.916802
0.916421
0.916040
0.915661
0.915282
0.914905
0.914528
0.914152
0.913777
0.913403
0.913030
0.912657
0.912286
0.911916
0.911546
0.911178
0.910811
0.910445
0.910080
0.909717
0.909354
0.908992
0.908632
0.908272
0.907914
0.907556
0.907200
0.906844
0.906490
0.906137
0.905784
0.905433
0.905083
0.904734
0.904387
0.904040
0.903694
0.903350
0.903007
0.902665
0.902324
0.901984
0.901645
0.901307
0.900971
0.900635
0.900300
0.899967
0.899635
0.899304
0.898973
0.898645
0.898317
0.897991
0.897665
0.897341
0.897018
0.896696
0.896375
0.896056
0.895737
0.895420
0.895103
0.894787
0.894472
0.894158
0.893844
0.893532
0.893220
0.892909
0.892599
0.892290
0.891982
0.891675
0.891370
0.891065
0.890762
0.890460
0.890159
0.889859
0.889560
0.889262
0.888965
0.888670
0.888374
0.888080
0.887787
0.887495
0.887204
0.886914
0.886625
0.886337
0.886050
0.885765
0.885480
0.885197
0.884914
0.884633
0.884352
0.884073
0.883794
0.883516
0.883239
0.882963
0.882687
0.882413
0.882139
0.881865
0.881593
0.881321
0.881050
0.880780
0.880511
0.880243
0.879975
0.879708
0.879442
0.879176
0.878911
0.878647
0.878384
0.878121
0.877859
0.877597
0.877337
0.877077
0.876818
0.876559
0.876301
0.876044
0.875788
0.875532
0.875276
0.875021
0.874767
0.874513
0.874260
0.874008
0.873756
0.873505
0.873254
0.873004
0.872755
0.872507
0.872259
0.872013
0.871767
0.871522
0.871278
0.871035
0.870793
0.870552
0.870311
0.870071
0.869831
0.869593
0.869355
0.869117
0.868880
0.868644
0.868409
0.868174
0.867940
0.867707
0.867475
0.867244
0.867013
0.866784
0.866556
0.866329
0.866102
0.865877
0.865653
0.865430
0.865208
0.864986
0.864766
0.864547
0.864328
0.864110
0.863893
0.863677
0.863461
0.863246
0.863032
0.862819
0.862606
0.862394
0.862184
0.861974
0.861765
0.861557
0.861350
0.861143
0.860938
0.860734
0.860531
0.860328
0.860127
0.859926
0.859726
0.859527
0.859329
0.859132
0.858935
0.858740
0.858545
0.858350
0.858157
0.857964
0.857772
0.857581
0.857391
0.857202
0.857013
0.856824
0.856637
0.856450
0.856263
0.856078
0.855892
0.855708
0.855524
0.855340
0.855158
0.854975
0.854793
0.854612
0.854431
0.854251
0.854071
0.853892
0.853713
0.853534
0.853357
0.853180
0.853004
0.852828
0.852653
0.852479
0.852306
0.852133
0.851962
0.851790
0.851620
0.851450
0.851281
0.851112
0.850944
0.850776
0.850609
0.850442
0.850276
0.850110
0.849944
0.849779
0.849614
0.849449
0.849285
0.849121
0.848958
0.848795
0.848632
0.848470
0.848309
0.848148
0.847988
0.847828
0.847669
0.847511
0.847354
0.847197
0.847040
0.846885
0.846730
0.846576
0.846422
0.846269
0.846116
0.845964
0.845813
0.845662
0.845512
0.845362
0.845212
0.845063
0.844914
0.844766
0.844617
0.844469
0.844321
0.844173
0.844025
0.843878
0.843731
0.843584
0.843437
0.843291
0.843145
0.843000
0.842855
0.842711
0.842567
0.842424
0.842281
0.842139
0.841997
0.841856
0.841715
0.841575
0.841436
0.841297
0.841158
0.841020
0.840883
0.840746
0.840609
0.840473
0.840338
0.840202
0.840068
0.839933
0.839799
0.839665
0.839532
0.839399
0.839266
0.839133
0.839001
0.838869
0.838738
0.838606
0.838475
0.838344
0.838214
0.838083
0.837953
0.837823
0.837694
0.837565
0.837436
0.837307
0.837179
0.837051
0.836924
0.836797
0.836670
0.836544
0.836419
0.836293
0.836169
0.836044
0.835921
0.835797
0.835674
0.835552
0.835430
0.835309
0.835187
0.835067
0.834947
0.834827
0.834707
0.834588
0.834469
0.834351
0.834233
0.834115
0.833997
0.833881
0.833764
0.833648
0.833532
0.833417
0.833303
0.833189
0.833075
0.832962
0.832850
0.832737
0.832626
0.832515
0.832404
0.832294
0.832184
0.832074
0.831965
0.831856
0.831747
0.831638
0.831530
0.831422
0.831314
0.831206
0.831099
0.830991
0.830885
0.830778
0.830672
0.830566
0.830460
0.830355
0.830249
0.830145
0.830040
0.829936
0.829831
0.829727
0.829624
0.829520
0.829417
0.829313
0.829210
0.829108
0.829005
0.828903
0.828801
0.828700
0.828599
0.828499
0.828399
0.828299
0.828201
0.828102
0.828004
0.827906
0.827809
0.827712
0.827616
0.827520
0.827425
0.827330
0.827236
0.827142
0.827048
0.826955
0.826863
0.826770
0.826678
0.826587
0.826496
0.826405
0.826315
0.826224
0.826135
0.826045
0.825955
0.825866
0.825777
0.825688
0.825599
0.825510
0.825420
0.825331
0.825242
0.825153
0.825064
0.824975
0.824885
0.824796
0.824707
0.824618
0.824528
0.824439
0.824350
0.824261
0.824172
0.824083
0.823995
0.823906
0.823818
0.823731
0.823643
0.823556
0.823470
0.823384
0.823298
0.823213
0.823128
0.823044
0.822960
0.822876
0.822793
0.822711
0.822628
0.822547
0.822466
0.822385
0.822305
0.822226
0.822146
0.822068
0.821990
0.821912
0.821835
0.821758
0.821681
0.821606
0.821530
0.821455
0.821381
0.821307
0.821233
0.821159
0.821086
0.821014
0.820941
0.820869
0.820797
0.820726
0.820655
0.820584
0.820513
0.820442
0.820372
0.820301
0.820231
0.820161
0.820091
0.820021
0.819950
0.819880
0.819810
0.819739
0.819669
0.819598
0.819527
0.819455
0.819383
0.819311
0.819238
0.819166
0.819093
0.819020
0.818947
0.818874
0.818801
0.818728
0.818655
0.818583
0.818510
0.818438
0.818366
0.818294
0.818223
0.818151
0.818080
0.818010
0.817940
0.817870
0.817800
0.817731
0.817662
0.817594
0.817526
0.817459
0.817392
0.817326
0.817260
0.817195
0.817130
0.817066
0.817002
0.816939
0.816876
0.816814
0.816753
0.816692
0.816631
0.816571
0.816512
0.816453
0.816394
0.816337
0.816279
0.816222
0.816166
0.816110
0.816055
0.816000
0.815945
0.815891
0.815837
0.815784
0.815731
0.815679
0.815626
0.815574
0.815523
0.815471
0.815420
0.815369
0.815318
0.815268
0.815217
0.815167
0.815116
0.815066
0.815015
0.814965
0.814914
0.814864
0.814813
0.814762
0.814711
0.814659
0.814608
0.814556
0.814504
0.814452
0.814401
0.814349
0.814297
0.814245
0.814193
0.814141
0.814089
0.814037
0.813986
0.813934
0.813882
0.813830
0.813778
0.813726
0.813674
0.813622
0.813570
0.813519
0.813467
0.813415
0.813363
0.813311
0.813259
0.813207
0.813155
0.813102
0.813049
0.812996
0.812943
0.812889
0.812836
0.812782
0.812728
0.812675
0.812621
0.812568
0.812514
0.812461
0.812408
0.812355
0.812303
0.812250
0.812198
0.812147
0.812096
0.812045
0.811994
0.811944
0.811895
0.811846
0.811798
0.811750
0.811702
0.811655
0.811609
0.811563
0.811518
0.811474
0.811430
0.811387
0.811344
0.811302
0.811261
0.811220
0.811180
0.811140
0.811102
0.811063
0.811026
0.810989
0.810953
0.810917
0.810882
0.810847
0.810813
0.810780
0.810747
0.810715
0.810683
0.810651
0.810620
0.810590
0.810560
0.810531
0.810501
0.810473
0.810444
0.810416
0.810388
0.810360
0.810333
0.810305
0.810278
0.810251
0.810224
0.810196
0.810169
0.810142
0.810115
0.810087
0.810060
0.810032
0.810004
0.809975
0.809947
0.809918
0.809890
0.809861
0.809832
0.809803
0.809774
0.809745
0.809716
0.809688
0.809659
0.809630
0.809601
0.809572
0.809543
0.809514
0.809485
0.809457
0.809428
0.809399
0.809370
0.809341
0.809312
0.809284
0.809255
0.809226
0.809197
0.809168
0.809139
0.809110
0.809082
0.809053
0.809024
0.808995
0.808966
0.808937
0.808908
0.808879
0.808851
0.808822
0.808793
0.808764
0.808735
0.808706
0.808678
0.808649
0.808620
0.808591
0.808562
0.808533
0.808504
0.808476
0.808447
0.808418
0.808389
0.808360
0.808331
0.808302
0.808273
0.808245
0.808216
0.808187
0.808158
0.808129
0.808100
0.808072
0.808043
0.808014
0.807985
0.807956
0.807927
0.807898
0.807870
0.807841
0.807812
0.807783
0.807754
0.807725
0.807696
0.807667
0.807639
0.807610
0.807581
0.807552
0.807523
0.807494
0.807465
0.807437
0.807408
0.807379
0.807350
0.807321
0.807292
0.807264
0.807235
0.807206
0.807177
0.807148
0.807119
0.807090
0.807061
0.807033
0.807004
0.806975
0.806946
0.806917
0.806888
0.806859
0.806831
0.806802
0.806773
0.806744
0.806715
0.806686
0.806657
0.806627
0.806598
0.806569
0.806539
0.806509
0.806480
0.806450
0.806420
0.806390
0.806361
0.806331
0.806301
0.806272
0.806242
0.806213
0.806184
0.806155
0.806126
0.806098
0.806069
0.806041
0.806013
0.805985
0.805958
0.805930
0.805903
0.805877
0.805851
0.805825
0.805799
0.805773
0.805748
0.805723
0.805699
0.805675
0.805651
0.805628
0.805604
0.805582
0.805559
0.805537
0.805515
0.805494
0.805473
0.805452
0.805431
0.805411
0.805392
0.805372
0.805353
0.805334
0.805315
0.805297
0.805279
0.805261
0.805244
0.805226
0.805209
0.805192
0.805176
0.805159
0.805143
0.805127
0.805111
0.805095
0.805079
0.805063
0.805047
0.805032
0.805016
0.805001
0.804985
0.804969
0.804953
0.804938
0.804922
0.804906
0.804890
0.804873
0.804857
0.804840
0.804824
0.804808
0.804791
0.804774
0.804758
0.804741
0.804725
0.804708
0.804692
0.804675
0.804659
0.804642
0.804626
0.804609
0.804593
0.804576
0.804560
0.804543
0.804527
0.804510
0.804493
0.804477
0.804461
0.804444
0.804427
0.804411
0.804394
0.804378
0.804361
0.804345
0.804328
0.804312
0.804295
0.804279
0.804262
0.804246
0.804229
0.804212
0.804196
0.804180
0.804163
0.804146
0.804130
0.804113
0.804097
0.804080
0.804064
0.804047
0.804031
0.804014
0.803998
0.803981
0.803965
0.803948
0.803932
0.803915
0.803898
0.803882
0.803866
0.803849
0.803832
0.803816
0.803799
0.803783
0.803766
0.803750
0.803733
0.803717
0.803700
0.803684
0.803667
0.803651
0.803634
0.803618
0.803601
0.803585
0.803568
0.803551
0.803535
0.803518
0.803502
0.803485
0.803469
0.803452
0.803436
0.803419
0.803403
0.803386
0.803370
0.803353
0.803337
0.803320
0.803303
0.803287
0.803270
0.803254
0.803237
0.803221
0.803204
0.803188
0.803171
0.803155
0.803138
0.803122
0.803105
0.803089
0.803072
0.803056
0.803039
0.803022
0.803006
0.802990
0.802973
0.802956
0.802940
0.802923
0.802907
0.802890
0.802874
0.802857
0.802841
0.802824
0.802808
0.802791
0.802775
0.802758
0.802742
0.802725
0.802709
0.802692
0.802675
0.802659
0.802642
0.802626
0.802609
0.802593
0.802576
0.802560
0.802543
0.802527
0.802510
0.802494
0.802477
0.802461
0.802444
0.802428
0.802411
0.802395
0.802378
0.802361
0.802345
0.802328
0.802312
0.802295
0.802279
0.802262
0.802246
0.802229
0.802213
0.802196
0.802180
0.802163
0.802147
0.802130
0.802114
0.802097
0.802080
0.802064
0.802047
0.802031
0.802014
0.801998
0.801981
0.801965
0.801948
0.801932
0.801915
0.801899
0.801882
0.801866
0.801849
0.801833
0.801816
0.801799
0.801783
0.801766
0.801750
0.801733
0.801717
0.801700
0.801684
0.801667
0.801651
0.801634
0.801618
0.801601
0.801585
0.801568
0.801552
0.801535
0.801519
0.801502
0.801485
0.801469
0.801452
0.801436
0.801419
0.801403
0.801386
0.801370
0.801353
0.801337
0.801320
0.801304
0.801287
0.801271
0.801254
0.801238
0.801221
0.801204
0.801188
0.801171
0.801155
0.801138
0.801122
0.801105
0.801089
0.801072
0.801056
0.801039
0.801023
0.801006
0.800990
0.800973
0.800957
0.800940
0.800924
0.800907
0.800890
0.800874
0.800857
0.800841
0.800824
0.800808
0.800791
0.800775
0.800758
0.800742
0.800725
0.800709
0.800692
0.800676
0.800659
0.800643
0.800626
0.800609
0.800593
0.800576
0.800560
0.800543
0.800527
0.800510
0.800494
0.800477
0.800461
0.800444
0.800428
0.800411
0.800395
0.800378
0.800362
0.800345
0.800328
0.800312
0.800296
0.800279
0.800262
0.800246
0.800229
0.800213
0.800196
0.800180
0.800163
0.800147
0.800130
0.800114
0.800097
0.800081
0.800064
0.800048
0.800031
0.800014
0.799998
0.799981
0.799965
0.799948
