0.800000
0.800026
0.800057
0.800094
0.800138
0.800187
0.800237
0.800289
0.800341
0.800393
0.800445
0.800497
0.800548
0.800600
0.800652
0.800704
0.800756
0.800808
0.800860
0.800912
0.800964
0.801015
0.801067
0.801119
0.801171
0.801223
0.801275
0.801327
0.801379
0.801431
0.801483
0.801535
0.801586
0.801638
0.801690
0.801742
0.801794
0.801846
0.801898
0.801950
0.802002
0.802054
0.802106
0.802157
0.802209
0.802261
0.802313
0.802365
0.802417
0.802469
0.802521
0.802573
0.802624
0.802676
0.802728
0.802780
0.802832
0.802884
0.802936
0.802988
0.803040
0.803092
0.803144
0.803195
0.803247
0.803299
0.803351
0.803403
0.803455
0.803507
0.803559
0.803611
0.803663
0.803714
0.803766
0.803818
0.803870
0.803922
0.803974
0.804026
0.804078
0.804130
0.804182
0.804234
0.804285
0.804337
0.804389
0.804441
0.804493
0.804545
0.804597
0.804649
0.804701
0.804752
0.804804
0.804856
0.804908
0.804959
0.805009
0.805058
0.805105
0.805152
0.805197
0.805241
0.805284
0.805326
0.805368
0.805410
0.805453
0.805495
0.805538
0.805582
0.805626
0.805672
0.805719
0.805768
0.805818
0.805870
0.805924
0.805980
0.806039
0.806099
0.806163
0.806229
0.806297
0.806369
0.806443
0.806521
0.806601
0.806685
0.806772
0.806862
0.806956
0.807053
0.807153
0.807257
0.807364
0.807474
0.807587
0.807703
0.807821
0.807941
0.808064
0.808189
0.808317
0.808448
0.808582
0.808720
0.808861
0.809005
0.809153
0.809304
0.809459
0.809618
0.809780
0.809947
0.810117
0.810291
0.810469
0.810651
0.810837
0.811026
0.811218
0.811413
0.811611
0.811811
0.812013
0.812218
0.812425
0.812634
0.812845
0.813059
0.813274
0.813492
0.813713
0.813935
0.814160
0.814387
0.814616
0.814848
0.815083
0.815322
0.815563
0.815808
0.816057
0.816309
0.816565
0.816824
0.817088
0.817357
0.817630
0.817908
0.818190
0.818478
0.818771
0.819069
0.819372
0.819679
0.819990
0.820306
0.820627
0.820952
0.821283
0.821618
0.821959
0.822306
0.822657
0.823014
0.823376
0.823744
0.824116
0.824492
0.824874
0.825261
0.825654
0.826051
0.826454
0.826862
0.827276
0.827695
0.828121
0.828552
0.828991
0.829436
0.829890
0.830350
0.830819
0.831295
0.831779
0.832270
0.832769
0.833276
0.833792
0.834316
0.834848
0.835388
0.835937
0.836494
0.837060
0.837634
0.838217
0.838808
0.839408
0.840016
0.840634
0.841262
0.841900
0.842548
0.843207
0.843877
0.844558
0.845250
0.845953
0.846667
0.847392
0.848129
0.848877
0.849637
0.850408
0.851190
0.851984
0.852789
0.853607
0.854437
0.855279
0.856135
0.857004
0.857886
0.858782
0.859692
0.860615
0.861552
0.862504
0.863469
0.864449
0.865443
0.866451
0.867475
0.868514
0.869569
0.870641
0.871728
0.872832
0.873953
0.875089
0.876243
0.877414
0.878601
0.879807
0.881030
0.882272
0.883533
0.884814
0.886113
0.887433
0.888773
0.890133
0.891514
0.892915
0.894339
0.895784
0.897251
0.898742
0.900256
0.901793
0.903353
0.904938
0.906547
0.908180
0.909839
0.911522
0.913232
0.914966
0.916727
0.918513
0.920327
0.922167
0.924034
0.925930
0.927854
0.929807
0.931788
0.933799
0.935840
0.937911
0.940013
0.942146
0.944310
0.946506
0.948734
0.950995
0.953289
0.955617
0.957979
0.960376
0.962808
0.965275
0.967779
0.970318
0.972894
0.975507
0.978157
0.980845
0.983572
0.986338
0.989144
0.991991
0.994878
0.997808
1.000780
1.003795
1.006853
1.009955
1.013102
1.016294
1.019532
1.022815
1.026145
1.029523
1.032948
1.036422
1.039945
1.043518
1.047142
1.050817
1.054543
1.058321
1.062150
1.066033
1.069968
1.073957
1.078000
1.082097
1.086250
1.090460
1.094726
1.099048
1.103429
1.107867
1.112365
1.116921
1.121538
1.126215
1.130953
1.135752
1.140613
1.145537
1.150524
1.155575
1.160690
1.165871
1.171117
1.176431
1.181813
1.187263
1.192782
1.198371
1.204030
1.209759
1.215560
1.221432
1.227376
1.233394
1.239486
1.245653
1.251896
1.258217
1.264616
1.271095
1.277653
1.284293
1.291015
1.297821
1.304711
1.311685
1.318746
1.325893
1.333129
1.340453
1.347867
1.355373
1.362970
1.370661
1.378446
1.386325
1.394299
1.402369
1.410534
1.418796
1.427156
1.435613
1.444170
1.452828
1.461586
1.470447
1.479411
1.488479
1.497653
1.506933
1.516319
1.525813
1.535414
1.545125
1.554946
1.564877
1.574920
1.585074
1.595342
1.605726
1.616224
1.626839
1.637571
1.648419
1.659385
1.670468
1.681668
1.692986
1.704422
1.715978
1.727654
1.739451
1.751370
1.763412
1.775577
1.787868
1.800285
1.812828
1.825498
1.838297
1.851225
1.864283
1.877471
1.890790
1.904240
1.917824
1.931541
1.945393
1.959380
1.973504
1.987765
2.002164
2.016701
2.031375
2.046187
2.061137
2.076225
2.091452
2.106816
2.122320
2.137964
2.153749
2.169674
2.185740
2.201948
2.218297
2.234789
2.251423
2.268200
2.285119
2.302181
2.319386
2.336734
2.354226
2.371861
2.389641
2.407565
2.425634
2.443847
2.462203
2.480703
2.499344
2.518127
2.537049
2.556111
2.575312
2.594652
2.614131
2.633748
2.653503
2.673396
2.693427
2.713594
2.733899
2.754338
2.774913
2.795622
2.816464
2.837439
2.858546
2.879783
2.901149
2.922645
2.944268
2.966018
2.987892
3.009891
3.032011
3.054251
3.076611
3.099087
3.121680
3.144388
3.167209
3.190143
3.213188
3.236342
3.259604
3.282972
3.306445
3.330021
3.353698
3.377475
3.401350
3.425320
3.449385
3.473541
3.497787
3.522119
3.546536
3.571035
3.595614
3.620270
3.645003
3.669809
3.694685
3.719631
3.744642
3.769718
3.794855
3.820052
3.845305
3.870613
3.895973
3.921384
3.946844
3.972350
3.997901
4.023495
4.049130
4.074803
4.100512
4.126255
4.152029
4.177832
4.203660
4.229512
4.255384
4.281275
4.307183
4.333106
4.359044
4.384995
4.410958
4.436933
4.462916
4.488907
4.514902
4.540901
4.566901
4.592900
4.618897
4.644891
4.670880
4.696864
4.722840
4.748809
4.774767
4.800715
4.826651
4.852573
4.878480
4.904369
4.930238
4.956086
4.981913
5.007716
5.033496
5.059252
5.084985
5.110695
5.136380
5.162041
5.187675
5.213282
5.238861
5.264409
5.289925
5.315409
5.340859
5.366273
5.391652
5.416994
5.442298
5.467564
5.492791
5.517978
5.543124
5.568229
5.593291
5.618309
5.643281
5.668207
5.693084
5.717913
5.742691
5.767419
5.792098
5.816726
5.841306
5.865836
5.890317
5.914749
5.939132
5.963466
5.987750
6.011983
6.036164
6.060293
6.084368
6.108390
6.132357
6.156270
6.180128
6.203931
6.227680
6.251374
6.275012
6.298594
6.322120
6.345587
6.368996
6.392345
6.415632
6.438856
6.462018
6.485116
6.508151
6.531122
6.554031
6.576877
6.599659
6.622378
6.645031
6.667619
6.690139
6.712591
6.734974
6.757288
6.779530
6.801701
6.823799
6.845823
6.867774
6.889649
6.911448
6.933171
6.954816
6.976381
6.997867
7.019270
7.040590
7.061825
7.082975
7.104040
7.125017
7.145908
7.166711
7.187427
7.208054
7.228591
7.249037
7.269390
7.289649
7.309814
7.329883
7.349855
7.369729
7.389502
7.409176
7.428748
7.448218
7.467585
7.486849
7.506010
7.525067
7.544018
7.562865
7.581606
7.600241
7.618768
7.637186
7.655496
7.673695
7.691784
7.709761
7.727624
7.745375
7.763012
7.780534
7.797942
7.815235
7.832411
7.849471
7.866414
7.883238
7.899944
7.916530
7.932995
7.949341
7.965565
7.981668
7.997648
8.013506
8.029241
8.044852
8.060338
8.075699
8.090934
8.106044
8.121029
8.135891
8.150629
8.165243
8.179734
8.194101
8.208345
8.222464
8.236459
8.250329
8.264074
8.277696
8.291193
8.304567
8.317818
8.330946
8.343954
8.356840
8.369607
8.382254
8.394783
8.407194
8.419487
8.431664
8.443723
8.455665
8.467490
8.479197
8.490786
8.502257
8.513611
8.524850
8.535973
8.546983
8.557878
8.568660
8.579329
8.589885
8.600330
8.610664
8.620887
8.631002
8.641007
8.650906
8.660696
8.670381
8.679959
8.689432
8.698802
8.708068
8.717231
8.726293
8.735252
8.744111
8.752870
8.761528
8.770086
8.778547
8.786909
8.795174
8.803342
8.811414
8.819389
8.827268
8.835052
8.842741
8.850336
8.857840
8.865252
8.872573
8.879806
8.886949
8.894004
8.900971
8.907852
8.914648
8.921359
8.927989
8.934537
8.941007
8.947399
8.953712
8.959947
8.966104
8.972182
8.978183
8.984107
8.989955
8.995728
9.001427
9.007053
9.012607
9.018089
9.023501
9.028843
9.034115
9.039317
9.044452
9.049518
9.054516
9.059448
9.064313
9.069114
9.073849
9.078522
9.083133
9.087684
9.092175
9.096607
9.100980
9.105296
9.109553
9.113753
9.117896
9.121983
9.126015
9.129992
9.133915
9.137785
9.141602
9.145368
9.149082
9.152745
9.156357
9.159919
9.163432
9.166896
9.170312
9.173680
9.177001
9.180275
9.183503
9.186685
9.189823
9.192918
9.195969
9.198978
9.201945
9.204870
9.207754
9.210596
9.213398
9.216160
9.218883
9.221568
9.224216
9.226826
9.229400
9.231937
9.234438
9.236902
9.239330
9.241723
9.244081
9.246405
9.248694
9.250951
9.253174
9.255366
9.257525
9.259653
9.261750
9.263815
9.265851
9.267856
9.269833
9.271781
9.273701
9.275592
9.277455
9.279289
9.281094
9.282871
9.284620
9.286341
9.288035
9.289703
9.291345
9.292961
9.294552
9.296120
9.297663
9.299184
9.300682
9.302157
9.303609
9.305038
9.306444
9.307828
9.309190
9.310531
9.311851
9.313151
9.314431
9.315691
9.316931
9.318150
9.319348
9.320528
9.321688
9.322830
9.323955
9.325062
9.326151
9.327224
9.328280
9.329319
9.330341
9.331347
9.332336
9.333310
9.334268
9.335211
9.336140
9.337055
9.337956
9.338843
9.339716
9.340576
9.341422
9.342254
9.343073
9.343877
9.344668
9.345444
9.346206
9.346955
9.347689
9.348409
9.349117
9.349811
9.350493
9.351163
9.351822
9.352469
9.353105
9.353730
9.354344
9.354948
9.355541
9.356124
9.356698
9.357261
9.357815
9.358359
9.358894
9.359418
9.359932
9.360436
9.360929
9.361412
9.361885
9.362349
9.362803
9.363247
9.363683
9.364111
9.364531
9.364944
9.365351
9.365752
9.366147
9.366536
9.366918
9.367295
9.367666
9.368031
9.368391
9.368745
9.369093
9.369435
9.369772
9.370103
9.370427
9.370747
9.371061
9.371369
9.371673
9.371971
9.372265
9.372553
9.372836
9.373112
9.373383
9.373647
9.373905
9.374157
9.374404
9.374645
9.374880
9.375110
9.375336
9.375556
9.375772
9.375983
9.376189
9.376389
9.376584
9.376773
9.376957
9.377136
9.377310
9.377478
9.377642
9.377802
9.377958
9.378110
9.378258
9.378404
9.378546
9.378685
9.378822
9.378956
9.379087
9.379215
9.379340
9.379463
9.379582
9.379699
9.379814
9.379926
9.380037
9.380148
9.380258
9.380368
9.380477
9.380587
9.380696
9.380806
9.380915
9.381025
9.381135
9.381245
9.381356
9.381468
9.381580
9.381693
9.381806
9.381920
9.382033
9.382146
9.382257
9.382366
9.382474
9.382579
9.382682
9.382783
9.382881
9.382976
9.383069
9.383159
9.383246
9.383331
9.383413
9.383491
9.383567
9.383640
9.383709
9.383776
9.383839
9.383900
9.383957
9.384011
9.384062
9.384110
9.384155
9.384197
9.384235
9.384271
9.384304
9.384333
9.384360
9.384384
9.384406
9.384425
9.384441
9.384455
9.384466
9.384475
9.384482
9.384487
9.384490
9.384491
9.384490
9.384488
9.384484
9.384479
9.384473
9.384467
9.384459
9.384451
9.384442
9.384434
9.384425
9.384416
9.384408
9.384401
9.384394
9.384389
9.384384
9.384381
9.384379
9.384377
9.384377
9.384377
9.384377
9.384377
9.384377
9.384377
9.384377
9.384377
9.384377
9.384377
9.384377
9.384377
9.384377
9.384377
9.384377
9.384377
9.384377
9.384377
9.384377
9.384377
9.384377
9.384377
9.384377
9.384377
9.384377
9.384377
9.384377
9.384377
9.384377
9.384377
9.384377
9.384377
9.384377
9.384377
9.384377
9.384377
9.384377
9.384377
9.384377
9.384377
9.384377
9.384377
9.384377
9.384377
9.384377
9.384377
9.384377
9.384377
9.384377
9.384377
9.384377
9.384377
9.384377
9.384377
9.384377
9.384377
9.384377
9.384377
9.384377
9.384377
9.384377
9.384377
9.384377
9.384377
9.384377
9.384377
9.384377
9.384377
9.384377
9.384377
9.384377
9.384377
9.384377
9.384377
9.384377
9.384377
9.384377
9.384377
9.384377
9.384377
9.384377
9.384377
9.384377
9.384377
9.384377
9.384377
9.384377
9.384377
9.384377
9.384377
9.384377
9.384377
9.384377
9.384377
9.384377
9.384377
9.384377
9.384377
9.384377
9.384377
9.384377
9.384377
9.384377
9.384377
9.384377
9.384377
9.384377
9.384377
9.384377
9.384377
9.384377
9.384377
9.384377
9.384377
9.384377
9.384377
9.384377
9.384377
9.384377
9.384377
9.384377
9.384377
9.384377
9.384377
9.384377
9.384377
9.384377
9.384377
9.384377
9.384377
9.384377
9.384377
9.384377
9.384377
9.384377
9.384377
9.384377
9.384377
9.384377
9.384377
9.384377
9.384377
9.384377
9.384377
9.384377
9.384377
9.384377
9.384377
9.384377
9.384377
9.384377
9.384377
9.384377
9.384377
9.384377
9.384377
9.384377
9.384377
9.384377
9.384377
9.384377
9.384377
9.384377
9.384377
9.384377
9.384377
9.384377
9.384377
9.384377
9.384377
9.384377
9.384377
9.384377
9.384377
9.384377
9.384377
9.384377
9.384377
9.384377
9.384377
9.384377
9.384377
9.384377
9.384377
9.384377
9.384377
9.384377
9.384377
9.384377
9.384377
9.384377
9.384377
9.384377
9.384377
9.384377
9.384377
9.384377
9.384377
9.384377
9.384377
9.384377
9.384377
9.384377
9.384377
9.384377
9.384377
9.384377
9.384377
9.384377
9.384377
9.384377
9.384377
9.384377
9.384377
9.384377
9.384377
9.384377
9.384377
9.384377
9.384377
9.384377
9.384377
9.384377
9.384377
9.384377
9.384377
9.384377
9.384377
9.384377
9.384377
9.384377
9.384377
9.384377
9.384377
9.384377
9.384377
9.384377
9.384377
9.384377
9.384377
9.384377
9.384377
9.384377
9.384377
9.384377
9.384377
9.384377
9.384377
9.384377
9.384377
9.384377
9.384377
9.384377
9.384377
9.384377
9.384377
9.384377
9.384377
9.384377
9.384377
9.384377
9.384377
9.384377
9.384377
9.384377
9.384377
9.384377
9.384377
9.384377
9.384377
9.384377
9.384377
9.384377
9.384377
9.384377
9.384377
9.384377
9.384377
9.384377
9.384377
9.384377
9.384377
9.384377
9.384377
9.384377
9.384377
9.384377
9.384377
9.384377
9.384377
9.384377
9.384377
9.384377
9.384377
9.384377
9.384377
9.384377
9.384377
9.384377
9.384377
9.384377
9.384377
9.384377
9.384377
9.384377
9.384377
9.384377
9.384377
9.384377
9.384377
9.384377
9.384377
9.384377
9.384377
9.384377
9.384377
9.384377
9.384377
9.384377
9.384377
9.384377
9.384377
9.384377
9.384377
9.384377
9.384377
9.384377
9.384377
9.384377
9.384377
9.384377
9.384377
9.384377
9.384377
9.384377
9.384377
9.384377
9.384377
9.384377
9.384377
9.384377
9.384377
9.384377
9.384377
9.384377
9.384377
9.384377
9.384377
9.384377
9.384377
9.384377
9.384377
9.384377
9.384377
9.384377
9.384377
9.384377
9.384377
9.384377
9.384377
9.384377
9.384377
9.384377
9.384377
9.384377
9.384377
9.384377
9.384377
9.384377
9.384377
9.384377
9.384377
9.384377
9.384377
9.384377
9.384377
9.384377
9.384377
9.384377
9.384377
9.384377
9.384377
9.384377
9.384377
9.384377
9.384377
9.384377
9.384377
9.384377
9.384377
9.384377
9.384377
9.384377
9.384377
9.384377
9.384377
9.384377
9.384377
9.384377
9.384377
9.384377
9.384377
9.384377
9.384377
9.384377
9.384377
9.384377
9.384377
9.384377
9.384377
9.384377
9.384377
9.384377
9.384377
9.384377
9.384377
9.384377
9.384377
9.384377
9.384377
9.384377
9.384377
9.384377
9.384377
9.384377
9.384377
9.384377
9.384377
9.384377
9.384377
9.384377
9.384377
9.384377
9.384377
9.384377
9.384377
9.384377
9.384377
9.384377
9.384377
9.384377
9.384377
9.384377
9.384377
9.384377
9.384377
9.384377
9.384377
9.384377
9.384377
9.384377
9.384377
9.384377
9.384377
9.384377
9.384377
9.384377
9.384377
9.384377
9.384377
9.384377
9.384377
9.384377
9.384377
9.384377
9.384377
9.384377
9.384377
9.384377
9.384377
9.384377
9.384377
9.384377
9.384377
9.384377
9.384377
9.384377
9.384377
9.384377
9.384377
9.384377
9.384377
9.384377
9.384377
9.384377
9.384377
9.384377
9.384377
9.384377
9.384377
9.384377
9.384377
9.384377
9.384377
9.384377
9.384377
9.384377
9.384377
9.384377
9.384377
9.384377
9.384377
9.384377
9.384377
9.384377
9.384377
9.384377
9.384377
9.384377
9.384377
9.384377
9.384377
9.384377
9.384377
9.384377
9.384377
9.384377
9.384377
9.384377
9.384377
9.384377
9.384377
9.384377
9.384377
9.384377
9.384377
9.384377
9.384377
9.384377
9.384377
9.384377
9.384377
9.384377
9.384377
9.384377
9.384377
9.384377
9.384377
9.384377
9.384377
9.384377
9.384377
9.384377
9.384377
9.384377
9.384377
9.384377
9.384377
9.384377
9.384377
9.384377
9.384377
9.384377
9.384377
9.384377
9.384377
9.384377
9.384377
9.384377
9.384377
9.384377
9.384377
9.384377
9.384377
9.384377
9.384377
9.384377
9.384377
9.384377
9.384377
9.384377
9.384377
9.384377
9.384377
9.384377
9.384377
9.384377
9.384377
9.384377
9.384377
9.384377
9.384377
9.384377
9.384377
9.384377
9.384377
9.384377
9.384377
9.384377
9.384377
9.384377
9.384377
9.384377
9.384377
9.384377
9.384377
9.384377
9.384377
9.384377
9.384377
9.384377
9.384377
9.384377
9.384377
9.384377
9.384377
9.384377
9.384377
9.384377
9.384377
9.384377
9.384377
9.384377
9.384377
9.384377
9.384377
9.384377
9.384377
9.384377
9.384377
9.384377
9.384377
9.384377
9.384377
9.384377
9.384377
9.384377
9.384377
9.384377
9.384377
9.384377
9.384377
9.384377
9.384377
9.384377
9.384377
9.384377
9.384377
9.384377
9.384377
9.384377
9.384377
9.384377
9.384377
9.384377
9.384377
9.384377
9.384377
9.384377
9.384377
9.384377
9.384377
9.384377
9.384377
9.384377
9.384377
9.384377
9.384377
9.384377
9.384377
9.384377
9.384377
9.384377
9.384377
9.384377
9.384377
9.384377
9.384377
9.384377
9.384377
9.384377
9.384377
9.384377
9.384377
9.384377
9.384377
9.384377
9.384377
9.384377
9.384377
9.384377
9.384377
9.384377
9.384377
9.384377
9.384377
9.384377
9.384377
9.384377
9.384377
9.384377
9.384377
9.384377
9.384377
9.384377
9.384377
9.384377
9.384377
9.384377
9.384377
9.384377
9.384377
9.384377
9.384377
9.384377
9.384377
9.384377
9.384377
9.384377
9.384377
9.384377
9.384377
9.384377
9.384377
9.384377
9.384377
9.384377
9.384377
9.384377
9.384377
9.384377
9.384377
9.384377
9.384377
9.384377
9.384377
9.384377
9.384377
9.384377
9.384377
9.384377
9.384377
9.384377
9.384377
9.384377
9.384377
9.384377
9.384377
9.384377
9.384377
9.384377
9.384377
9.384377
9.384377
9.384377
9.384377
9.384377
9.384377
9.384377
9.384377
9.384377
9.384377
9.384377
9.384377
9.384377
9.384377
9.384377
9.384377
9.384377
9.384377
9.384377
9.384377
9.384377
9.384377
9.384377
9.384377
9.384377
9.384377
9.384377
9.384377
9.384377
9.384377
9.384377
9.384377
9.384377
9.384377
9.384377
9.384377
9.384377
9.384377
9.384377
9.384377
9.384377
9.384377
9.384377
9.384377
9.384377
9.384377
9.384377
9.384377
9.384377
9.384377
9.384377
9.384377
9.384377
9.384377
9.384377
9.384377
9.384377
9.384377
9.384377
9.384377
9.384377
9.384377
9.384377
9.384377
9.384377
9.384377
9.384377
9.384377
9.384377
9.384377
9.384377
9.384377
9.384377
9.384377
9.384377
9.384377
9.384377
9.384377
9.384377
9.384377
9.384377
9.384377
9.384377
9.384377
9.384377
9.384377
9.384377
9.384377
9.384377
9.384377
9.384377
9.384377
9.384377
9.384377
9.384377
9.384377
9.384377
9.384377
9.384377
9.384377
9.384377
9.384377
9.384377
9.384377
9.384377
9.384377
9.384377
9.384377
9.384377
9.384377
9.384377
9.384377
9.384377
9.384377
9.384377
9.384377
9.384377
9.384377
9.384377
9.384377
9.384377
9.384377
9.384377
9.384377
9.384377
9.384377
9.384377
9.384377
9.384377
9.384377
9.384377
9.384377
9.384377
9.384377
9.384377
9.384377
9.384377
9.384377
9.384377
9.384377
9.384377
9.384377
9.384377
9.384377
9.384377
9.384377
9.384377
9.384377
9.384377
9.384377
9.384377
9.384377
9.384377
9.384377
9.384377
9.384377
9.384377
9.384377
9.384377
9.384377
9.384377
9.384377
9.384377
9.384377
9.384377
9.384377
9.384377
9.384377
9.384377
9.384377
9.384377
9.384377
9.384377
9.384377
9.384377
9.384377
9.384377
9.384377
9.384377
9.384377
9.384377
9.384377
9.384377
9.384377
9.384377
9.384377
9.384377
9.384377
9.384377
9.384377
9.384377
9.384377
9.384377
9.384377
9.384377
9.384377
9.384377
9.384377
9.384377
9.384377
9.384377
9.384377
9.384377
9.384377
9.384377
9.384377
9.384377
9.384377
9.384377
9.384377
9.384377
9.384377
9.384377
9.384377
9.384377
9.384377
9.384377
9.384377
9.384377
9.384377
9.384377
9.384377
9.384377
9.384377
9.384377
9.384377
9.384377
9.384377
9.384377
9.384377
9.384377
9.384377
9.384377
9.384377
9.384377
9.384377
9.384377
9.384377
9.384377
9.384377
9.384377
9.384377
9.384377
9.384377
9.384377
9.384377
9.384377
9.384377
9.384377
9.384377
9.384377
9.384377
9.384377
9.384377
9.384377
9.384377
9.384377
9.384377
9.384377
9.384377
9.384377
9.384377
9.384377
9.384377
9.384377
9.384377
9.384377
9.384377
9.384377
9.384377
9.384377
9.384377
9.384377
9.384377
9.384377
9.384377
9.384377
9.384377
9.384377
9.384377
9.384377
9.384377
9.384377
9.384377
9.384377
9.384377
9.384377
9.384377
9.384377
9.384377
9.384377
9.384377
9.384377
9.384377
9.384377
9.384377
9.384377
9.384377
9.384377
9.384377
9.384377
9.384377
9.384377
9.384377
9.384377
9.384377
9.384377
9.384377
9.384377
9.384377
9.384377
9.384377
9.384377
9.384377
9.384377
9.384377
9.384377
9.384377
9.384377
9.384377
9.384377
9.384377
9.384377
9.384377
9.384377
9.384377
9.384377
9.384377
9.384377
9.384377
9.384377
9.384377
9.384377
9.384377
9.384377
9.384377
9.384377
9.384377
9.384377
9.384377
9.384377
9.384377
9.384377
9.384377
9.384377
9.384377
9.384377
9.384377
9.384377
9.384377
9.384377
9.384377
9.384377
9.384377
9.384377
9.384377
9.384377
9.384377
9.384377
9.384377
9.384377
9.384377
9.384377
9.384377
9.384377
9.384377
9.384377
9.384377
9.384377
9.384377
9.384377
9.384377
9.384377
9.384377
9.384377
9.384377
9.384377
9.384377
9.384377
9.384377
9.384377
9.384377
9.384377
9.384377
9.384377
9.384377
9.384377
9.384377
9.384377
9.384377
9.384377
9.384377
9.384377
9.384377
9.384377
9.384377
9.384377
9.384377
9.384377
9.384377
9.384377
9.384377
9.384377
9.384377
9.384377
9.384377
9.384377
9.384377
9.384377
9.384377
9.384377
9.384377
9.384377
9.384377
9.384377
9.384377
9.384377
9.384377
9.384377
9.384377
9.384377
9.384377
9.384377
9.384377
9.384377
9.384377
9.384377
9.384377
9.384377
9.384377
9.384377
9.384377
9.384377
9.384377
9.384377
9.384377
9.384377
9.384377
9.384377
9.384377
9.384377
9.384377
9.384377
9.384377
9.384377
9.384377
9.384377
9.384377
9.384377
9.384377
9.384377
9.384377
9.384377
9.384377
9.384377
9.384377
9.384377
9.384377
9.384377
9.384377
9.384377
9.384377
9.384377
9.384377
9.384377
9.384377
9.384377
9.384377
9.384377
9.384377
9.384377
9.384377
9.384377
9.384377
9.384377
9.384377
9.384377
9.384377
9.384377
9.384377
9.384377
9.384377
9.384377
9.384377
9.384377
9.384377
9.384377
9.384377
9.384377
9.384377
9.384377
9.384377
9.384377
9.384377
9.384377
9.384377
9.384377
9.384377
9.384377
9.384377
9.384377
9.384377
9.384377
9.384377
9.384377
9.384377
9.384377
9.384377
9.384377
9.384377
9.384377
9.384377
9.384377
9.384377
9.384377
9.384377
9.384377
9.384377
9.384377
9.384377
9.384377
9.384377
9.384377
9.384377
9.384377
9.384377
9.384377
9.384377
9.384377
9.384377
9.384377
9.384377
9.384377
9.384377
9.384377
9.384377
9.384377
9.384377
9.384377
9.384377
9.384377
9.384377
9.384377
9.384377
9.384377
9.384377
9.384377
9.384377
9.384377
9.384377
9.384377
9.384377
9.384377
9.384377
9.384377
9.384377
9.384377
9.384377
9.384377
9.384377
9.384377
9.384377
9.384377
9.384377
9.384377
9.384377
9.384377
9.384377
9.384377
9.384377
9.384377
9.384377
9.384377
9.384377
9.384377
9.384377
9.384377
9.384377
9.384377
9.384377
9.384377
9.384377
9.384377
9.384377
9.384377
9.384377
9.384377
9.384377
9.384377
9.384377
9.384377
9.384377
9.384377
9.384377
9.384377
9.384377
9.384377
9.384377
9.384377
9.384377
9.384377
9.384377
9.384377
9.384377
9.384377
9.384377
9.384377
9.384377
9.384377
9.384377
9.384377
9.384377
9.384377
9.384377
9.384377
9.384377
9.384377
9.384377
9.384377
9.384377
9.384377
9.384377
9.384377
9.384377
9.384377
9.384377
9.384377
9.384377
9.384377
9.384377
9.384377
9.384377
9.384377
9.384377
9.384377
9.384377
9.384377
9.384377
9.384377
9.384377
9.384377
9.384377
9.384377
9.384377
9.384377
9.384377
9.384377
9.384377
9.384377
9.384377
9.384377
9.384377
9.384377
9.384377
9.384377
9.384377
9.384377
9.384377
9.384377
9.384377
9.384377
9.384377
9.384377
9.384377
9.384377
9.384377
9.384377
9.384377
9.384377
9.384377
9.384377
9.384377
9.384377
9.384377
9.384377
9.384377
9.384377
9.384377
9.384377
9.384377
9.384377
9.384377
9.384377
9.384377
9.384377
9.384377
9.384377
9.384377
9.384377
9.384377
9.384377
9.384377
9.384377
9.384377
9.384377
9.384377
9.384377
9.384377
9.384377
9.384377
9.384377
9.384377
9.384377
9.384377
9.384377
9.384377
9.384377
9.384377
9.384377
9.384377
9.384377
9.384377
9.384377
9.384377
9.384377
9.384377
9.384377
9.384377
9.384377
9.384377
9.384377
9.384377
9.384377
9.384377
9.384377
9.384377
9.384377
9.384377
9.384377
9.384377
9.384377
9.384377
9.384377
9.384377
9.384377
9.384377
9.384377
9.384377
9.384377
9.384377
9.384377
9.384377
9.384377
9.384377
9.384377
9.384377
9.384377
9.384377
9.384377
9.384377
9.384377
9.384377
9.384377
9.384377
9.384377
9.384377
9.384377
9.384377
9.384377
9.384377
9.384377
9.384377
9.384377
9.384377
9.384377
9.384377
9.384377
9.384377
9.384377
9.384377
9.384377
9.384377
9.384377
9.384377
9.384377
9.384377
9.384377
9.384377
9.384377
9.384377
9.384377
9.384377
9.384377
9.384377
9.384377
9.384377
9.384377
9.384377
9.384377
9.384377
9.384377
9.384377
9.384377
9.384377
9.384377
9.384377
9.384377
9.384377
9.384377
9.384377
9.384377
9.384377
9.384377
9.384377
9.384377
9.384377
9.384377
9.384377
9.384377
9.384377
9.384377
9.384377
9.384377
9.384377
9.384377
9.384377
9.384377
9.384377
9.384377
9.384377
9.384377
9.384377
9.384377
9.384377
9.384377
9.384377
9.384377
9.384377
9.384377
9.384377
9.384377
9.384377
9.384377
9.384377
9.384377
9.384377
9.384377
9.384377
9.384377
9.384377
9.384377
9.384377
9.384377
9.384377
9.384377
9.384377
9.384377
9.384377
9.384377
9.384377
9.384377
9.384377
9.384377
9.384377
9.384377
9.384377
9.384377
9.384377
9.384377
9.384377
9.384377
9.384377
9.384377
9.384377
9.384377
9.384377
9.384377
9.384377
9.384377
9.384377
9.384377
9.384377
9.384377
9.384377
9.384377
9.384377
9.384377
9.384377
9.384377
9.384377
9.384377
9.384377
9.384377
9.384377
9.384377
9.384377
9.384377
9.384377
9.384377
9.384377
9.384377
9.384377
9.384377
9.384377
9.384377
9.384377
9.384377
9.384377
9.384377
9.384377
9.384377
9.384377
9.384377
9.384377
9.384377
9.384377
9.384377
9.384377
9.384377
9.384377
9.384377
9.384377
9.384377
9.384377
9.384377
9.384377
9.384377
9.384377
9.384377
9.384377
9.384377
9.384377
9.384377
9.384377
9.384377
9.384377
9.384377
9.384377
9.384377
9.384377
9.384377
9.384377
9.384377
9.384377
9.384377
9.384377
9.384377
9.384377
9.384377
9.384377
9.384377
9.384377
9.384377
9.384377
9.384377
9.384377
9.384377
9.384377
9.384377
9.384377
9.384377
9.384377
9.384377
9.384377
9.384377
9.384377
9.384377
9.384377
9.384377
9.384377
9.384377
9.384377
9.384377
9.384377
9.384377
9.384377
9.384377
9.384377
9.384377
9.384377
9.384377
9.384377
9.384377
9.384377
9.384377
9.384377
9.384377
9.384377
9.384377
9.384377
9.384377
9.384377
9.384377
9.384377
9.384377
9.384377
9.384377
9.384377
9.384377
9.384377
9.384377
9.384377
9.384377
9.384377
9.384377
9.384377
9.384377
9.384377
9.384377
9.384377
9.384377
9.384377
9.384377
9.384377
9.384377
9.384377
9.384377
9.384377
9.384377
9.384377
9.384377
9.384377
9.384377
9.384377
9.384377
9.384377
9.384377
9.384377
9.384377
9.384377
9.384377
9.384377
9.384377
9.384377
9.384377
9.384377
9.384377
9.384377
9.384377
9.384377
9.384377
9.384377
9.384377
9.384377
9.384377
9.384377
9.384377
9.384377
9.384377
9.384377
9.384377
9.384377
9.384377
9.384377
9.384377
9.384377
9.384377
9.384377
9.384377
9.384377
9.384377
9.384377
9.384377
9.384377
9.384377
9.384377
9.384377
9.384377
9.384377
9.384377
9.384377
9.384377
9.384377
9.384377
9.384377
9.384377
9.384377
9.384377
9.384377
9.384377
9.384377
9.384377
9.384377
9.384377
9.384377
9.384377
9.384377
9.384377
9.384377
9.384377
9.384377
9.384377
9.384377
9.384377
9.384377
9.384377
9.384377
9.384377
9.384377
9.384377
9.384377
9.384377
9.384377
9.384377
9.384377
9.384377
9.384377
9.384377
9.384377
9.384377
9.384377
9.384377
9.384377
9.384377
9.384377
9.384377
9.384377
9.384377
9.384377
9.384377
9.384377
9.384377
9.384377
9.384377
9.384377
9.384377
9.384377
9.384377
9.384377
9.384377
9.384377
9.384377
9.384377
9.384377
9.384377
9.384377
9.384377
9.384377
9.384377
9.384377
9.384377
9.384377
9.384377
9.384377
9.384377
9.384377
9.384377
9.384377
9.384377
9.384377
9.384377
9.384377
9.384377
9.384377
9.384377
9.384377
9.384377
9.384377
9.384377
9.384377
9.384377
9.384377
9.384377
9.384377
9.384377
9.384377
9.384377
9.384377
9.384377
9.384377
9.384377
9.384377
9.384377
9.384377
9.384377
9.384377
9.384377
9.384377
9.384377
9.384377
9.384377
9.384377
9.384377
9.384377
9.384377
9.384377
9.384377
9.384377
9.384377
9.384377
9.384377
9.384377
9.384377
9.384377
9.384377
9.384377
9.384377
9.384377
9.384377
9.384377
9.384377
9.384377
9.384377
9.384377
9.384377
9.384377
9.384377
9.384377
9.384377
9.384377
9.384377
9.384377
9.384377
9.384377
9.384377
9.384377
9.384377
9.384377
9.384377
9.384377
9.384377
9.384377
9.384377
9.384377
9.384377
9.384377
9.384377
9.384377
9.384377
9.384377
9.384377
9.384377
9.384377
9.384377
9.384377
9.384377
9.384377
9.384377
9.384377
9.384377
9.384377
9.384377
9.384377
9.384377
9.384377
9.384377
9.384377
9.384377
9.384377
9.384377
9.384377
9.384377
9.384377
9.384377
9.384377
9.384377
9.384377
9.384377
9.384377
9.384377
9.384377
9.384377
9.384377
9.384377
9.384377
9.384377
9.384377
9.384377
9.384377
9.384377
9.384377
9.384377
9.384377
9.384377
9.384377
9.384377
9.384377
9.384377
9.384377
9.384377
9.384377
9.384377
9.384377
9.384377
9.384377
9.384377
9.384377
9.384377
9.384377
9.384377
9.384377
9.384377
9.384377
9.384377
9.384377
9.384377
9.384377
9.384377
9.384377
9.384377
9.384377
9.384377
9.384377
9.384377
9.384377
9.384377
9.384377
9.384377
9.384377
9.384377
9.384377
9.384377
9.384377
9.384377
9.384377
9.384377
9.384377
9.384377
9.384377
9.384377
9.384377
9.384377
9.384377
9.384377
9.384377
9.384377
9.384377
9.384377
9.384377
9.384377
9.384377
9.384377
9.384377
9.384377
9.384377
9.384377
9.384377
9.384377
9.384377
9.384377
9.384377
9.384377
9.384377
9.384377
9.384377
9.384377
9.384377
9.384377
9.384377
9.384377
9.384377
9.384377
9.384377
9.384377
9.384377
9.384377
9.384377
9.384377
9.384377
9.384377
9.384377
9.384377
9.384377
9.384377
9.384377
9.384377
9.384377
9.384377
9.384377
9.384377
9.384377
9.384377
9.384377
9.384377
9.384377
9.384377
9.384377
9.384377
9.384377
9.384377
9.384377
9.384377
9.384377
9.384377
9.384377
9.384377
9.384377
9.384377
9.384377
9.384377
9.384377
9.384377
9.384377
9.384377
9.384377
9.384377
9.384377
9.384377
9.384377
9.384377
9.384377
9.384377
9.384377
9.384377
9.384377
9.384377
9.384377
9.384377
9.384377
9.384377
9.384377
9.384377
9.384377
9.384377
9.384377
9.384377
9.384377
9.384377
9.384377
9.384377
9.384377
9.384377
9.384377
9.384377
9.384377
9.384377
9.384377
9.384377
9.384377
9.384377
9.384377
9.384377
9.384377
9.384377
9.384377
9.384377
9.384377
9.384377
9.384377
9.384377
9.384377
9.384377
9.384377
9.384377
9.384377
9.384377
9.384377
9.384377
9.384377
9.384377
9.384377
9.384377
9.384377
9.384377
9.384377
9.384377
9.384377
9.384377
9.384377
9.384377
9.384377
9.384377
9.384377
9.384377
9.384377
9.384377
9.384377
9.384377
9.384377
9.384377
9.384377
9.384377
9.384377
9.384377
9.384377
9.384377
9.384377
9.384377
9.384377
9.384377
9.384377
9.384377
9.384377
9.384377
9.384377
9.384377
9.384377
9.384377
9.384377
9.384377
9.384377
9.384377
9.384377
9.384377
9.384377
9.384377
9.384377
9.384377
9.384377
9.384377
9.384377
9.384377
9.384377
9.384377
9.384377
9.384377
9.384377
9.384377
9.384377
9.384377
9.384377
9.384377
9.384377
9.384377
9.384377
9.384377
9.384377
9.384377
9.384377
9.384377
9.384377
9.384377
9.384377
9.384377
9.384377
9.384377
9.384377
9.384377
9.384377
9.384377
9.384377
9.384377
9.384377
9.384377
9.384377
9.384377
9.384377
9.384377
9.384377
9.384377
9.384377
9.384377
9.384377
9.384377
9.384377
9.384377
9.384377
9.384377
9.384377
9.384377
9.384377
9.384377
9.384377
9.384377
9.384377
9.384377
9.384377
9.384377
9.384377
9.384377
9.384377
9.384377
9.384377
9.384377
9.384377
9.384377
9.384377
9.384377
9.384377
9.384377
9.384377
9.384377
9.384377
9.384377
9.384377
9.384377
9.384377
9.384377
9.384377
9.384377
9.384377
9.384377
9.384377
9.384377
9.384377
9.384377
9.384377
9.384377
9.384377
9.384377
9.384377
9.384377
9.384377
9.384377
9.384377
9.384377
9.384377
9.384377
9.384377
9.384377
9.384377
9.384377
9.384377
9.384377
9.384377
9.384377
9.384377
9.384377
9.384377
9.384377
9.384377
9.384377
9.384377
9.384377
9.384377
9.384377
9.384377
9.384377
9.384377
9.384377
9.384377
9.384377
9.384377
9.384377
9.384377
9.384377
9.384377
9.384377
9.384377
9.384377
9.384377
9.384377
9.384377
9.384377
9.384377
9.384377
9.384377
9.384377
9.384377
9.384377
9.384377
9.384377
9.384377
9.384377
9.384377
9.384377
9.384377
9.384377
9.384377
9.384377
9.384377
9.384377
9.384377
9.384377
9.384377
9.384377
9.384377
9.384377
9.384377
9.384377
9.384377
9.384377
9.384377
9.384377
9.384377
9.384377
9.384377
9.384377
9.384377
9.384377
9.384377
9.384377
9.384377
9.384377
9.384377
9.384377
9.384377
9.384377
9.384377
9.384377
9.384377
9.384377
9.384377
9.384377
9.384377
9.384377
9.384377
9.384377
9.384377
9.384377
9.384377
9.384377
9.384377
9.384377
9.384377
9.384377
9.384377
9.384377
9.384377
9.384377
9.384377
9.384377
9.384377
9.384377
9.384377
9.384377
9.384377
9.384377
9.384377
9.384377
9.384377
9.384377
9.384377
9.384377
9.384377
9.384377
9.384377
9.384377
9.384377
9.384377
9.384377
9.384377
9.384377
9.384377
9.384377
9.384377
9.384377
9.384377
9.384377
9.384377
9.384377
9.384377
9.384377
9.384377
9.384377
9.384377
9.384377
9.384377
9.384377
9.384377
9.384377
9.384377
9.384377
9.384377
9.384377
9.384377
9.384377
9.384377
9.384377
9.384377
9.384377
9.384377
9.384377
9.384377
9.384377
9.384377
9.384377
9.384377
9.384377
9.384377
9.384377
9.384377
9.384377
9.384377
9.384377
9.384377
9.384377
9.384377
9.384377
9.384377
9.384377
9.384377
9.384377
9.384377
9.384377
9.384377
9.384377
9.384377
9.384377
9.384377
9.384377
9.384377
9.384377
9.384377
9.384377
9.384377
9.384377
9.384377
9.384377
9.384377
9.384377
9.384377
9.384377
9.384377
9.384377
9.384377
9.384377
9.384377
9.384377
9.384377
9.384377
9.384377
9.384377
9.384377
9.384377
9.384377
9.384377
9.384377
9.384377
9.384377
9.384377
9.384377
9.384377
9.384377
9.384377
9.384377
9.384377
9.384377
9.384377
9.384377
9.384377
9.384377
9.384377
9.384377
9.384377
9.384377
9.384377
9.384377
9.384377
9.384377
9.384377
9.384377
9.384377
9.384377
9.384377
9.384377
9.384377
9.384377
9.384377
9.384377
9.384377
9.384377
9.384377
9.384377
9.384377
9.384377
9.384377
9.384377
9.384377
9.384377
9.384377
9.384377
9.384377
9.384377
9.384377
9.384377
9.384377
9.384377
9.384377
9.384377
9.384377
9.384377
9.384377
9.384377
9.384377
9.384377
9.384377
9.384377
9.384377
9.384377
9.384377
9.384377
9.384377
9.384377
9.384377
9.384377
9.384377
9.384377
9.384377
9.384377
9.384377
9.384377
9.384377
9.384377
9.384377
9.384377
9.384377
9.384377
9.384377
9.384377
9.384377
9.384377
9.384377
9.384377
9.384377
9.384377
9.384377
9.384377
9.384377
9.384377
9.384377
9.384377
9.384377
9.384377
9.384377
9.384377
9.384377
9.384377
9.384377
9.384377
9.384377
9.384377
9.384377
9.384377
9.384377
9.384377
9.384377
9.384377
9.384377
9.384377
9.384377
9.384377
9.384377
9.384377
9.384377
9.384377
9.384377
9.384377
9.384377
9.384377
9.384377
9.384377
9.384377
9.384377
9.384377
9.384377
9.384377
9.384377
9.384377
9.384377
9.384377
9.384377
9.384377
9.384377
9.384377
9.384377
9.384377
9.384377
9.384377
9.384377
9.384377
9.384377
9.384377
9.384377
9.384377
9.384377
9.384377
9.384377
9.384377
9.384377
9.384377
9.384377
9.384377
9.384377
9.384377
9.384377
9.384377
9.384377
9.384377
9.384377
9.384377
9.384377
9.384377
9.384377
9.384377
9.384377
9.384377
9.384377
9.384377
9.384377
9.384377
9.384377
9.384377
9.384377
9.384377
9.384377
9.384377
9.384377
9.384377
9.384377
9.384377
9.384377
9.384377
9.384377
9.384377
9.384377
9.384377
9.384377
9.384377
9.384377
9.384377
9.384377
9.384377
9.384377
9.384377
9.384377
9.384377
9.384377
9.384377
9.384377
9.384377
9.384377
9.384377
9.384377
9.384377
9.384377
9.384377
9.384377
9.384377
9.384377
9.384377
9.384377
9.384377
9.384377
9.384377
9.384377
9.384377
9.384377
9.384377
9.384377
9.384377
9.384377
9.384377
9.384377
9.384377
9.384377
9.384377
9.384377
9.384377
9.384377
9.384377
9.384377
9.384377
9.384377
9.384377
9.384377
9.384377
9.384377
9.384377
9.384377
9.384377
9.384377
9.384377
9.384377
9.384377
9.384377
9.384377
9.384377
9.384377
9.384377
9.384377
9.384377
9.384377
9.384377
9.384377
9.384377
9.384377
9.384377
9.384377
9.384377
9.384377
9.384377
9.384377
9.384377
9.384377
9.384377
9.384377
9.384377
9.384377
9.384377
9.384377
9.384377
9.384377
9.384377
9.384377
9.384377
9.384377
9.384377
9.384377
9.384377
9.384377
9.384377
9.384377
9.384377
9.384377
9.384377
9.384377
9.384377
9.384377
9.384377
9.384377
9.384377
9.384377
9.384377
9.384377
9.384377
9.384377
9.384377
9.384377
9.384377
9.384377
9.384377
9.384377
9.384377
9.384377
9.384377
9.384377
9.384377
9.384377
9.384377
9.384377
9.384377
9.384377
9.384377
9.384377
9.384377
9.384377
9.384377
9.384377
9.384377
9.384377
9.384377
9.384377
9.384377
9.384377
9.384377
9.384377
9.384377
9.384377
9.384377
9.384377
9.384377
9.384377
9.384377
9.384377
9.384377
9.384377
9.384377
9.384377
9.384377
9.384377
9.384377
9.384377
9.384377
9.384377
9.384377
9.384377
9.384377
9.384377
9.384377
9.384377
9.384377
9.384377
9.384377
9.384377
9.384377
9.384377
9.384377
9.384377
9.384377
9.384377
9.384377
9.384377
9.384377
9.384377
9.384377
9.384377
9.384377
9.384377
9.384377
9.384377
9.384377
9.384377
9.384377
9.384377
9.384377
9.384377
9.384377
9.384377
9.384377
9.384377
9.384377
9.384377
9.384377
9.384377
9.384377
9.384377
9.384377
9.384377
9.384377
9.384377
9.384377
9.384377
9.384377
9.384377
9.384377
9.384377
9.384377
9.384377
9.384377
9.384377
9.384377
9.384377
9.384377
9.384377
9.384377
9.384377
9.384377
9.384377
9.384377
9.384377
9.384377
9.384377
9.384377
9.384377
9.384377
9.384377
9.384377
9.384377
9.384377
9.384377
9.384377
9.384377
9.384377
9.384377
9.384377
9.384377
9.384377
9.384377
9.384377
9.384377
9.384377
9.384377
9.384377
9.384377
9.384377
9.384377
9.384377
9.384377
9.384377
9.384377
9.384377
9.384377
9.384377
9.384377
9.384377
9.384377
9.384377
9.384377
9.384377
9.384377
9.384377
9.384377
9.384377
9.384377
9.384377
9.384377
9.384377
9.384377
9.384377
9.384377
9.384377
9.384377
9.384377
9.384377
9.384377
9.384377
9.384377
9.384377
9.384377
9.384377
9.384377
9.384377
9.384377
9.384377
9.384377
9.384377
9.384377
9.384377
9.384377
9.384377
9.384377
9.384377
9.384377
9.384377
9.384377
9.384377
9.384377
9.384377
9.384377
9.384377
9.384377
9.384377
9.384377
9.384377
9.384377
9.384377
9.384377
9.384377
9.384377
9.384377
9.384377
9.384377
9.384377
9.384377
9.384377
9.384377
9.384377
9.384377
9.384377
9.384377
9.384377
9.384377
9.384377
9.384377
9.384377
9.384377
9.384377
9.384377
9.384377
9.384377
9.384377
9.384377
9.384377
9.384377
9.384377
9.384377
9.384377
9.384377
9.384377
9.384377
9.384377
9.384377
9.384377
9.384377
9.384377
9.384377
9.384377
9.384377
9.384377
9.384377
9.384377
9.384377
9.384377
9.384377
9.384377
9.384377
9.384377
9.384377
9.384377
9.384377
9.384377
9.384377
9.384377
9.384377
9.384377
9.384377
9.384377
9.384377
9.384377
9.384377
9.384377
9.384377
9.384377
9.384377
9.384377
9.384377
9.384377
9.384377
9.384377
9.384377
9.384377
9.384377
9.384377
9.384377
9.384377
9.384377
9.384377
9.384377
9.384377
9.384377
9.384377
9.384377
9.384377
9.384377
9.384377
9.384377
9.384377
9.384377
9.384377
9.384377
9.384377
9.384377
9.384377
9.384377
9.384377
9.384377
9.384377
9.384377
9.384377
9.384377
9.384377
9.384377
9.384377
9.384377
9.384377
9.384377
9.384377
9.384377
9.384377
9.384377
9.384377
9.384377
9.384377
9.384377
9.384377
9.384377
9.384377
9.384377
9.384377
9.384377
9.384377
9.384377
9.384377
9.384377
9.384377
9.384377
9.384377
9.384377
9.384377
9.384377
9.384377
9.384377
9.384377
9.384377
9.384377
9.384377
9.384377
9.384377
9.384377
9.384377
9.384377
9.384377
9.384377
9.384377
9.384377
9.384377
9.384377
9.384377
9.384377
9.384377
9.384377
9.384377
9.384377
9.384377
9.384377
9.384377
9.384377
9.384377
9.384377
9.384377
9.384377
9.384377
9.384377
9.384377
9.384377
9.384377
9.384377
9.384377
9.384377
9.384377
9.384377
9.384377
9.384377
9.384377
9.384377
9.384377
9.384377
9.384377
9.384377
9.384377
9.384377
9.384377
9.384377
9.384377
9.384377
9.384377
9.384377
9.384377
9.384377
9.384377
9.384377
9.384377
9.384377
9.384377
9.384377
9.384377
9.384377
9.384377
9.384377
9.384377
9.384377
9.384377
9.384377
9.384377
9.384377
9.384377
9.384377
9.384377
9.384377
9.384377
9.384377
9.384377
9.384377
9.384377
9.384377
9.384377
9.384377
9.384377
9.384377
9.384377
9.384377
9.384377
9.384377
9.384377
9.384377
9.384377
9.384377
9.384377
9.384377
9.384377
9.384377
9.384377
9.384377
9.384377
9.384377
9.384377
9.384377
9.384377
9.384377
9.384377
9.384377
9.384377
9.384377
9.384377
9.384377
9.384377
9.384377
9.384377
9.384377
9.384377
9.384377
9.384377
9.384377
9.384377
9.384377
9.384377
9.384377
9.384377
9.384377
9.384377
9.384377
9.384377
9.384377
9.384377
9.384377
9.384377
9.384377
9.384377
9.384377
9.384377
9.384377
9.384377
9.384377
9.384377
9.384377
9.384377
9.384377
9.384377
9.384377
9.384377
9.384377
9.384377
9.384377
9.384377
9.384377
9.384377
9.384377
9.384377
9.384377
9.384377
9.384377
9.384377
9.384377
9.384377
9.384377
9.384377
9.384377
9.384377
9.384377
9.384377
9.384377
9.384377
9.384377
9.384377
9.384377
9.384377
9.384377
9.384377
9.384377
9.384377
9.384377
9.384377
9.384377
9.384377
9.384377
9.384377
9.384377
9.384377
9.384377
9.384377
9.384377
9.384377
9.384377
9.384377
9.384377
9.384377
9.384377
9.384377
9.384377
9.384377
9.384377
9.384377
9.384377
9.384377
9.384377
9.384377
9.384377
9.384377
9.384377
9.384377
9.384377
9.384377
9.384377
9.384377
9.384377
9.384377
9.384377
9.384377
9.384377
9.384377
9.384377
9.384377
9.384377
9.384377
9.384377
9.384377
9.384377
9.384377
9.384377
9.384377
9.384377
9.384377
9.384377
9.384377
9.384377
9.384377
9.384377
9.384377
9.384377
9.384377
9.384377
9.384377
9.384377
9.384377
9.384377
9.384377
9.384377
9.384377
9.384377
9.384377
9.384377
9.384377
9.384377
9.384377
9.384377
9.384377
9.384377
9.384377
9.384377
9.384377
9.384377
9.384377
9.384377
9.384377
9.384377
9.384377
9.384377
9.384377
9.384377
9.384377
9.384377
9.384377
9.384377
9.384377
9.384377
9.384377
9.384377
9.384377
9.384377
9.384377
9.384377
9.384377
9.384377
9.384377
9.384377
9.384377
9.384377
9.384377
9.384377
9.384377
9.384377
9.384377
9.384377
9.384377
9.384377
9.384377
9.384377
9.384377
9.384377
9.384377
9.384377
9.384377
9.384377
9.384377
9.384377
9.384377
9.384377
9.384377
9.384377
9.384377
9.384377
9.384377
9.384377
9.384377
9.384377
9.384377
9.384377
9.384377
9.384377
9.384377
9.384377
9.384377
9.384377
9.384377
9.384377
9.384377
9.384377
9.384377
9.384377
9.384377
9.384377
9.384377
9.384377
9.384377
9.384377
9.384377
9.384377
9.384377
9.384377
9.384377
9.384377
9.384377
9.384377
9.384377
9.384377
9.384377
9.384377
9.384377
9.384377
9.384377
9.384377
9.384377
9.384377
9.384377
9.384377
9.384377
9.384377
9.384377
9.384377
9.384377
9.384377
9.384377
9.384377
9.384377
9.384377
9.384377
9.384377
9.384377
9.384377
9.384377
9.384377
9.384377
9.384377
9.384377
9.384377
9.384377
9.384377
9.384377
9.384377
9.384377
9.384377
9.384377
9.384377
9.384377
9.384377
9.384377
9.384377
9.384377
9.384377
9.384377
9.384377
9.384377
9.384377
9.384377
9.384377
9.384377
9.384377
9.384377
9.384377
9.384377
9.384377
9.384377
9.384377
9.384377
9.384377
9.384377
9.384377
9.384377
9.384377
9.384377
9.384377
9.384377
9.384377
9.384377
9.384377
9.384377
9.384377
9.384377
9.384377
9.384377
9.384377
9.384377
9.384377
9.384377
9.384377
9.384377
9.384377
9.384377
9.384377
9.384377
9.384377
9.384377
9.384377
9.384377
9.384377
9.384377
9.384377
9.384377
9.384377
9.384377
9.384377
9.384377
9.384377
9.384377
9.384377
9.384377
9.384377
9.384377
9.384377
9.384377
9.384377
9.384377
9.384377
9.384377
9.384377
9.384377
9.384377
9.384377
9.384377
9.384377
9.384377
9.384377
9.384377
9.384377
9.384377
9.384377
9.384377
9.384377
9.384377
9.384377
9.384377
9.384377
9.384377
9.384377
9.384377
9.384377
9.384377
9.384377
9.384377
9.384377
9.384377
9.384377
9.384377
9.384377
9.384377
9.384377
9.384377
9.384377
9.384377
9.384377
9.384377
9.384377
9.384377
9.384377
9.384377
9.384377
9.384377
9.384377
9.384377
9.384377
9.384377
9.384377
9.384377
9.384377
9.384377
9.384377
9.384377
9.384377
9.384377
9.384377
9.384377
9.384377
9.384377
9.384377
9.384377
9.384377
9.384377
9.384377
9.384377
9.384377
9.384377
9.384377
9.384377
9.384377
9.384377
9.384377
9.384377
9.384377
9.384377
9.384377
9.384377
9.384377
9.384377
9.384377
9.384377
9.384377
9.384377
9.384377
9.384377
9.384377
9.384377
9.384377
9.384377
9.384377
9.384377
9.384377
9.384377
9.384377
9.384377
9.384377
9.384377
9.384377
9.384377
9.384377
9.384377
9.384377
9.384377
9.384377
9.384377
9.384377
9.384377
9.384377
9.384377
9.384377
9.384377
9.384377
9.384377
9.384377
9.384377
9.384377
9.384377
9.384377
9.384377
9.384377
9.384377
9.384377
9.384377
9.384377
9.384377
9.384377
9.384377
9.384377
9.384377
9.384377
9.384377
9.384377
9.384377
9.384377
9.384377
9.384377
9.384377
9.384377
9.384377
9.384377
9.384377
9.384377
9.384377
9.384377
9.384377
9.384377
9.384377
9.384377
9.384377
9.384377
9.384377
9.384377
9.384377
9.384377
9.384377
9.384377
9.384377
9.384377
9.384377
9.384377
9.384377
9.384377
9.384377
9.384377
9.384377
9.384377
9.384377
9.384377
9.384377
9.384377
9.384377
9.384377
9.384377
9.384377
9.384377
9.384377
9.384377
9.384377
9.384377
9.384377
9.384377
9.384377
9.384377
9.384377
9.384377
9.384377
9.384377
9.384377
9.384377
9.384377
9.384377
9.384377
9.384377
9.384377
9.384377
9.384377
9.384377
9.384377
9.384377
9.384377
9.384377
9.384377
9.384377
9.384377
9.384377
9.384377
9.384377
9.384377
9.384377
9.384377
9.384377
9.384377
9.384377
9.384377
9.384377
9.384377
9.384377
9.384377
9.384377
9.384377
9.384377
9.384377
9.384377
9.384377
9.384377
9.384377
9.384377
9.384377
9.384377
9.384377
9.384377
9.384377
9.384377
9.384377
9.384377
9.384377
9.384377
9.384377
9.384377
9.384377
9.384377
9.384377
9.384377
9.384377
9.384377
9.384377
9.384377
9.384377
9.384377
9.384377
9.384377
9.384377
9.384377
9.384377
9.384377
9.384377
9.384377
9.384377
9.384377
9.384377
9.384377
9.384377
9.384377
9.384377
9.384377
9.384377
9.384377
9.384377
9.384377
9.384377
9.384377
9.384377
9.384377
9.384377
9.384377
9.384377
9.384377
9.384377
9.384377
9.384377
9.384377
9.384377
9.384377
9.384377
9.384377
9.384377
9.384377
9.384377
9.384377
9.384377
9.384377
9.384377
9.384377
9.384377
9.384377
9.384377
9.384377
9.384377
9.384377
9.384377
9.384377
9.384377
9.384377
9.384377
9.384377
9.384377
9.384377
9.384377
9.384377
9.384377
9.384377
9.384377
9.384377
9.384377
9.384377
9.384377
9.384377
9.384377
9.384377
9.384377
9.384377
9.384377
9.384377
9.384377
9.384377
9.384377
9.384377
9.384377
9.384377
9.384377
9.384377
9.384377
9.384377
9.384377
9.384377
9.384377
9.384377
9.384377
9.384377
9.384377
9.384377
9.384377
9.384377
9.384377
9.384377
9.384377
9.384377
9.384377
9.384377
9.384377
9.384377
9.384377
9.384377
9.384377
9.384377
9.384377
9.384377
9.384377
9.384377
9.384377
9.384377
9.384377
9.384377
9.384377
9.384377
9.384377
9.384377
9.384377
9.384377
9.384377
9.384377
9.384377
9.384377
9.384377
9.384377
9.384377
9.384377
9.384377
9.384377
9.384377
9.384377
9.384377
9.384377
9.384377
9.384377
9.384377
9.384377
9.384377
9.384377
9.384377
9.384377
9.384377
9.384377
9.384377
9.384377
9.384377
9.384377
9.384377
9.384377
9.384377
9.384377
9.384377
9.384377
9.384377
9.384377
9.384377
9.384377
9.384377
9.384377
9.384377
9.384377
9.384377
9.384377
9.384377
9.384377
9.384377
9.384377
9.384377
9.384377
9.384377
9.384377
9.384377
9.384377
9.384377
9.384377
9.384377
9.384377
9.384377
9.384377
9.384377
9.384377
9.384377
9.384377
9.384377
9.384377
9.384377
9.384377
9.384377
9.384377
9.384377
9.384377
9.384377
9.384377
9.384377
9.384377
9.384377
9.384377
9.384377
9.384377
9.384377
9.384377
9.384377
9.384377
9.384377
9.384377
9.384377
9.384377
9.384377
9.384377
9.384377
9.384377
9.384377
9.384377
9.384377
9.384377
9.384377
9.384378
9.384378
9.384379
9.384381
9.384382
9.384384
9.384385
9.384387
9.384389
9.384390
9.384392
9.384394
9.384395
9.384396
9.384397
9.384397
9.384398
9.384397
9.384397
9.384396
9.384395
9.384393
9.384391
9.384388
9.384385
9.384381
9.384376
9.384371
9.384365
9.384358
9.384351
9.384343
9.384335
9.384326
9.384316
9.384305
9.384294
9.384281
9.384268
9.384254
9.384239
9.384223
9.384207
9.384190
9.384172
9.384153
9.384134
9.384114
9.384093
9.384072
9.384049
9.384027
9.384003
9.383979
9.383954
9.383928
9.383902
9.383875
9.383848
9.383821
9.383793
9.383765
9.383736
9.383707
9.383678
9.383648
9.383618
9.383587
9.383557
9.383527
9.383496
9.383466
9.383436
9.383406
9.383376
9.383346
9.383316
9.383287
9.383258
9.383229
9.383200
9.383172
9.383143
9.383115
9.383086
9.383058
9.383029
9.383001
9.382973
9.382945
9.382917
9.382889
9.382860
9.382832
9.382803
9.382775
9.382746
9.382718
9.382690
9.382662
9.382634
9.382605
9.382577
9.382549
9.382521
9.382493
9.382464
9.382436
9.382407
9.382379
9.382350
9.382322
9.382293
9.382265
9.382237
9.382209
9.382181
9.382153
9.382124
9.382096
9.382068
9.382040
9.382011
9.381983
9.381954
9.381926
9.381898
9.381869
9.381841
9.381813
9.381785
9.381757
9.381728
9.381700
9.381672
9.381643
9.381615
9.381586
9.381558
9.381529
9.381501
9.381473
9.381445
9.381417
9.381389
9.381360
9.381332
9.381304
9.381276
9.381247
9.381219
9.381190
9.381162
9.381134
9.381106
9.381078
9.381049
9.381021
9.380993
9.380965
9.380937
9.380909
9.380880
9.380852
9.380823
9.380794
9.380766
9.380738
9.380709
9.380681
9.380653
9.380625
9.380597
9.380569
9.380540
9.380512
9.380483
9.380455
9.380426
9.380398
9.380370
9.380341
9.380313
9.380285
9.380257
9.380229
9.380201
9.380172
9.380144
9.380116
9.380088
9.380059
9.380031
9.380002
9.379974
9.379946
9.379918
9.379889
9.379861
9.379833
9.379805
9.379777
9.379748
9.379720
9.379692
9.379663
9.379635
9.379606
9.379578
9.379549
9.379521
9.379493
9.379465
9.379437
9.379409
9.379380
9.379352
9.379323
9.379295
9.379266
9.379238
9.379209
9.379181
9.379153
9.379125
9.379097
9.379068
9.379040
9.379012
9.378984
9.378956
9.378928
9.378899
9.378871
9.378842
9.378814
9.378786
9.378758
9.378730
9.378702
9.378674
9.378645
9.378617
9.378589
9.378560
9.378532
9.378503
9.378475
9.378446
9.378418
9.378390
9.378362
9.378335
9.378308
9.378281
9.378254
9.378228
9.378203
9.378177
9.378152
9.378126
9.378101
9.378076
9.378050
9.378025
9.377999
9.377973
9.377947
9.377920
9.377893
9.377865
9.377837
9.377807
9.377778
9.377747
9.377716
9.377684
9.377651
9.377617
9.377582
9.377547
9.377510
9.377472
9.377433
9.377393
9.377352
9.377310
9.377267
9.377223
9.377178
9.377131
9.377084
9.377035
9.376985
9.376934
9.376882
9.376829
9.376774
9.376719
9.376663
9.376605
9.376547
9.376487
9.376426
9.376365
9.376302
9.376239
9.376174
9.376109
9.376043
9.375976
9.375908
9.375840
9.375771
9.375702
9.375632
9.375561
9.375490
9.375419
9.375347
9.375276
9.375204
9.375131
9.375059
9.374987
9.374915
9.374842
9.374771
9.374699
9.374628
9.374558
9.374487
9.374417
9.374348
9.374278
9.374209
9.374139
9.374070
9.374001
9.373932
9.373863
9.373793
9.373724
9.373655
9.373586
9.373517
9.373448
9.373379
9.373310
9.373240
9.373171
9.373102
9.373033
9.372964
9.372895
9.372826
9.372758
9.372689
9.372621
9.372554
9.372486
9.372419
9.372352
9.372285
9.372217
9.372150
9.372083
9.372015
9.371948
9.371880
9.371812
9.371744
9.371675
9.371606
9.371537
9.371468
9.371398
9.371327
9.371256
9.371185
9.371113
9.371040
9.370967
9.370893
9.370819
9.370744
9.370668
9.370592
9.370515
9.370437
9.370359
9.370280
9.370200
9.370119
9.370038
9.369956
9.369873
9.369790
9.369706
9.369621
9.369535
9.369449
9.369362
9.369274
9.369186
9.369097
9.369007
9.368916
9.368825
9.368734
9.368642
9.368549
9.368456
9.368362
9.368268
9.368173
9.368078
9.367982
9.367886
9.367790
9.367693
9.367597
9.367500
9.367402
9.367305
9.367208
9.367110
9.367013
9.366915
9.366818
9.366721
9.366624
9.366528
9.366433
9.366338
9.366244
9.366150
9.366056
9.365962
9.365869
9.365776
9.365683
9.365590
9.365496
9.365403
9.365309
9.365214
9.365119
9.365024
9.364928
9.364832
9.364735
9.364638
9.364541
9.364443
9.364345
9.364246
9.364146
9.364045
9.363944
9.363841
9.363738
9.363634
9.363529
9.363423
9.363317
9.363209
9.363101
9.362992
9.362882
9.362772
9.362661
9.362549
9.362436
9.362323
9.362209
9.362094
9.361978
9.361861
9.361743
9.361624
9.361504
9.361383
9.361262
9.361140
9.361019
9.360896
9.360774
9.360651
9.360528
9.360405
9.360282
9.360159
9.360035
9.359912
9.359788
9.359664
9.359539
9.359415
9.359289
9.359164
9.359038
9.358912
9.358785
9.358658
9.358531
9.358403
9.358274
9.358145
9.358016
9.357886
9.357756
9.357624
9.357492
9.357359
9.357225
9.357090
9.356954
9.356817
9.356678
9.356539
9.356398
9.356256
9.356112
9.355967
9.355821
9.355674
9.355527
9.355378
9.355228
9.355077
9.354925
9.354771
9.354617
9.354462
9.354306
9.354148
9.353990
9.353831
9.353670
9.353508
9.353345
9.353181
9.353016
9.352850
9.352683
9.352515
9.352345
9.352175
9.352003
9.351830
9.351656
9.351481
9.351305
9.351129
9.350951
9.350773
9.350594
9.350415
9.350235
9.350055
9.349874
9.349692
9.349511
9.349329
9.349147
9.348966
9.348784
9.348602
9.348421
9.348238
9.348056
9.347872
9.347689
9.347505
9.347320
9.347134
9.346948
9.346761
9.346573
9.346385
9.346196
9.346006
9.345815
9.345622
9.345429
9.345235
9.345040
9.344845
9.344648
9.344450
9.344251
9.344051
9.343851
9.343650
9.343447
9.343244
9.343041
9.342836
9.342631
9.342425
9.342219
9.342012
9.341805
9.341598
9.341389
9.341181
9.340971
9.340761
9.340551
9.340340
9.340128
9.339915
9.339701
9.339487
9.339271
9.339055
9.338838
9.338619
9.338400
9.338180
9.337958
9.337736
9.337513
9.337289
9.337064
9.336838
9.336611
9.336385
9.336158
9.335931
9.335703
9.335476
9.335248
9.335020
9.334791
9.334562
9.334332
9.334101
9.333870
9.333638
9.333406
9.333173
9.332939
9.332704
9.332469
9.332232
9.331995
9.331756
9.331516
9.331275
9.331032
9.330788
9.330542
9.330295
9.330047
9.329798
9.329546
9.329294
9.329039
9.328784
9.328526
9.328267
9.328007
9.327745
9.327481
9.327216
9.326949
9.326681
9.326411
9.326139
9.325866
9.325591
9.325315
9.325037
9.324758
9.324478
9.324197
9.323915
9.323631
9.323346
9.323060
9.322772
9.322483
9.322193
9.321901
9.321608
9.321313
9.321016
9.320718
9.320419
9.320118
9.319816
9.319513
9.319209
9.318903
9.318596
9.318288
9.317980
9.317670
9.317360
9.317049
9.316736
9.316423
9.316110
9.315795
9.315481
9.315165
9.314848
9.314531
9.314212
9.313893
9.313572
9.313250
9.312928
9.312603
9.312278
9.311952
9.311625
9.311297
9.310968
9.310638
9.310307
9.309975
9.309642
9.309308
9.308972
9.308636
9.308298
9.307959
9.307619
9.307278
9.306935
9.306591
9.306246
9.305900
9.305552
9.305203
9.304853
9.304501
9.304149
9.303794
9.303438
9.303081
9.302722
9.302362
9.302001
9.301638
9.301273
9.300908
9.300541
9.300172
9.299803
9.299432
9.299060
9.298686
9.298312
9.297936
9.297558
9.297179
9.296799
9.296416
9.296031
9.295645
9.295256
9.294866
9.294473
9.294079
9.293682
9.293284
9.292883
9.292481
9.292077
9.291670
9.291262
9.290852
9.290440
9.290026
9.289609
9.289191
9.288770
9.288347
9.287922
9.287495
9.287066
9.286635
9.286202
9.285767
9.285330
9.284891
9.284450
9.284008
9.283564
9.283118
9.282671
9.282221
9.281771
9.281318
9.280864
9.280408
9.279951
9.279492
9.279030
9.278567
9.278103
9.277636
9.277168
9.276698
9.276226
9.275753
9.275278
9.274802
9.274324
9.273845
9.273364
9.272882
9.272398
9.271913
9.271426
9.270937
9.270447
9.269956
9.269462
9.268968
9.268472
9.267975
9.267477
9.266978
9.266478
9.265976
9.265473
9.264969
9.264464
9.263957
9.263449
9.262939
9.262429
9.261917
9.261404
9.260889
9.260372
9.259854
9.259335
9.258813
9.258290
9.257765
9.257238
9.256709
9.256179
9.255646
9.255111
9.254574
9.254035
9.253494
9.252950
9.252403
9.251854
9.251303
9.250750
9.250194
9.249636
9.249075
9.248512
9.247946
9.247378
9.246807
9.246233
9.245657
9.245078
9.244497
9.243914
9.243329
9.242742
9.242154
9.241563
9.240970
9.240375
9.239778
9.239178
9.238576
9.237971
9.237364
9.236754
9.236141
9.235526
9.234908
9.234287
9.233664
9.233038
9.232410
9.231779
9.231145
9.230509
9.229871
9.229230
9.228586
9.227940
9.227291
9.226640
9.225986
9.225329
9.224670
9.224008
9.223344
9.222677
9.222008
9.221335
9.220660
9.219982
9.219301
9.218618
9.217933
9.217245
9.216554
9.215862
9.215166
9.214469
9.213768
9.213065
9.212359
9.211650
9.210938
9.210223
9.209506
9.208785
9.208062
9.207336
9.206607
9.205876
9.205142
9.204405
9.203665
9.202923
9.202179
9.201432
9.200683
9.199933
9.199180
9.198426
9.197670
9.196912
9.196152
9.195390
9.194627
9.193861
9.193094
9.192326
9.191555
9.190783
9.190010
9.189234
9.188457
9.187677
9.186896
9.186113
9.185327
9.184540
9.183750
9.182958
9.182163
9.181367
9.180568
9.179766
9.178962
9.178155
9.177346
9.176534
9.175718
9.174900
9.174079
9.173255
9.172427
9.171596
9.170762
9.169925
9.169085
9.168242
9.167396
9.166547
9.165695
9.164840
9.163981
9.163119
9.162254
9.161384
9.160511
9.159634
9.158753
9.157869
9.156980
9.156087
9.155190
9.154289
9.153384
9.152475
9.151562
9.150646
9.149727
9.148804
9.147877
9.146947
9.146013
9.145076
9.144135
9.143191
9.142243
9.141291
9.140335
9.139376
9.138413
9.137447
9.136477
9.135504
9.134527
9.133548
9.132565
9.131579
9.130591
9.129600
9.128606
9.127609
9.126609
9.125606
9.124599
9.123590
9.122577
9.121561
9.120541
9.119519
9.118493
9.117464
9.116431
9.115395
9.114355
9.113312
9.112265
9.111214
9.110160
9.109102
9.108041
9.106976
9.105908
9.104836
9.103760
9.102680
9.101596
9.100509
9.099417
9.098322
9.097223
9.096121
9.095014
9.093904
9.092790
9.091673
9.090552
9.089427
9.088298
9.087165
9.086029
9.084890
9.083747
9.082600
9.081450
9.080296
9.079138
9.077977
9.076812
9.075644
9.074471
9.073295
9.072115
9.070931
9.069744
9.068552
9.067357
9.066157
9.064954
9.063748
9.062537
9.061323
9.060104
9.058882
9.057656
9.056425
9.055191
9.053952
9.052710
9.051463
9.050213
9.048958
9.047700
9.046437
9.045170
9.043899
9.042624
9.041345
9.040062
9.038774
9.037482
9.036186
9.034885
9.033580
9.032271
9.030956
9.029638
9.028314
9.026986
9.025653
9.024316
9.022973
9.021626
9.020273
9.018916
9.017553
9.016186
9.014813
9.013436
9.012053
9.010666
9.009274
9.007877
9.006476
9.005070
9.003660
9.002245
9.000826
8.999403
8.997975
8.996543
8.995106
8.993664
8.992218
8.990768
8.989313
8.987853
8.986389
8.984921
8.983448
8.981970
8.980487
8.979000
8.977508
8.976011
8.974510
8.973004
8.971493
8.969978
8.968457
8.966932
8.965402
8.963867
8.962327
8.960783
8.959233
8.957679
8.956120
8.954556
8.952988
8.951414
8.949836
8.948254
8.946666
8.945075
8.943478
8.941877
8.940272
8.938662
8.937048
8.935430
8.933807
8.932179
8.930547
8.928911
8.927269
8.925623
8.923972
8.922316
8.920655
8.918989
8.917318
8.915641
8.913959
8.912272
8.910579
8.908881
8.907177
8.905467
8.903753
8.902032
8.900307
8.898575
8.896837
8.895093
8.893344
8.891589
8.889828
8.888061
8.886289
8.884510
8.882726
8.880936
8.879140
8.877338
8.875531
8.873717
8.871898
8.870073
8.868243
8.866407
8.864565
8.862717
8.860864
8.859004
8.857139
8.855267
8.853390
8.851506
8.849617
8.847722
8.845821
8.843913
8.842000
8.840081
8.838156
8.836225
8.834289
8.832347
8.830399
8.828446
8.826488
8.824524
8.822555
8.820579
8.818598
8.816611
8.814618
8.812620
8.810617
8.808607
8.806592
8.804571
8.802545
8.800512
8.798474
8.796429
8.794379
8.792323
8.790261
8.788192
8.786118
8.784037
8.781950
8.779856
8.777756
8.775649
8.773536
8.771416
8.769289
8.767155
8.765015
8.762869
8.760715
8.758555
8.756387
8.754214
8.752033
8.749846
8.747652
8.745453
8.743247
8.741034
8.738816
8.736592
8.734361
8.732124
8.729881
8.727631
8.725375
8.723111
8.720841
8.718566
8.716286
8.714002
8.711714
8.709423
8.707128
8.704828
8.702524
8.700214
8.697899
8.695579
8.693253
8.690921
8.688583
8.686239
8.683888
8.681531
8.679167
8.676796
8.674418
8.672032
8.669640
8.667240
8.664833
8.662418
8.659995
8.657565
8.655127
8.652681
8.650227
8.647765
8.645296
8.642819
8.640334
8.637841
8.635340
8.632831
8.630314
8.627788
8.625254
8.622712
8.620163
8.617605
8.615040
8.612466
8.609883
8.607293
8.604695
8.602089
8.599474
8.596853
8.594224
8.591587
8.588943
8.586292
8.583633
8.580967
8.578294
8.575613
8.572925
8.570230
8.567528
8.564818
8.562102
8.559379
8.556649
8.553912
8.551169
8.548419
8.545662
8.542899
8.540130
8.537354
8.534572
8.531784
8.528990
8.526190
8.523385
8.520576
8.517762
8.514945
8.512122
8.509295
8.506462
8.503622
8.500776
8.497922
8.495061
8.492194
8.489319
8.486438
8.483550
8.480655
8.477753
8.474843
8.471927
8.469004
8.466073
8.463136
8.460191
8.457238
8.454279
8.451312
8.448337
8.445356
8.442367
8.439371
8.436368
8.433357
8.430339
8.427314
8.424281
8.421242
8.418195
8.415142
8.412082
8.409015
8.405941
8.402861
8.399774
8.396680
8.393578
8.390470
8.387355
8.384232
8.381101
8.377963
8.374818
8.371665
8.368504
8.365335
8.362158
8.358973
8.355781
8.352581
8.349374
8.346158
8.342935
8.339704
8.336465
8.333217
8.329961
8.326696
8.323422
8.320141
8.316850
8.313552
8.310244
8.306929
8.303605
8.300273
8.296932
8.293582
8.290225
8.286859
8.283485
8.280103
8.276713
8.273315
8.269910
8.266496
8.263074
8.259643
8.256204
8.252757
8.249301
8.245836
8.242364
8.238883
8.235394
8.231897
8.228392
8.224879
8.221356
8.217825
8.214285
8.210738
8.207181
8.203617
8.200045
8.196464
8.192876
8.189279
8.185674
8.182061
8.178440
8.174812
8.171176
8.167532
8.163882
8.160223
8.156558
8.152885
8.149204
8.145517
8.141821
8.138119
8.134409
8.130691
8.126966
8.123235
8.119495
8.115748
8.111994
8.108232
8.104463
8.100685
8.096900
8.093108
8.089309
8.085502
8.081688
8.077866
8.074037
8.070201
8.066357
8.062506
8.058647
8.054783
8.050912
8.047034
8.043150
8.039260
8.035364
8.031462
8.027553
8.023637
8.019715
8.015787
8.011851
8.007910
8.003962
8.000007
7.996045
7.992076
7.988100
7.984117
7.980126
7.976128
7.972123
7.968110
7.964090
7.960062
7.956027
7.951984
7.947933
7.943874
7.939807
7.935732
7.931648
7.927557
7.923457
7.919348
7.915232
7.911107
7.906973
7.902831
7.898679
7.894518
7.890349
7.886171
7.881984
7.877789
7.873586
7.869374
7.865154
7.860925
7.856687
7.852441
7.848186
7.843922
7.839650
7.835370
7.831081
7.826784
7.822478
7.818163
7.813840
7.809507
7.805167
7.800817
7.796459
7.792093
7.787718
7.783336
7.778945
7.774547
7.770141
7.765727
7.761305
7.756877
7.752441
7.747999
7.743550
7.739094
7.734633
7.730165
7.725690
7.721209
7.716721
7.712225
7.707723
7.703215
7.698700
7.694180
7.689653
7.685121
7.680582
7.676037
7.671486
7.666928
7.662364
7.657794
7.653218
7.648636
7.644048
7.639454
7.634853
7.630246
7.625632
7.621011
7.616384
7.611751
7.607111
7.602466
7.597814
7.593157
7.588495
7.583827
7.579153
7.574473
7.569788
7.565097
7.560402
7.555701
7.550995
7.546284
7.541568
7.536846
7.532119
7.527386
7.522646
7.517900
7.513147
7.508389
7.503624
7.498853
7.494076
7.489293
7.484504
7.479709
7.474908
7.470101
7.465288
7.460468
7.455642
7.450810
7.445971
7.441126
7.436274
7.431414
7.426548
7.421675
7.416794
7.411907
7.407012
7.402110
7.397201
7.392285
7.387363
7.382435
7.377501
7.372560
7.367612
7.362659
7.357698
7.352731
7.347758
7.342779
7.337794
7.332802
7.327804
7.322798
7.317786
7.312766
7.307738
7.302703
7.297660
7.292611
7.287556
7.282494
7.277427
7.272353
7.267273
7.262188
7.257097
7.252000
7.246897
7.241789
7.236676
7.231557
7.226432
7.221301
7.216165
7.211023
7.205874
7.200720
7.195558
7.190391
7.185217
7.180038
7.174853
7.169663
7.164467
7.159266
7.154059
7.148847
7.143629
7.138406
7.133177
7.127943
7.122703
7.117458
7.112207
7.106951
7.101688
7.096420
7.091145
7.085864
7.080577
7.075284
7.069985
7.064680
7.059370
7.054056
7.048736
7.043412
7.038084
7.032751
7.027414
7.022073
7.016727
7.011377
7.006024
7.000666
6.995304
6.989938
6.984567
6.979191
6.973810
6.968425
6.963034
6.957638
6.952238
6.946833
6.941424
6.936010
6.930593
6.925171
6.919744
6.914314
6.908880
6.903441
6.897998
6.892552
6.887101
6.881645
6.876186
6.870721
6.865251
6.859775
6.854294
6.848806
6.843313
6.837814
6.832309
6.826799
6.821283
6.815762
6.810236
6.804705
6.799169
6.793628
6.788082
6.782531
6.776976
6.771415
6.765849
6.760279
6.754703
6.749122
6.743535
6.737942
6.732343
6.726738
6.721128
6.715511
6.709890
6.704263
6.698632
6.692996
6.687356
6.681712
6.676064
6.670412
6.664756
6.659096
6.653433
6.647766
6.642095
6.636421
6.630744
6.625063
6.619378
6.613689
6.607996
6.602298
6.596596
6.590890
6.585180
6.579466
6.573749
6.568028
6.562304
6.556577
6.550847
6.545113
6.539377
6.533638
6.527896
6.522150
6.516402
6.510650
6.504895
6.499137
6.493374
6.487607
6.481836
6.476061
6.470281
6.464497
6.458709
6.452918
6.447122
6.441323
6.435521
6.429716
6.423907
6.418095
6.412280
6.406462
6.400641
6.394817
6.388990
6.383160
6.377327
6.371491
6.365651
6.359808
6.353961
6.348110
6.342256
6.336398
6.330537
6.324673
6.318806
6.312937
6.307065
6.301191
6.295315
6.289437
6.283557
6.277675
6.271791
6.265905
6.260017
6.254128
6.248236
6.242342
6.236446
6.230546
6.224643
6.218737
6.212827
6.206913
6.200996
6.195076
6.189152
6.183225
6.177295
6.171362
6.165425
6.159486
6.153543
6.147596
6.141647
6.135694
6.129737
6.123777
6.117813
6.111844
6.105872
6.099894
6.093912
6.087926
6.081934
6.075937
6.069935
6.063928
6.057916
6.051900
6.045879
6.039853
6.033823
6.027788
6.021749
6.015706
6.009659
6.003607
5.997552
5.991492
5.985428
5.979360
5.973287
5.967209
5.961127
5.955040
5.948948
5.942851
5.936749
5.930644
5.924534
5.918420
5.912303
5.906181
5.900056
5.893928
5.887797
5.881663
5.875525
5.869385
5.863243
5.857097
5.850949
5.844798
5.838644
5.832487
5.826326
5.820162
5.813995
5.807824
5.801650
5.795472
5.789291
5.783107
5.776920
5.770729
5.764536
5.758339
5.752140
5.745937
5.739731
5.733523
5.727312
5.721098
5.714882
5.708663
5.702441
5.696216
5.689989
5.683759
5.677525
5.671289
5.665050
5.658809
5.652565
5.646319
5.640070
5.633819
5.627566
5.621312
5.615056
5.608798
5.602538
5.596278
5.590015
5.583752
5.577487
5.571222
5.564955
5.558687
5.552418
5.546147
5.539875
5.533602
5.527326
5.521049
5.514771
5.508490
5.502208
5.495925
5.489640
5.483353
5.477064
5.470774
5.464481
5.458187
5.451891
5.445593
5.439292
5.432990
5.426686
5.420380
5.414071
5.407759
5.401445
5.395128
5.388808
5.382485
5.376159
5.369829
5.363496
5.357160
5.350820
5.344478
5.338132
5.331782
5.325430
5.319074
5.312715
5.306353
5.299988
5.293620
5.287249
5.280875
5.274497
5.268117
5.261733
5.255346
5.248956
5.242563
5.236167
5.229768
5.223365
5.216961
5.210553
5.204143
5.197730
5.191315
5.184898
5.178479
5.172058
5.165636
5.159211
5.152785
5.146358
5.139929
5.133499
5.127068
5.120635
5.114200
5.107765
5.101327
5.094889
5.088449
5.082007
5.075564
5.069119
5.062673
5.056226
5.049777
5.043327
5.036875
5.030422
5.023967
5.017511
5.011054
5.004595
4.998135
4.991674
4.985211
4.978747
4.972281
4.965813
4.959345
4.952874
4.946403
4.939929
4.933454
4.926978
4.920500
4.914021
4.907541
4.901060
4.894578
4.888096
4.881613
4.875130
4.868646
4.862163
4.855680
4.849197
4.842715
4.836233
4.829752
4.823271
4.816791
4.810311
4.803831
4.797352
4.790874
4.784395
4.777917
4.771440
4.764963
4.758486
4.752010
4.745535
4.739059
4.732585
4.726111
4.719637
4.713164
4.706691
4.700219
4.693747
4.687275
4.680803
4.674332
4.667860
4.661388
4.654915
4.648441
4.641967
4.635493
4.629018
4.622542
4.616066
4.609590
4.603112
4.596634
4.590156
4.583677
4.577197
4.570716
4.564234
4.557752
4.551269
4.544786
4.538301
4.531815
4.525327
4.518838
4.512347
4.505854
4.499360
4.492865
4.486368
4.479871
4.473372
4.466872
4.460371
4.453869
4.447367
4.440863
4.434360
4.427856
4.421352
4.414848
4.408344
4.401840
4.395336
4.388832
4.382329
4.375826
4.369323
4.362821
4.356319
4.349818
4.343319
4.336820
4.330322
4.323825
4.317329
4.310834
4.304340
4.297847
4.291355
4.284864
4.278375
4.271887
4.265399
4.258912
4.252426
4.245941
4.239456
4.232972
4.226488
4.220005
4.213523
4.207042
4.200561
4.194083
4.187605
4.181129
4.174655
4.168182
4.161711
4.155242
4.148776
4.142311
4.135849
4.129389
4.122932
4.116477
4.110025
4.103576
4.097130
4.090687
4.084247
4.077811
4.071378
4.064948
4.058523
4.052101
4.045683
4.039269
4.032859
4.026452
4.020049
4.013651
4.007256
4.000866
3.994479
3.988095
3.981716
3.975339
3.968966
3.962596
3.956230
3.949868
3.943509
3.937154
3.930802
3.924454
3.918110
3.911769
3.905432
3.899099
3.892769
3.886443
3.880120
3.873800
3.867484
3.861170
3.854860
3.848552
3.842246
3.835943
3.829643
3.823346
3.817051
3.810759
3.804469
3.798183
3.791899
3.785617
3.779338
3.773061
3.766787
3.760514
3.754244
3.747976
3.741710
3.735446
3.729185
3.722926
3.716670
3.710417
3.704166
3.697918
3.691674
3.685433
3.679196
3.672963
3.666734
3.660509
3.654288
3.648071
3.641858
3.635650
3.629446
3.623246
3.617050
3.610859
3.604672
3.598489
3.592310
3.586136
3.579966
3.573800
3.567640
3.561484
3.555333
3.549188
3.543047
3.536911
3.530781
3.524655
3.518535
3.512420
3.506311
3.500207
3.494108
3.488015
3.481927
3.475845
3.469769
3.463699
3.457635
3.451578
3.445528
3.439485
3.433449
3.427421
3.421401
3.415388
3.409384
3.403388
3.397399
3.391419
3.385446
3.379481
3.373524
3.367574
3.361633
3.355699
3.349772
3.343854
3.337943
3.332040
3.326145
3.320257
3.314378
3.308507
3.302644
3.296789
3.290941
3.285101
3.279269
3.273445
3.267627
3.261818
3.256015
3.250219
3.244430
3.238648
3.232872
3.227103
3.221339
3.215583
3.209832
3.204089
3.198351
3.192620
3.186895
3.181177
3.175465
3.169759
3.164059
3.158364
3.152676
3.146992
3.141314
3.135642
3.129975
3.124312
3.118655
3.113002
3.107355
3.101713
3.096077
3.090446
3.084821
3.079203
3.073591
3.067986
3.062387
3.056795
3.051211
3.045633
3.040062
3.034498
3.028941
3.023391
3.017847
3.012310
3.006780
3.001256
2.995740
2.990232
2.984730
2.979237
2.973751
2.968273
2.962804
2.957342
2.951889
2.946444
2.941007
2.935578
2.930157
2.924743
2.919337
2.913939
2.908548
2.903165
2.897789
2.892420
2.887059
2.881706
2.876361
2.871024
2.865695
2.860375
2.855064
2.849762
2.844469
2.839185
2.833911
2.828647
2.823391
2.818145
2.812908
2.807680
2.802462
2.797252
2.792052
2.786861
2.781680
2.776507
2.771344
2.766191
2.761048
2.755915
2.750792
2.745680
2.740578
2.735486
2.730404
2.725332
2.720270
2.715218
2.710176
2.705143
2.700120
2.695105
2.690099
2.685103
2.680114
2.675135
2.670165
2.665204
2.660251
2.655309
2.650375
2.645450
2.640535
2.635628
2.630731
2.625842
2.620962
2.616090
2.611226
2.606370
2.601521
2.596681
2.591847
2.587021
2.582203
2.577392
2.572588
2.567792
2.563003
2.558222
2.553449
2.548683
2.543926
2.539176
2.534434
2.529699
2.524973
2.520254
2.515543
2.510839
2.506143
2.501454
2.496774
2.492101
2.487435
2.482778
2.478129
2.473488
2.468855
2.464230
2.459614
2.455007
2.450409
2.445820
2.441240
2.436669
2.432107
2.427554
2.423009
2.418474
2.413947
2.409429
2.404919
2.400418
2.395925
2.391440
2.386963
2.382495
2.378035
2.373584
2.369142
2.364708
2.360284
2.355868
2.351461
2.347064
2.342675
2.338295
2.333924
2.329561
2.325208
2.320862
2.316526
2.312198
2.307879
2.303569
2.299268
2.294976
2.290694
2.286422
2.282158
2.277905
2.273662
2.269428
2.265205
2.260992
2.256790
2.252597
2.248415
2.244243
2.240080
2.235928
2.231785
2.227653
2.223531
2.219419
2.215317
2.211225
2.207143
2.203070
2.199008
2.194955
2.190913
2.186881
2.182859
2.178847
2.174845
2.170854
2.166872
2.162900
2.158938
2.154985
2.151041
2.147107
2.143182
2.139266
2.135359
2.131460
2.127571
2.123690
2.119818
2.115955
2.112100
2.108254
2.104417
2.100588
2.096768
2.092957
2.089153
2.085358
2.081570
2.077790
2.074018
2.070254
2.066496
2.062747
2.059005
2.055271
2.051545
2.047827
2.044116
2.040413
2.036717
2.033030
2.029350
2.025678
2.022014
2.018358
2.014710
2.011069
2.007437
2.003813
2.000196
1.996588
1.992987
1.989395
1.985811
1.982235
1.978667
1.975108
1.971556
1.968013
1.964478
1.960950
1.957431
1.953921
1.950418
1.946924
1.943438
1.939960
1.936491
1.933029
1.929575
1.926129
1.922691
1.919260
1.915837
1.912422
1.909015
1.905616
1.902226
1.898843
1.895469
1.892103
1.888745
1.885395
1.882053
1.878720
1.875395
1.872079
1.868772
1.865472
1.862181
1.858899
1.855624
1.852358
1.849101
1.845852
1.842613
1.839382
1.836161
1.832948
1.829744
1.826549
1.823362
1.820185
1.817015
1.813855
1.810704
1.807561
1.804427
1.801302
1.798186
1.795078
1.791979
1.788888
1.785806
1.782732
1.779667
1.776611
1.773563
1.770524
1.767493
1.764471
1.761457
1.758451
1.755453
1.752463
1.749482
1.746508
1.743543
1.740585
1.737635
1.734693
1.731759
1.728831
1.725911
1.722999
1.720093
1.717195
1.714305
1.711422
1.708546
1.705679
1.702818
1.699964
1.697118
1.694278
1.691445
1.688618
1.685799
1.682986
1.680181
1.677381
1.674589
1.671803
1.669024
1.666251
1.663484
1.660725
1.657973
1.655227
1.652489
1.649758
1.647034
1.644317
1.641607
1.638903
1.636207
1.633517
1.630834
1.628158
1.625488
1.622826
1.620170
1.617521
1.614879
1.612243
1.609614
1.606991
1.604375
1.601766
1.599163
1.596568
1.593980
1.591399
1.588824
1.586256
1.583695
1.581141
1.578593
1.576051
1.573516
1.570988
1.568467
1.565952
1.563444
1.560943
1.558448
1.555959
1.553478
1.551003
1.548535
1.546075
1.543622
1.541176
1.538738
1.536307
1.533883
1.531466
1.529057
1.526655
1.524260
1.521872
1.519491
1.517118
1.514752
1.512393
1.510042
1.507697
1.505360
1.503030
1.500707
1.498391
1.496083
1.493783
1.491490
1.489204
1.486926
1.484656
1.482392
1.480135
1.477885
1.475642
1.473406
1.471176
1.468954
1.466738
1.464528
1.462325
1.460128
1.457938
1.455754
1.453576
1.451405
1.449241
1.447083
1.444932
1.442788
1.440650
1.438518
1.436393
1.434274
1.432160
1.430053
1.427951
1.425856
1.423766
1.421682
1.419603
1.417531
1.415464
1.413402
1.411346
1.409295
1.407250
1.405211
1.403178
1.401152
1.399131
1.397117
1.395108
1.393105
1.391108
1.389116
1.387130
1.385150
1.383175
1.381206
1.379242
1.377284
1.375332
1.373385
1.371444
1.369508
1.367578
1.365654
1.363736
1.361823
1.359918
1.358018
1.356124
1.354237
1.352355
1.350480
1.348610
1.346746
1.344888
1.343035
1.341188
1.339347
1.337511
1.335680
1.333855
1.332035
1.330220
1.328411
1.326607
1.324808
1.323015
1.321228
1.319447
1.317671
1.315901
1.314136
1.312376
1.310621
1.308872
1.307127
1.305388
1.303654
1.301926
1.300202
1.298483
1.296770
1.295061
1.293358
1.291660
1.289967
1.288280
1.286598
1.284922
1.283252
1.281587
1.279929
1.278276
1.276629
1.274987
1.273351
1.271720
1.270095
1.268474
1.266859
1.265249
1.263644
1.262045
1.260450
1.258859
1.257274
1.255694
1.254118
1.252548
1.250983
1.249423
1.247869
1.246320
1.244777
1.243238
1.241705
1.240177
1.238653
1.237134
1.235619
1.234109
1.232604
1.231103
1.229607
1.228115
1.226627
1.225144
1.223665
1.222191
1.220721
1.219256
1.217796
1.216341
1.214890
1.213444
1.212002
1.210564
1.209131
1.207701
1.206275
1.204854
1.203436
1.202021
1.200611
1.199205
1.197802
1.196403
1.195007
1.193615
1.192227
1.190843
1.189462
1.188086
1.186714
1.185346
1.183983
1.182624
1.181269
1.179919
1.178573
1.177230
1.175892
1.174558
1.173228
1.171901
1.170579
1.169261
1.167946
1.166635
1.165328
1.164026
1.162727
1.161432
1.160141
1.158854
1.157571
1.156293
1.155018
1.153748
1.152481
1.151218
1.149958
1.148703
1.147451
1.146203
1.144958
1.143718
1.142481
1.141247
1.140018
1.138791
1.137569
1.136350
1.135135
1.133924
1.132717
1.131513
1.130314
1.129119
1.127928
1.126740
1.125557
1.124378
1.123203
1.122032
1.120866
1.119703
1.118544
1.117389
1.116237
1.115090
1.113946
1.112806
1.111670
1.110538
1.109409
1.108284
1.107163
1.106046
1.104933
1.103825
1.102720
1.101620
1.100523
1.099430
1.098342
1.097257
1.096176
1.095098
1.094025
1.092955
1.091888
1.090826
1.089767
1.088712
1.087660
1.086612
1.085568
1.084527
1.083490
1.082457
1.081427
1.080401
1.079378
1.078359
1.077343
1.076331
1.075321
1.074316
1.073313
1.072314
1.071318
1.070325
1.069336
1.068349
1.067365
1.066385
1.065407
1.064432
1.063461
1.062493
1.061529
1.060568
1.059611
1.058657
1.057707
1.056760
1.055817
1.054877
1.053940
1.053006
1.052075
1.051148
1.050224
1.049302
1.048384
1.047469
1.046557
1.045648
1.044743
1.043841
1.042942
1.042047
1.041155
1.040266
1.039380
1.038498
1.037618
1.036741
1.035868
1.034997
1.034129
1.033265
1.032403
1.031544
1.030687
1.029834
1.028983
1.028136
1.027291
1.026449
1.025610
1.024775
1.023942
1.023112
1.022285
1.021462
1.020641
1.019823
1.019008
1.018197
1.017388
1.016582
1.015780
1.014980
1.014183
1.013389
1.012598
1.011809
1.011023
1.010241
1.009460
1.008683
1.007909
1.007138
1.006369
1.005604
1.004841
1.004082
1.003325
1.002572
1.001822
1.001074
1.000330
0.999589
0.998850
0.998115
0.997382
0.996652
0.995924
0.995200
0.994478
0.993758
0.993042
0.992328
0.991617
0.990908
0.990202
0.989498
0.988797
0.988098
0.987402
0.986708
0.986017
0.985329
0.984643
0.983959
0.983278
0.982599
0.981922
0.981247
0.980574
0.979904
0.979235
0.978568
0.977904
0.977242
0.976582
0.975925
0.975270
0.974617
0.973966
0.973317
0.972670
0.972025
0.971382
0.970740
0.970101
0.969464
0.968829
0.968195
0.967564
0.966935
0.966308
0.965682
0.965059
0.964438
0.963819
0.963202
0.962587
0.961975
0.961365
0.960757
0.960152
0.959548
0.958947
0.958348
0.957751
0.957156
0.956563
0.955972
0.955383
0.954796
0.954210
0.953626
0.953045
0.952465
0.951888
0.951313
0.950739
0.950168
0.949599
0.949032
0.948467
0.947904
0.947342
0.946783
0.946225
0.945669
0.945116
0.944564
0.944015
0.943467
0.942922
0.942378
0.941837
0.941297
0.940759
0.940223
0.939690
0.939158
0.938628
0.938101
0.937576
0.937053
0.936533
0.936014
0.935498
0.934984
0.934473
0.933963
0.933455
0.932950
0.932446
0.931945
0.931445
0.930947
0.930451
0.929957
0.929464
0.928973
0.928484
0.927997
0.927512
0.927030
0.926549
0.926071
0.925595
0.925121
0.924649
0.924179
0.923710
0.923243
0.922779
0.922316
0.921855
0.921395
0.920938
0.920482
0.920029
0.919577
0.919127
0.918679
0.918232
0.917787
0.917344
0.916902
0.916462
0.916023
0.915585
0.915149
0.914714
0.914281
0.913849
0.913419
0.912990
0.912562
0.912136
0.911711
0.911288
0.910866
0.910446
0.910027
0.909610
0.909194
0.908780
0.908368
0.907957
0.907548
0.907140
0.906733
0.906328
0.905924
0.905522
0.905120
0.904721
0.904323
0.903926
0.903531
0.903138
0.902746
0.902356
0.901968
0.901581
0.901196
0.900813
0.900431
0.900050
0.899671
0.899293
0.898917
0.898542
0.898168
0.897795
0.897424
0.897054
0.896685
0.896319
0.895953
0.895590
0.895227
0.894867
0.894508
0.894150
0.893794
0.893440
0.893086
0.892734
0.892384
0.892035
0.891687
0.891340
0.890995
0.890651
0.890308
0.889966
0.889626
0.889287
0.888950
0.888613
0.888278
0.887944
0.887611
0.887280
0.886949
0.886620
0.886292
0.885965
0.885640
0.885315
0.884992
0.884671
0.884350
0.884031
0.883714
0.883397
0.883082
0.882768
0.882455
0.882143
0.881832
0.881522
0.881213
0.880905
0.880597
0.880291
0.879986
0.879681
0.879378
0.879076
0.878775
0.878476
0.878177
0.877880
0.877585
0.877290
0.876997
0.876705
0.876414
0.876125
0.875837
0.875549
0.875263
0.874978
0.874693
0.874409
0.874126
0.873843
0.873562
0.873281
0.873001
0.872722
0.872444
0.872167
0.871891
0.871617
0.871343
0.871071
0.870800
0.870530
0.870261
0.869993
0.869727
0.869461
0.869197
0.868933
0.868671
0.868409
0.868148
0.867889
0.867630
0.867372
0.867115
0.866859
0.866604
0.866350
0.866096
0.865843
0.865591
0.865340
0.865090
0.864841
0.864592
0.864345
0.864098
0.863852
0.863607
0.863364
0.863120
0.862878
0.862637
0.862397
0.862157
0.861918
0.861680
0.861443
0.861206
0.860971
0.860736
0.860503
0.860271
0.860039
0.859809
0.859580
0.859352
0.859125
0.858899
0.858674
0.858450
0.858226
0.858003
0.857781
0.857560
0.857339
0.857119
0.856899
0.856680
0.856462
0.856244
0.856027
0.855811
0.855595
0.855380
0.855166
0.854952
0.854739
0.854527
0.854316
0.854106
0.853897
0.853689
0.853483
0.853277
0.853072
0.852869
0.852666
0.852465
0.852264
0.852065
0.851866
0.851669
0.851472
0.851276
0.851081
0.850887
0.850694
0.850501
0.850309
0.850118
0.849927
0.849736
0.849545
0.849355
0.849165
0.848975
0.848786
0.848597
0.848409
0.848221
0.848034
0.847848
0.847663
0.847479
0.847295
0.847112
0.846930
0.846749
0.846569
0.846390
0.846212
0.846034
0.845858
0.845682
0.845507
0.845333
0.845160
0.844987
0.844816
0.844645
0.844475
0.844305
0.844136
0.843968
0.843800
0.843633
0.843466
0.843300
0.843134
0.842969
0.842804
0.842640
0.842477
0.842314
0.842151
0.841989
0.841828
0.841667
0.841507
0.841347
0.841187
0.841028
0.840869
0.840711
0.840553
0.840396
0.840239
0.840083
0.839927
0.839772
0.839618
0.839464
0.839311
0.839159
0.839007
0.838856
0.838705
0.838556
0.838407
0.838258
0.838111
0.837964
0.837817
0.837671
0.837526
0.837381
0.837237
0.837093
0.836949
0.836806
0.836664
0.836522
0.836381
0.836241
0.836102
0.835963
0.835825
0.835688
0.835552
0.835416
0.835282
0.835148
0.835015
0.834882
0.834751
0.834620
0.834490
0.834361
0.834233
0.834105
0.833978
0.833851
0.833725
0.833600
0.833475
0.833350
0.833226
0.833102
0.832978
0.832855
0.832731
0.832608
0.832485
0.832362
0.832239
0.832117
0.831995
0.831873
0.831751
0.831629
0.831507
0.831386
0.831265
0.831144
0.831022
0.830902
0.830781
0.830660
0.830540
0.830420
0.830301
0.830182
0.830064
0.829946
0.829829
0.829712
0.829596
0.829481
0.829367
0.829253
0.829139
0.829027
0.828915
0.828804
0.828694
0.828584
0.828475
0.828367
0.828259
0.828152
0.828046
0.827941
0.827836
0.827732
0.827628
0.827526
0.827423
0.827322
0.827221
0.827121
0.827021
0.826921
0.826823
0.826724
0.826627
0.826529
0.826432
0.826336
0.826239
0.826143
0.826048
0.825952
0.825857
0.825762
0.825667
0.825572
0.825477
0.825381
0.825286
0.825191
0.825095
0.824998
0.824901
0.824804
0.824706
0.824608
0.824510
0.824412
0.824313
0.824214
0.824116
0.824017
0.823919
0.823821
0.823723
0.823626
0.823528
0.823431
0.823335
0.823239
0.823143
0.823048
0.822953
0.822859
0.822765
0.822672
0.822579
0.822487
0.822396
0.822305
0.822215
0.822126
0.822037
0.821949
0.821861
0.821774
0.821688
0.821603
0.821518
0.821434
0.821351
0.821269
0.821187
0.821106
0.821025
0.820945
0.820866
0.820788
0.820710
0.820633
0.820556
0.820480
0.820405
0.820330
0.820256
0.820183
0.820109
0.820037
0.819964
0.819893
0.819821
0.819750
0.819679
0.819609
0.819539
0.819469
0.819399
0.819330
0.819260
0.819191
0.819121
0.819052
0.818982
0.818913
0.818843
0.818773
0.818703
0.818633
0.818562
0.818491
0.818420
0.818349
0.818278
0.818207
0.818136
0.818064
0.817993
0.817922
0.817851
0.817779
0.817708
0.817637
0.817566
0.817494
0.817423
0.817352
0.817280
0.817209
0.817137
0.817066
0.816994
0.816922
0.816849
0.816777
0.816704
0.816631
0.816558
0.816484
0.816411
0.816338
0.816265
0.816192
0.816119
0.816046
0.815974
0.815901
0.815830
0.815758
0.815687
0.815616
0.815546
0.815476
0.815407
0.815338
0.815269
0.815202
0.815135
0.815068
0.815002
0.814937
0.814872
0.814808
0.814745
0.814683
0.814621
0.814560
0.814499
0.814439
0.814380
0.814322
0.814265
0.814208
0.814152
0.814096
0.814042
0.813988
0.813935
0.813882
0.813830
0.813779
0.813728
0.813678
0.813629
0.813580
0.813532
0.813485
0.813438
0.813391
0.813345
0.813299
0.813254
0.813209
0.813165
0.813121
0.813077
0.813033
0.812990
0.812947
0.812904
0.812861
0.812818
0.812775
0.812732
0.812689
0.812646
0.812602
0.812559
0.812515
0.812471
0.812427
0.812382
0.812338
0.812293
0.812248
0.812203
0.812158
0.812113
0.812068
0.812024
0.811979
0.811934
0.811889
0.811844
0.811799
0.811754
0.811709
0.811665
0.811620
0.811575
0.811530
0.811485
0.811440
0.811395
0.811350
0.811306
0.811261
0.811216
0.811171
0.811126
0.811081
0.811036
0.810991
0.810947
0.810902
0.810857
0.810812
0.810767
0.810722
0.810677
0.810632
0.810588
0.810543
0.810498
0.810453
0.810408
0.810363
0.810318
0.810273
0.810229
0.810184
0.810139
0.810094
0.810049
0.810004
0.809959
0.809914
0.809870
0.809825
0.809780
0.809735
0.809690
0.809645
0.809600
0.809555
0.809511
0.809466
0.809421
0.809376
0.809331
0.809286
0.809241
0.809196
0.809152
0.809107
0.809062
0.809017
0.808972
0.808927
0.808882
0.808836
0.808790
0.808744
0.808698
0.808651
0.808604
0.808557
0.808509
0.808462
0.808415
0.808368
0.808320
0.808273
0.808227
0.808180
0.808134
0.808088
0.808043
0.807998
0.807953
0.807909
0.807866
0.807823
0.807781
0.807739
0.807698
0.807658
0.807618
0.807580
0.807542
0.807504
0.807468
0.807432
0.807398
0.807364
0.807331
0.807299
0.807267
0.807237
0.807207
0.807179
0.807151
0.807124
0.807098
0.807073
0.807049
0.807025
0.807003
0.806981
0.806960
0.806940
0.806921
0.806902
0.806884
0.806867
0.806850
0.806835
0.806819
0.806805
0.806791
0.806777
0.806764
0.806752
0.806739
0.806728
0.806716
0.806705
0.806694
0.806683
0.806673
0.806662
0.806652
0.806641
0.806631
0.806620
0.806609
0.806597
0.806586
0.806574
0.806562
0.806549
0.806536
0.806524
0.806511
0.806498
0.806485
0.806472
0.806459
0.806446
0.806433
0.806420
0.806407
0.806394
0.806381
0.806368
0.806355
0.806342
0.806329
0.806316
0.806303
0.806290
0.806277
0.806264
0.806251
0.806238
0.806225
0.806212
0.806199
0.806186
0.806173
0.806160
0.806147
0.806134
0.806121
0.806109
0.806095
0.806083
0.806069
0.806057
0.806044
0.806031
0.806018
0.806005
0.805992
0.805979
0.805966
0.805953
0.805940
0.805927
0.805914
0.805901
0.805888
0.805875
0.805862
0.805849
0.805836
0.805823
0.805810
0.805797
0.805784
0.805771
0.805758
0.805745
0.805732
0.805719
0.805706
0.805693
0.805680
0.805667
0.805654
0.805641
0.805628
0.805615
0.805602
0.805589
0.805577
0.805563
0.805550
0.805538
0.805525
0.805512
0.805499
0.805486
0.805473
0.805460
0.805447
0.805434
0.805421
0.805408
0.805395
0.805382
0.805369
0.805356
0.805343
0.805330
0.805317
0.805304
0.805291
0.805278
0.805265
0.805252
0.805239
0.805226
0.805213
0.805200
0.805187
0.805174
0.805161
0.805148
0.805135
0.805122
0.805109
0.805096
0.805083
0.805070
0.805057
0.805045
0.805032
0.805018
0.805006
0.804993
0.804980
0.804967
0.804954
0.804941
0.804928
0.804915
0.804902
0.804889
0.804876
0.804863
0.804850
0.804837
0.804824
0.804811
0.804798
0.804785
0.804772
0.804759
0.804746
0.804733
0.804720
0.804707
0.804694
0.804681
0.804668
0.804655
0.804642
0.804629
0.804616
0.804603
0.804590
0.804577
0.804564
0.804551
0.804538
0.804526
0.804512
0.804500
0.804486
0.804474
0.804461
0.804448
0.804435
0.804422
0.804409
0.804396
0.804383
0.804370
0.804357
0.804344
0.804331
0.804318
0.804305
0.804292
0.804279
0.804266
0.804253
0.804240
0.804227
0.804214
0.804201
0.804188
0.804175
0.804162
0.804149
0.804136
0.804123
0.804110
0.804097
0.804084
0.804071
0.804058
0.804045
0.804032
0.804019
0.804006
0.803993
0.803980
0.803967
0.803955
0.803941
0.803929
0.803916
0.803903
0.803890
0.803877
0.803864
0.803851
0.803838
0.803825
0.803812
0.803799
0.803786
0.803773
0.803760
0.803747
0.803734
0.803721
0.803708
0.803695
0.803682
0.803669
0.803656
0.803643
0.803630
0.803617
0.803604
0.803591
0.803578
0.803565
0.803552
0.803539
0.803526
0.803513
0.803500
0.803487
0.803474
0.803462
0.803449
0.803435
0.803423
0.803409
0.803397
0.803384
0.803371
0.803358
0.803345
0.803332
0.803319
0.803306
0.803293
0.803280
0.803267
0.803254
0.803241
0.803228
0.803215
0.803202
0.803189
0.803176
0.803163
0.803150
0.803137
0.803124
0.803111
0.803098
0.803085
0.803072
0.803059
0.803046
0.803033
0.803020
0.803007
0.802994
0.802981
0.802968
0.802955
0.802942
0.802929
0.802917
0.802903
0.802890
0.802878
0.802865
0.802852
0.802839
0.802826
0.802813
0.802800
0.802787
0.802774
0.802761
0.802748
0.802735
0.802722
0.802709
0.802696
0.802683
0.802670
0.802657
0.802644
0.802631
0.802618
0.802605
0.802592
0.802579
0.802566
0.802553
0.802540
0.802527
0.802514
0.802501
0.802488
0.802475
0.802462
0.802449
0.802436
0.802423
0.802410
0.802397
0.802384
0.802372
0.802358
0.802346
0.802333
0.802320
0.802307
0.802294
0.802281
0.802268
0.802255
0.802242
0.802229
0.802216
0.802203
0.802190
0.802177
0.802164
0.802151
0.802138
0.802125
0.802112
0.802099
0.802086
0.802073
0.802060
0.802047
0.802034
0.802021
0.802008
0.801995
0.801982
0.801969
0.801956
0.801943
0.801930
0.801917
0.801904
0.801891
0.801878
0.801866
0.801852
0.801840
0.801826
0.801813
0.801801
0.801788
0.801775
0.801762
0.801749
0.801736
0.801723
0.801710
0.801697
0.801684
0.801671
0.801658
0.801645
0.801632
0.801619
0.801606
0.801593
0.801580
0.801567
0.801554
0.801541
0.801528
0.801515
0.801502
0.801489
0.801476
0.801463
0.801450
0.801437
0.801424
0.801411
0.801398
0.801385
0.801372
0.801359
0.801346
0.801333
0.801320
0.801307
0.801295
0.801282
0.801269
0.801256
0.801243
0.801230
0.801217
0.801204
0.801191
0.801178
0.801165
0.801152
0.801139
0.801126
0.801113
0.801100
0.801087
0.801074
0.801061
0.801048
0.801035
0.801022
0.801009
0.800996
0.800983
0.800970
0.800957
0.800944
0.800931
0.800918
0.800905
0.800892
0.800879
0.800866
0.800853
0.800840
0.800827
0.800814
0.800802
0.800789
0.800775
0.800763
0.800750
0.800737
0.800724
0.800711
0.800698
0.800685
0.800672
0.800659
0.800646
0.800633
0.800620
0.800607
0.800594
0.800581
0.800568
0.800555
0.800542
0.800529
0.800516
0.800503
0.800490
0.800477
0.800464
0.800451
0.800438
0.800425
0.800412
0.800399
0.800386
0.800373
0.800360
0.800347
0.800334
0.800321
0.800308
0.800295
0.800282
0.800269
0.800257
0.800243
0.800230
0.800218
0.800205
0.800192
0.800179
0.800166
0.800153
0.800140
0.800127
0.800114
0.800101
0.800088
0.800075
0.800062
0.800049
0.800037
0.800026
0.800016
0.800009
0.800004
0.800002
0.800001
0.800000
0.800000
