0.800000
0.800003
0.800007
0.800016
0.800031
0.800050
0.800074
0.800101
0.800129
0.800158
0.800187
0.800216
0.800245
0.800274
0.800303
0.800332
0.800361
0.800390
0.800419
0.800448
0.800477
0.800506
0.800535
0.800564
0.800593
0.800622
0.800651
0.800680
0.800709
0.800738
0.800767
0.800796
0.800825
0.800854
0.800883
0.800912
0.800941
0.800970
0.800999
0.801028
0.801057
0.801086
0.801115
0.801144
0.801173
0.801202
0.801231
0.801260
0.801288
0.801318
0.801346
0.801376
0.801404
0.801433
0.801462
0.801491
0.801520
0.801549
0.801578
0.801607
0.801636
0.801665
0.801694
0.801723
0.801752
0.801781
0.801810
0.801839
0.801868
0.801897
0.801926
0.801955
0.801984
0.802013
0.802042
0.802071
0.802100
0.802129
0.802158
0.802187
0.802216
0.802245
0.802274
0.802303
0.802332
0.802361
0.802390
0.802419
0.802448
0.802477
0.802506
0.802535
0.802564
0.802593
0.802622
0.802651
0.802680
0.802709
0.802738
0.802767
0.802796
0.802825
0.802854
0.802883
0.802912
0.802941
0.802970
0.802999
0.803028
0.803057
0.803086
0.803115
0.803144
0.803173
0.803202
0.803231
0.803260
0.803288
0.803318
0.803347
0.803376
0.803406
0.803438
0.803472
0.803511
0.803555
0.803602
0.803653
0.803705
0.803759
0.803813
0.803866
0.803920
0.803974
0.804027
0.804081
0.804135
0.804188
0.804242
0.804296
0.804350
0.804404
0.804457
0.804511
0.804565
0.804618
0.804672
0.804726
0.804780
0.804833
0.804887
0.804941
0.804994
0.805048
0.805102
0.805156
0.805209
0.805263
0.805317
0.805370
0.805424
0.805478
0.805532
0.805585
0.805639
0.805693
0.805747
0.805800
0.805854
0.805908
0.805961
0.806015
0.806069
0.806123
0.806176
0.806230
0.806284
0.806338
0.806391
0.806445
0.806499
0.806553
0.806606
0.806660
0.806714
0.806767
0.806821
0.806876
0.806931
0.806990
0.807054
0.807124
0.807203
0.807288
0.807378
0.807471
0.807565
0.807660
0.807755
0.807849
0.807944
0.808039
0.808134
0.808229
0.808324
0.808419
0.808513
0.808608
0.808703
0.808798
0.808893
0.808988
0.809083
0.809177
0.809272
0.809367
0.809462
0.809557
0.809652
0.809747
0.809842
0.809936
0.810031
0.810126
0.810221
0.810317
0.810415
0.810517
0.810626
0.810745
0.810874
0.811011
0.811156
0.811303
0.811453
0.811603
0.811753
0.811903
0.812053
0.812203
0.812353
0.812504
0.812654
0.812804
0.812954
0.813105
0.813255
0.813405
0.813555
0.813706
0.813858
0.814012
0.814170
0.814334
0.814503
0.814677
0.814855
0.815035
0.815216
0.815396
0.815577
0.815758
0.815939
0.816120
0.816301
0.816482
0.816663
0.816844
0.817025
0.817206
0.817389
0.817575
0.817767
0.817964
0.818169
0.818380
0.818595
0.818812
0.819030
0.819248
0.819466
0.819684
0.819902
0.820120
0.820338
0.820557
0.820776
0.820997
0.821222
0.821452
0.821688
0.821929
0.822175
0.822423
0.822672
0.822922
0.823172
0.823422
0.823672
0.823923
0.824174
0.824427
0.824685
0.824949
0.825222
0.825504
0.825793
0.826087
0.826383
0.826680
0.826977
0.827275
0.827572
0.827870
0.828168
0.828467
0.828766
0.829066
0.829367
0.829668
0.829970
0.830271
0.830573
0.830874
0.831176
0.831480
0.831785
0.832093
0.832405
0.832721
0.833040
0.833362
0.833684
0.834008
0.834331
0.834656
0.834983
0.835317
0.835659
0.836014
0.836382
0.836761
0.837148
0.837538
0.837931
0.838325
0.838724
0.839127
0.839538
0.839958
0.840384
0.840815
0.841249
0.841685
0.842124
0.842567
0.843015
0.843470
0.843931
0.844395
0.844863
0.845334
0.845807
0.846285
0.846769
0.847259
0.847754
0.848252
0.848753
0.849254
0.849755
0.850256
0.850757
0.851257
0.851757
0.852258
0.852761
0.853269
0.853783
0.854306
0.854835
0.855371
0.855914
0.856467
0.857033
0.857616
0.858218
0.858835
0.859464
0.860100
0.860738
0.861378
0.862018
0.862659
0.863302
0.863949
0.864603
0.865263
0.865929
0.866602
0.867280
0.867964
0.868655
0.869353
0.870059
0.870774
0.871501
0.872242
0.872995
0.873759
0.874529
0.875303
0.876078
0.876853
0.877628
0.878403
0.879178
0.879955
0.880736
0.881528
0.882336
0.883165
0.884014
0.884879
0.885757
0.886642
0.887531
0.888421
0.889312
0.890201
0.891088
0.891974
0.892860
0.893749
0.894645
0.895553
0.896480
0.897430
0.898405
0.899401
0.900411
0.901431
0.902459
0.903496
0.904543
0.905601
0.906669
0.907746
0.908830
0.909921
0.911021
0.912130
0.913248
0.914375
0.915509
0.916650
0.917795
0.918944
0.920097
0.921256
0.922422
0.923594
0.924772
0.925955
0.927143
0.928341
0.929550
0.930775
0.932017
0.933276
0.934551
0.935841
0.937144
0.938460
0.939791
0.941137
0.942497
0.943870
0.945254
0.946647
0.948050
0.949468
0.950905
0.952364
0.953845
0.955344
0.956856
0.958379
0.959913
0.961458
0.963020
0.964597
0.966191
0.967798
0.969414
0.971037
0.972667
0.974306
0.975958
0.977624
0.979304
0.980996
0.982699
0.984414
0.986146
0.987902
0.989689
0.991508
0.993356
0.995225
0.997108
0.999001
1.000902
1.002811
1.004732
1.006663
1.008603
1.010550
1.012502
1.014462
1.016432
1.018420
1.020428
1.022455
1.024499
1.026556
1.028626
1.030714
1.032827
1.034975
1.037159
1.039379
1.041627
1.043894
1.046178
1.048478
1.050798
1.053141
1.055507
1.057893
1.060295
1.062710
1.065140
1.067591
1.070072
1.072586
1.075135
1.077713
1.080312
1.082929
1.085566
1.088227
1.090920
1.093647
1.096401
1.099174
1.101957
1.104747
1.107547
1.110365
1.113208
1.116078
1.118971
1.121884
1.124812
1.127757
1.130723
1.133720
1.136751
1.139815
1.142907
1.146017
1.149142
1.152285
1.155452
1.158651
1.161886
1.165152
1.168440
1.171744
1.175062
1.178401
1.181770
1.185178
1.188627
1.192110
1.195620
1.199151
1.202704
1.206285
1.209903
1.213564
1.217265
1.221000
1.224759
1.228536
1.232334
1.236158
1.240016
1.243909
1.247833
1.251781
1.255747
1.259731
1.263740
1.267785
1.271873
1.276003
1.280167
1.284354
1.288557
1.292776
1.297021
1.301304
1.305635
1.310013
1.314432
1.318884
1.323365
1.327880
1.332437
1.337045
1.341704
1.346406
1.351141
1.355900
1.360680
1.365488
1.370333
1.375223
1.380154
1.385117
1.390103
1.395103
1.400121
1.405164
1.410240
1.415352
1.420496
1.425661
1.430842
1.436039
1.441264
1.446537
1.451873
1.457274
1.462733
1.468235
1.473767
1.479323
1.484907
1.490525
1.496180
1.501871
1.507587
1.513323
1.519075
1.524853
1.530671
1.536542
1.542470
1.548448
1.554463
1.560500
1.566557
1.572640
1.578757
1.584918
1.591120
1.597356
1.603612
1.609880
1.616165
1.622479
1.628841
1.635263
1.641744
1.648274
1.654842
1.661443
1.668077
1.674754
1.681483
1.688266
1.695096
1.701962
1.708854
1.715770
1.722717
1.729710
1.736756
1.743855
1.750996
1.758164
1.765348
1.772550
1.779782
1.787057
1.794381
1.801748
1.809146
1.816559
1.823984
1.831426
1.838901
1.846421
1.853996
1.861621
1.869289
1.876992
1.884730
1.892509
1.900342
1.908240
1.916198
1.924205
1.932243
1.940297
1.948367
1.956461
1.964590
1.972764
1.980982
1.989235
1.997512
2.005808
2.014124
2.022468
2.030849
2.039269
2.047722
2.056198
2.064690
2.073200
2.081742
2.090337
2.099000
2.107737
2.116540
2.125395
2.134287
2.143211
2.152170
2.161172
2.170224
2.179323
2.188461
2.197625
2.206809
2.216012
2.225242
2.234506
2.243805
2.253137
2.262491
2.271861
2.281247
2.290658
2.300108
2.309606
2.319151
2.328733
2.338340
2.347963
2.357604
2.367273
2.376981
2.386736
2.396536
2.406376
2.416243
2.426134
2.436049
2.445994
2.455975
2.465994
2.476045
2.486120
2.496210
2.506316
2.516449
2.526620
2.536843
2.547116
2.557432
2.567775
2.578134
2.588499
2.598870
2.609248
2.619633
2.630024
2.640421
2.650822
2.661233
2.671666
2.682135
2.692655
2.703230
2.713855
2.724520
2.735215
2.745932
2.756670
2.767432
2.778217
2.789024
2.799847
2.810679
2.821518
2.832366
2.843230
2.854116
2.865028
2.875961
2.886906
2.897851
2.908790
2.919718
2.930636
2.941545
2.952450
2.963354
2.974262
2.985182
2.996123
3.007096
3.018109
3.029167
3.040266
3.051395
3.062542
3.073701
3.084869
3.096045
3.107231
3.118429
3.129637
3.140851
3.152069
3.163286
3.174501
3.185713
3.196924
3.208130
3.219331
3.230522
3.241701
3.252864
3.264011
3.275142
3.286258
3.297364
3.308463
3.319564
3.330674
3.341803
3.352961
3.364155
3.375386
3.386648
3.397932
3.409225
3.420514
3.431788
3.443037
3.454257
3.465450
3.476622
3.487783
3.498941
3.510101
3.521265
3.532431
3.543595
3.554752
3.565899
3.577030
3.588142
3.599230
3.610289
3.621320
3.632326
3.643318
3.654304
3.665292
3.676285
3.687279
3.698269
3.709251
3.720224
3.731191
3.742157
3.753120
3.764075
3.775015
3.785932
3.796823
3.807692
3.818544
3.829382
3.840204
3.851001
3.861764
3.872485
3.883165
3.893808
3.904420
3.915008
3.925573
3.936119
3.946648
3.957164
3.967674
3.978185
3.988699
3.999209
4.009705
4.020172
4.030600
4.040988
4.051342
4.061674
4.071991
4.082295
4.092583
4.102847
4.113084
4.123295
4.133486
4.143663
4.153824
4.163962
4.174068
4.184129
4.194144
4.204119
4.214064
4.223986
4.233886
4.243755
4.253581
4.263359
4.273094
4.282797
4.292482
4.302157
4.311820
4.321461
4.331069
4.340637
4.350169
4.359674
4.369159
4.378624
4.388064
4.397468
4.406829
4.416147
4.425433
4.434697
4.443945
4.453173
4.462367
4.471511
4.480597
4.489629
4.498617
4.507576
4.516509
4.525417
4.534290
4.543123
4.551916
4.560676
4.569412
4.578131
4.586827
4.595490
4.604103
4.612658
4.621157
4.629613
4.638041
4.646448
4.654829
4.663172
4.671463
4.679697
4.687883
4.696034
4.704160
4.712264
4.720338
4.728369
4.736352
4.744286
4.752182
4.760049
4.767893
4.775710
4.783491
4.791227
4.798915
4.806562
4.814179
4.821772
4.829342
4.836875
4.844357
4.851778
4.859139
4.866454
4.873738
4.881000
4.888236
4.895431
4.902568
4.909639
4.916645
4.923600
4.930517
4.937402
4.944254
4.951064
4.957825
4.964535
4.971202
4.977839
4.984454
4.991048
4.997612
5.004137
5.010616
5.017055
5.023464
5.029854
5.036226
5.042572
5.048877
5.055125
5.061311
5.067440
5.073525
5.079576
5.085596
5.091573
5.097495
5.103351
5.109141
5.114878
5.120580
5.126259
5.131919
5.137552
5.143147
5.148697
5.154201
5.159671
5.165116
5.170545
5.175954
5.181335
5.186679
5.191982
5.197249
5.202491
5.207717
5.212927
5.218114
5.223265
5.228369
5.233424
5.238436
5.243414
5.248364
5.253284
5.258165
5.262999
5.267781
5.272517
5.277219
5.281901
5.286566
5.291212
5.295826
5.300392
5.304904
5.309365
5.313790
5.318192
5.322577
5.326945
5.331287
5.335596
5.339870
5.344114
5.348337
5.352544
5.356736
5.360909
5.365056
5.369173
5.373261
5.377325
5.381370
5.385395
5.389394
5.393356
5.397272
5.401142
5.404974
5.408782
5.412574
5.416352
5.420106
5.423825
5.427500
5.431131
5.434725
5.438294
5.441845
5.445382
5.448903
5.452404
5.455886
5.459351
5.462804
5.466245
5.469670
5.473068
5.476425
5.479732
5.482989
5.486203
5.489387
5.492548
5.495689
5.498804
5.501889
5.504943
5.507970
5.510980
5.513978
5.516967
5.519944
5.522902
5.525835
5.528745
5.531636
5.534511
5.537371
5.540211
5.543019
5.545785
5.548506
5.551185
5.553835
5.556468
5.559092
5.561707
5.564312
5.566901
5.569474
5.572029
5.574565
5.577079
5.579565
5.582011
5.584413
5.586771
5.589092
5.591389
5.593671
5.595945
5.598212
5.600470
5.602718
5.604955
5.607184
5.609404
5.611613
5.613803
5.615965
5.618092
5.620182
5.622240
5.624276
5.626297
5.628309
5.630311
5.632302
5.634279
5.636243
5.638195
5.640138
5.642069
5.643982
5.645868
5.647719
5.649536
5.651324
5.653093
5.654851
5.656601
5.658344
5.660077
5.661800
5.663512
5.665214
5.666907
5.668588
5.670252
5.671890
5.673497
5.675073
5.676625
5.678160
5.679684
5.681203
5.682717
5.684228
5.685735
5.687238
5.688736
5.690227
5.691708
5.693174
5.694621
5.696044
5.697446
5.698829
5.700196
5.701551
5.702890
5.704212
5.705513
5.706791
5.708050
5.709293
5.710525
5.711747
5.712959
5.714161
5.715351
5.716530
5.717699
5.718863
5.720021
5.721174
5.722320
5.723457
5.724584
5.725700
5.726806
5.727900
5.728980
5.730045
5.731092
5.732123
5.733135
5.734133
5.735117
5.736093
5.737065
5.738034
5.739004
5.739974
5.740943
5.741912
5.742879
5.743841
5.744798
5.745746
5.746686
5.747616
5.748533
5.749438
5.750328
5.751203
5.752062
5.752904
5.753730
5.754539
5.755333
5.756112
5.756880
5.757639
5.758393
5.759144
5.759893
5.760639
5.761383
5.762125
5.762863
5.763599
5.764329
5.765053
5.765768
5.766473
5.767170
5.767858
5.768538
5.769208
5.769868
5.770520
5.771163
5.771800
5.772430
5.773051
5.773665
5.774272
5.774872
5.775467
5.776055
5.776635
5.777208
5.777774
5.778335
5.778893
5.779449
5.780003
5.780557
5.781109
5.781659
5.782206
5.782749
5.783283
5.783806
5.784319
5.784821
5.785317
5.785808
5.786299
5.786788
5.787276
5.787763
5.788249
5.788734
5.789218
5.789699
5.790176
5.790647
5.791111
5.791565
5.792014
5.792457
5.792898
5.793335
5.793766
5.794189
5.794601
5.795002
5.795392
5.795777
5.796157
5.796536
5.796915
5.797292
5.797667
5.798040
5.798411
5.798779
5.799145
5.799510
5.799875
5.800239
5.800602
5.800963
5.801321
5.801675
5.802022
5.802365
5.802705
5.803042
5.803379
5.803715
5.804051
5.804385
5.804717
5.805045
5.805368
5.805686
5.805998
5.806308
5.806616
5.806922
5.807229
5.807536
5.807842
5.808147
5.808450
5.808751
5.809048
5.809342
5.809632
5.809921
5.810209
5.810497
5.810785
5.811072
5.811359
5.811645
5.811926
5.812200
5.812465
5.812718
5.812962
5.813198
5.813431
5.813662
5.813892
5.814123
5.814353
5.814583
5.814813
5.815043
5.815273
5.815503
5.815731
5.815957
5.816180
5.816401
5.816620
5.816837
5.817053
5.817269
5.817485
5.817701
5.817916
5.818132
5.818348
5.818564
5.818779
5.818992
5.819202
5.819406
5.819599
5.819782
5.819953
5.820115
5.820273
5.820428
5.820581
5.820735
5.820889
5.821043
5.821196
5.821350
5.821503
5.821657
5.821810
5.821964
5.822118
5.822272
5.822425
5.822579
5.822732
5.822885
5.823037
5.823188
5.823336
5.823483
5.823628
5.823772
5.823916
5.824059
5.824202
5.824345
5.824487
5.824629
5.824768
5.824901
5.825019
5.825115
5.825185
5.825229
5.825251
5.825261
5.825264
5.825265
5.825265
5.825265
5.825265
5.825265
5.825265
5.825265
5.825265
5.825265
5.825265
5.825265
5.825265
5.825265
5.825265
5.825265
5.825265
5.825265
5.825265
5.825265
5.825265
5.825265
5.825265
5.825265
5.825265
5.825265
5.825265
5.825265
5.825265
5.825265
5.825265
5.825265
5.825265
5.825265
5.825265
5.825265
5.825265
5.825265
5.825265
5.825265
5.825265
5.825265
5.825265
5.825265
5.825265
5.825265
5.825265
5.825265
5.825265
5.825265
5.825265
5.825265
5.825265
5.825265
5.825265
5.825265
5.825265
5.825265
5.825265
5.825265
5.825265
5.825265
5.825265
5.825265
5.825265
5.825265
5.825265
5.825265
5.825265
5.825265
5.825265
5.825265
5.825265
5.825265
5.825265
5.825265
5.825265
5.825265
5.825265
5.825265
5.825265
5.825265
5.825265
5.825265
5.825265
5.825265
5.825265
5.825265
5.825265
5.825265
5.825265
5.825265
5.825265
5.825265
5.825265
5.825265
5.825265
5.825265
5.825265
5.825265
5.825265
5.825265
5.825265
5.825265
5.825265
5.825265
5.825265
5.825265
5.825265
5.825265
5.825265
5.825265
5.825265
5.825265
5.825265
5.825265
5.825265
5.825265
5.825265
5.825265
5.825265
5.825265
5.825265
5.825265
5.825265
5.825265
5.825265
5.825265
5.825265
5.825265
5.825265
5.825265
5.825265
5.825265
5.825265
5.825265
5.825265
5.825265
5.825265
5.825265
5.825265
5.825265
5.825265
5.825265
5.825265
5.825265
5.825265
5.825265
5.825265
5.825265
5.825265
5.825265
5.825265
5.825265
5.825265
5.825265
5.825265
5.825265
5.825265
5.825265
5.825265
5.825265
5.825265
5.825265
5.825265
5.825265
5.825265
5.825265
5.825265
5.825265
5.825265
5.825265
5.825265
5.825265
5.825265
5.825265
5.825265
5.825265
5.825265
5.825265
5.825265
5.825265
5.825265
5.825265
5.825265
5.825265
5.825265
5.825265
5.825265
5.825265
5.825265
5.825265
5.825265
5.825265
5.825265
5.825265
5.825265
5.825265
5.825265
5.825265
5.825265
5.825265
5.825265
5.825265
5.825265
5.825265
5.825265
5.825265
5.825265
5.825265
5.825265
5.825265
5.825265
5.825265
5.825265
5.825265
5.825265
5.825265
5.825265
5.825265
5.825265
5.825265
5.825265
5.825265
5.825265
5.825265
5.825265
5.825265
5.825265
5.825265
5.825265
5.825265
5.825265
5.825265
5.825265
5.825265
5.825265
5.825265
5.825265
5.825265
5.825265
5.825265
5.825265
5.825265
5.825265
5.825265
5.825265
5.825265
5.825265
5.825265
5.825265
5.825265
5.825265
5.825265
5.825265
5.825265
5.825265
5.825265
5.825265
5.825265
5.825265
5.825265
5.825265
5.825265
5.825265
5.825265
5.825265
5.825265
5.825265
5.825265
5.825265
5.825265
5.825265
5.825265
5.825265
5.825265
5.825265
5.825265
5.825265
5.825265
5.825265
5.825265
5.825265
5.825265
5.825265
5.825265
5.825265
5.825265
5.825265
5.825265
5.825265
5.825265
5.825265
5.825265
5.825265
5.825265
5.825265
5.825265
5.825265
5.825265
5.825265
5.825265
5.825265
5.825265
5.825265
5.825265
5.825265
5.825265
5.825265
5.825265
5.825265
5.825265
5.825265
5.825265
5.825265
5.825265
5.825265
5.825265
5.825265
5.825265
5.825265
5.825265
5.825265
5.825265
5.825265
5.825265
5.825265
5.825265
5.825265
5.825265
5.825265
5.825265
5.825265
5.825265
5.825265
5.825265
5.825265
5.825265
5.825265
5.825265
5.825265
5.825265
5.825265
5.825265
5.825265
5.825265
5.825265
5.825265
5.825265
5.825265
5.825265
5.825265
5.825265
5.825265
5.825265
5.825265
5.825265
5.825265
5.825265
5.825265
5.825265
5.825265
5.825265
5.825265
5.825265
5.825265
5.825265
5.825265
5.825265
5.825265
5.825265
5.825265
5.825265
5.825265
5.825265
5.825265
5.825265
5.825265
5.825265
5.825265
5.825265
5.825265
5.825265
5.825265
5.825265
5.825265
5.825265
5.825265
5.825265
5.825265
5.825265
5.825265
5.825265
5.825265
5.825265
5.825265
5.825265
5.825265
5.825265
5.825265
5.825265
5.825265
5.825265
5.825265
5.825265
5.825265
5.825265
5.825265
5.825265
5.825265
5.825265
5.825265
5.825265
5.825265
5.825265
5.825265
5.825265
5.825265
5.825265
5.825265
5.825265
5.825265
5.825265
5.825265
5.825265
5.825265
5.825265
5.825265
5.825265
5.825265
5.825265
5.825265
5.825265
5.825265
5.825265
5.825265
5.825265
5.825265
5.825265
5.825265
5.825265
5.825265
5.825265
5.825265
5.825265
5.825265
5.825265
5.825265
5.825265
5.825265
5.825265
5.825265
5.825265
5.825265
5.825265
5.825265
5.825265
5.825265
5.825265
5.825265
5.825265
5.825265
5.825265
5.825265
5.825265
5.825265
5.825265
5.825265
5.825265
5.825265
5.825265
5.825265
5.825265
5.825265
5.825265
5.825265
5.825265
5.825265
5.825265
5.825265
5.825265
5.825265
5.825265
5.825265
5.825265
5.825265
5.825265
5.825265
5.825265
5.825265
5.825265
5.825265
5.825265
5.825265
5.825265
5.825265
5.825265
5.825265
5.825265
5.825265
5.825265
5.825265
5.825265
5.825265
5.825265
5.825265
5.825265
5.825265
5.825265
5.825265
5.825265
5.825265
5.825265
5.825265
5.825265
5.825265
5.825265
5.825265
5.825265
5.825265
5.825265
5.825265
5.825265
5.825265
5.825265
5.825265
5.825265
5.825265
5.825265
5.825265
5.825265
5.825265
5.825265
5.825265
5.825265
5.825265
5.825265
5.825265
5.825265
5.825265
5.825265
5.825265
5.825265
5.825265
5.825265
5.825265
5.825265
5.825265
5.825265
5.825265
5.825265
5.825265
5.825265
5.825265
5.825265
5.825265
5.825265
5.825265
5.825265
5.825265
5.825265
5.825265
5.825265
5.825265
5.825265
5.825265
5.825265
5.825265
5.825265
5.825265
5.825265
5.825265
5.825265
5.825265
5.825265
5.825265
5.825265
5.825265
5.825265
5.825265
5.825265
5.825265
5.825265
5.825265
5.825265
5.825265
5.825265
5.825265
5.825265
5.825265
5.825265
5.825265
5.825265
5.825265
5.825265
5.825265
5.825265
5.825265
5.825265
5.825265
5.825265
5.825265
5.825265
5.825265
5.825265
5.825265
5.825265
5.825265
5.825265
5.825265
5.825265
5.825265
5.825265
5.825265
5.825265
5.825265
5.825265
5.825265
5.825265
5.825265
5.825265
5.825265
5.825265
5.825265
5.825265
5.825265
5.825265
5.825265
5.825265
5.825265
5.825265
5.825265
5.825265
5.825265
5.825265
5.825265
5.825265
5.825265
5.825265
5.825265
5.825265
5.825265
5.825265
5.825265
5.825265
5.825265
5.825265
5.825265
5.825265
5.825265
5.825265
5.825265
5.825265
5.825265
5.825265
5.825265
5.825265
5.825265
5.825265
5.825265
5.825265
5.825265
5.825265
5.825265
5.825265
5.825265
5.825265
5.825265
5.825265
5.825265
5.825265
5.825265
5.825265
5.825265
5.825265
5.825265
5.825265
5.825265
5.825265
5.825265
5.825265
5.825265
5.825265
5.825265
5.825265
5.825265
5.825265
5.825265
5.825265
5.825265
5.825265
5.825265
5.825265
5.825265
5.825265
5.825265
5.825265
5.825265
5.825265
5.825265
5.825265
5.825265
5.825265
5.825265
5.825265
5.825265
5.825265
5.825265
5.825265
5.825265
5.825265
5.825265
5.825265
5.825265
5.825265
5.825265
5.825265
5.825265
5.825265
5.825265
5.825265
5.825265
5.825265
5.825265
5.825265
5.825265
5.825265
5.825265
5.825265
5.825265
5.825265
5.825265
5.825265
5.825265
5.825265
5.825265
5.825265
5.825265
5.825265
5.825265
5.825265
5.825265
5.825265
5.825265
5.825265
5.825265
5.825265
5.825265
5.825265
5.825265
5.825265
5.825265
5.825265
5.825265
5.825265
5.825265
5.825265
5.825265
5.825265
5.825265
5.825265
5.825265
5.825265
5.825265
5.825265
5.825265
5.825265
5.825265
5.825265
5.825265
5.825265
5.825265
5.825265
5.825265
5.825265
5.825265
5.825265
5.825265
5.825265
5.825265
5.825265
5.825265
5.825265
5.825265
5.825265
5.825265
5.825265
5.825265
5.825265
5.825265
5.825265
5.825265
5.825265
5.825265
5.825265
5.825265
5.825265
5.825265
5.825265
5.825265
5.825265
5.825265
5.825265
5.825265
5.825265
5.825265
5.825265
5.825265
5.825265
5.825265
5.825265
5.825265
5.825265
5.825265
5.825265
5.825265
5.825265
5.825265
5.825265
5.825265
5.825265
5.825265
5.825265
5.825265
5.825265
5.825265
5.825265
5.825265
5.825265
5.825265
5.825265
5.825265
5.825265
5.825265
5.825265
5.825265
5.825265
5.825265
5.825265
5.825265
5.825265
5.825265
5.825265
5.825265
5.825265
5.825265
5.825265
5.825265
5.825265
5.825265
5.825265
5.825265
5.825265
5.825265
5.825265
5.825265
5.825265
5.825265
5.825265
5.825265
5.825265
5.825265
5.825265
5.825265
5.825265
5.825265
5.825265
5.825265
5.825265
5.825265
5.825265
5.825265
5.825265
5.825265
5.825265
5.825265
5.825265
5.825265
5.825265
5.825265
5.825265
5.825265
5.825265
5.825265
5.825265
5.825265
5.825265
5.825265
5.825265
5.825265
5.825265
5.825265
5.825265
5.825265
5.825265
5.825265
5.825265
5.825265
5.825265
5.825265
5.825265
5.825265
5.825265
5.825265
5.825265
5.825265
5.825265
5.825265
5.825265
5.825265
5.825265
5.825265
5.825265
5.825265
5.825265
5.825265
5.825265
5.825265
5.825265
5.825265
5.825265
5.825265
5.825265
5.825265
5.825265
5.825265
5.825265
5.825265
5.825265
5.825265
5.825265
5.825265
5.825265
5.825265
5.825265
5.825265
5.825265
5.825265
5.825265
5.825265
5.825265
5.825265
5.825265
5.825265
5.825265
5.825265
5.825265
5.825265
5.825265
5.825265
5.825265
5.825265
5.825265
5.825265
5.825265
5.825265
5.825265
5.825265
5.825265
5.825265
5.825265
5.825265
5.825265
5.825265
5.825265
5.825265
5.825265
5.825265
5.825265
5.825265
5.825265
5.825265
5.825265
5.825265
5.825265
5.825265
5.825265
5.825265
5.825265
5.825265
5.825265
5.825265
5.825265
5.825265
5.825265
5.825265
5.825265
5.825265
5.825265
5.825265
5.825265
5.825265
5.825265
5.825265
5.825265
5.825265
5.825265
5.825265
5.825265
5.825265
5.825265
5.825265
5.825265
5.825265
5.825265
5.825265
5.825265
5.825265
5.825265
5.825265
5.825265
5.825265
5.825265
5.825265
5.825265
5.825265
5.825265
5.825265
5.825265
5.825265
5.825265
5.825265
5.825265
5.825265
5.825265
5.825265
5.825265
5.825265
5.825265
5.825265
5.825265
5.825265
5.825265
5.825265
5.825265
5.825265
5.825265
5.825265
5.825265
5.825265
5.825265
5.825265
5.825265
5.825265
5.825265
5.825265
5.825265
5.825265
5.825265
5.825265
5.825265
5.825265
5.825265
5.825265
5.825265
5.825265
5.825265
5.825265
5.825265
5.825265
5.825265
5.825265
5.825265
5.825265
5.825265
5.825265
5.825265
5.825265
5.825265
5.825265
5.825265
5.825265
5.825265
5.825265
5.825265
5.825265
5.825265
5.825265
5.825265
5.825265
5.825265
5.825265
5.825265
5.825265
5.825265
5.825265
5.825265
5.825265
5.825265
5.825265
5.825265
5.825265
5.825265
5.825265
5.825265
5.825265
5.825265
5.825265
5.825265
5.825265
5.825265
5.825265
5.825265
5.825265
5.825265
5.825265
5.825265
5.825265
5.825265
5.825265
5.825265
5.825265
5.825265
5.825265
5.825265
5.825265
5.825265
5.825265
5.825265
5.825265
5.825265
5.825265
5.825265
5.825265
5.825265
5.825265
5.825265
5.825265
5.825265
5.825265
5.825265
5.825265
5.825265
5.825265
5.825265
5.825265
5.825265
5.825265
5.825265
5.825265
5.825265
5.825265
5.825265
5.825265
5.825265
5.825265
5.825265
5.825265
5.825265
5.825265
5.825265
5.825265
5.825265
5.825265
5.825265
5.825265
5.825265
5.825265
5.825265
5.825265
5.825265
5.825265
5.825265
5.825265
5.825265
5.825265
5.825265
5.825265
5.825265
5.825265
5.825265
5.825265
5.825265
5.825265
5.825265
5.825265
5.825265
5.825265
5.825265
5.825265
5.825265
5.825265
5.825265
5.825265
5.825265
5.825265
5.825265
5.825265
5.825265
5.825265
5.825265
5.825265
5.825265
5.825265
5.825265
5.825265
5.825265
5.825265
5.825265
5.825265
5.825265
5.825265
5.825265
5.825265
5.825265
5.825265
5.825265
5.825265
5.825265
5.825265
5.825265
5.825265
5.825265
5.825265
5.825265
5.825265
5.825265
5.825265
5.825265
5.825265
5.825265
5.825265
5.825265
5.825265
5.825265
5.825265
5.825265
5.825265
5.825265
5.825265
5.825265
5.825265
5.825265
5.825265
5.825265
5.825265
5.825265
5.825265
5.825265
5.825265
5.825265
5.825265
5.825265
5.825265
5.825265
5.825265
5.825265
5.825265
5.825265
5.825265
5.825265
5.825265
5.825265
5.825265
5.825265
5.825265
5.825265
5.825265
5.825265
5.825265
5.825265
5.825265
5.825265
5.825265
5.825265
5.825265
5.825265
5.825265
5.825265
5.825265
5.825265
5.825265
5.825265
5.825265
5.825265
5.825265
5.825265
5.825265
5.825265
5.825265
5.825265
5.825265
5.825265
5.825265
5.825265
5.825265
5.825265
5.825265
5.825265
5.825265
5.825265
5.825265
5.825265
5.825265
5.825265
5.825265
5.825265
5.825265
5.825265
5.825265
5.825265
5.825265
5.825265
5.825265
5.825265
5.825265
5.825265
5.825265
5.825265
5.825265
5.825265
5.825265
5.825265
5.825265
5.825265
5.825265
5.825265
5.825265
5.825265
5.825265
5.825265
5.825265
5.825265
5.825265
5.825265
5.825265
5.825265
5.825265
5.825265
5.825265
5.825265
5.825265
5.825265
5.825265
5.825265
5.825265
5.825265
5.825265
5.825265
5.825265
5.825265
5.825265
5.825265
5.825265
5.825265
5.825265
5.825265
5.825265
5.825265
5.825265
5.825265
5.825265
5.825265
5.825265
5.825265
5.825265
5.825265
5.825265
5.825265
5.825265
5.825265
5.825265
5.825265
5.825265
5.825265
5.825265
5.825265
5.825265
5.825265
5.825265
5.825265
5.825265
5.825265
5.825265
5.825265
5.825265
5.825265
5.825265
5.825265
5.825265
5.825265
5.825265
5.825265
5.825265
5.825265
5.825265
5.825265
5.825265
5.825265
5.825265
5.825265
5.825265
5.825265
5.825265
5.825265
5.825265
5.825265
5.825265
5.825265
5.825265
5.825265
5.825265
5.825265
5.825265
5.825265
5.825265
5.825265
5.825265
5.825265
5.825265
5.825265
5.825265
5.825265
5.825265
5.825265
5.825265
5.825265
5.825265
5.825265
5.825265
5.825265
5.825265
5.825265
5.825265
5.825265
5.825265
5.825265
5.825265
5.825265
5.825265
5.825265
5.825265
5.825265
5.825265
5.825265
5.825265
5.825265
5.825265
5.825265
5.825265
5.825265
5.825265
5.825265
5.825265
5.825265
5.825265
5.825265
5.825265
5.825265
5.825265
5.825265
5.825265
5.825265
5.825265
5.825265
5.825265
5.825265
5.825265
5.825265
5.825265
5.825265
5.825265
5.825265
5.825265
5.825265
5.825265
5.825265
5.825265
5.825265
5.825265
5.825265
5.825265
5.825265
5.825265
5.825265
5.825265
5.825265
5.825265
5.825265
5.825265
5.825265
5.825265
5.825265
5.825265
5.825265
5.825265
5.825265
5.825265
5.825265
5.825265
5.825265
5.825265
5.825265
5.825265
5.825265
5.825265
5.825265
5.825265
5.825265
5.825265
5.825265
5.825265
5.825265
5.825265
5.825265
5.825265
5.825265
5.825265
5.825265
5.825265
5.825265
5.825265
5.825265
5.825265
5.825265
5.825265
5.825265
5.825265
5.825265
5.825265
5.825265
5.825265
5.825265
5.825265
5.825265
5.825265
5.825265
5.825265
5.825265
5.825265
5.825265
5.825265
5.825265
5.825265
5.825265
5.825265
5.825265
5.825265
5.825265
5.825265
5.825265
5.825265
5.825265
5.825265
5.825265
5.825265
5.825265
5.825265
5.825265
5.825265
5.825265
5.825265
5.825265
5.825265
5.825265
5.825265
5.825265
5.825265
5.825265
5.825265
5.825265
5.825265
5.825265
5.825265
5.825265
5.825265
5.825265
5.825265
5.825265
5.825265
5.825265
5.825265
5.825265
5.825265
5.825265
5.825265
5.825265
5.825265
5.825265
5.825265
5.825265
5.825265
5.825265
5.825265
5.825265
5.825265
5.825265
5.825265
5.825265
5.825265
5.825265
5.825265
5.825265
5.825265
5.825265
5.825265
5.825265
5.825265
5.825265
5.825265
5.825265
5.825265
5.825265
5.825265
5.825265
5.825265
5.825265
5.825265
5.825265
5.825265
5.825265
5.825265
5.825265
5.825265
5.825265
5.825265
5.825265
5.825265
5.825265
5.825265
5.825265
5.825265
5.825265
5.825265
5.825265
5.825265
5.825265
5.825265
5.825265
5.825265
5.825265
5.825265
5.825265
5.825265
5.825265
5.825265
5.825265
5.825265
5.825265
5.825265
5.825265
5.825265
5.825265
5.825265
5.825265
5.825265
5.825265
5.825265
5.825265
5.825265
5.825265
5.825265
5.825265
5.825265
5.825265
5.825265
5.825265
5.825265
5.825265
5.825265
5.825265
5.825265
5.825265
5.825265
5.825265
5.825265
5.825265
5.825265
5.825265
5.825265
5.825265
5.825265
5.825265
5.825265
5.825265
5.825265
5.825265
5.825265
5.825265
5.825265
5.825265
5.825265
5.825265
5.825265
5.825265
5.825265
5.825265
5.825265
5.825265
5.825265
5.825265
5.825265
5.825265
5.825265
5.825265
5.825265
5.825265
5.825265
5.825265
5.825265
5.825265
5.825265
5.825265
5.825265
5.825265
5.825265
5.825265
5.825265
5.825265
5.825265
5.825265
5.825265
5.825265
5.825265
5.825265
5.825265
5.825265
5.825265
5.825265
5.825265
5.825265
5.825265
5.825265
5.825265
5.825265
5.825265
5.825265
5.825265
5.825265
5.825265
5.825265
5.825265
5.825265
5.825265
5.825265
5.825265
5.825265
5.825265
5.825265
5.825265
5.825265
5.825265
5.825265
5.825265
5.825265
5.825265
5.825265
5.825265
5.825265
5.825265
5.825265
5.825265
5.825265
5.825265
5.825265
5.825265
5.825265
5.825265
5.825265
5.825265
5.825265
5.825265
5.825265
5.825265
5.825265
5.825265
5.825265
5.825265
5.825265
5.825265
5.825265
5.825265
5.825265
5.825265
5.825265
5.825265
5.825265
5.825265
5.825265
5.825265
5.825265
5.825265
5.825265
5.825265
5.825265
5.825265
5.825265
5.825265
5.825265
5.825265
5.825265
5.825265
5.825265
5.825265
5.825265
5.825265
5.825265
5.825265
5.825265
5.825265
5.825265
5.825265
5.825265
5.825265
5.825265
5.825265
5.825265
5.825265
5.825265
5.825265
5.825265
5.825265
5.825265
5.825265
5.825265
5.825265
5.825265
5.825265
5.825265
5.825265
5.825265
5.825265
5.825265
5.825265
5.825265
5.825265
5.825265
5.825265
5.825265
5.825265
5.825265
5.825265
5.825265
5.825265
5.825265
5.825265
5.825265
5.825265
5.825265
5.825265
5.825265
5.825265
5.825265
5.825265
5.825265
5.825265
5.825265
5.825265
5.825265
5.825265
5.825265
5.825265
5.825265
5.825265
5.825265
5.825265
5.825265
5.825265
5.825265
5.825265
5.825265
5.825265
5.825265
5.825265
5.825265
5.825265
5.825265
5.825265
5.825265
5.825265
5.825265
5.825265
5.825265
5.825265
5.825265
5.825265
5.825265
5.825265
5.825265
5.825265
5.825265
5.825265
5.825265
5.825265
5.825265
5.825265
5.825265
5.825265
5.825265
5.825265
5.825265
5.825265
5.825265
5.825265
5.825265
5.825265
5.825265
5.825265
5.825265
5.825265
5.825265
5.825265
5.825265
5.825265
5.825265
5.825265
5.825265
5.825265
5.825265
5.825265
5.825265
5.825265
5.825265
5.825265
5.825265
5.825265
5.825265
5.825265
5.825265
5.825265
5.825265
5.825265
5.825265
5.825265
5.825265
5.825265
5.825265
5.825265
5.825265
5.825265
5.825265
5.825265
5.825265
5.825265
5.825265
5.825265
5.825265
5.825265
5.825265
5.825265
5.825265
5.825265
5.825265
5.825265
5.825265
5.825265
5.825265
5.825265
5.825265
5.825265
5.825265
5.825265
5.825265
5.825265
5.825265
5.825265
5.825265
5.825265
5.825265
5.825265
5.825265
5.825265
5.825265
5.825265
5.825265
5.825265
5.825265
5.825265
5.825265
5.825265
5.825265
5.825265
5.825265
5.825265
5.825265
5.825265
5.825265
5.825265
5.825265
5.825265
5.825265
5.825265
5.825265
5.825265
5.825265
5.825265
5.825265
5.825265
5.825265
5.825265
5.825265
5.825265
5.825265
5.825265
5.825265
5.825265
5.825265
5.825265
5.825265
5.825265
5.825265
5.825265
5.825265
5.825265
5.825265
5.825265
5.825265
5.825265
5.825265
5.825265
5.825265
5.825265
5.825265
5.825265
5.825265
5.825265
5.825265
5.825265
5.825265
5.825265
5.825265
5.825265
5.825265
5.825265
5.825265
5.825265
5.825265
5.825265
5.825265
5.825265
5.825265
5.825265
5.825265
5.825265
5.825265
5.825265
5.825265
5.825265
5.825265
5.825265
5.825265
5.825265
5.825265
5.825265
5.825265
5.825265
5.825265
5.825265
5.825265
5.825265
5.825265
5.825265
5.825265
5.825265
5.825265
5.825265
5.825265
5.825265
5.825265
5.825265
5.825265
5.825265
5.825265
5.825265
5.825265
5.825265
5.825265
5.825265
5.825265
5.825265
5.825265
5.825265
5.825265
5.825265
5.825265
5.825265
5.825265
5.825265
5.825265
5.825265
5.825265
5.825265
5.825265
5.825265
5.825265
5.825265
5.825265
5.825265
5.825265
5.825265
5.825265
5.825265
5.825265
5.825265
5.825265
5.825265
5.825265
5.825265
5.825265
5.825265
5.825265
5.825265
5.825265
5.825265
5.825265
5.825265
5.825265
5.825265
5.825265
5.825265
5.825265
5.825265
5.825265
5.825265
5.825265
5.825265
5.825265
5.825265
5.825265
5.825265
5.825265
5.825265
5.825265
5.825265
5.825265
5.825265
5.825265
5.825265
5.825265
5.825265
5.825265
5.825265
5.825265
5.825265
5.825265
5.825265
5.825265
5.825265
5.825265
5.825265
5.825265
5.825265
5.825265
5.825265
5.825265
5.825265
5.825265
5.825265
5.825265
5.825265
5.825265
5.825265
5.825265
5.825265
5.825265
5.825265
5.825265
5.825265
5.825265
5.825265
5.825265
5.825265
5.825265
5.825265
5.825265
5.825265
5.825265
5.825265
5.825265
5.825265
5.825265
5.825265
5.825265
5.825265
5.825265
5.825265
5.825265
5.825265
5.825265
5.825265
5.825265
5.825265
5.825265
5.825265
5.825265
5.825265
5.825265
5.825265
5.825265
5.825265
5.825265
5.825265
5.825265
5.825265
5.825265
5.825265
5.825265
5.825265
5.825265
5.825265
5.825265
5.825265
5.825265
5.825265
5.825265
5.825265
5.825265
5.825265
5.825265
5.825265
5.825265
5.825265
5.825265
5.825265
5.825265
5.825265
5.825265
5.825265
5.825265
5.825265
5.825265
5.825265
5.825265
5.825265
5.825265
5.825265
5.825265
5.825265
5.825265
5.825265
5.825265
5.825265
5.825265
5.825265
5.825265
5.825265
5.825265
5.825265
5.825265
5.825265
5.825265
5.825265
5.825265
5.825265
5.825265
5.825265
5.825265
5.825265
5.825265
5.825265
5.825265
5.825265
5.825265
5.825265
5.825265
5.825265
5.825265
5.825265
5.825265
5.825265
5.825265
5.825265
5.825265
5.825265
5.825265
5.825265
5.825265
5.825265
5.825265
5.825265
5.825265
5.825265
5.825265
5.825265
5.825265
5.825265
5.825265
5.825265
5.825265
5.825265
5.825265
5.825265
5.825265
5.825265
5.825265
5.825265
5.825265
5.825265
5.825265
5.825265
5.825265
5.825265
5.825265
5.825265
5.825265
5.825265
5.825265
5.825265
5.825265
5.825265
5.825265
5.825265
5.825265
5.825265
5.825265
5.825265
5.825265
5.825265
5.825265
5.825265
5.825265
5.825265
5.825265
5.825265
5.825265
5.825265
5.825265
5.825265
5.825265
5.825265
5.825265
5.825265
5.825265
5.825265
5.825265
5.825265
5.825265
5.825265
5.825265
5.825265
5.825265
5.825265
5.825265
5.825265
5.825265
5.825265
5.825265
5.825265
5.825265
5.825265
5.825265
5.825265
5.825265
5.825265
5.825265
5.825265
5.825265
5.825265
5.825265
5.825265
5.825265
5.825265
5.825265
5.825265
5.825265
5.825265
5.825265
5.825265
5.825265
5.825265
5.825265
5.825265
5.825265
5.825265
5.825265
5.825265
5.825265
5.825265
5.825265
5.825265
5.825265
5.825265
5.825265
5.825265
5.825265
5.825265
5.825265
5.825265
5.825265
5.825265
5.825265
5.825265
5.825265
5.825265
5.825265
5.825265
5.825265
5.825265
5.825265
5.825265
5.825265
5.825265
5.825265
5.825265
5.825265
5.825265
5.825265
5.825265
5.825265
5.825265
5.825265
5.825265
5.825265
5.825265
5.825265
5.825265
5.825265
5.825265
5.825265
5.825265
5.825265
5.825265
5.825265
5.825265
5.825265
5.825265
5.825265
5.825265
5.825265
5.825265
5.825265
5.825265
5.825265
5.825265
5.825265
5.825265
5.825265
5.825265
5.825265
5.825265
5.825265
5.825265
5.825265
5.825265
5.825265
5.825265
5.825265
5.825265
5.825265
5.825265
5.825265
5.825265
5.825265
5.825265
5.825265
5.825265
5.825265
5.825265
5.825265
5.825265
5.825265
5.825265
5.825265
5.825265
5.825265
5.825265
5.825265
5.825265
5.825265
5.825265
5.825265
5.825265
5.825265
5.825265
5.825265
5.825265
5.825265
5.825265
5.825265
5.825265
5.825265
5.825265
5.825265
5.825265
5.825265
5.825265
5.825265
5.825265
5.825265
5.825265
5.825265
5.825265
5.825265
5.825265
5.825265
5.825265
5.825265
5.825265
5.825265
5.825265
5.825265
5.825265
5.825264
5.825261
5.825255
5.825243
5.825225
5.825200
5.825170
5.825136
5.825101
5.825066
5.825030
5.824995
5.824959
5.824923
5.824887
5.824852
5.824816
5.824780
5.824744
5.824709
5.824673
5.824637
5.824601
5.824566
5.824530
5.824494
5.824458
5.824423
5.824387
5.824351
5.824316
5.824280
5.824244
5.824208
5.824172
5.824137
5.824101
5.824065
5.824029
5.823993
5.823958
5.823922
5.823886
5.823850
5.823815
5.823779
5.823743
5.823707
5.823672
5.823636
5.823600
5.823564
5.823528
5.823493
5.823457
5.823421
5.823385
5.823349
5.823312
5.823275
5.823238
5.823200
5.823162
5.823123
5.823085
5.823047
5.823008
5.822970
5.822931
5.822893
5.822854
5.822816
5.822777
5.822739
5.822701
5.822662
5.822624
5.822586
5.822547
5.822509
5.822471
5.822432
5.822394
5.822355
5.822317
5.822279
5.822240
5.822202
5.822163
5.822125
5.822086
5.822048
5.822009
5.821971
5.821933
5.821894
5.821856
5.821817
5.821779
5.821741
5.821703
5.821664
5.821626
5.821588
5.821549
5.821511
5.821472
5.821433
5.821395
5.821357
5.821318
5.821280
5.821241
5.821203
5.821165
5.821127
5.821088
5.821050
5.821011
5.820973
5.820935
5.820896
5.820858
5.820819
5.820781
5.820742
5.820704
5.820666
5.820627
5.820589
5.820550
5.820512
5.820474
5.820436
5.820397
5.820359
5.820320
5.820282
5.820243
5.820205
5.820166
5.820128
5.820090
5.820051
5.820013
5.819974
5.819936
5.819897
5.819859
5.819819
5.819778
5.819735
5.819689
5.819642
5.819592
5.819541
5.819489
5.819436
5.819382
5.819328
5.819275
5.819221
5.819167
5.819113
5.819059
5.819005
5.818951
5.818897
5.818843
5.818789
5.818735
5.818681
5.818627
5.818573
5.818519
5.818465
5.818412
5.818358
5.818304
5.818250
5.818196
5.818142
5.818088
5.818034
5.817980
5.817926
5.817872
5.817818
5.817764
5.817710
5.817656
5.817602
5.817548
5.817494
5.817441
5.817387
5.817333
5.817279
5.817225
5.817171
5.817116
5.817062
5.817008
5.816954
5.816901
5.816847
5.816793
5.816739
5.816685
5.816631
5.816577
5.816523
5.816469
5.816415
5.816361
5.816307
5.816253
5.816198
5.816143
5.816088
5.816031
5.815974
5.815917
5.815860
5.815803
5.815745
5.815688
5.815630
5.815572
5.815515
5.815457
5.815399
5.815342
5.815284
5.815226
5.815169
5.815111
5.815054
5.814996
5.814939
5.814881
5.814824
5.814766
5.814709
5.814651
5.814593
5.814536
5.814478
5.814421
5.814363
5.814306
5.814248
5.814190
5.814133
5.814075
5.814018
5.813960
5.813902
5.813845
5.813787
5.813730
5.813672
5.813615
5.813557
5.813500
5.813442
5.813384
5.813327
5.813269
5.813212
5.813154
5.813097
5.813039
5.812982
5.812924
5.812866
5.812809
5.812750
5.812692
5.812633
5.812572
5.812509
5.812443
5.812376
5.812306
5.812235
5.812163
5.812092
5.812020
5.811948
5.811876
5.811805
5.811733
5.811661
5.811589
5.811517
5.811445
5.811373
5.811301
5.811229
5.811157
5.811086
5.811014
5.810942
5.810870
5.810798
5.810726
5.810654
5.810582
5.810510
5.810438
5.810366
5.810294
5.810222
5.810150
5.810079
5.810007
5.809935
5.809863
5.809791
5.809719
5.809648
5.809576
5.809504
5.809432
5.809360
5.809288
5.809216
5.809144
5.809071
5.808998
5.808925
5.808850
5.808775
5.808699
5.808623
5.808546
5.808470
5.808393
5.808316
5.808240
5.808163
5.808086
5.808009
5.807933
5.807856
5.807779
5.807703
5.807626
5.807550
5.807473
5.807396
5.807319
5.807243
5.807166
5.807089
5.807013
5.806936
5.806859
5.806783
5.806706
5.806630
5.806553
5.806476
5.806400
5.806323
5.806246
5.806169
5.806093
5.806016
5.805940
5.805863
5.805786
5.805709
5.805632
5.805555
5.805478
5.805399
5.805320
5.805239
5.805157
5.805074
5.804990
5.804906
5.804822
5.804738
5.804654
5.804570
5.804486
5.804402
5.804318
5.804234
5.804150
5.804066
5.803982
5.803898
5.803814
5.803730
5.803646
5.803562
5.803478
5.803394
5.803310
5.803226
5.803142
5.803058
5.802974
5.802890
5.802806
5.802722
5.802638
5.802554
5.802470
5.802385
5.802301
5.802217
5.802133
5.802049
5.801965
5.801879
5.801793
5.801706
5.801618
5.801528
5.801438
5.801348
5.801257
5.801166
5.801075
5.800984
5.800893
5.800802
5.800711
5.800620
5.800529
5.800437
5.800346
5.800255
5.800164
5.800073
5.799982
5.799891
5.799800
5.799709
5.799618
5.799527
5.799436
5.799345
5.799254
5.799163
5.799072
5.798981
5.798890
5.798799
5.798708
5.798617
5.798526
5.798434
5.798343
5.798251
5.798158
5.798065
5.797972
5.797878
5.797784
5.797689
5.797595
5.797500
5.797405
5.797311
5.797216
5.797122
5.797027
5.796933
5.796838
5.796743
5.796649
5.796554
5.796459
5.796365
5.796270
5.796175
5.796080
5.795986
5.795891
5.795796
5.795702
5.795607
5.795513
5.795418
5.795323
5.795229
5.795134
5.795039
5.794944
5.794848
5.794750
5.794651
5.794550
5.794448
5.794343
5.794237
5.794129
5.794020
5.793911
5.793801
5.793691
5.793581
5.793470
5.793360
5.793250
5.793140
5.793030
5.792920
5.792810
5.792700
5.792589
5.792479
5.792369
5.792259
5.792149
5.792039
5.791928
5.791818
5.791708
5.791598
5.791488
5.791378
5.791266
5.791154
5.791041
5.790926
5.790809
5.790690
5.790571
5.790451
5.790331
5.790210
5.790089
5.789968
5.789847
5.789726
5.789605
5.789484
5.789362
5.789241
5.789120
5.788999
5.788877
5.788756
5.788635
5.788514
5.788393
5.788272
5.788151
5.788029
5.787908
5.787787
5.787665
5.787544
5.787422
5.787300
5.787178
5.787056
5.786934
5.786811
5.786689
5.786566
5.786444
5.786321
5.786199
5.786076
5.785954
5.785831
5.785709
5.785586
5.785464
5.785341
5.785219
5.785096
5.784974
5.784851
5.784728
5.784606
5.784483
5.784361
5.784238
5.784114
5.783989
5.783862
5.783732
5.783601
5.783467
5.783332
5.783197
5.783060
5.782923
5.782785
5.782648
5.782510
5.782373
5.782236
5.782098
5.781961
5.781823
5.781686
5.781548
5.781411
5.781273
5.781135
5.780998
5.780860
5.780722
5.780585
5.780447
5.780309
5.780171
5.780033
5.779894
5.779755
5.779616
5.779477
5.779338
5.779198
5.779059
5.778920
5.778780
5.778641
5.778502
5.778362
5.778223
5.778083
5.777944
5.777805
5.777666
5.777527
5.777388
5.777248
5.777108
5.776967
5.776826
5.776683
5.776539
5.776394
5.776248
5.776101
5.775952
5.775803
5.775653
5.775504
5.775354
5.775204
5.775054
5.774904
5.774754
5.774605
5.774455
5.774305
5.774156
5.774006
5.773856
5.773706
5.773556
5.773406
5.773254
5.773101
5.772947
5.772791
5.772634
5.772476
5.772317
5.772158
5.771998
5.771838
5.771679
5.771519
5.771359
5.771199
5.771039
5.770879
5.770719
5.770559
5.770399
5.770239
5.770079
5.769918
5.769756
5.769593
5.769428
5.769263
5.769096
5.768927
5.768757
5.768586
5.768415
5.768243
5.768071
5.767900
5.767728
5.767556
5.767384
5.767212
5.767040
5.766868
5.766696
5.766524
5.766351
5.766177
5.766002
5.765825
5.765648
5.765468
5.765288
5.765106
5.764923
5.764739
5.764556
5.764372
5.764188
5.764005
5.763821
5.763637
5.763454
5.763270
5.763086
5.762902
5.762718
5.762534
5.762349
5.762164
5.761979
5.761793
5.761607
5.761421
5.761234
5.761048
5.760862
5.760675
5.760489
5.760302
5.760116
5.759930
5.759743
5.759556
5.759370
5.759183
5.758996
5.758809
5.758622
5.758434
5.758246
5.758057
5.757868
5.757679
5.757490
5.757301
5.757112
5.756922
5.756733
5.756544
5.756355
5.756166
5.755977
5.755788
5.755597
5.755405
5.755211
5.755014
5.754815
5.754613
5.754410
5.754206
5.754000
5.753793
5.753586
5.753379
5.753171
5.752964
5.752757
5.752549
5.752341
5.752133
5.751923
5.751711
5.751497
5.751281
5.751064
5.750844
5.750622
5.750399
5.750174
5.749950
5.749725
5.749500
5.749275
5.749050
5.748825
5.748599
5.748373
5.748145
5.747916
5.747685
5.747453
5.747219
5.746984
5.746748
5.746512
5.746276
5.746039
5.745803
5.745566
5.745329
5.745092
5.744855
5.744617
5.744379
5.744139
5.743899
5.743658
5.743415
5.743173
5.742930
5.742687
5.742444
5.742201
5.741958
5.741715
5.741472
5.741229
5.740986
5.740744
5.740501
5.740258
5.740016
5.739773
5.739531
5.739289
5.739046
5.738804
5.738561
5.738319
5.738076
5.737834
5.737592
5.737349
5.737107
5.736865
5.736624
5.736382
5.736141
5.735899
5.735658
5.735416
5.735175
5.734934
5.734692
5.734450
5.734207
5.733962
5.733716
5.733468
5.733218
5.732966
5.732712
5.732457
5.732201
5.731944
5.731687
5.731429
5.731170
5.730912
5.730652
5.730392
5.730130
5.729866
5.729601
5.729333
5.729063
5.728791
5.728519
5.728245
5.727972
5.727698
5.727424
5.727149
5.726875
5.726599
5.726324
5.726047
5.725769
5.725491
5.725212
5.724932
5.724652
5.724372
5.724091
5.723811
5.723530
5.723248
5.722966
5.722682
5.722397
5.722109
5.721821
5.721531
5.721240
5.720949
5.720658
5.720367
5.720076
5.719786
5.719495
5.719205
5.718915
5.718625
5.718336
5.718047
5.717758
5.717469
5.717181
5.716891
5.716602
5.716312
5.716021
5.715729
5.715436
5.715140
5.714842
5.714542
5.714240
5.713938
5.713636
5.713333
5.713030
5.712727
5.712424
5.712120
5.711816
5.711512
5.711206
5.710901
5.710595
5.710288
5.709982
5.709675
5.709368
5.709061
5.708753
5.708444
5.708133
5.707822
5.707509
5.707196
5.706883
5.706569
5.706254
5.705939
5.705623
5.705306
5.704985
5.704660
5.704330
5.703997
5.703661
5.703323
5.702984
5.702645
5.702305
5.701965
5.701625
5.701286
5.700946
5.700607
5.700268
5.699930
5.699591
5.699252
5.698913
5.698574
5.698234
5.697892
5.697548
5.697202
5.696853
5.696503
5.696151
5.695799
5.695446
5.695091
5.694735
5.694376
5.694015
5.693652
5.693286
5.692917
5.692547
5.692174
5.691800
5.691426
5.691052
5.690678
5.690304
5.689930
5.689556
5.689182
5.688809
5.688436
5.688062
5.687689
5.687315
5.686940
5.686565
5.686189
5.685812
5.685435
5.685058
5.684680
5.684303
5.683925
5.683547
5.683169
5.682791
5.682412
5.682033
5.681654
5.681275
5.680896
5.680517
5.680138
5.679758
5.679379
5.679000
5.678620
5.678241
5.677861
5.677481
5.677101
5.676720
5.676339
5.675956
5.675573
5.675188
5.674803
5.674416
5.674029
5.673642
5.673252
5.672858
5.672458
5.672052
5.671639
5.671221
5.670801
5.670378
5.669954
5.669531
5.669107
5.668683
5.668260
5.667837
5.667415
5.666992
5.666570
5.666147
5.665724
5.665301
5.664878
5.664454
5.664029
5.663605
5.663180
5.662755
5.662329
5.661902
5.661473
5.661043
5.660611
5.660178
5.659745
5.659311
5.658877
5.658442
5.658006
5.657569
5.657131
5.656693
5.656254
5.655815
5.655375
5.654936
5.654497
5.654057
5.653618
5.653179
5.652740
5.652301
5.651863
5.651424
5.650986
5.650547
5.650109
5.649670
5.649231
5.648791
5.648349
5.647904
5.647454
5.646995
5.646528
5.646052
5.645571
5.645086
5.644600
5.644114
5.643628
5.643142
5.642657
5.642173
5.641688
5.641204
5.640720
5.640235
5.639750
5.639265
5.638779
5.638293
5.637807
5.637321
5.636835
5.636348
5.635861
5.635374
5.634887
5.634399
5.633910
5.633420
5.632927
5.632431
5.631931
5.631429
5.630926
5.630422
5.629917
5.629413
5.628910
5.628406
5.627904
5.627401
5.626898
5.626395
5.625892
5.625389
5.624884
5.624380
5.623875
5.623370
5.622866
5.622361
5.621857
5.621353
5.620848
5.620342
5.619834
5.619322
5.618807
5.618287
5.617762
5.617229
5.616692
5.616149
5.615603
5.615055
5.614505
5.613953
5.613400
5.612846
5.612291
5.611736
5.611180
5.610624
5.610068
5.609513
5.608957
5.608401
5.607846
5.607291
5.606735
5.606180
5.605625
5.605070
5.604514
5.603958
5.603402
5.602844
5.602285
5.601725
5.601164
5.600601
5.600036
5.599470
5.598903
5.598334
5.597764
5.597194
5.596623
5.596053
5.595483
5.594914
5.594344
5.593775
5.593207
5.592638
5.592070
5.591501
5.590933
5.590365
5.589797
5.589229
5.588661
5.588092
5.587522
5.586949
5.586372
5.585793
5.585210
5.584623
5.584033
5.583438
5.582837
5.582231
5.581618
5.580999
5.580375
5.579749
5.579121
5.578492
5.577862
5.577232
5.576602
5.575970
5.575339
5.574706
5.574074
5.573440
5.572806
5.572172
5.571536
5.570899
5.570262
5.569623
5.568983
5.568342
5.567701
5.567058
5.566413
5.565766
5.565118
5.564467
5.563814
5.563159
5.562502
5.561845
5.561186
5.560528
5.559870
5.559212
5.558555
5.557899
5.557243
5.556588
5.555933
5.555278
5.554623
5.553968
5.553313
5.552659
5.552004
5.551348
5.550693
5.550037
5.549380
5.548722
5.548061
5.547395
5.546721
5.546039
5.545349
5.544652
5.543950
5.543243
5.542533
5.541821
5.541106
5.540391
5.539674
5.538956
5.538238
5.537520
5.536802
5.536085
5.535367
5.534649
5.533931
5.533213
5.532496
5.531778
5.531061
5.530343
5.529626
5.528908
5.528190
5.527472
5.526751
5.526028
5.525301
5.524571
5.523836
5.523098
5.522357
5.521613
5.520866
5.520117
5.519368
5.518617
5.517866
5.517115
5.516364
5.515612
5.514861
5.514110
5.513360
5.512610
5.511862
5.511114
5.510367
5.509621
5.508876
5.508131
5.507386
5.506640
5.505894
5.505145
5.504394
5.503638
5.502879
5.502114
5.501346
5.500573
5.499796
5.499015
5.498232
5.497446
5.496660
5.495872
5.495083
5.494294
5.493504
5.492713
5.491922
5.491132
5.490341
5.489551
5.488760
5.487970
5.487178
5.486386
5.485594
5.484800
5.484005
5.483210
5.482413
5.481613
5.480811
5.480003
5.479191
5.478372
5.477545
5.476709
5.475865
5.475013
5.474157
5.473299
5.472439
5.471579
5.470718
5.469857
5.468996
5.468134
5.467272
5.466410
5.465548
5.464685
5.463823
5.462962
5.462101
5.461240
5.460380
5.459520
5.458660
5.457801
5.456941
5.456080
5.455218
5.454353
5.453486
5.452617
5.451744
5.450867
5.449988
5.449106
5.448223
5.447338
5.446452
5.445567
5.444681
5.443794
5.442908
5.442021
5.441135
5.440247
5.439359
5.438470
5.437581
5.436692
5.435803
5.434915
5.434027
5.433139
5.432251
5.431361
5.430470
5.429577
5.428680
5.427780
5.426874
5.425961
5.425041
5.424114
5.423180
5.422240
5.421296
5.420350
5.419402
5.418452
5.417502
5.416552
5.415601
5.414650
5.413700
5.412749
5.411799
5.410849
5.409900
5.408951
5.408004
5.407058
5.406113
5.405168
5.404225
5.403282
5.402338
5.401392
5.400444
5.399492
5.398535
5.397571
5.396600
5.395620
5.394634
5.393642
5.392646
5.391646
5.390643
5.389638
5.388632
5.387625
5.386617
5.385609
5.384601
5.383592
5.382582
5.381572
5.380562
5.379550
5.378538
5.377525
5.376512
5.375500
5.374489
5.373477
5.372467
5.371456
5.370444
5.369430
5.368412
5.367389
5.366360
5.365325
5.364286
5.363244
5.362199
5.361152
5.360103
5.359054
5.358003
5.356953
5.355902
5.354850
5.353799
5.352747
5.351695
5.350643
5.349590
5.348537
5.347484
5.346432
5.345380
5.344328
5.343277
5.342226
5.341175
5.340122
5.339067
5.338010
5.336949
5.335885
5.334815
5.333740
5.332659
5.331571
5.330478
5.329381
5.328282
5.327182
5.326083
5.324984
5.323886
5.322788
5.321690
5.320593
5.319495
5.318397
5.317299
5.316201
5.315103
5.314005
5.312907
5.311810
5.310713
5.309616
5.308519
5.307422
5.306323
5.305222
5.304115
5.303003
5.301884
5.300755
5.299617
5.298468
5.297310
5.296145
5.294976
5.293806
5.292634
5.291462
5.290291
5.289121
5.287953
5.286785
5.285618
5.284452
5.283284
5.282117
5.280950
5.279782
5.278615
5.277447
5.276280
5.275113
5.273946
5.272780
5.271613
5.270446
5.269278
5.268108
5.266933
5.265751
5.264559
5.263359
5.262150
5.260935
5.259714
5.258490
5.257262
5.256032
5.254800
5.253566
5.252331
5.251095
5.249859
5.248622
5.247385
5.246148
5.244909
5.243670
5.242429
5.241187
5.239944
5.238701
5.237458
5.236214
5.234970
5.233726
5.232481
5.231234
5.229982
5.228724
5.227458
5.226184
5.224903
5.223615
5.222320
5.221021
5.219718
5.218412
5.217105
5.215798
5.214491
5.213184
5.211876
5.210569
5.209263
5.207956
5.206650
5.205344
5.204038
5.202732
5.201427
5.200122
5.198818
5.197514
5.196211
5.194907
5.193604
5.192299
5.190991
5.189680
5.188363
5.187041
5.185711
5.184372
5.183026
5.181673
5.180317
5.178958
5.177598
5.176239
5.174879
5.173520
5.172162
5.170803
5.169445
5.168086
5.166727
5.165369
5.164010
5.162652
5.161294
5.159937
5.158580
5.157223
5.155867
5.154509
5.153151
5.151791
5.150428
5.149063
5.147692
5.146315
5.144928
5.143532
5.142127
5.140715
5.139299
5.137881
5.136461
5.135041
5.133620
5.132200
5.130779
5.129359
5.127939
5.126520
5.125102
5.123684
5.122266
5.120849
5.119431
5.118013
5.116595
5.115177
5.113758
5.112338
5.110918
5.109497
5.108074
5.106648
5.105218
5.103779
5.102332
5.100874
5.099406
5.097929
5.096444
5.094952
5.093454
5.091951
5.090446
5.088938
5.087429
5.085919
5.084409
5.082899
5.081388
5.079877
5.078366
5.076855
5.075343
5.073831
5.072318
5.070806
5.069293
5.067779
5.066265
5.064749
5.063232
5.061712
5.060188
5.058659
5.057123
5.055579
5.054026
5.052463
5.050889
5.049305
5.047714
5.046119
5.044523
5.042926
5.041329
5.039732
5.038134
5.036535
5.034936
5.033337
5.031739
5.030141
5.028544
5.026948
5.025353
5.023759
5.022166
5.020574
5.018981
5.017389
5.015796
5.014202
5.012607
5.011008
5.009406
5.007798
5.006183
5.004559
5.002925
5.001284
4.999638
4.997989
4.996338
4.994687
4.993035
4.991383
4.989730
4.988076
4.986422
4.984768
4.983115
4.981461
4.979808
4.978154
4.976499
4.974844
4.973189
4.971533
4.969878
4.968224
4.966569
4.964914
4.963258
4.961600
4.959938
4.958269
4.956592
4.954904
4.953206
4.951499
4.949788
4.948072
4.946353
4.944633
4.942912
4.941191
4.939470
4.937749
4.936027
4.934305
4.932582
4.930858
4.929134
4.927409
4.925683
4.923957
4.922231
4.920503
4.918775
4.917045
4.915314
4.913581
4.911846
4.910107
4.908363
4.906610
4.904848
4.903075
4.901291
4.899498
4.897697
4.895890
4.894077
4.892260
4.890441
4.888621
4.886801
4.884981
4.883161
4.881342
4.879524
4.877707
4.875890
4.874073
4.872256
4.870439
4.868622
4.866806
4.864989
4.863173
4.861358
4.859543
4.857728
4.855911
4.854089
4.852261
4.850423
4.848576
4.846718
4.844852
4.842977
4.841094
4.839206
4.837314
4.835420
4.833524
4.831627
4.829730
4.827831
4.825932
4.824032
4.822132
4.820231
4.818331
4.816430
4.814530
4.812631
4.810733
4.808835
4.806938
4.805042
4.803146
4.801250
4.799352
4.797451
4.795545
4.793633
4.791714
4.789787
4.787851
4.785907
4.783955
4.781998
4.780039
4.778078
4.776117
4.774156
4.772196
4.770235
4.768275
4.766315
4.764354
4.762391
4.760428
4.758463
4.756498
4.754532
4.752566
4.750600
4.748633
4.746667
4.744700
4.742733
4.740765
4.738796
4.736824
4.734849
4.732867
4.730876
4.728873
4.726860
4.724838
4.722811
4.720782
4.718753
4.716723
4.714693
4.712664
4.710634
4.708603
4.706573
4.704542
4.702512
4.700481
4.698451
4.696419
4.694387
4.692354
4.690320
4.688287
4.686254
4.684222
4.682189
4.680157
4.678125
4.676091
4.674051
4.672003
4.669942
4.667867
4.665780
4.663684
4.661583
4.659479
4.657373
4.655266
4.653160
4.651053
4.648947
4.646841
4.644736
4.642632
4.640528
4.638426
4.636323
4.634221
4.632119
4.630016
4.627913
4.625810
4.623707
4.621605
4.619502
4.617398
4.615294
4.613186
4.611071
4.608947
4.606811
4.604662
4.602503
4.600336
4.598163
4.595985
4.593805
4.591624
4.589441
4.587258
4.585075
4.582894
4.580713
4.578534
4.576356
4.574178
4.571999
4.569819
4.567638
4.565456
4.563274
4.561092
4.558910
4.556728
4.554547
4.552367
4.550186
4.548004
4.545818
4.543626
4.541426
4.539220
4.537007
4.534788
4.532564
4.530337
4.528106
4.525875
4.523642
4.521410
4.519177
4.516943
4.514709
4.512474
4.510238
4.508001
4.505764
4.503527
4.501290
4.499052
4.496814
4.494574
4.492334
4.490095
4.487855
4.485616
4.483376
4.481133
4.478884
4.476628
4.474364
4.472090
4.469806
4.467512
4.465209
4.462898
4.460583
4.458266
4.455948
4.453630
4.451313
4.448997
4.446682
4.444368
4.442055
4.439742
4.437429
4.435117
4.432804
4.430492
4.428179
4.425866
4.423554
4.421242
4.418931
4.416620
4.414309
4.411996
4.409681
4.407362
4.405038
4.402707
4.400367
4.398017
4.395659
4.393294
4.390925
4.388556
4.386185
4.383815
4.381445
4.379075
4.376706
4.374336
4.371968
4.369599
4.367230
4.364861
4.362492
4.360122
4.357751
4.355378
4.353006
4.350633
4.348259
4.345886
4.343513
4.341139
4.338764
4.336386
4.334004
4.331615
4.329216
4.326808
4.324393
4.321974
4.319552
4.317130
4.314708
4.312285
4.309862
4.307437
4.305012
4.302587
4.300164
4.297742
4.295322
4.292904
4.290487
4.288071
4.285656
4.283241
4.280827
4.278413
4.275998
4.273583
4.271168
4.268753
4.266335
4.263915
4.261489
4.259054
4.256611
4.254158
4.251698
4.249232
4.246763
4.244290
4.241815
4.239337
4.236858
4.234377
4.231895
4.229413
4.226932
4.224451
4.221970
4.219489
4.217008
4.214526
4.212045
4.209563
4.207081
4.204600
4.202120
4.199639
4.197157
4.194674
4.192189
4.189700
4.187205
4.184703
4.182194
4.179679
4.177157
4.174630
4.172097
4.169561
4.167022
4.164480
4.161937
4.159392
4.156846
4.154300
4.151755
4.149210
4.146666
4.144122
4.141580
4.139038
4.136497
4.133955
4.131413
4.128871
4.126328
4.123785
4.121241
4.118696
4.116151
4.113604
4.111055
4.108503
4.105948
4.103388
4.100823
4.098253
4.095677
4.093098
4.090518
4.087937
4.085358
4.082778
4.080199
4.077620
4.075041
4.072461
4.069882
4.067303
4.064723
4.062144
4.059565
4.056986
4.054407
4.051828
4.049250
4.046671
4.044093
4.041514
4.038934
4.036353
4.033768
4.031180
4.028586
4.025985
4.023376
4.020757
4.018132
4.015501
4.012868
4.010235
4.007601
4.004966
4.002331
3.999695
3.997059
3.994423
3.991788
3.989154
3.986522
3.983891
3.981262
3.978633
3.976006
3.973379
3.970754
3.968131
3.965509
3.962888
3.960268
3.957647
3.955026
3.952403
3.949779
3.947153
3.944525
3.941895
3.939263
3.936629
3.933994
3.931357
3.928720
3.926082
3.923443
3.920804
3.918165
3.915524
3.912880
3.910235
3.907587
3.904937
3.902286
3.899634
3.896981
3.894327
3.891672
3.889016
3.886359
3.883702
3.881044
3.878386
3.875728
3.873066
3.870399
3.867725
3.865044
3.862356
3.859662
3.856964
3.854262
3.851557
3.848851
3.846143
3.843434
3.840725
3.838015
3.835306
3.832596
3.829886
3.827176
3.824465
3.821754
3.819042
3.816330
3.813618
3.810906
3.808194
3.805483
3.802773
3.800063
3.797353
3.794643
3.791930
3.789214
3.786494
3.783769
3.781040
3.778308
3.775571
3.772832
3.770090
3.767346
3.764600
3.761853
3.759105
3.756358
3.753611
3.750866
3.748122
3.745379
3.742637
3.739896
3.737156
3.734416
3.731677
3.728939
3.726201
3.723462
3.720724
3.717985
3.715245
3.712505
3.709766
3.707026
3.704286
3.701544
3.698799
3.696051
3.693298
3.690541
3.687783
3.685024
3.682267
3.679512
3.676759
3.674007
3.671259
3.668511
3.665766
3.663020
3.660275
3.657530
3.654784
3.652039
3.649294
3.646549
3.643806
3.641063
3.638321
3.635580
3.632840
3.630100
3.627360
3.624620
3.621877
3.619131
3.616381
3.613625
3.610864
3.608098
3.605329
3.602559
3.599787
3.597014
3.594239
3.591463
3.588685
3.585906
3.583125
3.580344
3.577562
3.574779
3.571996
3.569212
3.566426
3.563639
3.560851
3.558062
3.555273
3.552483
3.549693
3.546901
3.544109
3.541316
3.538522
3.535727
3.532933
3.530138
3.527344
3.524550
3.521757
3.518964
3.516172
3.513380
3.510588
3.507797
3.505006
3.502215
3.499426
3.496639
3.493853
3.491068
3.488283
3.485498
3.482712
3.479925
3.477137
3.474349
3.471560
3.468771
3.465983
3.463195
3.460407
3.457618
3.454828
3.452034
3.449235
3.446432
3.443624
3.440811
3.437994
3.435173
3.432350
3.429525
3.426699
3.423874
3.421049
3.418223
3.415397
3.412570
3.409742
3.406914
3.404085
3.401256
3.398427
3.395598
3.392769
3.389940
3.387113
3.384286
3.381462
3.378639
3.375819
3.373001
3.370186
3.367373
3.364564
3.361759
3.358958
3.356162
3.353372
3.350587
3.347805
3.345025
3.342246
3.339468
3.336691
3.333914
3.331138
3.328363
3.325589
3.322817
3.320046
3.317275
3.314506
3.311737
3.308966
3.306195
3.303423
3.300649
3.297876
3.295101
3.292326
3.289551
3.286775
3.283999
3.281222
3.278444
3.275666
3.272887
3.270108
3.267327
3.264545
3.261761
3.258976
3.256189
3.253401
3.250612
3.247822
3.245031
3.242238
3.239444
3.236647
3.233848
3.231049
3.228249
3.225449
3.222650
3.219850
3.217050
3.214248
3.211445
3.208642
3.205838
3.203034
3.200230
3.197427
3.194625
3.191822
3.189020
3.186217
3.183415
3.180613
3.177810
3.175008
3.172205
3.169402
3.166598
3.163793
3.160988
3.158183
3.155377
3.152572
3.149766
3.146961
3.144156
3.141352
3.138547
3.135742
3.132937
3.130131
3.127325
3.124519
3.121714
3.118909
3.116106
3.113304
3.110503
3.107704
3.104906
3.102109
3.099314
3.096521
3.093729
3.090938
3.088147
3.085357
3.082566
3.079776
3.076985
3.074195
3.071405
3.068615
3.065826
3.063036
3.060245
3.057454
3.054662
3.051871
3.049080
3.046291
3.043501
3.040713
3.037925
3.035137
3.032351
3.029568
3.026790
3.024017
3.021249
3.018488
3.015733
3.012983
3.010239
3.007498
3.004761
3.002025
2.999290
2.996557
2.993824
2.991093
2.988363
2.985634
2.982907
2.980181
2.977456
2.974733
2.972010
2.969288
2.966565
2.963843
2.961119
2.958395
2.955670
2.952944
2.950217
2.947491
2.944764
2.942038
2.939312
2.936587
2.933862
2.931137
2.928413
2.925688
2.922962
2.920236
2.917508
2.914778
2.912046
2.909312
2.906576
2.903839
2.901102
2.898364
2.895625
2.892886
2.890146
2.887406
2.884664
2.881921
2.879178
2.876435
2.873693
2.870951
2.868209
2.865467
2.862726
2.859987
2.857252
2.854522
2.851799
2.849083
2.846372
2.843664
2.840957
2.838251
2.835545
2.832838
2.830131
2.827422
2.824713
2.822003
2.819292
2.816582
2.813871
2.811161
2.808451
2.805741
2.803032
2.800324
2.797615
2.794906
2.792196
2.789486
2.786775
2.784065
2.781354
2.778645
2.775940
2.773239
2.770543
2.767851
2.765163
2.762476
2.759791
2.757108
2.754425
2.751743
2.749063
2.746383
2.743704
2.741025
2.738346
2.735667
2.732989
2.730311
2.727634
2.724958
2.722284
2.719611
2.716938
2.714266
2.711596
2.708926
2.706259
2.703594
2.700933
2.698276
2.695626
2.692982
2.690346
2.687717
2.685095
2.682481
2.679872
2.677269
2.674668
2.672070
2.669472
2.666874
2.664277
2.661679
2.659081
2.656482
2.653883
2.651284
2.648684
2.646084
2.643485
2.640885
2.638286
2.635688
2.633089
2.630490
2.627890
2.625288
2.622687
2.620084
2.617482
2.614880
2.612280
2.609682
2.607088
2.604496
2.601908
2.599321
2.596733
2.594145
2.591556
2.588966
2.586375
2.583785
2.581194
2.578602
2.576010
2.573417
2.570823
2.568228
2.565634
2.563040
2.560448
2.557857
2.555266
2.552675
2.550084
2.547494
2.544906
2.542319
2.539736
2.537158
2.534587
2.532025
2.529473
2.526932
2.524398
2.521871
2.519347
2.516825
2.514304
2.511784
2.509264
2.506745
2.504225
2.501704
2.499183
2.496660
2.494136
2.491611
2.489086
2.486561
2.484036
2.481511
2.478987
2.476464
2.473941
2.471419
2.468897
2.466376
2.463857
2.461340
2.458828
2.456322
2.453823
2.451330
2.448842
2.446359
2.443878
2.441400
2.438924
2.436448
2.433973
2.431498
2.429023
2.426549
2.424076
2.421604
2.419133
2.416663
2.414193
2.411722
2.409251
2.406781
2.404312
2.401844
2.399376
2.396910
2.394444
2.391979
2.389517
2.387058
2.384605
2.382159
2.379721
2.377289
2.374864
2.372444
2.370029
2.367617
2.365209
2.362803
2.360398
2.357995
2.355592
2.353189
2.350787
2.348384
2.345981
2.343578
2.341174
2.338769
2.336363
2.333957
2.331550
2.329142
2.326734
2.324325
2.321916
2.319508
2.317102
2.314697
2.312297
2.309901
2.307511
2.305130
2.302757
2.300395
2.298041
2.295694
2.293350
2.291008
2.288666
2.286325
2.283983
2.281641
2.279299
2.276956
2.274614
2.272272
2.269930
2.267589
2.265247
2.262904
2.260560
2.258216
2.255872
2.253527
2.251184
2.248841
2.246498
2.244156
2.241815
2.239477
2.237142
2.234814
2.232495
2.230183
2.227878
2.225577
2.223278
2.220980
2.218682
2.216384
2.214087
2.211791
2.209495
2.207200
2.204905
2.202611
2.200316
2.198022
2.195728
2.193433
2.191138
2.188843
2.186548
2.184253
2.181958
2.179664
2.177371
2.175079
2.172789
2.170503
2.168223
2.165952
2.163691
2.161439
2.159194
2.156954
2.154718
2.152485
2.150253
2.148023
2.145793
2.143564
2.141335
2.139107
2.136879
2.134651
2.132424
2.130198
2.127972
2.125747
2.123524
2.121301
2.119079
2.116858
2.114638
2.112420
2.110204
2.107991
2.105782
2.103579
2.101384
2.099198
2.097023
2.094858
2.092702
2.090555
2.088416
2.086284
2.084157
2.082032
2.079908
2.077785
2.075663
2.073542
2.071422
2.069302
2.067182
2.065062
2.062942
2.060821
2.058700
2.056578
2.054455
2.052331
2.050206
2.048081
2.045955
2.043829
2.041703
2.039578
2.037453
2.035332
2.033214
2.031103
2.029001
2.026908
2.024825
2.022748
2.020674
2.018601
2.016528
2.014454
2.012381
2.010308
2.008235
2.006163
2.004091
2.002018
1.999945
1.997871
1.995797
1.993723
1.991650
1.989578
1.987506
1.985434
1.983362
1.981290
1.979219
1.977149
1.975080
1.973015
1.970955
1.968901
1.966858
1.964823
1.962797
1.960777
1.958762
1.956748
1.954737
1.952726
1.950715
1.948703
1.946692
1.944679
1.942667
1.940654
1.938641
1.936628
1.934614
1.932600
1.930586
1.928571
1.926556
1.924539
1.922522
1.920505
1.918487
1.916470
1.914454
1.912442
1.910435
1.908436
1.906446
1.904467
1.902497
1.900536
1.898583
1.896637
1.894697
1.892760
1.890824
1.888889
1.886955
1.885022
1.883090
1.881158
1.879228
1.877298
1.875369
1.873441
1.871514
1.869588
1.867663
1.865739
1.863817
1.861895
1.859975
1.858056
1.856138
1.854223
1.852311
1.850404
1.848503
1.846609
1.844723
1.842846
1.840979
1.839119
1.837264
1.835412
1.833561
1.831710
1.829859
1.828008
1.826156
1.824305
1.822453
1.820601
1.818749
1.816896
1.815043
1.813189
1.811335
1.809479
1.807623
1.805765
1.803906
1.802046
1.800185
1.798323
1.796461
1.794601
1.792745
1.790895
1.789055
1.787227
1.785410
1.783604
1.781804
1.780008
1.778214
1.776422
1.774630
1.772838
1.771045
1.769252
1.767458
1.765664
1.763870
1.762076
1.760281
1.758485
1.756688
1.754890
1.753092
1.751294
1.749495
1.747697
1.745899
1.744101
1.742302
1.740505
1.738710
1.736922
1.735144
1.733377
1.731620
1.729873
1.728134
1.726400
1.724672
1.722946
1.721222
1.719497
1.717773
1.716047
1.714322
1.712596
1.710870
1.709144
1.707418
1.705693
1.703968
1.702243
1.700519
1.698796
1.697073
1.695351
1.693630
1.691908
1.690188
1.688469
1.686753
1.685042
1.683337
1.681640
1.679950
1.678268
1.676594
1.674927
1.673266
1.671609
1.669955
1.668302
1.666651
1.664999
1.663348
1.661697
1.660046
1.658396
1.656747
1.655099
1.653453
1.651807
1.650163
1.648519
1.646876
1.645235
1.643594
1.641954
1.640316
1.638679
1.637045
1.635415
1.633789
1.632169
1.630559
1.628959
1.627372
1.625795
1.624226
1.622662
1.621100
1.619539
1.617978
1.616417
1.614855
1.613291
1.611727
1.610162
1.608596
1.607030
1.605462
1.603894
1.602326
1.600757
1.599188
1.597618
1.596049
1.594479
1.592909
1.591339
1.589770
1.588202
1.586636
1.585075
1.583521
1.581975
1.580439
1.578910
1.577388
1.575870
1.574355
1.572843
1.571332
1.569821
1.568312
1.566802
1.565292
1.563781
1.562270
1.560760
1.559248
1.557737
1.556227
1.554716
1.553205
1.551694
1.550183
1.548670
1.547158
1.545646
1.544135
1.542625
1.541118
1.539617
1.538124
1.536640
1.535166
1.533701
1.532244
1.530796
1.529353
1.527916
1.526481
1.525048
1.523616
1.522183
1.520749
1.519315
1.517879
1.516443
1.515007
1.513570
1.512134
1.510698
1.509262
1.507826
1.506391
1.504957
1.503522
1.502087
1.500652
1.499218
1.497784
1.496354
1.494927
1.493504
1.492086
1.490675
1.489269
1.487870
1.486476
1.485085
1.483697
1.482309
1.480921
1.479534
1.478148
1.476762
1.475377
1.473992
1.472607
1.471221
1.469836
1.468452
1.467068
1.465685
1.464303
1.462921
1.461541
1.460160
1.458780
1.457401
1.456025
1.454653
1.453287
1.451928
1.450578
1.449240
1.447913
1.446599
1.445294
1.443995
1.442700
1.441408
1.440118
1.438828
1.437538
1.436247
1.434955
1.433662
1.432368
1.431074
1.429778
1.428482
1.427186
1.425889
1.424592
1.423295
1.421997
1.420700
1.419403
1.418106
1.416809
1.415513
1.414219
1.412928
1.411642
1.410363
1.409091
1.407826
1.406566
1.405311
1.404058
1.402807
1.401557
1.400308
1.399059
1.397810
1.396561
1.395313
1.394065
1.392817
1.391569
1.390321
1.389072
1.387822
1.386572
1.385321
1.384071
1.382821
1.381571
1.380322
1.379073
1.377824
1.376577
1.375333
1.374095
1.372865
1.371643
1.370428
1.369219
1.368016
1.366818
1.365624
1.364432
1.363240
1.362048
1.360857
1.359666
1.358475
1.357284
1.356094
1.354904
1.353715
1.352525
1.351335
1.350145
1.348955
1.347766
1.346576
1.345386
1.344197
1.343008
1.341821
1.340637
1.339456
1.338282
1.337114
1.335954
1.334800
1.333654
1.332516
1.331383
1.330255
1.329130
1.328006
1.326883
1.325762
1.324641
1.323521
1.322402
1.321284
1.320166
1.319050
1.317935
1.316820
1.315706
1.314592
1.313479
1.312366
1.311254
1.310142
1.309032
1.307924
1.306819
1.305718
1.304622
1.303533
1.302450
1.301374
1.300305
1.299243
1.298186
1.297133
1.296081
1.295031
1.293982
1.292933
1.291884
1.290835
1.289786
1.288737
1.287687
1.286637
1.285587
1.284536
1.283485
1.282434
1.281382
1.280330
1.279279
1.278227
1.277175
1.276125
1.275075
1.274027
1.272982
1.271940
1.270905
1.269878
1.268859
1.267847
1.266842
1.265842
1.264844
1.263849
1.262855
1.261863
1.260870
1.259878
1.258886
1.257894
1.256902
1.255910
1.254918
1.253926
1.252934
1.251942
1.250951
1.249959
1.248967
1.247975
1.246983
1.245992
1.245002
1.244014
1.243028
1.242046
1.241068
1.240095
1.239128
1.238165
1.237207
1.236253
1.235302
1.234354
1.233407
1.232462
1.231517
1.230572
1.229627
1.228683
1.227739
1.226796
1.225853
1.224910
1.223967
1.223025
1.222083
1.221141
1.220199
1.219257
1.218316
1.217375
1.216436
1.215499
1.214564
1.213632
1.212705
1.211783
1.210866
1.209954
1.209049
1.208149
1.207255
1.206365
1.205478
1.204591
1.203705
1.202820
1.201936
1.201052
1.200169
1.199286
1.198404
1.197522
1.196640
1.195758
1.194877
1.193996
1.193115
1.192234
1.191352
1.190471
1.189590
1.188710
1.187832
1.186957
1.186086
1.185221
1.184361
1.183508
1.182661
1.181820
1.180984
1.180151
1.179322
1.178494
1.177667
1.176840
1.176014
1.175188
1.174362
1.173535
1.172709
1.171883
1.171057
1.170231
1.169404
1.168577
1.167750
1.166923
1.166095
1.165268
1.164441
1.163614
1.162788
1.161964
1.161143
1.160325
1.159511
1.158702
1.157899
1.157101
1.156309
1.155520
1.154734
1.153951
1.153169
1.152388
1.151608
1.150827
1.150047
1.149267
1.148486
1.147706
1.146926
1.146146
1.145366
1.144586
1.143805
1.143025
1.142245
1.141465
1.140685
1.139906
1.139127
1.138349
1.137573
1.136800
1.136031
1.135267
1.134510
1.133758
1.133011
1.132269
1.131530
1.130794
1.130059
1.129326
1.128593
1.127859
1.127126
1.126394
1.125661
1.124929
1.124197
1.123465
1.122733
1.122001
1.121269
1.120537
1.119806
1.119075
1.118344
1.117614
1.116884
1.116155
1.115428
1.114703
1.113981
1.113263
1.112550
1.111840
1.111133
1.110430
1.109729
1.109031
1.108334
1.107639
1.106944
1.106250
1.105556
1.104862
1.104168
1.103474
1.102779
1.102084
1.101388
1.100693
1.099996
1.099299
1.098601
1.097902
1.097203
1.096503
1.095803
1.095103
1.094403
1.093706
1.093010
1.092317
1.091629
1.090946
1.090269
1.089598
1.088933
1.088272
1.087614
1.086957
1.086301
1.085646
1.084991
1.084336
1.083681
1.083027
1.082372
1.081719
1.081065
1.080412
1.079759
1.079106
1.078453
1.077801
1.077148
1.076496
1.075845
1.075194
1.074546
1.073899
1.073256
1.072616
1.071980
1.071347
1.070718
1.070094
1.069473
1.068857
1.068245
1.067636
1.067029
1.066424
1.065821
1.065217
1.064614
1.064010
1.063407
1.062803
1.062200
1.061597
1.060994
1.060391
1.059788
1.059185
1.058582
1.057980
1.057377
1.056774
1.056173
1.055573
1.054975
1.054378
1.053783
1.053190
1.052599
1.052011
1.051426
1.050844
1.050266
1.049691
1.049118
1.048546
1.047975
1.047404
1.046834
1.046264
1.045693
1.045123
1.044553
1.043982
1.043412
1.042842
1.042272
1.041703
1.041134
1.040565
1.039997
1.039430
1.038865
1.038301
1.037740
1.037181
1.036624
1.036071
1.035521
1.034976
1.034435
1.033900
1.033369
1.032842
1.032318
1.031797
1.031278
1.030760
1.030244
1.029728
1.029212
1.028698
1.028183
1.027668
1.027153
1.026638
1.026123
1.025608
1.025093
1.024579
1.024064
1.023549
1.023034
1.022519
1.022004
1.021490
1.020977
1.020465
1.019955
1.019449
1.018947
1.018450
1.017957
1.017466
1.016976
1.016488
1.015999
1.015511
1.015023
1.014535
1.014048
1.013560
1.013073
1.012586
1.012098
1.011610
1.011122
1.010634
1.010146
1.009658
1.009171
1.008683
1.008195
1.007707
1.007219
1.006732
1.006245
1.005759
1.005274
1.004791
1.004309
1.003829
1.003350
1.002873
1.002396
1.001920
1.001445
1.000970
1.000495
1.000022
0.999549
0.999076
0.998603
0.998131
0.997658
0.997186
0.996713
0.996241
0.995768
0.995295
0.994822
0.994349
0.993877
0.993404
0.992932
0.992460
0.991988
0.991519
0.991053
0.990592
0.990137
0.989687
0.989241
0.988797
0.988354
0.987913
0.987474
0.987038
0.986604
0.986174
0.985745
0.985318
0.984892
0.984466
0.984040
0.983615
0.983189
0.982763
0.982338
0.981912
0.981486
0.981061
0.980636
0.980211
0.979786
0.979362
0.978938
0.978514
0.978091
0.977668
0.977245
0.976825
0.976406
0.975991
0.975579
0.975169
0.974761
0.974353
0.973947
0.973540
0.973134
0.972728
0.972322
0.971916
0.971511
0.971105
0.970699
0.970294
0.969888
0.969483
0.969077
0.968670
0.968264
0.967857
0.967451
0.967045
0.966639
0.966235
0.965832
0.965430
0.965030
0.964632
0.964235
0.963839
0.963444
0.963051
0.962659
0.962269
0.961880
0.961493
0.961108
0.960724
0.960341
0.959960
0.959579
0.959198
0.958817
0.958437
0.958056
0.957676
0.957295
0.956914
0.956533
0.956152
0.955771
0.955390
0.955010
0.954632
0.954254
0.953878
0.953502
0.953127
0.952753
0.952380
0.952008
0.951638
0.951272
0.950910
0.950551
0.950196
0.949842
0.949490
0.949140
0.948791
0.948442
0.948093
0.947744
0.947395
0.947047
0.946698
0.946350
0.946001
0.945653
0.945305
0.944957
0.944609
0.944261
0.943915
0.943569
0.943225
0.942880
0.942536
0.942193
0.941850
0.941507
0.941166
0.940826
0.940487
0.940150
0.939815
0.939482
0.939151
0.938821
0.938493
0.938165
0.937837
0.937509
0.937182
0.936855
0.936529
0.936204
0.935880
0.935556
0.935232
0.934908
0.934585
0.934263
0.933940
0.933619
0.933299
0.932980
0.932664
0.932350
0.932038
0.931726
0.931415
0.931105
0.930795
0.930486
0.930178
0.929872
0.929566
0.929263
0.928962
0.928663
0.928365
0.928070
0.927774
0.927480
0.927185
0.926890
0.926595
0.926300
0.926005
0.925709
0.925413
0.925117
0.924821
0.924525
0.924228
0.923932
0.923635
0.923339
0.923044
0.922750
0.922456
0.922164
0.921872
0.921582
0.921293
0.921004
0.920716
0.920428
0.920140
0.919852
0.919565
0.919278
0.918990
0.918703
0.918416
0.918129
0.917842
0.917555
0.917268
0.916981
0.916694
0.916408
0.916121
0.915835
0.915549
0.915264
0.914979
0.914696
0.914412
0.914130
0.913847
0.913565
0.913283
0.913001
0.912720
0.912439
0.912158
0.911879
0.911601
0.911324
0.911048
0.910773
0.910500
0.910227
0.909955
0.909683
0.909411
0.909139
0.908868
0.908596
0.908325
0.908054
0.907784
0.907513
0.907244
0.906974
0.906705
0.906436
0.906167
0.905898
0.905629
0.905361
0.905094
0.904827
0.904562
0.904298
0.904035
0.903775
0.903516
0.903259
0.903002
0.902746
0.902491
0.902235
0.901980
0.901724
0.901469
0.901213
0.900958
0.900703
0.900448
0.900193
0.899938
0.899683
0.899429
0.899174
0.898920
0.898665
0.898411
0.898157
0.897905
0.897655
0.897408
0.897166
0.896928
0.896693
0.896462
0.896234
0.896008
0.895784
0.895561
0.895338
0.895116
0.894893
0.894671
0.894448
0.894226
0.894004
0.893782
0.893560
0.893338
0.893117
0.892896
0.892675
0.892454
0.892233
0.892013
0.891792
0.891571
0.891351
0.891130
0.890909
0.890688
0.890468
0.890247
0.890025
0.889803
0.889581
0.889358
0.889135
0.888911
0.888687
0.888464
0.888240
0.888016
0.887792
0.887568
0.887344
0.887121
0.886897
0.886674
0.886451
0.886228
0.886006
0.885785
0.885564
0.885344
0.885124
0.884903
0.884683
0.884463
0.884243
0.884023
0.883803
0.883584
0.883367
0.883150
0.882936
0.882725
0.882517
0.882314
0.882115
0.881919
0.881725
0.881531
0.881338
0.881145
0.880952
0.880759
0.880566
0.880373
0.880180
0.879987
0.879794
0.879600
0.879407
0.879214
0.879020
0.878827
0.878633
0.878439
0.878246
0.878052
0.877858
0.877664
0.877470
0.877276
0.877082
0.876888
0.876694
0.876500
0.876306
0.876112
0.875918
0.875725
0.875530
0.875337
0.875143
0.874949
0.874755
0.874561
0.874367
0.874174
0.873980
0.873786
0.873592
0.873398
0.873205
0.873011
0.872817
0.872623
0.872430
0.872238
0.872048
0.871861
0.871677
0.871496
0.871317
0.871140
0.870963
0.870786
0.870610
0.870433
0.870257
0.870080
0.869904
0.869727
0.869551
0.869374
0.869198
0.869022
0.868846
0.868670
0.868495
0.868321
0.868149
0.867977
0.867807
0.867638
0.867469
0.867300
0.867132
0.866963
0.866795
0.866626
0.866458
0.866290
0.866121
0.865953
0.865784
0.865616
0.865447
0.865279
0.865111
0.864944
0.864778
0.864613
0.864449
0.864287
0.864126
0.863966
0.863806
0.863646
0.863486
0.863326
0.863166
0.863006
0.862846
0.862686
0.862526
0.862366
0.862206
0.862046
0.861886
0.861726
0.861566
0.861406
0.861246
0.861086
0.860926
0.860766
0.860606
0.860447
0.860287
0.860127
0.859967
0.859807
0.859647
0.859487
0.859327
0.859168
0.859008
0.858848
0.858688
0.858528
0.858369
0.858210
0.858052
0.857896
0.857741
0.857590
0.857441
0.857295
0.857152
0.857012
0.856875
0.856739
0.856604
0.856469
0.856334
0.856199
0.856065
0.855930
0.855795
0.855660
0.855525
0.855390
0.855255
0.855121
0.854986
0.854851
0.854716
0.854581
0.854447
0.854313
0.854179
0.854046
0.853914
0.853784
0.853655
0.853529
0.853403
0.853278
0.853153
0.853028
0.852903
0.852778
0.852653
0.852528
0.852403
0.852279
0.852154
0.852029
0.851904
0.851779
0.851654
0.851529
0.851405
0.851280
0.851155
0.851030
0.850905
0.850780
0.850655
0.850530
0.850405
0.850280
0.850155
0.850030
0.849904
0.849779
0.849653
0.849528
0.849403
0.849277
0.849152
0.849026
0.848901
0.848775
0.848649
0.848524
0.848399
0.848273
0.848148
0.848022
0.847897
0.847771
0.847646
0.847520
0.847395
0.847269
0.847144
0.847020
0.846896
0.846773
0.846651
0.846530
0.846410
0.846291
0.846173
0.846056
0.845938
0.845821
0.845704
0.845586
0.845469
0.845352
0.845235
0.845117
0.845000
0.844883
0.844766
0.844649
0.844531
0.844414
0.844297
0.844180
0.844062
0.843945
0.843828
0.843711
0.843594
0.843477
0.843361
0.843245
0.843131
0.843017
0.842905
0.842794
0.842684
0.842575
0.842465
0.842356
0.842248
0.842139
0.842030
0.841921
0.841812
0.841703
0.841594
0.841485
0.841376
0.841267
0.841159
0.841050
0.840941
0.840832
0.840723
0.840614
0.840505
0.840396
0.840287
0.840178
0.840070
0.839961
0.839853
0.839746
0.839639
0.839534
0.839430
0.839327
0.839226
0.839126
0.839027
0.838929
0.838831
0.838732
0.838634
0.838536
0.838438
0.838340
0.838241
0.838143
0.838045
0.837947
0.837849
0.837751
0.837653
0.837554
0.837456
0.837358
0.837260
0.837162
0.837064
0.836966
0.836867
0.836769
0.836671
0.836573
0.836475
0.836377
0.836279
0.836183
0.836088
0.835994
0.835904
0.835815
0.835728
0.835643
0.835560
0.835478
0.835396
0.835315
0.835234
0.835153
0.835073
0.834992
0.834911
0.834830
0.834749
0.834669
0.834588
0.834507
0.834426
0.834345
0.834264
0.834183
0.834103
0.834022
0.833941
0.833860
0.833779
0.833699
0.833618
0.833537
0.833456
0.833375
0.833295
0.833214
0.833133
0.833052
0.832971
0.832890
0.832810
0.832729
0.832648
0.832567
0.832487
0.832407
0.832327
0.832249
0.832171
0.832095
0.832019
0.831943
0.831868
0.831793
0.831717
0.831642
0.831566
0.831491
0.831415
0.831340
0.831265
0.831190
0.831114
0.831039
0.830963
0.830888
0.830812
0.830737
0.830662
0.830586
0.830511
0.830435
0.830360
0.830285
0.830209
0.830134
0.830059
0.829983
0.829908
0.829832
0.829757
0.829682
0.829606
0.829531
0.829455
0.829380
0.829305
0.829229
0.829154
0.829079
0.829003
0.828928
0.828852
0.828777
0.828702
0.828627
0.828553
0.828478
0.828404
0.828329
0.828255
0.828180
0.828106
0.828032
0.827957
0.827883
0.827808
0.827734
0.827660
0.827585
0.827511
0.827437
0.827362
0.827288
0.827214
0.827139
0.827065
0.826990
0.826916
0.826842
0.826767
0.826693
0.826619
0.826544
0.826470
0.826395
0.826321
0.826247
0.826172
0.826098
0.826024
0.825949
0.825875
0.825801
0.825726
0.825652
0.825577
0.825503
0.825429
0.825356
0.825283
0.825211
0.825140
0.825071
0.825003
0.824937
0.824872
0.824809
0.824746
0.824684
0.824621
0.824558
0.824496
0.824434
0.824371
0.824308
0.824246
0.824183
0.824121
0.824058
0.823996
0.823933
0.823871
0.823808
0.823746
0.823683
0.823621
0.823558
0.823496
0.823433
0.823371
0.823308
0.823246
0.823183
0.823121
0.823058
0.822996
0.822933
0.822871
0.822808
0.822746
0.822683
0.822621
0.822558
0.822496
0.822433
0.822371
0.822308
0.822246
0.822183
0.822121
0.822058
0.821996
0.821933
0.821871
0.821808
0.821746
0.821684
0.821623
0.821563
0.821504
0.821445
0.821388
0.821332
0.821276
0.821221
0.821166
0.821111
0.821057
0.821002
0.820948
0.820893
0.820839
0.820784
0.820730
0.820675
0.820620
0.820566
0.820511
0.820457
0.820403
0.820348
0.820293
0.820239
0.820184
0.820130
0.820075
0.820021
0.819966
0.819912
0.819857
0.819803
0.819748
0.819694
0.819639
0.819585
0.819530
0.819476
0.819421
0.819367
0.819312
0.819258
0.819203
0.819149
0.819094
0.819040
0.818985
0.818931
0.818876
0.818822
0.818767
0.818713
0.818658
0.818604
0.818549
0.818495
0.818440
0.818386
0.818331
0.818276
0.818222
0.818168
0.818113
0.818059
0.818005
0.817953
0.817901
0.817852
0.817804
0.817758
0.817712
0.817666
0.817620
0.817575
0.817530
0.817485
0.817439
0.817394
0.817349
0.817304
0.817259
0.817213
0.817168
0.817123
0.817078
0.817033
0.816987
0.816942
0.816897
0.816852
0.816806
0.816761
0.816716
0.816671
0.816626
0.816580
0.816535
0.816490
0.816445
0.816399
0.816354
0.816309
0.816264
0.816218
0.816173
0.816128
0.816083
0.816038
0.815993
0.815947
0.815902
0.815857
0.815812
0.815766
0.815721
0.815676
0.815631
0.815585
0.815540
0.815495
0.815450
0.815405
0.815359
0.815314
0.815269
0.815224
0.815179
0.815133
0.815088
0.815043
0.814998
0.814952
0.814907
0.814862
0.814817
0.814771
0.814726
0.814681
0.814636
0.814591
0.814545
0.814500
0.814455
0.814411
0.814367
0.814323
0.814281
0.814241
0.814201
0.814163
0.814125
0.814087
0.814050
0.814012
0.813975
0.813937
0.813900
0.813862
0.813825
0.813787
0.813750
0.813712
0.813674
0.813637
0.813599
0.813562
0.813524
0.813487
0.813449
0.813412
0.813374
0.813337
0.813299
0.813261
0.813224
0.813186
0.813149
0.813111
0.813074
0.813036
0.812999
0.812961
0.812924
0.812886
0.812848
0.812811
0.812773
0.812736
0.812698
0.812661
0.812623
0.812586
0.812548
0.812511
0.812473
0.812435
0.812398
0.812360
0.812323
0.812285
0.812248
0.812210
0.812172
0.812135
0.812098
0.812060
0.812022
0.811985
0.811947
0.811910
0.811872
0.811835
0.811797
0.811760
0.811722
0.811685
0.811647
0.811609
0.811572
0.811534
0.811497
0.811459
0.811422
0.811384
0.811346
0.811309
0.811271
0.811234
0.811196
0.811159
0.811121
0.811084
0.811046
0.811009
0.810971
0.810934
0.810896
0.810859
0.810823
0.810788
0.810753
0.810720
0.810689
0.810660
0.810632
0.810606
0.810582
0.810558
0.810534
0.810510
0.810486
0.810462
0.810439
0.810415
0.810391
0.810368
0.810344
0.810320
0.810296
0.810273
0.810249
0.810225
0.810202
0.810178
0.810154
0.810130
0.810107
0.810083
0.810059
0.810036
0.810012
0.809988
0.809964
0.809941
0.809917
0.809893
0.809870
0.809846
0.809822
0.809798
0.809775
0.809751
0.809727
0.809704
0.809680
0.809656
0.809632
0.809609
0.809585
0.809561
0.809538
0.809514
0.809490
0.809466
0.809443
0.809419
0.809395
0.809372
0.809348
0.809324
0.809300
0.809277
0.809253
0.809229
0.809205
0.809182
0.809158
0.809134
0.809111
0.809087
0.809063
0.809040
0.809016
0.808992
0.808968
0.808945
0.808921
0.808897
0.808874
0.808850
0.808826
0.808802
0.808779
0.808755
0.808731
0.808708
0.808684
0.808660
0.808636
0.808613
0.808589
0.808565
0.808541
0.808518
0.808494
0.808470
0.808447
0.808423
0.808399
0.808375
0.808352
0.808328
0.808304
0.808281
0.808257
0.808233
0.808209
0.808186
0.808162
0.808138
0.808115
0.808091
0.808067
0.808043
0.808020
0.807996
0.807972
0.807949
0.807925
0.807901
0.807877
0.807854
0.807830
0.807806
0.807782
0.807759
0.807735
0.807711
0.807688
0.807664
0.807640
0.807616
0.807593
0.807569
0.807545
0.807522
0.807498
0.807474
0.807450
0.807427
0.807403
0.807379
0.807356
0.807332
0.807308
0.807284
0.807261
0.807237
0.807214
0.807191
0.807168
0.807146
0.807125
0.807106
0.807087
0.807070
0.807054
0.807039
0.807025
0.807012
0.806998
0.806985
0.806971
0.806958
0.806944
0.806931
0.806918
0.806904
0.806891
0.806877
0.806864
0.806850
0.806837
0.806824
0.806810
0.806797
0.806783
0.806770
0.806756
0.806743
0.806730
0.806716
0.806703
0.806689
0.806676
0.806662
0.806649
0.806636
0.806622
0.806609
0.806595
0.806582
0.806568
0.806555
0.806542
0.806528
0.806515
0.806501
0.806488
0.806474
0.806461
0.806447
0.806434
0.806421
0.806407
0.806394
0.806380
0.806367
0.806353
0.806340
0.806327
0.806313
0.806300
0.806286
0.806273
0.806259
0.806246
0.806233
0.806219
0.806206
0.806192
0.806179
0.806165
0.806152
0.806138
0.806125
0.806112
0.806098
0.806085
0.806071
0.806058
0.806045
0.806031
0.806018
0.806004
0.805991
0.805977
0.805964
0.805951
0.805937
0.805924
0.805910
0.805897
0.805883
0.805870
0.805856
0.805843
0.805830
0.805816
0.805803
0.805789
0.805776
0.805762
0.805749
0.805736
0.805722
0.805709
0.805695
0.805682
0.805669
0.805655
0.805642
0.805628
0.805615
0.805601
0.805588
0.805574
0.805561
0.805548
0.805534
0.805521
0.805507
0.805494
0.805480
0.805467
0.805454
0.805440
0.805427
0.805413
0.805400
0.805386
0.805373
0.805360
0.805346
0.805333
0.805319
0.805306
0.805292
0.805279
0.805265
0.805252
0.805239
0.805225
0.805212
0.805198
0.805185
0.805172
0.805158
0.805145
0.805131
0.805118
0.805104
0.805091
0.805078
0.805064
0.805051
0.805037
0.805024
0.805010
0.804997
0.804983
0.804970
0.804957
0.804943
0.804930
0.804916
0.804903
0.804889
0.804876
0.804863
0.804849
0.804836
0.804822
0.804809
0.804795
0.804782
0.804768
0.804755
0.804742
0.804728
0.804715
0.804701
0.804688
0.804674
0.804661
0.804648
0.804634
0.804621
0.804607
0.804594
0.804581
0.804567
0.804554
0.804540
0.804527
0.804513
0.804500
0.804486
0.804473
0.804460
0.804446
0.804433
0.804419
0.804406
0.804392
0.804379
0.804365
0.804352
0.804339
0.804325
0.804312
0.804298
0.804285
0.804272
0.804258
0.804245
0.804231
0.804218
0.804204
0.804191
0.804177
0.804164
0.804151
0.804137
0.804124
0.804110
0.804097
0.804083
0.804070
0.804057
0.804043
0.804030
0.804016
0.804003
0.803990
0.803976
0.803963
0.803949
0.803936
0.803922
0.803909
0.803895
0.803882
0.803869
0.803855
0.803842
0.803828
0.803815
0.803801
0.803788
0.803775
0.803761
0.803748
0.803734
0.803721
0.803707
0.803694
0.803681
0.803667
0.803654
0.803640
0.803627
0.803613
0.803600
0.803587
0.803573
0.803560
0.803547
0.803534
0.803521
0.803510
0.803499
0.803489
0.803481
0.803472
0.803464
0.803457
0.803449
0.803442
0.803435
0.803428
0.803420
0.803413
0.803406
0.803399
0.803391
0.803384
0.803377
0.803370
0.803362
0.803355
0.803348
0.803341
0.803333
0.803326
0.803319
0.803312
0.803304
0.803297
0.803290
0.803283
0.803275
0.803268
0.803261
0.803254
0.803246
0.803239
0.803232
0.803225
0.803217
0.803210
0.803203
0.803196
0.803188
0.803181
0.803174
0.803167
0.803159
0.803152
0.803145
0.803138
0.803130
0.803123
0.803116
0.803109
0.803102
0.803094
0.803087
0.803080
0.803072
0.803065
0.803058
0.803051
0.803044
0.803036
0.803029
0.803022
0.803014
0.803007
0.803000
0.802993
0.802986
0.802978
0.802971
0.802964
0.802956
0.802949
0.802942
0.802935
0.802928
0.802920
0.802913
0.802906
0.802898
0.802891
0.802884
0.802877
0.802870
0.802862
0.802855
0.802848
0.802841
0.802833
0.802826
0.802819
0.802812
0.802804
0.802797
0.802790
0.802782
0.802775
0.802768
0.802761
0.802754
0.802746
0.802739
0.802732
0.802725
0.802717
0.802710
0.802703
0.802696
0.802688
0.802681
0.802674
0.802667
0.802659
0.802652
0.802645
0.802638
0.802630
0.802623
0.802616
0.802609
0.802601
0.802594
0.802587
0.802580
0.802573
0.802565
0.802558
0.802551
0.802543
0.802536
0.802529
0.802522
0.802515
0.802507
0.802500
0.802493
0.802485
0.802478
0.802471
0.802464
0.802457
0.802449
0.802442
0.802435
0.802427
0.802420
0.802413
0.802406
0.802399
0.802391
0.802384
0.802377
0.802370
0.802362
0.802355
0.802348
0.802341
0.802333
0.802326
0.802319
0.802312
0.802304
0.802297
0.802290
0.802283
0.802275
0.802268
0.802261
0.802254
0.802246
0.802239
0.802232
0.802225
0.802217
0.802210
0.802203
0.802196
0.802188
0.802181
0.802174
0.802167
0.802159
0.802152
0.802145
0.802138
0.802130
0.802123
0.802116
0.802109
0.802101
0.802094
0.802087
0.802080
0.802072
0.802065
0.802058
0.802051
0.802044
0.802036
0.802029
0.802022
0.802014
0.802007
0.802000
0.801993
0.801986
0.801978
0.801971
0.801964
0.801956
0.801949
0.801942
0.801935
0.801928
0.801920
0.801913
0.801906
0.801898
0.801891
0.801884
0.801877
0.801870
0.801862
0.801855
0.801848
0.801841
0.801833
0.801826
0.801819
0.801812
0.801804
0.801797
0.801790
0.801783
0.801775
0.801768
0.801761
0.801754
0.801746
0.801739
0.801732
0.801725
0.801717
0.801710
0.801703
0.801696
0.801688
0.801681
0.801674
0.801667
0.801659
0.801652
0.801645
0.801638
0.801630
0.801623
0.801616
0.801609
0.801601
0.801594
0.801587
0.801580
0.801572
0.801565
0.801558
0.801551
0.801543
0.801536
0.801529
0.801522
0.801514
0.801507
0.801500
0.801493
0.801485
0.801478
0.801471
0.801464
0.801457
0.801449
0.801442
0.801435
0.801427
0.801420
0.801413
0.801406
0.801399
0.801391
0.801384
0.801377
0.801370
0.801362
0.801355
0.801348
0.801341
0.801333
0.801326
0.801319
0.801312
0.801304
0.801297
0.801290
0.801283
0.801275
0.801268
0.801261
0.801254
0.801246
0.801239
0.801232
0.801225
0.801217
0.801210
0.801203
0.801196
0.801188
0.801181
0.801174
0.801167
0.801159
0.801152
0.801145
0.801138
0.801130
0.801123
0.801116
0.801109
0.801101
0.801094
0.801087
0.801080
0.801072
0.801065
0.801058
0.801051
0.801043
0.801036
0.801029
0.801022
0.801014
0.801007
0.801000
0.800993
0.800986
0.800978
0.800971
0.800964
0.800956
0.800949
0.800942
0.800935
0.800928
0.800920
0.800913
0.800906
0.800899
0.800891
0.800884
0.800877
0.800870
0.800862
0.800855
0.800848
0.800841
0.800833
0.800826
0.800819
0.800812
0.800804
0.800797
0.800790
0.800783
0.800775
0.800768
0.800761
0.800754
0.800746
0.800739
0.800732
0.800725
0.800717
0.800710
0.800703
0.800696
0.800688
0.800681
0.800674
0.800667
0.800659
0.800652
0.800645
0.800638
0.800630
0.800623
0.800616
0.800609
0.800601
0.800594
0.800587
0.800580
0.800572
0.800565
0.800558
0.800551
0.800543
0.800536
0.800529
0.800522
0.800514
0.800507
0.800500
0.800493
0.800485
0.800478
0.800471
0.800464
0.800457
0.800449
0.800442
0.800435
0.800427
0.800420
0.800413
0.800406
0.800399
0.800391
0.800384
0.800377
0.800369
0.800362
0.800355
0.800348
0.800341
0.800333
0.800326
0.800319
0.800312
0.800304
0.800297
0.800290
0.800283
0.800275
0.800268
0.800261
0.800254
0.800246
0.800239
0.800232
0.800225
0.800217
0.800210
0.800203
0.800196
0.800188
0.800181
0.800174
0.800167
0.800159
0.800152
0.800145
0.800138
0.800130
0.800123
0.800116
0.800109
0.800101
0.800094
0.800087
0.800080
0.800072
0.800065
0.800058
0.800051
0.800044
0.800036
0.800029
0.800022
0.800016
0.800010
0.800006
0.800003
0.800001
0.800000
0.800000
0.800000
0.800000
0.800000
0.800000
0.800000
0.800000
0.800000
0.800000
0.800000
0.800000
