0.800000
0.800003
0.800009
0.800020
0.800037
0.800059
0.800086
0.800116
0.800147
0.800179
0.800211
0.800242
0.800274
0.800306
0.800338
0.800370
0.800402
0.800434
0.800466
0.800498
0.800530
0.800562
0.800593
0.800625
0.800657
0.800689
0.800721
0.800753
0.800785
0.800817
0.800849
0.800881
0.800913
0.800944
0.800976
0.801008
0.801040
0.801072
0.801104
0.801136
0.801168
0.801200
0.801231
0.801264
0.801295
0.801327
0.801359
0.801391
0.801423
0.801455
0.801487
0.801519
0.801551
0.801583
0.801615
0.801646
0.801678
0.801710
0.801742
0.801774
0.801806
0.801838
0.801870
0.801902
0.801933
0.801965
0.801997
0.802029
0.802061
0.802093
0.802125
0.802157
0.802189
0.802221
0.802253
0.802284
0.802316
0.802348
0.802380
0.802412
0.802444
0.802476
0.802508
0.802540
0.802572
0.802604
0.802635
0.802667
0.802699
0.802731
0.802763
0.802795
0.802827
0.802859
0.802891
0.802923
0.802955
0.802986
0.803018
0.803050
0.803082
0.803114
0.803146
0.803178
0.803210
0.803242
0.803273
0.803305
0.803337
0.803369
0.803401
0.803433
0.803465
0.803497
0.803529
0.803561
0.803593
0.803624
0.803656
0.803688
0.803720
0.803752
0.803785
0.803819
0.803857
0.803900
0.803950
0.804008
0.804073
0.804142
0.804214
0.804287
0.804360
0.804433
0.804506
0.804580
0.804653
0.804726
0.804800
0.804873
0.804946
0.805020
0.805093
0.805166
0.805239
0.805313
0.805386
0.805459
0.805533
0.805606
0.805679
0.805753
0.805826
0.805899
0.805973
0.806046
0.806119
0.806193
0.806266
0.806339
0.806413
0.806486
0.806559
0.806633
0.806706
0.806779
0.806853
0.806926
0.806999
0.807073
0.807146
0.807219
0.807293
0.807366
0.807439
0.807513
0.807586
0.807661
0.807738
0.807821
0.807913
0.808016
0.808130
0.808253
0.808382
0.808513
0.808646
0.808779
0.808913
0.809046
0.809179
0.809313
0.809446
0.809579
0.809713
0.809846
0.809979
0.810113
0.810246
0.810379
0.810512
0.810646
0.810779
0.810912
0.811046
0.811179
0.811313
0.811447
0.811582
0.811721
0.811866
0.812017
0.812176
0.812341
0.812510
0.812681
0.812852
0.813024
0.813196
0.813369
0.813540
0.813713
0.813885
0.814057
0.814229
0.814401
0.814573
0.814745
0.814917
0.815089
0.815262
0.815436
0.815613
0.815796
0.815987
0.816186
0.816392
0.816604
0.816819
0.817036
0.817253
0.817470
0.817687
0.817904
0.818121
0.818339
0.818556
0.818773
0.818990
0.819208
0.819428
0.819651
0.819880
0.820114
0.820355
0.820601
0.820851
0.821102
0.821353
0.821605
0.821857
0.822109
0.822361
0.822612
0.822865
0.823118
0.823373
0.823632
0.823897
0.824169
0.824449
0.824735
0.825024
0.825315
0.825607
0.825899
0.826191
0.826483
0.826775
0.827069
0.827364
0.827664
0.827968
0.828279
0.828596
0.828918
0.829242
0.829567
0.829893
0.830219
0.830545
0.830873
0.831204
0.831542
0.831891
0.832253
0.832628
0.833013
0.833404
0.833800
0.834196
0.834593
0.834992
0.835393
0.835798
0.836208
0.836623
0.837042
0.837463
0.837886
0.838310
0.838735
0.839161
0.839591
0.840024
0.840463
0.840906
0.841352
0.841800
0.842249
0.842699
0.843150
0.843602
0.844055
0.844511
0.844969
0.845428
0.845889
0.846351
0.846820
0.847299
0.847796
0.848317
0.848863
0.849430
0.850011
0.850596
0.851179
0.851754
0.852320
0.852876
0.853425
0.853970
0.854516
0.855069
0.855635
0.856218
0.856822
0.857443
0.858078
0.858721
0.859372
0.860030
0.860693
0.861363
0.862039
0.862722
0.863412
0.864113
0.864827
0.865552
0.866289
0.867037
0.867800
0.868578
0.869371
0.870177
0.870991
0.871811
0.872634
0.873460
0.874289
0.875123
0.875963
0.876809
0.877663
0.878523
0.879390
0.880263
0.881143
0.882031
0.882931
0.883844
0.884773
0.885717
0.886675
0.887642
0.888617
0.889598
0.890585
0.891579
0.892580
0.893589
0.894607
0.895633
0.896668
0.897712
0.898766
0.899830
0.900904
0.901988
0.903084
0.904189
0.905306
0.906432
0.907568
0.908714
0.909872
0.911041
0.912227
0.913429
0.914649
0.915888
0.917145
0.918418
0.919704
0.921000
0.922307
0.923623
0.924950
0.926286
0.927632
0.928987
0.930354
0.931738
0.933144
0.934574
0.936027
0.937499
0.938987
0.940489
0.942004
0.943533
0.945074
0.946628
0.948191
0.949761
0.951340
0.952931
0.954538
0.956167
0.957818
0.959490
0.961182
0.962892
0.964620
0.966370
0.968145
0.969943
0.971761
0.973594
0.975436
0.977286
0.979146
0.981016
0.982898
0.984791
0.986694
0.988611
0.990547
0.992510
0.994507
0.996537
0.998594
1.000672
1.002763
1.004865
1.006978
1.009109
1.011258
1.013427
1.015613
1.017814
1.020034
1.022276
1.024549
1.026854
1.029192
1.031557
1.033944
1.036353
1.038789
1.041258
1.043765
1.046308
1.048879
1.051471
1.054077
1.056698
1.059338
1.062000
1.064686
1.067392
1.070114
1.072851
1.075607
1.078390
1.081207
1.084058
1.086939
1.089841
1.092762
1.095706
1.098682
1.101701
1.104768
1.107880
1.111028
1.114206
1.117411
1.120650
1.123926
1.127240
1.130587
1.133959
1.137350
1.140763
1.144209
1.147697
1.151232
1.154808
1.158416
1.162044
1.165687
1.169346
1.173026
1.176728
1.180452
1.184191
1.187947
1.191724
1.195537
1.199401
1.203322
1.207301
1.211328
1.215392
1.219490
1.223626
1.227808
1.232041
1.236323
1.240642
1.244989
1.249362
1.253768
1.258216
1.262714
1.267260
1.271846
1.276462
1.281104
1.285777
1.290487
1.295236
1.300022
1.304836
1.309670
1.314527
1.319418
1.324361
1.329368
1.334439
1.339561
1.344721
1.349909
1.355127
1.360385
1.365689
1.371041
1.376434
1.381859
1.387315
1.392810
1.398359
1.403970
1.409643
1.415366
1.421123
1.426906
1.432718
1.438568
1.444464
1.450407
1.456387
1.462392
1.468416
1.474463
1.480543
1.486667
1.492838
1.499053
1.505306
1.511595
1.517929
1.524324
1.530794
1.537343
1.543958
1.550620
1.557312
1.564032
1.570786
1.577585
1.584434
1.591329
1.598260
1.605219
1.612208
1.619239
1.626322
1.633465
1.640660
1.647894
1.655158
1.662450
1.669783
1.677176
1.684641
1.692178
1.699776
1.707424
1.715113
1.722849
1.730639
1.738489
1.746395
1.754347
1.762335
1.770357
1.778426
1.786556
1.794759
1.803035
1.811367
1.819739
1.828139
1.836567
1.845033
1.853547
1.862108
1.870709
1.879338
1.887988
1.896666
1.905389
1.914176
1.923035
1.931963
1.940948
1.949981
1.959061
1.968196
1.977395
1.986658
1.995975
2.005335
2.014730
2.024163
2.033651
2.043211
2.052852
2.062568
2.072344
2.082164
2.092022
2.101924
2.111882
2.121901
2.131977
2.142093
2.152235
2.162396
2.172581
2.182800
2.193061
2.203365
2.213707
2.224084
2.234503
2.244979
2.255530
2.266168
2.276888
2.287675
2.298512
2.309389
2.320309
2.331283
2.342320
2.353418
2.364568
2.375754
2.386971
2.398221
2.409513
2.420855
2.432242
2.443665
2.455110
2.466572
2.478054
2.489565
2.501111
2.512693
2.524304
2.535935
2.547588
2.559276
2.571016
2.582825
2.594706
2.606650
2.618641
2.630667
2.642725
2.654817
2.666949
2.679121
2.691327
2.703559
2.715813
2.728097
2.740419
2.752791
2.765212
2.777675
2.790169
2.802684
2.815217
2.827773
2.840353
2.852953
2.865566
2.878182
2.890799
2.903425
2.916076
2.928768
2.941514
2.954312
2.967155
2.980035
2.992946
3.005884
3.018851
3.031844
3.044858
3.057888
3.070931
3.083987
3.097063
3.110163
3.123289
3.136439
3.149606
3.162785
3.175971
3.189165
3.202367
3.215575
3.228782
3.241983
3.255171
3.268350
3.281526
3.294709
3.307909
3.321132
3.334383
3.347664
3.360975
3.374316
3.387687
3.401083
3.414497
3.427924
3.441357
3.454796
3.468237
3.481681
3.495126
3.508571
3.522015
3.535457
3.548897
3.562339
3.575783
3.589230
3.602675
3.616114
3.629537
3.642941
3.656322
3.669684
3.683032
3.696377
3.709728
3.723094
3.736477
3.749876
3.763284
3.776696
3.790108
3.803516
3.816920
3.830317
3.843701
3.857067
3.870410
3.883729
3.897028
3.910313
3.923591
3.936865
3.950138
3.963409
3.976675
3.989934
4.003179
4.016402
4.029594
4.042746
4.055853
4.068922
4.081962
4.094989
4.108010
4.121026
4.134031
4.147018
4.159983
4.172927
4.185855
4.198769
4.211668
4.224548
4.237403
4.250233
4.263041
4.275833
4.288612
4.301373
4.314107
4.326805
4.339460
4.352077
4.364666
4.377233
4.389782
4.402306
4.414798
4.427251
4.439665
4.452045
4.464396
4.476717
4.489000
4.501236
4.513418
4.525553
4.537651
4.549727
4.561787
4.573827
4.585839
4.597818
4.609764
4.621682
4.633577
4.645446
4.657278
4.669056
4.680768
4.692417
4.704014
4.715575
4.727109
4.738614
4.750084
4.761515
4.772907
4.784269
4.795608
4.806923
4.818202
4.829431
4.840598
4.851704
4.862761
4.873784
4.884779
4.895742
4.906660
4.917523
4.928330
4.939091
4.949819
4.960522
4.971199
4.981838
4.992429
5.002970
5.013462
5.023914
5.034327
5.044695
5.055007
5.065254
5.075438
5.085571
5.095670
5.105745
5.115792
5.125796
5.135745
5.145633
5.155469
5.165269
5.175040
5.184780
5.194476
5.204117
5.213699
5.223231
5.232725
5.242189
5.251619
5.261001
5.270323
5.279576
5.288766
5.297902
5.306990
5.316024
5.324994
5.333889
5.342712
5.351476
5.360203
5.368905
5.377582
5.386224
5.394817
5.403358
5.411854
5.420316
5.428751
5.437154
5.445514
5.453817
5.462060
5.470249
5.478396
5.486504
5.494565
5.502560
5.510470
5.518291
5.526029
5.533702
5.541323
5.548896
5.556418
5.563887
5.571306
5.578686
5.586041
5.593373
5.600673
5.607920
5.615095
5.622193
5.629224
5.636205
5.643150
5.650061
5.656930
5.663747
5.670511
5.677227
5.683907
5.690555
5.697162
5.703715
5.710198
5.716609
5.722956
5.729251
5.735503
5.741707
5.747854
5.753933
5.759945
5.765904
5.771828
5.777730
5.783613
5.789468
5.795286
5.801062
5.806801
5.812511
5.818197
5.823855
5.829474
5.835041
5.840552
5.846014
5.851436
5.856826
5.862179
5.867482
5.872721
5.877890
5.882994
5.888045
5.893052
5.898017
5.902933
5.907791
5.912590
5.917337
5.922048
5.926737
5.931414
5.936076
5.940718
5.945335
5.949924
5.954491
5.959037
5.963559
5.968042
5.972471
5.976837
5.981142
5.985401
5.989627
5.993829
5.998005
6.002151
6.006262
6.010340
6.014392
6.018420
6.022424
6.026392
6.030311
6.034175
6.037984
6.041751
6.045491
6.049213
6.052921
6.056613
6.060286
6.063939
6.067573
6.071188
6.074778
6.078330
6.081829
6.085268
6.088649
6.091985
6.095291
6.098576
6.101843
6.105089
6.108312
6.111513
6.114695
6.117863
6.121015
6.124148
6.127252
6.130324
6.133364
6.136375
6.139361
6.142321
6.145247
6.148130
6.150965
6.153755
6.156510
6.159240
6.161952
6.164644
6.167315
6.169962
6.172587
6.175193
6.177784
6.180361
6.182917
6.185447
6.187945
6.190414
6.192859
6.195286
6.197697
6.200086
6.202445
6.204771
6.207064
6.209332
6.211578
6.213805
6.216011
6.218193
6.220350
6.222485
6.224605
6.226712
6.228806
6.230884
6.232942
6.234978
6.236993
6.238991
6.240975
6.242947
6.244906
6.246852
6.248784
6.250703
6.252611
6.254503
6.256372
6.258209
6.260007
6.261769
6.263502
6.265213
6.266906
6.268579
6.270231
6.271858
6.273464
6.275054
6.276637
6.278219
6.279803
6.281390
6.282978
6.284565
6.286144
6.287709
6.289249
6.290756
6.292224
6.293654
6.295051
6.296422
6.297774
6.299111
6.300435
6.301747
6.303049
6.304340
6.305621
6.306894
6.308158
6.309413
6.310657
6.311888
6.313108
6.314318
6.315520
6.316711
6.317892
6.319060
6.320213
6.321353
6.322482
6.323603
6.324714
6.325816
6.326905
6.327980
6.329039
6.330083
6.331112
6.332124
6.333119
6.334096
6.335053
6.335992
6.336914
6.337824
6.338726
6.339622
6.340515
6.341406
6.342295
6.343181
6.344065
6.344946
6.345823
6.346692
6.347554
6.348408
6.349251
6.350084
6.350904
6.351711
6.352505
6.353286
6.354056
6.354813
6.355558
6.356290
6.357012
6.357726
6.358431
6.359127
6.359815
6.360495
6.361167
6.361832
6.362488
6.363131
6.363762
6.364382
6.364994
6.365603
6.366211
6.366821
6.367433
6.368047
6.368662
6.369276
6.369885
6.370484
6.371067
6.371634
6.372186
6.372726
6.373259
6.373785
6.374306
6.374817
6.375317
6.375805
6.376283
6.376755
6.377223
6.377690
6.378156
6.378621
6.379084
6.379545
6.380005
6.380463
6.380921
6.381378
6.381833
6.382287
6.382737
6.383181
6.383620
6.384054
6.384484
6.384912
6.385338
6.385762
6.386182
6.386593
6.386990
6.387371
6.387736
6.388087
6.388431
6.388771
6.389108
6.389446
6.389783
6.390120
6.390456
6.390792
6.391125
6.391457
6.391787
6.392116
6.392444
6.392771
6.393097
6.393424
6.393751
6.394076
6.394399
6.394716
6.395024
6.395320
6.395604
6.395878
6.396146
6.396410
6.396673
6.396936
6.397198
6.397461
6.397723
6.397986
6.398248
6.398509
6.398770
6.399028
6.399284
6.399537
6.399787
6.400035
6.400282
6.400529
6.400776
6.401022
6.401269
6.401515
6.401762
6.402008
6.402254
6.402499
6.402741
6.402978
6.403207
6.403428
6.403640
6.403846
6.404049
6.404250
6.404450
6.404650
6.404850
6.405050
6.405250
6.405450
6.405650
6.405850
6.406050
6.406250
6.406450
6.406648
6.406845
6.407037
6.407223
6.407401
6.407572
6.407738
6.407900
6.408061
6.408221
6.408381
6.408541
6.408701
6.408861
6.409021
6.409181
6.409341
6.409502
6.409662
6.409822
6.409982
6.410142
6.410302
6.410461
6.410621
6.410779
6.410935
6.411086
6.411229
6.411362
6.411487
6.411604
6.411717
6.411827
6.411937
6.412047
6.412156
6.412266
6.412375
6.412485
6.412594
6.412704
6.412813
6.412923
6.413032
6.413142
6.413251
6.413361
6.413471
6.413580
6.413690
6.413799
6.413908
6.414018
6.414128
6.414237
6.414347
6.414456
6.414566
6.414675
6.414785
6.414893
6.415001
6.415106
6.415207
6.415300
6.415387
6.415466
6.415541
6.415613
6.415684
6.415754
6.415824
6.415894
6.415965
6.416035
6.416105
6.416175
6.416245
6.416315
6.416385
6.416455
6.416525
6.416595
6.416665
6.416735
6.416805
6.416876
6.416946
6.417016
6.417086
6.417156
6.417227
6.417297
6.417367
6.417437
6.417507
6.417577
6.417647
6.417717
6.417787
6.417857
6.417927
6.417997
6.418067
6.418137
6.418207
6.418277
6.418348
6.418418
6.418488
6.418558
6.418628
6.418698
6.418768
6.418835
6.418898
6.418952
6.418993
6.419021
6.419037
6.419044
6.419046
6.419047
6.419047
6.419047
6.419047
6.419047
6.419047
6.419047
6.419047
6.419047
6.419047
6.419047
6.419047
6.419047
6.419047
6.419047
6.419047
6.419047
6.419047
6.419047
6.419047
6.419047
6.419047
6.419047
6.419047
6.419047
6.419047
6.419047
6.419047
6.419047
6.419047
6.419047
6.419047
6.419047
6.419047
6.419047
6.419047
6.419047
6.419047
6.419047
6.419047
6.419047
6.419047
6.419047
6.419047
6.419047
6.419047
6.419047
6.419047
6.419047
6.419047
6.419047
6.419047
6.419047
6.419047
6.419047
6.419047
6.419047
6.419047
6.419047
6.419047
6.419047
6.419047
6.419047
6.419047
6.419047
6.419047
6.419047
6.419047
6.419047
6.419047
6.419047
6.419047
6.419047
6.419047
6.419047
6.419047
6.419047
6.419047
6.419047
6.419047
6.419047
6.419047
6.419047
6.419047
6.419047
6.419047
6.419047
6.419047
6.419047
6.419047
6.419047
6.419047
6.419047
6.419047
6.419047
6.419047
6.419047
6.419047
6.419047
6.419047
6.419047
6.419047
6.419047
6.419047
6.419047
6.419047
6.419047
6.419047
6.419047
6.419047
6.419047
6.419047
6.419047
6.419047
6.419047
6.419047
6.419047
6.419047
6.419047
6.419047
6.419047
6.419047
6.419047
6.419047
6.419047
6.419047
6.419047
6.419047
6.419047
6.419047
6.419047
6.419047
6.419047
6.419047
6.419047
6.419047
6.419047
6.419047
6.419047
6.419047
6.419047
6.419047
6.419047
6.419047
6.419047
6.419047
6.419047
6.419047
6.419047
6.419047
6.419047
6.419047
6.419047
6.419047
6.419047
6.419047
6.419047
6.419047
6.419047
6.419047
6.419047
6.419047
6.419047
6.419047
6.419047
6.419047
6.419047
6.419047
6.419047
6.419047
6.419047
6.419047
6.419047
6.419047
6.419047
6.419047
6.419047
6.419047
6.419047
6.419047
6.419047
6.419047
6.419047
6.419047
6.419047
6.419047
6.419047
6.419047
6.419047
6.419047
6.419047
6.419047
6.419047
6.419047
6.419047
6.419047
6.419047
6.419047
6.419047
6.419047
6.419047
6.419047
6.419047
6.419047
6.419047
6.419047
6.419047
6.419047
6.419047
6.419047
6.419047
6.419047
6.419047
6.419047
6.419047
6.419047
6.419047
6.419047
6.419047
6.419047
6.419047
6.419047
6.419047
6.419047
6.419047
6.419047
6.419047
6.419047
6.419047
6.419047
6.419047
6.419047
6.419047
6.419047
6.419047
6.419047
6.419047
6.419047
6.419047
6.419047
6.419047
6.419047
6.419047
6.419047
6.419047
6.419047
6.419047
6.419047
6.419047
6.419047
6.419047
6.419047
6.419047
6.419047
6.419047
6.419047
6.419047
6.419047
6.419047
6.419047
6.419047
6.419047
6.419047
6.419047
6.419047
6.419047
6.419047
6.419047
6.419047
6.419047
6.419047
6.419047
6.419047
6.419047
6.419047
6.419047
6.419047
6.419047
6.419047
6.419047
6.419047
6.419047
6.419047
6.419047
6.419047
6.419047
6.419047
6.419047
6.419047
6.419047
6.419047
6.419047
6.419047
6.419047
6.419047
6.419047
6.419047
6.419047
6.419047
6.419047
6.419047
6.419047
6.419047
6.419047
6.419047
6.419047
6.419047
6.419047
6.419047
6.419047
6.419047
6.419047
6.419047
6.419047
6.419047
6.419047
6.419047
6.419047
6.419047
6.419047
6.419047
6.419047
6.419047
6.419047
6.419047
6.419047
6.419047
6.419047
6.419047
6.419047
6.419047
6.419047
6.419047
6.419047
6.419047
6.419047
6.419047
6.419047
6.419047
6.419047
6.419047
6.419047
6.419047
6.419047
6.419047
6.419047
6.419047
6.419047
6.419047
6.419047
6.419047
6.419047
6.419047
6.419047
6.419047
6.419047
6.419047
6.419047
6.419047
6.419047
6.419047
6.419047
6.419047
6.419047
6.419047
6.419047
6.419047
6.419047
6.419047
6.419047
6.419047
6.419047
6.419047
6.419047
6.419047
6.419047
6.419047
6.419047
6.419047
6.419047
6.419047
6.419047
6.419047
6.419047
6.419047
6.419047
6.419047
6.419047
6.419047
6.419047
6.419047
6.419047
6.419047
6.419047
6.419047
6.419047
6.419047
6.419047
6.419047
6.419047
6.419047
6.419047
6.419047
6.419047
6.419047
6.419047
6.419047
6.419047
6.419047
6.419047
6.419047
6.419047
6.419047
6.419047
6.419047
6.419047
6.419047
6.419047
6.419047
6.419047
6.419047
6.419047
6.419047
6.419047
6.419047
6.419047
6.419047
6.419047
6.419047
6.419047
6.419047
6.419047
6.419047
6.419047
6.419047
6.419047
6.419047
6.419047
6.419047
6.419047
6.419047
6.419047
6.419047
6.419047
6.419047
6.419047
6.419047
6.419047
6.419047
6.419047
6.419047
6.419047
6.419047
6.419047
6.419047
6.419047
6.419047
6.419047
6.419047
6.419047
6.419047
6.419047
6.419047
6.419047
6.419047
6.419047
6.419047
6.419047
6.419047
6.419047
6.419047
6.419047
6.419047
6.419047
6.419047
6.419047
6.419047
6.419047
6.419047
6.419047
6.419047
6.419047
6.419047
6.419047
6.419047
6.419047
6.419047
6.419047
6.419047
6.419047
6.419047
6.419047
6.419047
6.419047
6.419047
6.419047
6.419047
6.419047
6.419047
6.419047
6.419047
6.419047
6.419047
6.419047
6.419047
6.419047
6.419047
6.419047
6.419047
6.419047
6.419047
6.419047
6.419047
6.419047
6.419047
6.419047
6.419047
6.419047
6.419047
6.419047
6.419047
6.419047
6.419047
6.419047
6.419047
6.419047
6.419047
6.419047
6.419047
6.419047
6.419047
6.419047
6.419047
6.419047
6.419047
6.419047
6.419047
6.419047
6.419047
6.419047
6.419047
6.419047
6.419047
6.419047
6.419047
6.419047
6.419047
6.419047
6.419047
6.419047
6.419047
6.419047
6.419047
6.419047
6.419047
6.419047
6.419047
6.419047
6.419047
6.419047
6.419047
6.419047
6.419047
6.419047
6.419047
6.419047
6.419047
6.419047
6.419047
6.419047
6.419047
6.419047
6.419047
6.419047
6.419047
6.419047
6.419047
6.419047
6.419047
6.419047
6.419047
6.419047
6.419047
6.419047
6.419047
6.419047
6.419047
6.419047
6.419047
6.419047
6.419047
6.419047
6.419047
6.419047
6.419047
6.419047
6.419047
6.419047
6.419047
6.419047
6.419047
6.419047
6.419047
6.419047
6.419047
6.419047
6.419047
6.419047
6.419047
6.419047
6.419047
6.419047
6.419047
6.419047
6.419047
6.419047
6.419047
6.419047
6.419047
6.419047
6.419047
6.419047
6.419047
6.419047
6.419047
6.419047
6.419047
6.419047
6.419047
6.419047
6.419047
6.419047
6.419047
6.419047
6.419047
6.419047
6.419047
6.419047
6.419047
6.419047
6.419047
6.419047
6.419047
6.419047
6.419047
6.419047
6.419047
6.419047
6.419047
6.419047
6.419047
6.419047
6.419047
6.419047
6.419047
6.419047
6.419047
6.419047
6.419047
6.419047
6.419047
6.419047
6.419047
6.419047
6.419047
6.419047
6.419047
6.419047
6.419047
6.419047
6.419047
6.419047
6.419047
6.419047
6.419047
6.419047
6.419047
6.419047
6.419047
6.419047
6.419047
6.419047
6.419047
6.419047
6.419047
6.419047
6.419047
6.419047
6.419047
6.419047
6.419047
6.419047
6.419047
6.419047
6.419047
6.419047
6.419047
6.419047
6.419047
6.419047
6.419047
6.419047
6.419047
6.419047
6.419047
6.419047
6.419047
6.419047
6.419047
6.419047
6.419047
6.419047
6.419047
6.419047
6.419047
6.419047
6.419047
6.419047
6.419047
6.419047
6.419047
6.419047
6.419047
6.419047
6.419047
6.419047
6.419047
6.419047
6.419047
6.419047
6.419047
6.419047
6.419047
6.419047
6.419047
6.419047
6.419047
6.419047
6.419047
6.419047
6.419047
6.419047
6.419047
6.419047
6.419047
6.419047
6.419047
6.419047
6.419047
6.419047
6.419047
6.419047
6.419047
6.419047
6.419047
6.419047
6.419047
6.419047
6.419047
6.419047
6.419047
6.419047
6.419047
6.419047
6.419047
6.419047
6.419047
6.419047
6.419047
6.419047
6.419047
6.419047
6.419047
6.419047
6.419047
6.419047
6.419047
6.419047
6.419047
6.419047
6.419047
6.419047
6.419047
6.419047
6.419047
6.419047
6.419047
6.419047
6.419047
6.419047
6.419047
6.419047
6.419047
6.419047
6.419047
6.419047
6.419047
6.419047
6.419047
6.419047
6.419047
6.419047
6.419047
6.419047
6.419047
6.419047
6.419047
6.419047
6.419047
6.419047
6.419047
6.419047
6.419047
6.419047
6.419047
6.419047
6.419047
6.419047
6.419047
6.419047
6.419047
6.419047
6.419047
6.419047
6.419047
6.419047
6.419047
6.419047
6.419047
6.419047
6.419047
6.419047
6.419047
6.419047
6.419047
6.419047
6.419047
6.419047
6.419047
6.419047
6.419047
6.419047
6.419047
6.419047
6.419047
6.419047
6.419047
6.419047
6.419047
6.419047
6.419047
6.419047
6.419047
6.419047
6.419047
6.419047
6.419047
6.419047
6.419047
6.419047
6.419047
6.419047
6.419047
6.419047
6.419047
6.419047
6.419047
6.419047
6.419047
6.419047
6.419047
6.419047
6.419047
6.419047
6.419047
6.419047
6.419047
6.419047
6.419047
6.419047
6.419047
6.419047
6.419047
6.419047
6.419047
6.419047
6.419047
6.419047
6.419047
6.419047
6.419047
6.419047
6.419047
6.419047
6.419047
6.419047
6.419047
6.419047
6.419047
6.419047
6.419047
6.419047
6.419047
6.419047
6.419047
6.419047
6.419047
6.419047
6.419047
6.419047
6.419047
6.419047
6.419047
6.419047
6.419047
6.419047
6.419047
6.419047
6.419047
6.419047
6.419047
6.419047
6.419047
6.419047
6.419047
6.419047
6.419047
6.419047
6.419047
6.419047
6.419047
6.419047
6.419047
6.419047
6.419047
6.419047
6.419047
6.419047
6.419047
6.419047
6.419047
6.419047
6.419047
6.419047
6.419047
6.419047
6.419047
6.419047
6.419047
6.419047
6.419047
6.419047
6.419047
6.419047
6.419047
6.419047
6.419047
6.419047
6.419047
6.419047
6.419047
6.419047
6.419047
6.419047
6.419047
6.419047
6.419047
6.419047
6.419047
6.419047
6.419047
6.419047
6.419047
6.419047
6.419047
6.419047
6.419047
6.419047
6.419047
6.419047
6.419047
6.419047
6.419047
6.419047
6.419047
6.419047
6.419047
6.419047
6.419047
6.419047
6.419047
6.419047
6.419047
6.419047
6.419047
6.419047
6.419047
6.419047
6.419047
6.419047
6.419047
6.419047
6.419047
6.419047
6.419047
6.419047
6.419047
6.419047
6.419047
6.419047
6.419047
6.419047
6.419047
6.419047
6.419047
6.419047
6.419047
6.419047
6.419047
6.419047
6.419047
6.419047
6.419047
6.419047
6.419047
6.419047
6.419047
6.419047
6.419047
6.419047
6.419047
6.419047
6.419047
6.419047
6.419047
6.419047
6.419047
6.419047
6.419047
6.419047
6.419047
6.419047
6.419047
6.419047
6.419047
6.419047
6.419047
6.419047
6.419047
6.419047
6.419047
6.419047
6.419047
6.419047
6.419047
6.419047
6.419047
6.419047
6.419047
6.419047
6.419047
6.419047
6.419047
6.419047
6.419047
6.419047
6.419047
6.419047
6.419047
6.419047
6.419047
6.419047
6.419047
6.419047
6.419047
6.419047
6.419047
6.419047
6.419047
6.419047
6.419047
6.419047
6.419047
6.419047
6.419047
6.419047
6.419047
6.419047
6.419047
6.419047
6.419047
6.419047
6.419047
6.419047
6.419047
6.419047
6.419047
6.419047
6.419047
6.419047
6.419047
6.419047
6.419047
6.419047
6.419047
6.419047
6.419047
6.419047
6.419047
6.419047
6.419047
6.419047
6.419047
6.419047
6.419047
6.419047
6.419047
6.419047
6.419047
6.419047
6.419047
6.419047
6.419047
6.419047
6.419047
6.419047
6.419047
6.419047
6.419047
6.419047
6.419047
6.419047
6.419047
6.419047
6.419047
6.419047
6.419047
6.419047
6.419047
6.419047
6.419047
6.419047
6.419047
6.419047
6.419047
6.419047
6.419047
6.419047
6.419047
6.419047
6.419047
6.419047
6.419047
6.419047
6.419047
6.419047
6.419047
6.419047
6.419047
6.419047
6.419047
6.419047
6.419047
6.419047
6.419047
6.419047
6.419047
6.419047
6.419047
6.419047
6.419047
6.419047
6.419047
6.419047
6.419047
6.419047
6.419047
6.419047
6.419047
6.419047
6.419047
6.419047
6.419047
6.419047
6.419047
6.419047
6.419047
6.419047
6.419047
6.419047
6.419047
6.419047
6.419047
6.419047
6.419047
6.419047
6.419047
6.419047
6.419047
6.419047
6.419047
6.419047
6.419047
6.419047
6.419047
6.419047
6.419047
6.419047
6.419047
6.419047
6.419047
6.419047
6.419047
6.419047
6.419047
6.419047
6.419047
6.419047
6.419047
6.419047
6.419047
6.419047
6.419047
6.419047
6.419047
6.419047
6.419047
6.419047
6.419047
6.419047
6.419047
6.419047
6.419047
6.419047
6.419047
6.419047
6.419047
6.419047
6.419047
6.419047
6.419047
6.419047
6.419047
6.419047
6.419047
6.419047
6.419047
6.419047
6.419047
6.419047
6.419047
6.419047
6.419047
6.419047
6.419047
6.419047
6.419047
6.419047
6.419047
6.419047
6.419047
6.419047
6.419047
6.419047
6.419047
6.419047
6.419047
6.419047
6.419047
6.419047
6.419047
6.419047
6.419047
6.419047
6.419047
6.419047
6.419047
6.419047
6.419047
6.419047
6.419047
6.419047
6.419047
6.419047
6.419047
6.419047
6.419047
6.419047
6.419047
6.419047
6.419047
6.419047
6.419047
6.419047
6.419047
6.419047
6.419047
6.419047
6.419047
6.419047
6.419047
6.419047
6.419047
6.419047
6.419047
6.419047
6.419047
6.419047
6.419047
6.419047
6.419047
6.419047
6.419047
6.419047
6.419047
6.419047
6.419047
6.419047
6.419047
6.419047
6.419047
6.419047
6.419047
6.419047
6.419047
6.419047
6.419047
6.419047
6.419047
6.419047
6.419047
6.419047
6.419047
6.419047
6.419047
6.419047
6.419047
6.419047
6.419047
6.419047
6.419047
6.419047
6.419047
6.419047
6.419047
6.419047
6.419047
6.419047
6.419047
6.419047
6.419047
6.419047
6.419047
6.419047
6.419047
6.419047
6.419047
6.419047
6.419047
6.419047
6.419047
6.419047
6.419047
6.419047
6.419047
6.419047
6.419047
6.419047
6.419047
6.419047
6.419047
6.419047
6.419047
6.419047
6.419047
6.419047
6.419047
6.419047
6.419047
6.419047
6.419047
6.419047
6.419047
6.419047
6.419047
6.419047
6.419047
6.419047
6.419047
6.419047
6.419047
6.419047
6.419047
6.419047
6.419047
6.419047
6.419047
6.419047
6.419047
6.419047
6.419047
6.419047
6.419047
6.419047
6.419047
6.419047
6.419047
6.419047
6.419047
6.419047
6.419047
6.419047
6.419047
6.419047
6.419047
6.419047
6.419047
6.419047
6.419047
6.419047
6.419047
6.419047
6.419047
6.419047
6.419047
6.419047
6.419047
6.419047
6.419047
6.419047
6.419047
6.419047
6.419047
6.419047
6.419047
6.419047
6.419047
6.419047
6.419047
6.419047
6.419047
6.419047
6.419047
6.419047
6.419047
6.419047
6.419047
6.419047
6.419047
6.419047
6.419047
6.419047
6.419047
6.419047
6.419047
6.419047
6.419047
6.419047
6.419047
6.419047
6.419047
6.419047
6.419047
6.419047
6.419047
6.419047
6.419047
6.419047
6.419047
6.419047
6.419047
6.419047
6.419047
6.419047
6.419047
6.419047
6.419047
6.419047
6.419047
6.419047
6.419047
6.419047
6.419047
6.419047
6.419047
6.419047
6.419047
6.419047
6.419047
6.419047
6.419047
6.419047
6.419047
6.419047
6.419047
6.419047
6.419047
6.419047
6.419047
6.419047
6.419047
6.419047
6.419047
6.419047
6.419047
6.419047
6.419047
6.419047
6.419047
6.419047
6.419047
6.419047
6.419047
6.419047
6.419047
6.419047
6.419047
6.419047
6.419047
6.419047
6.419047
6.419047
6.419047
6.419047
6.419047
6.419047
6.419047
6.419047
6.419047
6.419047
6.419047
6.419047
6.419047
6.419047
6.419047
6.419047
6.419047
6.419047
6.419047
6.419047
6.419047
6.419047
6.419047
6.419047
6.419047
6.419047
6.419047
6.419047
6.419047
6.419047
6.419047
6.419047
6.419047
6.419047
6.419047
6.419047
6.419047
6.419047
6.419047
6.419047
6.419047
6.419047
6.419047
6.419047
6.419047
6.419047
6.419047
6.419047
6.419047
6.419047
6.419047
6.419047
6.419047
6.419047
6.419047
6.419047
6.419047
6.419047
6.419047
6.419047
6.419047
6.419047
6.419047
6.419047
6.419047
6.419047
6.419047
6.419047
6.419047
6.419047
6.419047
6.419047
6.419047
6.419047
6.419047
6.419047
6.419047
6.419047
6.419047
6.419047
6.419047
6.419047
6.419047
6.419047
6.419047
6.419047
6.419047
6.419047
6.419047
6.419047
6.419047
6.419047
6.419047
6.419047
6.419047
6.419047
6.419047
6.419047
6.419047
6.419047
6.419047
6.419047
6.419047
6.419047
6.419047
6.419047
6.419047
6.419047
6.419047
6.419047
6.419047
6.419047
6.419047
6.419047
6.419047
6.419047
6.419047
6.419047
6.419047
6.419047
6.419047
6.419047
6.419047
6.419047
6.419047
6.419047
6.419047
6.419047
6.419047
6.419047
6.419047
6.419047
6.419047
6.419047
6.419047
6.419047
6.419047
6.419047
6.419047
6.419047
6.419047
6.419047
6.419047
6.419047
6.419047
6.419047
6.419047
6.419047
6.419047
6.419047
6.419047
6.419047
6.419047
6.419047
6.419047
6.419047
6.419047
6.419047
6.419047
6.419047
6.419047
6.419047
6.419047
6.419047
6.419047
6.419047
6.419047
6.419047
6.419047
6.419047
6.419047
6.419047
6.419047
6.419047
6.419047
6.419047
6.419047
6.419047
6.419047
6.419047
6.419047
6.419047
6.419047
6.419047
6.419047
6.419047
6.419047
6.419047
6.419047
6.419047
6.419047
6.419047
6.419047
6.419047
6.419047
6.419047
6.419047
6.419047
6.419047
6.419047
6.419047
6.419047
6.419047
6.419047
6.419047
6.419047
6.419047
6.419047
6.419047
6.419047
6.419047
6.419047
6.419047
6.419047
6.419047
6.419047
6.419047
6.419047
6.419047
6.419047
6.419047
6.419047
6.419047
6.419047
6.419047
6.419047
6.419047
6.419047
6.419047
6.419047
6.419047
6.419047
6.419047
6.419047
6.419047
6.419047
6.419047
6.419047
6.419047
6.419047
6.419047
6.419047
6.419047
6.419047
6.419047
6.419047
6.419047
6.419047
6.419047
6.419047
6.419047
6.419047
6.419047
6.419047
6.419047
6.419047
6.419047
6.419047
6.419047
6.419047
6.419047
6.419047
6.419047
6.419047
6.419047
6.419047
6.419047
6.419047
6.419047
6.419047
6.419047
6.419047
6.419047
6.419047
6.419047
6.419047
6.419047
6.419047
6.419047
6.419047
6.419047
6.419047
6.419047
6.419047
6.419047
6.419047
6.419047
6.419047
6.419047
6.419047
6.419047
6.419047
6.419047
6.419047
6.419047
6.419047
6.419047
6.419047
6.419047
6.419047
6.419047
6.419047
6.419047
6.419047
6.419047
6.419047
6.419047
6.419047
6.419047
6.419047
6.419047
6.419047
6.419047
6.419047
6.419047
6.419047
6.419047
6.419047
6.419047
6.419047
6.419047
6.419047
6.419047
6.419047
6.419047
6.419047
6.419047
6.419047
6.419047
6.419047
6.419047
6.419047
6.419047
6.419047
6.419047
6.419047
6.419047
6.419047
6.419047
6.419047
6.419047
6.419047
6.419047
6.419047
6.419047
6.419047
6.419047
6.419047
6.419047
6.419047
6.419047
6.419047
6.419047
6.419047
6.419047
6.419047
6.419047
6.419047
6.419047
6.419047
6.419047
6.419047
6.419047
6.419047
6.419047
6.419047
6.419047
6.419047
6.419047
6.419047
6.419047
6.419047
6.419047
6.419047
6.419047
6.419047
6.419047
6.419047
6.419047
6.419047
6.419047
6.419047
6.419047
6.419047
6.419047
6.419047
6.419047
6.419047
6.419047
6.419047
6.419047
6.419047
6.419047
6.419047
6.419047
6.419047
6.419047
6.419047
6.419047
6.419047
6.419047
6.419047
6.419047
6.419047
6.419047
6.419047
6.419047
6.419047
6.419047
6.419047
6.419047
6.419047
6.419047
6.419047
6.419047
6.419047
6.419047
6.419047
6.419047
6.419047
6.419047
6.419047
6.419047
6.419047
6.419047
6.419047
6.419047
6.419047
6.419047
6.419047
6.419047
6.419047
6.419047
6.419047
6.419047
6.419047
6.419047
6.419047
6.419047
6.419047
6.419047
6.419047
6.419047
6.419047
6.419047
6.419047
6.419047
6.419047
6.419047
6.419047
6.419047
6.419047
6.419047
6.419047
6.419047
6.419047
6.419047
6.419047
6.419047
6.419047
6.419047
6.419047
6.419047
6.419047
6.419047
6.419047
6.419047
6.419047
6.419047
6.419047
6.419047
6.419047
6.419047
6.419047
6.419047
6.419047
6.419047
6.419047
6.419047
6.419047
6.419047
6.419047
6.419047
6.419047
6.419047
6.419047
6.419047
6.419047
6.419047
6.419047
6.419047
6.419047
6.419047
6.419047
6.419047
6.419047
6.419047
6.419047
6.419047
6.419047
6.419047
6.419047
6.419047
6.419047
6.419047
6.419047
6.419047
6.419047
6.419047
6.419047
6.419047
6.419047
6.419047
6.419047
6.419047
6.419047
6.419047
6.419047
6.419047
6.419047
6.419047
6.419047
6.419047
6.419047
6.419047
6.419047
6.419047
6.419047
6.419047
6.419047
6.419047
6.419047
6.419047
6.419047
6.419047
6.419047
6.419047
6.419047
6.419047
6.419047
6.419047
6.419047
6.419047
6.419047
6.419047
6.419047
6.419047
6.419047
6.419047
6.419047
6.419047
6.419047
6.419047
6.419047
6.419047
6.419047
6.419047
6.419047
6.419047
6.419047
6.419047
6.419047
6.419047
6.419047
6.419047
6.419047
6.419047
6.419047
6.419047
6.419047
6.419047
6.419047
6.419047
6.419047
6.419047
6.419047
6.419047
6.419047
6.419047
6.419047
6.419047
6.419047
6.419047
6.419047
6.419047
6.419047
6.419047
6.419047
6.419047
6.419047
6.419047
6.419047
6.419047
6.419047
6.419047
6.419047
6.419047
6.419047
6.419047
6.419047
6.419047
6.419047
6.419047
6.419047
6.419047
6.419047
6.419047
6.419047
6.419047
6.419047
6.419047
6.419047
6.419047
6.419047
6.419047
6.419047
6.419047
6.419047
6.419047
6.419047
6.419047
6.419047
6.419047
6.419047
6.419047
6.419047
6.419047
6.419047
6.419047
6.419047
6.419047
6.419047
6.419047
6.419047
6.419047
6.419047
6.419047
6.419047
6.419047
6.419047
6.419047
6.419047
6.419047
6.419047
6.419047
6.419047
6.419047
6.419047
6.419047
6.419047
6.419047
6.419047
6.419047
6.419047
6.419047
6.419047
6.419047
6.419047
6.419047
6.419047
6.419047
6.419047
6.419047
6.419047
6.419047
6.419047
6.419047
6.419047
6.419047
6.419047
6.419047
6.419047
6.419047
6.419047
6.419047
6.419047
6.419047
6.419047
6.419047
6.419047
6.419047
6.419047
6.419047
6.419047
6.419047
6.419047
6.419047
6.419047
6.419047
6.419047
6.419047
6.419047
6.419047
6.419047
6.419047
6.419047
6.419047
6.419047
6.419047
6.419047
6.419047
6.419047
6.419047
6.419047
6.419047
6.419047
6.419047
6.419047
6.419047
6.419047
6.419047
6.419047
6.419047
6.419047
6.419047
6.419047
6.419047
6.419047
6.419047
6.419047
6.419047
6.419047
6.419047
6.419047
6.419047
6.419047
6.419047
6.419047
6.419047
6.419047
6.419047
6.419047
6.419047
6.419047
6.419047
6.419047
6.419047
6.419047
6.419047
6.419047
6.419047
6.419047
6.419047
6.419047
6.419047
6.419047
6.419047
6.419047
6.419047
6.419047
6.419047
6.419047
6.419047
6.419047
6.419047
6.419047
6.419047
6.419047
6.419047
6.419047
6.419047
6.419047
6.419047
6.419047
6.419047
6.419047
6.419047
6.419047
6.419047
6.419047
6.419047
6.419047
6.419047
6.419047
6.419047
6.419047
6.419047
6.419047
6.419047
6.419047
6.419047
6.419047
6.419047
6.419047
6.419047
6.419047
6.419047
6.419047
6.419047
6.419047
6.419047
6.419047
6.419047
6.419047
6.419047
6.419047
6.419047
6.419047
6.419047
6.419047
6.419047
6.419047
6.419047
6.419047
6.419047
6.419047
6.419047
6.419047
6.419047
6.419047
6.419047
6.419047
6.419047
6.419047
6.419047
6.419047
6.419047
6.419047
6.419047
6.419047
6.419047
6.419047
6.419047
6.419047
6.419047
6.419047
6.419047
6.419047
6.419047
6.419047
6.419047
6.419047
6.419047
6.419047
6.419047
6.419047
6.419047
6.419047
6.419047
6.419047
6.419047
6.419047
6.419047
6.419047
6.419047
6.419047
6.419047
6.419047
6.419047
6.419047
6.419047
6.419047
6.419047
6.419047
6.419047
6.419047
6.419047
6.419047
6.419047
6.419047
6.419047
6.419047
6.419047
6.419047
6.419047
6.419047
6.419047
6.419047
6.419047
6.419047
6.419047
6.419047
6.419047
6.419047
6.419047
6.419047
6.419047
6.419047
6.419047
6.419047
6.419047
6.419047
6.419047
6.419047
6.419047
6.419047
6.419047
6.419047
6.419047
6.419047
6.419047
6.419047
6.419047
6.419047
6.419047
6.419047
6.419047
6.419047
6.419047
6.419047
6.419047
6.419047
6.419047
6.419047
6.419047
6.419047
6.419047
6.419047
6.419047
6.419047
6.419047
6.419047
6.419047
6.419047
6.419047
6.419047
6.419047
6.419047
6.419047
6.419047
6.419047
6.419047
6.419047
6.419047
6.419047
6.419047
6.419047
6.419047
6.419047
6.419047
6.419047
6.419047
6.419047
6.419047
6.419047
6.419047
6.419047
6.419047
6.419047
6.419047
6.419047
6.419047
6.419047
6.419047
6.419047
6.419047
6.419047
6.419047
6.419047
6.419047
6.419047
6.419047
6.419047
6.419047
6.419047
6.419047
6.419047
6.419047
6.419047
6.419047
6.419047
6.419047
6.419047
6.419047
6.419047
6.419047
6.419047
6.419047
6.419047
6.419047
6.419047
6.419047
6.419046
6.419045
6.419041
6.419034
6.419023
6.419009
6.418994
6.418977
6.418960
6.418942
6.418925
6.418907
6.418890
6.418872
6.418855
6.418837
6.418819
6.418802
6.418784
6.418767
6.418749
6.418732
6.418714
6.418696
6.418679
6.418661
6.418643
6.418626
6.418609
6.418591
6.418573
6.418556
6.418538
6.418521
6.418504
6.418486
6.418469
6.418451
6.418434
6.418416
6.418399
6.418381
6.418364
6.418346
6.418329
6.418311
6.418293
6.418276
6.418258
6.418241
6.418223
6.418205
6.418188
6.418170
6.418153
6.418135
6.418118
6.418100
6.418083
6.418065
6.418048
6.418030
6.418013
6.417995
6.417978
6.417960
6.417943
6.417925
6.417908
6.417891
6.417873
6.417855
6.417838
6.417820
6.417803
6.417785
6.417768
6.417750
6.417732
6.417715
6.417697
6.417680
6.417663
6.417645
6.417628
6.417610
6.417592
6.417575
6.417557
6.417540
6.417522
6.417505
6.417487
6.417470
6.417452
6.417435
6.417417
6.417400
6.417382
6.417365
6.417347
6.417329
6.417312
6.417294
6.417277
6.417259
6.417241
6.417224
6.417206
6.417189
6.417171
6.417154
6.417136
6.417119
6.417102
6.417084
6.417067
6.417049
6.417031
6.417014
6.416997
6.416979
6.416962
6.416944
6.416927
6.416909
6.416892
6.416874
6.416856
6.416839
6.416821
6.416803
6.416786
6.416768
6.416751
6.416733
6.416716
6.416698
6.416681
6.416663
6.416646
6.416628
6.416611
6.416593
6.416576
6.416558
6.416541
6.416523
6.416506
6.416488
6.416471
6.416454
6.416436
6.416418
6.416401
6.416383
6.416366
6.416348
6.416330
6.416313
6.416295
6.416277
6.416260
6.416242
6.416225
6.416208
6.416190
6.416173
6.416155
6.416138
6.416120
6.416103
6.416085
6.416068
6.416050
6.416033
6.416015
6.415998
6.415980
6.415963
6.415945
6.415927
6.415910
6.415892
6.415874
6.415857
6.415839
6.415822
6.415804
6.415787
6.415769
6.415752
6.415734
6.415717
6.415699
6.415682
6.415664
6.415647
6.415629
6.415612
6.415595
6.415577
6.415559
6.415542
6.415524
6.415507
6.415489
6.415472
6.415454
6.415436
6.415418
6.415400
6.415381
6.415362
6.415341
6.415320
6.415297
6.415272
6.415246
6.415219
6.415192
6.415165
6.415138
6.415110
6.415083
6.415056
6.415028
6.415001
6.414974
6.414946
6.414919
6.414891
6.414864
6.414836
6.414809
6.414782
6.414754
6.414727
6.414700
6.414672
6.414645
6.414618
6.414591
6.414563
6.414536
6.414508
6.414481
6.414453
6.414426
6.414398
6.414371
6.414343
6.414316
6.414289
6.414261
6.414234
6.414207
6.414180
6.414152
6.414125
6.414098
6.414070
6.414043
6.414015
6.413988
6.413960
6.413933
6.413906
6.413878
6.413851
6.413823
6.413796
6.413768
6.413741
6.413713
6.413686
6.413659
6.413631
6.413604
6.413577
6.413549
6.413522
6.413495
6.413468
6.413441
6.413413
6.413386
6.413358
6.413331
6.413303
6.413276
6.413248
6.413221
6.413194
6.413166
6.413139
6.413112
6.413084
6.413057
6.413030
6.413002
6.412975
6.412947
6.412920
6.412892
6.412865
6.412838
6.412810
6.412783
6.412756
6.412728
6.412701
6.412674
6.412646
6.412619
6.412592
6.412564
6.412537
6.412509
6.412482
6.412454
6.412427
6.412399
6.412372
6.412345
6.412317
6.412290
6.412263
6.412236
6.412208
6.412181
6.412153
6.412126
6.412098
6.412071
6.412044
6.412016
6.411989
6.411962
6.411934
6.411907
6.411880
6.411852
6.411825
6.411798
6.411770
6.411743
6.411716
6.411688
6.411661
6.411633
6.411606
6.411578
6.411551
6.411524
6.411496
6.411469
6.411441
6.411413
6.411384
6.411354
6.411322
6.411288
6.411252
6.411214
6.411176
6.411136
6.411096
6.411056
6.411016
6.410976
6.410936
6.410896
6.410856
6.410816
6.410776
6.410736
6.410696
6.410656
6.410616
6.410576
6.410536
6.410496
6.410457
6.410417
6.410377
6.410337
6.410297
6.410257
6.410217
6.410177
6.410137
6.410097
6.410057
6.410017
6.409977
6.409937
6.409897
6.409857
6.409817
6.409777
6.409737
6.409697
6.409657
6.409617
6.409577
6.409537
6.409497
6.409457
6.409417
6.409377
6.409337
6.409297
6.409257
6.409217
6.409177
6.409137
6.409097
6.409057
6.409017
6.408977
6.408937
6.408897
6.408857
6.408817
6.408777
6.408737
6.408697
6.408657
6.408617
6.408577
6.408537
6.408497
6.408457
6.408417
6.408377
6.408338
6.408298
6.408257
6.408217
6.408177
6.408137
6.408097
6.408057
6.408017
6.407977
6.407937
6.407897
6.407857
6.407817
6.407777
6.407737
6.407697
6.407657
6.407617
6.407577
6.407537
6.407497
6.407456
6.407415
6.407374
6.407331
6.407287
6.407241
6.407193
6.407145
6.407095
6.407045
6.406995
6.406945
6.406895
6.406845
6.406795
6.406745
6.406695
6.406645
6.406595
6.406545
6.406495
6.406445
6.406395
6.406345
6.406295
6.406245
6.406195
6.406145
6.406095
6.406045
6.405995
6.405945
6.405895
6.405845
6.405795
6.405745
6.405695
6.405645
6.405595
6.405545
6.405495
6.405445
6.405395
6.405345
6.405295
6.405245
6.405195
6.405145
6.405095
6.405045
6.404995
6.404945
6.404895
6.404845
6.404795
6.404745
6.404695
6.404645
6.404595
6.404545
6.404495
6.404445
6.404395
6.404345
6.404295
6.404245
6.404195
6.404145
6.404095
6.404045
6.403995
6.403945
6.403895
6.403845
6.403795
6.403745
6.403695
6.403645
6.403595
6.403545
6.403495
6.403444
6.403392
6.403339
6.403284
6.403227
6.403168
6.403108
6.403048
6.402987
6.402925
6.402864
6.402802
6.402740
6.402679
6.402617
6.402556
6.402494
6.402433
6.402371
6.402310
6.402248
6.402186
6.402125
6.402063
6.402001
6.401940
6.401878
6.401817
6.401755
6.401693
6.401632
6.401570
6.401508
6.401446
6.401385
6.401323
6.401262
6.401200
6.401138
6.401077
6.401015
6.400954
6.400893
6.400831
6.400770
6.400708
6.400646
6.400585
6.400523
6.400461
6.400400
6.400338
6.400276
6.400214
6.400153
6.400091
6.400030
6.399968
6.399906
6.399845
6.399783
6.399722
6.399660
6.399599
6.399537
6.399475
6.399412
6.399349
6.399286
6.399222
6.399158
6.399093
6.399028
6.398962
6.398897
6.398831
6.398766
6.398700
6.398635
6.398569
6.398504
6.398438
6.398373
6.398307
6.398242
6.398176
6.398110
6.398045
6.397979
6.397913
6.397848
6.397782
6.397716
6.397651
6.397585
6.397519
6.397454
6.397388
6.397323
6.397257
6.397191
6.397126
6.397060
6.396994
6.396929
6.396863
6.396797
6.396732
6.396666
6.396600
6.396535
6.396469
6.396404
6.396338
6.396273
6.396207
6.396142
6.396076
6.396011
6.395945
6.395879
6.395814
6.395748
6.395683
6.395617
6.395550
6.395483
6.395415
6.395345
6.395273
6.395199
6.395122
6.395045
6.394965
6.394885
6.394804
6.394722
6.394641
6.394559
6.394477
6.394396
6.394314
6.394232
6.394150
6.394069
6.393987
6.393906
6.393824
6.393742
6.393661
6.393579
6.393497
6.393415
6.393334
6.393252
6.393170
6.393089
6.393007
6.392925
6.392844
6.392762
6.392680
6.392599
6.392517
6.392435
6.392354
6.392272
6.392190
6.392108
6.392027
6.391945
6.391863
6.391781
6.391699
6.391617
6.391535
6.391453
6.391371
6.391289
6.391205
6.391122
6.391038
6.390954
6.390870
6.390786
6.390702
6.390617
6.390533
6.390448
6.390364
6.390280
6.390196
6.390111
6.390027
6.389943
6.389858
6.389774
6.389690
6.389606
6.389521
6.389437
6.389353
6.389268
6.389184
6.389100
6.389015
6.388931
6.388847
6.388762
6.388678
6.388594
6.388509
6.388425
6.388340
6.388256
6.388172
6.388087
6.388003
6.387919
6.387834
6.387750
6.387665
6.387579
6.387492
6.387404
6.387312
6.387219
6.387122
6.387023
6.386922
6.386818
6.386712
6.386606
6.386500
6.386393
6.386286
6.386180
6.386073
6.385967
6.385860
6.385754
6.385647
6.385541
6.385434
6.385328
6.385221
6.385114
6.385008
6.384901
6.384795
6.384688
6.384581
6.384475
6.384368
6.384261
6.384155
6.384048
6.383942
6.383835
6.383728
6.383621
6.383514
6.383405
6.383296
6.383186
6.383076
6.382964
6.382851
6.382737
6.382623
6.382509
6.382395
6.382280
6.382166
6.382052
6.381938
6.381823
6.381709
6.381595
6.381480
6.381366
6.381252
6.381137
6.381023
6.380909
6.380795
6.380681
6.380566
6.380452
6.380338
6.380223
6.380109
6.379995
6.379881
6.379766
6.379652
6.379538
6.379423
6.379308
6.379193
6.379077
6.378961
6.378844
6.378728
6.378611
6.378494
6.378378
6.378261
6.378144
6.378028
6.377911
6.377794
6.377678
6.377561
6.377444
6.377328
6.377211
6.377094
6.376978
6.376861
6.376745
6.376628
6.376512
6.376395
6.376279
6.376162
6.376046
6.375929
6.375812
6.375695
6.375577
6.375458
6.375337
6.375214
6.375088
6.374961
6.374831
6.374701
6.374570
6.374439
6.374307
6.374175
6.374042
6.373910
6.373777
6.373645
6.373512
6.373380
6.373248
6.373116
6.372983
6.372851
6.372719
6.372587
6.372454
6.372322
6.372190
6.372057
6.371925
6.371792
6.371657
6.371521
6.371383
6.371242
6.371099
6.370954
6.370805
6.370654
6.370502
6.370348
6.370194
6.370039
6.369884
6.369730
6.369575
6.369420
6.369265
6.369110
6.368955
6.368801
6.368646
6.368491
6.368336
6.368181
6.368026
6.367872
6.367717
6.367563
6.367408
6.367255
6.367102
6.366949
6.366797
6.366645
6.366494
6.366343
6.366191
6.366040
6.365888
6.365737
6.365586
6.365434
6.365283
6.365132
6.364981
6.364830
6.364679
6.364527
6.364376
6.364225
6.364073
6.363922
6.363770
6.363618
6.363465
6.363310
6.363151
6.362990
6.362827
6.362662
6.362495
6.362328
6.362161
6.361994
6.361826
6.361659
6.361491
6.361323
6.361156
6.360988
6.360821
6.360653
6.360485
6.360318
6.360150
6.359982
6.359814
6.359645
6.359476
6.359305
6.359133
6.358960
6.358785
6.358608
6.358430
6.358252
6.358073
6.357895
6.357716
6.357537
6.357359
6.357180
6.357002
6.356823
6.356645
6.356466
6.356288
6.356109
6.355931
6.355751
6.355571
6.355389
6.355204
6.355017
6.354828
6.354637
6.354444
6.354251
6.354057
6.353862
6.353667
6.353473
6.353278
6.353084
6.352889
6.352695
6.352500
6.352306
6.352111
6.351916
6.351721
6.351524
6.351325
6.351123
6.350919
6.350713
6.350505
6.350296
6.350086
6.349875
6.349664
6.349453
6.349242
6.349031
6.348820
6.348610
6.348398
6.348187
6.347975
6.347763
6.347551
6.347337
6.347123
6.346907
6.346689
6.346471
6.346251
6.346031
6.345810
6.345590
6.345369
6.345148
6.344928
6.344707
6.344487
6.344267
6.344046
6.343825
6.343605
6.343384
6.343162
6.342941
6.342719
6.342497
6.342274
6.342052
6.341829
6.341607
6.341385
6.341162
6.340940
6.340717
6.340495
6.340273
6.340050
6.339828
6.339605
6.339382
6.339158
6.338934
6.338709
6.338484
6.338259
6.338034
6.337809
6.337583
6.337358
6.337132
6.336907
6.336681
6.336455
6.336229
6.336002
6.335774
6.335545
6.335313
6.335079
6.334842
6.334601
6.334358
6.334112
6.333865
6.333617
6.333369
6.333120
6.332872
6.332624
6.332375
6.332127
6.331877
6.331626
6.331373
6.331119
6.330863
6.330606
6.330346
6.330086
6.329824
6.329561
6.329298
6.329035
6.328772
6.328508
6.328245
6.327981
6.327717
6.327451
6.327182
6.326912
6.326639
6.326364
6.326088
6.325811
6.325534
6.325256
6.324978
6.324700
6.324421
6.324143
6.323864
6.323585
6.323306
6.323026
6.322746
6.322465
6.322184
6.321902
6.321620
6.321337
6.321055
6.320773
6.320490
6.320208
6.319925
6.319641
6.319355
6.319067
6.318776
6.318482
6.318186
6.317889
6.317591
6.317292
6.316994
6.316695
6.316397
6.316098
6.315799
6.315500
6.315200
6.314900
6.314599
6.314298
6.313996
6.313695
6.313393
6.313091
6.312790
6.312488
6.312185
6.311882
6.311578
6.311271
6.310963
6.310654
6.310343
6.310030
6.309716
6.309402
6.309087
6.308771
6.308456
6.308140
6.307824
6.307507
6.307190
6.306873
6.306556
6.306238
6.305919
6.305601
6.305282
6.304962
6.304643
6.304324
6.304004
6.303683
6.303361
6.303038
6.302713
6.302388
6.302061
6.301734
6.301405
6.301077
6.300748
6.300418
6.300088
6.299758
6.299427
6.299096
6.298763
6.298430
6.298096
6.297761
6.297426
6.297090
6.296754
6.296418
6.296081
6.295742
6.295402
6.295059
6.294715
6.294368
6.294020
6.293670
6.293319
6.292968
6.292616
6.292263
6.291909
6.291551
6.291188
6.290817
6.290440
6.290055
6.289667
6.289276
6.288884
6.288491
6.288097
6.287703
6.287308
6.286913
6.286517
6.286120
6.285723
6.285325
6.284927
6.284529
6.284131
6.283732
6.283334
6.282936
6.282537
6.282139
6.281741
6.281343
6.280945
6.280547
6.280150
6.279752
6.279356
6.278959
6.278563
6.278168
6.277773
6.277378
6.276983
6.276588
6.276194
6.275800
6.275407
6.275013
6.274621
6.274229
6.273837
6.273445
6.273054
6.272663
6.272270
6.271876
6.271478
6.271076
6.270668
6.270256
6.269840
6.269422
6.269001
6.268579
6.268157
6.267733
6.267309
6.266885
6.266461
6.266036
6.265611
6.265185
6.264759
6.264333
6.263907
6.263481
6.263054
6.262627
6.262199
6.261771
6.261342
6.260913
6.260483
6.260052
6.259617
6.259177
6.258728
6.258271
6.257806
6.257335
6.256861
6.256385
6.255909
6.255433
6.254957
6.254480
6.254004
6.253527
6.253050
6.252572
6.252095
6.251618
6.251140
6.250663
6.250185
6.249708
6.249231
6.248754
6.248276
6.247798
6.247318
6.246836
6.246350
6.245863
6.245373
6.244882
6.244391
6.243899
6.243407
6.242914
6.242420
6.241926
6.241431
6.240936
6.240441
6.239946
6.239451
6.238956
6.238460
6.237964
6.237467
6.236970
6.236472
6.235973
6.235473
6.234971
6.234467
6.233960
6.233450
6.232938
6.232424
6.231909
6.231393
6.230875
6.230355
6.229832
6.229308
6.228782
6.228255
6.227727
6.227198
6.226670
6.226141
6.225612
6.225083
6.224555
6.224027
6.223499
6.222972
6.222446
6.221920
6.221395
6.220869
6.220343
6.219814
6.219282
6.218745
6.218203
6.217658
6.217110
6.216559
6.216007
6.215453
6.214897
6.214340
6.213782
6.213223
6.212663
6.212102
6.211541
6.210980
6.210418
6.209856
6.209294
6.208731
6.208169
6.207606
6.207042
6.206478
6.205913
6.205347
6.204781
6.204212
6.203640
6.203063
6.202478
6.201887
6.201289
6.200688
6.200084
6.199479
6.198873
6.198266
6.197660
6.197053
6.196446
6.195839
6.195232
6.194625
6.194019
6.193412
6.192806
6.192200
6.191595
6.190989
6.190385
6.189780
6.189174
6.188567
6.187956
6.187341
6.186721
6.186096
6.185466
6.184831
6.184193
6.183551
6.182906
6.182260
6.181612
6.180964
6.180315
6.179666
6.179018
6.178370
6.177723
6.177076
6.176429
6.175783
6.175136
6.174490
6.173844
6.173197
6.172549
6.171901
6.171251
6.170599
6.169945
6.169290
6.168632
6.167972
6.167310
6.166644
6.165974
6.165300
6.164623
6.163943
6.163263
6.162582
6.161901
6.161221
6.160540
6.159861
6.159181
6.158502
6.157822
6.157143
6.156463
6.155784
6.155104
6.154425
6.153744
6.153063
6.152379
6.151691
6.150999
6.150302
6.149599
6.148891
6.148178
6.147458
6.146733
6.146003
6.145267
6.144527
6.143783
6.143037
6.142290
6.141543
6.140796
6.140049
6.139303
6.138557
6.137812
6.137066
6.136321
6.135575
6.134829
6.134081
6.133332
6.132582
6.131830
6.131075
6.130318
6.129557
6.128793
6.128025
6.127253
6.126475
6.125694
6.124908
6.124121
6.123331
6.122541
6.121750
6.120959
6.120167
6.119374
6.118582
6.117789
6.116996
6.116203
6.115410
6.114618
6.113827
6.113036
6.112245
6.111456
6.110666
6.109875
6.109084
6.108290
6.107492
6.106690
6.105883
6.105071
6.104256
6.103438
6.102618
6.101796
6.100973
6.100149
6.099326
6.098503
6.097680
6.096857
6.096035
6.095213
6.094392
6.093571
6.092750
6.091929
6.091108
6.090288
6.089466
6.088644
6.087820
6.086994
6.086164
6.085328
6.084486
6.083635
6.082774
6.081903
6.081022
6.080134
6.079241
6.078343
6.077442
6.076540
6.075636
6.074733
6.073829
6.072925
6.072021
6.071116
6.070211
6.069305
6.068399
6.067493
6.066587
6.065681
6.064775
6.063870
6.062963
6.062057
6.061148
6.060238
6.059326
6.058410
6.057491
6.056568
6.055641
6.054711
6.053779
6.052847
6.051915
6.050984
6.050053
6.049122
6.048192
6.047262
6.046333
6.045403
6.044472
6.043540
6.042609
6.041678
6.040748
6.039819
6.038889
6.037959
6.037027
6.036092
6.035153
6.034209
6.033260
6.032302
6.031338
6.030364
6.029382
6.028390
6.027391
6.026387
6.025381
6.024373
6.023366
6.022358
6.021351
6.020343
6.019336
6.018330
6.017323
6.016317
6.015310
6.014304
6.013298
6.012292
6.011285
6.010278
6.009270
6.008261
6.007250
6.006236
6.005219
6.004196
6.003169
6.002136
6.001098
6.000055
5.999009
5.997959
5.996907
5.995854
5.994799
5.993745
5.992691
5.991637
5.990583
5.989530
5.988478
5.987425
5.986372
5.985319
5.984266
5.983213
5.982158
5.981103
5.980047
5.978990
5.977932
5.976872
5.975806
5.974731
5.973644
5.972542
5.971426
5.970299
5.969166
5.968029
5.966892
5.965754
5.964615
5.963478
5.962340
5.961203
5.960066
5.958930
5.957794
5.956658
5.955522
5.954387
5.953251
5.952114
5.950978
5.949841
5.948703
5.947564
5.946424
5.945282
5.944136
5.942986
5.941831
5.940672
5.939507
5.938337
5.937163
5.935988
5.934813
5.933639
5.932465
5.931293
5.930121
5.928950
5.927779
5.926609
5.925440
5.924271
5.923104
5.921936
5.920769
5.919603
5.918436
5.917269
5.916102
5.914933
5.913762
5.912588
5.911408
5.910221
5.909027
5.907825
5.906614
5.905394
5.904166
5.902931
5.901692
5.900450
5.899207
5.897962
5.896716
5.895469
5.894221
5.892971
5.891720
5.890468
5.889215
5.887961
5.886707
5.885452
5.884196
5.882939
5.881681
5.880422
5.879161
5.877898
5.876630
5.875355
5.874069
5.872773
5.871466
5.870149
5.868823
5.867489
5.866149
5.864805
5.863459
5.862112
5.860764
5.859416
5.858068
5.856718
5.855369
5.854019
5.852668
5.851318
5.849967
5.848617
5.847267
5.845917
5.844567
5.843217
5.841865
5.840510
5.839151
5.837788
5.836418
5.835039
5.833652
5.832256
5.830852
5.829442
5.828027
5.826608
5.825186
5.823762
5.822339
5.820916
5.819493
5.818070
5.816647
5.815223
5.813800
5.812376
5.810952
5.809527
5.808103
5.806679
5.805257
5.803835
5.802413
5.800990
5.799565
5.798136
5.796701
5.795260
5.793810
5.792350
5.790882
5.789407
5.787930
5.786450
5.784971
5.783491
5.782012
5.780533
5.779054
5.777576
5.776099
5.774622
5.773146
5.771671
5.770197
5.768724
5.767252
5.765781
5.764311
5.762841
5.761372
5.759901
5.758426
5.756945
5.755457
5.753960
5.752452
5.750933
5.749403
5.747863
5.746314
5.744760
5.743202
5.741642
5.740081
5.738518
5.736955
5.735391
5.733826
5.732261
5.730694
5.729128
5.727561
5.725993
5.724424
5.722854
5.721284
5.719712
5.718140
5.716566
5.714989
5.713407
5.711816
5.710215
5.708603
5.706980
5.705347
5.703706
5.702056
5.700401
5.698741
5.697079
5.695414
5.693749
5.692084
5.690418
5.688752
5.687087
5.685421
5.683756
5.682090
5.680424
5.678758
5.677092
5.675425
5.673757
5.672089
5.670420
5.668750
5.667077
5.665400
5.663715
5.662020
5.660315
5.658599
5.656877
5.655148
5.653416
5.651680
5.649943
5.648206
5.646468
5.644731
5.642994
5.641257
5.639520
5.637782
5.636045
5.634308
5.632571
5.630834
5.629097
5.627360
5.625623
5.623884
5.622144
5.620400
5.618653
5.616898
5.615134
5.613357
5.611562
5.609750
5.607924
5.606087
5.604245
5.602402
5.600558
5.598715
5.596873
5.595033
5.593193
5.591355
5.589517
5.587680
5.585844
5.584008
5.582173
5.580339
5.578507
5.576675
5.574844
5.573014
5.571183
5.569350
5.567513
5.565671
5.563823
5.561967
5.560103
5.558231
5.556352
5.554466
5.552574
5.550679
5.548782
5.546883
5.544984
5.543083
5.541182
5.539280
5.537377
5.535472
5.533564
5.531654
5.529742
5.527828
5.525912
5.523995
5.522078
5.520159
5.518239
5.516317
5.514389
5.512452
5.510501
5.508534
5.506550
5.504553
5.502545
5.500529
5.498507
5.496481
5.494453
5.492423
5.490393
5.488363
5.486334
5.484304
5.482274
5.480244
5.478213
5.476180
5.474146
5.472111
5.470076
5.468042
5.466008
5.463976
5.461943
5.459909
5.457872
5.455830
5.453779
5.451715
5.449637
5.447544
5.445442
5.443332
5.441220
5.439108
5.436995
5.434882
5.432769
5.430656
5.428544
5.426432
5.424322
5.422213
5.420105
5.417997
5.415889
5.413780
5.411670
5.409560
5.407449
5.405338
5.403225
5.401111
5.398992
5.396868
5.394737
5.392598
5.390450
5.388292
5.386124
5.383949
5.381770
5.379589
5.377406
5.375224
5.373043
5.370862
5.368682
5.366503
5.364324
5.362146
5.359969
5.357792
5.355617
5.353443
5.351271
5.349100
5.346931
5.344762
5.342593
5.340422
5.338245
5.336058
5.333859
5.331645
5.329418
5.327180
5.324933
5.322679
5.320419
5.318155
5.315889
5.313622
5.311354
5.309085
5.306814
5.304541
5.302266
5.299989
5.297712
5.295433
5.293154
5.290874
5.288593
5.286311
5.284027
5.281743
5.279456
5.277168
5.274875
5.272576
5.270266
5.267944
5.265608
5.263259
5.260902
5.258539
5.256173
5.253804
5.251435
5.249066
5.246697
5.244328
5.241959
5.239591
5.237223
5.234855
5.232488
5.230120
5.227753
5.225386
5.223019
5.220652
5.218285
5.215917
5.213547
5.211175
5.208800
5.206420
5.204032
5.201636
5.199227
5.196805
5.194372
5.191931
5.189485
5.187037
5.184588
5.182138
5.179689
5.177241
5.174794
5.172347
5.169901
5.167457
5.165013
5.162570
5.160128
5.157687
5.155246
5.152806
5.150366
5.147925
5.145482
5.143037
5.140586
5.138126
5.135656
5.133175
5.130684
5.128183
5.125674
5.123158
5.120636
5.118112
5.115586
5.113061
5.110535
5.108011
5.105488
5.102965
5.100444
5.097923
5.095403
5.092883
5.090364
5.087845
5.085328
5.082811
5.080295
5.077780
5.075264
5.072748
5.070228
5.067701
5.065163
5.062613
5.060049
5.057475
5.054893
5.052304
5.049712
5.047116
5.044517
5.041916
5.039312
5.036708
5.034102
5.031496
5.028891
5.026285
5.023678
5.021070
5.018460
5.015849
5.013236
5.010623
5.008009
5.005395
5.002780
5.000164
4.997545
4.994923
4.992295
4.989657
4.987008
4.984348
4.981678
4.979003
4.976324
4.973644
4.970964
4.968284
4.965605
4.962927
4.960249
4.957573
4.954896
4.952220
4.949544
4.946868
4.944192
4.941516
4.938840
4.936164
4.933488
4.930811
4.928134
4.925455
4.922772
4.920085
4.917391
4.914689
4.911977
4.909254
4.906520
4.903777
4.901028
4.898275
4.895522
4.892769
4.890016
4.887263
4.884510
4.881757
4.879005
4.876253
4.873502
4.870751
4.868000
4.865249
4.862497
4.859746
4.856995
4.854244
4.851493
4.848742
4.845988
4.843228
4.840461
4.837685
4.834899
4.832102
4.829295
4.826478
4.823653
4.820822
4.817989
4.815155
4.812321
4.809487
4.806653
4.803818
4.800983
4.798148
4.795314
4.792480
4.789648
4.786816
4.783984
4.781153
4.778321
4.775489
4.772657
4.769824
4.766990
4.764154
4.761314
4.758468
4.755614
4.752753
4.749885
4.747013
4.744136
4.741256
4.738373
4.735488
4.732602
4.729716
4.726829
4.723942
4.721055
4.718169
4.715282
4.712397
4.709511
4.706625
4.703740
4.700854
4.697969
4.695083
4.692196
4.689310
4.686421
4.683530
4.680634
4.677728
4.674810
4.671877
4.668929
4.665970
4.663004
4.660033
4.657060
4.654086
4.651112
4.648137
4.645163
4.642189
4.639216
4.636243
4.633271
4.630300
4.627329
4.624357
4.621385
4.618413
4.615439
4.612466
4.609492
4.606518
4.603542
4.600564
4.597583
4.594599
4.591609
4.588614
4.585611
4.582602
4.579588
4.576570
4.573551
4.570533
4.567514
4.564496
4.561478
4.558461
4.555444
4.552428
4.549411
4.546395
4.543378
4.540362
4.537346
4.534331
4.531317
4.528303
4.525288
4.522273
4.519256
4.516237
4.513213
4.510185
4.507150
4.504108
4.501057
4.497997
4.494927
4.491850
4.488768
4.485685
4.482601
4.479517
4.476433
4.473348
4.470263
4.467177
4.464092
4.461007
4.457923
4.454839
4.451754
4.448668
4.445580
4.442489
4.439396
4.436301
4.433206
4.430109
4.427010
4.423906
4.420798
4.417684
4.414563
4.411437
4.408306
4.405171
4.402032
4.398892
4.395751
4.392611
4.389471
4.386331
4.383192
4.380052
4.376912
4.373771
4.370630
4.367490
4.364348
4.361207
4.358065
4.354923
4.351781
4.348639
4.345496
4.342353
4.339209
4.336062
4.332911
4.329751
4.326584
4.323408
4.320226
4.317039
4.313849
4.310656
4.307462
4.304266
4.301070
4.297873
4.294676
4.291478
4.288281
4.285084
4.281887
4.278692
4.275496
4.272301
4.269107
4.265913
4.262718
4.259523
4.256328
4.253132
4.249934
4.246736
4.243535
4.240332
4.237124
4.233913
4.230697
4.227478
4.224256
4.221032
4.217807
4.214580
4.211353
4.208126
4.204898
4.201670
4.198441
4.195212
4.191982
4.188751
4.185521
4.182291
4.179061
4.175832
4.172602
4.169372
4.166141
4.162909
4.159677
4.156444
4.153210
4.149974
4.146735
4.143491
4.140242
4.136989
4.133731
4.130471
4.127210
4.123948
4.120687
4.117427
4.114169
4.110911
4.107654
4.104397
4.101140
4.097882
4.094624
4.091367
4.088112
4.084859
4.081609
4.078362
4.075115
4.071869
4.068623
4.065375
4.062125
4.058870
4.055611
4.052346
4.049074
4.045796
4.042510
4.039217
4.035920
4.032620
4.029317
4.026013
4.022708
4.019403
4.016097
4.012791
4.009483
4.006173
4.002860
3.999546
3.996229
3.992912
3.989594
3.986277
3.982959
3.979642
3.976326
3.973009
3.969693
3.966376
3.963058
3.959740
3.956421
3.953102
3.949783
3.946465
3.943146
3.939828
3.936510
3.933193
3.929876
3.926558
3.923241
3.919923
3.916605
3.913287
3.909968
3.906648
3.903328
3.900008
3.896688
3.893367
3.890047
3.886726
3.883406
3.880085
3.876764
3.873441
3.870115
3.866786
3.863452
3.860114
3.856772
3.853427
3.850079
3.846729
3.843378
3.840026
3.836674
3.833321
3.829968
3.826615
3.823263
3.819911
3.816559
3.813208
3.809857
3.806506
3.803155
3.799805
3.796454
3.793103
3.789752
3.786400
3.783049
3.779697
3.776344
3.772991
3.769636
3.766280
3.762923
3.759566
3.756208
3.752852
3.749496
3.746141
3.742787
3.739433
3.736079
3.732727
3.729378
3.726030
3.722686
3.719344
3.716003
3.712663
3.709325
3.705987
3.702652
3.699319
3.695989
3.692662
3.689335
3.686009
3.682683
3.679355
3.676026
3.672696
3.669364
3.666030
3.662694
3.659355
3.656014
3.652670
3.649324
3.645976
3.642626
3.639275
3.635922
3.632568
3.629213
3.625857
3.622501
3.619143
3.615783
3.612422
3.609059
3.605695
3.602329
3.598962
3.595595
3.592228
3.588861
3.585495
3.582129
3.578766
3.575404
3.572044
3.568686
3.565330
3.561973
3.558617
3.555260
3.551902
3.548543
3.545184
3.541823
3.538462
3.535101
3.531739
3.528378
3.525017
3.521655
3.518294
3.514933
3.511572
3.508211
3.504850
3.501489
3.498128
3.494766
3.491405
3.488044
3.484682
3.481320
3.477957
3.474594
3.471230
3.467866
3.464502
3.461141
3.457781
3.454423
3.451065
3.447706
3.444347
3.440987
3.437627
3.434267
3.430908
3.427549
3.424191
3.420833
3.417475
3.414117
3.410758
3.407400
3.404043
3.400686
3.397330
3.393976
3.390623
3.387274
3.383926
3.380580
3.377237
3.373895
3.370555
3.367218
3.363883
3.360551
3.357221
3.353894
3.350570
3.347247
3.343926
3.340607
3.337289
3.333972
3.330657
3.327344
3.324033
3.320724
3.317418
3.314115
3.310812
3.307510
3.304208
3.300908
3.297609
3.294312
3.291020
3.287730
3.284442
3.281155
3.277868
3.274582
3.271295
3.268007
3.264719
3.261430
3.258139
3.254848
3.251556
3.248262
3.244966
3.241669
3.238368
3.235065
3.231759
3.228452
3.225144
3.221836
3.218527
3.215217
3.211907
3.208596
3.205285
3.201977
3.198673
3.195374
3.192078
3.188786
3.185493
3.182200
3.178904
3.175608
3.172310
3.169013
3.165716
3.162420
3.159124
3.155828
3.152533
3.149238
3.145943
3.142649
3.139355
3.136061
3.132767
3.129472
3.126178
3.122885
3.119593
3.116304
3.113018
3.109736
3.106457
3.103183
3.099913
3.096646
3.093383
3.090121
3.086861
3.083602
3.080343
3.077084
3.073825
3.070566
3.067307
3.064047
3.060788
3.057528
3.054269
3.051009
3.047750
3.044490
3.041231
3.037971
3.034711
3.031452
3.028194
3.024937
3.021684
3.018434
3.015188
3.011946
3.008708
3.005473
3.002241
2.999011
2.995782
2.992554
2.989327
2.986100
2.982873
2.979648
2.976423
2.973200
2.969978
2.966757
2.963538
2.960320
2.957105
2.953891
2.950679
2.947470
2.944263
2.941058
2.937857
2.934660
2.931468
2.928284
2.925109
2.921942
2.918784
2.915631
2.912482
2.909335
2.906190
2.903046
2.899902
2.896758
2.893614
2.890469
2.887322
2.884174
2.881025
2.877874
2.874721
2.871567
2.868410
2.865252
2.862090
2.858926
2.855760
2.852592
2.849424
2.846256
2.843092
2.839930
2.836775
2.833627
2.830486
2.827353
2.824223
2.821096
2.817969
2.814842
2.811714
2.808586
2.805458
2.802330
2.799201
2.796072
2.792944
2.789815
2.786687
2.783559
2.780432
2.777304
2.774177
2.771049
2.767920
2.764791
2.761663
2.758540
2.755423
2.752314
2.749213
2.746121
2.743037
2.739960
2.736889
2.733824
2.730760
2.727698
2.724637
2.721576
2.718515
2.715455
2.712394
2.709334
2.706274
2.703214
2.700155
2.697095
2.694034
2.690974
2.687913
2.684852
2.681791
2.678730
2.675670
2.672612
2.669558
2.666511
2.663471
2.660439
2.657413
2.654393
2.651376
2.648363
2.645352
2.642343
2.639335
2.636327
2.633320
2.630313
2.627306
2.624299
2.621291
2.618283
2.615276
2.612269
2.609262
2.606257
2.603254
2.600254
2.597255
2.594259
2.591265
2.588272
2.585283
2.582303
2.579334
2.576380
2.573441
2.570514
2.567596
2.564682
2.561772
2.558864
2.555957
2.553051
2.550146
2.547241
2.544336
2.541431
2.538525
2.535618
2.532711
2.529802
2.526893
2.523982
2.521070
2.518158
2.515245
2.512331
2.509418
2.506506
2.503596
2.500690
2.497789
2.494896
2.492013
2.489139
2.486273
2.483412
2.480553
2.477694
2.474835
2.471975
2.469114
2.466252
2.463390
2.460527
2.457665
2.454802
2.451939
2.449075
2.446209
2.443343
2.440475
2.437607
2.434738
2.431870
2.429003
2.426139
2.423279
2.420424
2.417576
2.414736
2.411903
2.409079
2.406263
2.403453
2.400648
2.397845
2.395042
2.392240
2.389438
2.386636
2.383835
2.381034
2.378233
2.375432
2.372632
2.369832
2.367032
2.364231
2.361430
2.358628
2.355826
2.353024
2.350223
2.347425
2.344632
2.341846
2.339071
2.336308
2.333557
2.330816
2.328083
2.325356
2.322635
2.319917
2.317200
2.314484
2.311768
2.309052
2.306335
2.303617
2.300900
2.298183
2.295466
2.292750
2.290034
2.287319
2.284606
2.281893
2.279181
2.276471
2.273763
2.271057
2.268356
2.265661
2.262977
2.260306
2.257651
2.255011
2.252383
2.249764
2.247151
2.244543
2.241938
2.239336
2.236736
2.234138
2.231541
2.228946
2.226351
2.223757
2.221165
2.218573
2.215981
2.213390
2.210799
2.208209
2.205620
2.203031
2.200442
2.197853
2.195266
2.192680
2.190097
2.187520
2.184952
2.182395
2.179848
2.177308
2.174773
2.172240
2.169708
2.167175
2.164641
2.162107
2.159571
2.157035
2.154497
2.151959
2.149420
2.146880
2.144340
2.141800
2.139260
2.136719
2.134179
2.131639
2.129100
2.126562
2.124026
2.121495
2.118968
2.116448
2.113937
2.111436
2.108947
2.106470
2.104002
2.101540
2.099080
2.096622
2.094163
2.091705
2.089247
2.086789
2.084330
2.081872
2.079413
2.076953
2.074493
2.072034
2.069575
2.067117
2.064661
2.062205
2.059751
2.057298
2.054848
2.052403
2.049967
2.047540
2.045126
2.042724
2.040334
2.037955
2.035588
2.033229
2.030876
2.028527
2.026178
2.023831
2.021483
2.019136
2.016789
2.014442
2.012095
2.009747
2.007400
2.005052
2.002704
2.000357
1.998010
1.995663
1.993316
1.990970
1.988624
1.986281
1.983942
1.981610
1.979287
1.976974
1.974672
1.972378
1.970091
1.967810
1.965535
1.963262
1.960992
1.958724
1.956458
1.954193
1.951931
1.949670
1.947412
1.945155
1.942901
1.940648
1.938396
1.936145
1.933895
1.931646
1.929397
1.927149
1.924901
1.922655
1.920412
1.918175
1.915947
1.913733
1.911534
1.909349
1.907176
1.905010
1.902849
1.900690
1.898533
1.896375
1.894218
1.892059
1.889900
1.887741
1.885581
1.883420
1.881260
1.879098
1.876936
1.874774
1.872612
1.870449
1.868285
1.866122
1.863959
1.861797
1.859636
1.857477
1.855322
1.853174
1.851034
1.848905
1.846787
1.844676
1.842572
1.840471
1.838373
1.836277
1.834181
1.832084
1.829987
1.827889
1.825790
1.823692
1.821593
1.819495
1.817396
1.815298
1.813199
1.811100
1.809001
1.806901
1.804801
1.802702
1.800605
1.798511
1.796422
1.794340
1.792268
1.790208
1.788163
1.786133
1.784113
1.782102
1.780095
1.778091
1.776089
1.774088
1.772087
1.770086
1.768086
1.766086
1.764086
1.762087
1.760088
1.758090
1.756091
1.754093
1.752096
1.750098
1.748101
1.746105
1.744109
1.742117
1.740128
1.738144
1.736167
1.734196
1.732234
1.730280
1.728335
1.726397
1.724465
1.722537
1.720611
1.718686
1.716764
1.714842
1.712922
1.711002
1.709084
1.707168
1.705252
1.703338
1.701425
1.699513
1.697602
1.695691
1.693781
1.691871
1.689963
1.688057
1.686154
1.684259
1.682372
1.680496
1.678631
1.676777
1.674934
1.673102
1.671278
1.669461
1.667646
1.665833
1.664020
1.662207
1.660393
1.658579
1.656764
1.654949
1.653133
1.651316
1.649499
1.647681
1.645863
1.644045
1.642226
1.640407
1.638588
1.636769
1.634951
1.633136
1.631327
1.629526
1.627736
1.625957
1.624187
1.622425
1.620672
1.618924
1.617181
1.615440
1.613700
1.611960
1.610221
1.608482
1.606742
1.605003
1.603264
1.601526
1.599787
1.598049
1.596311
1.594573
1.592835
1.591097
1.589359
1.587621
1.585882
1.584145
1.582410
1.580681
1.578961
1.577252
1.575552
1.573862
1.572178
1.570499
1.568824
1.567151
1.565478
1.563806
1.562134
1.560461
1.558788
1.557115
1.555442
1.553768
1.552095
1.550421
1.548747
1.547073
1.545398
1.543724
1.542049
1.540374
1.538700
1.537028
1.535357
1.533692
1.532036
1.530393
1.528766
1.527155
1.525557
1.523969
1.522387
1.520809
1.519234
1.517661
1.516089
1.514517
1.512947
1.511376
1.509807
1.508238
1.506669
1.505101
1.503533
1.501966
1.500399
1.498832
1.497266
1.495702
1.494139
1.492578
1.491019
1.489464
1.487912
1.486366
1.484828
1.483298
1.481777
1.480264
1.478756
1.477251
1.475749
1.474247
1.472745
1.471244
1.469742
1.468240
1.466737
1.465233
1.463729
1.462225
1.460720
1.459214
1.457708
1.456201
1.454693
1.453186
1.451678
1.450171
1.448666
1.447164
1.445666
1.444174
1.442688
1.441210
1.439740
1.438280
1.436827
1.435379
1.433934
1.432491
1.431049
1.429607
1.428166
1.426724
1.425282
1.423840
1.422397
1.420955
1.419512
1.418068
1.416624
1.415180
1.413735
1.412289
1.410844
1.409399
1.407956
1.406516
1.405082
1.403656
1.402238
1.400831
1.399433
1.398046
1.396667
1.395296
1.393930
1.392567
1.391206
1.389846
1.388486
1.387126
1.385767
1.384407
1.383047
1.381688
1.380329
1.378970
1.377612
1.376254
1.374896
1.373538
1.372180
1.370822
1.369465
1.368110
1.366758
1.365412
1.364073
1.362744
1.361424
1.360112
1.358807
1.357506
1.356209
1.354915
1.353622
1.352329
1.351036
1.349742
1.348447
1.347152
1.345856
1.344560
1.343265
1.341969
1.340675
1.339380
1.338087
1.336793
1.335500
1.334207
1.332914
1.331623
1.330335
1.329052
1.327777
1.326516
1.325269
1.324038
1.322817
1.321605
1.320396
1.319189
1.317984
1.316778
1.315572
1.314366
1.313159
1.311951
1.310742
1.309533
1.308323
1.307113
1.305902
1.304691
1.303480
1.302268
1.301057
1.299845
1.298635
1.297426
1.296219
1.295017
1.293818
1.292624
1.291436
1.290254
1.289079
1.287908
1.286741
1.285577
1.284416
1.283256
1.282098
1.280941
1.279784
1.278627
1.277470
1.276314
1.275157
1.274001
1.272845
1.271689
1.270534
1.269379
1.268224
1.267070
1.265917
1.264765
1.263615
1.262470
1.261331
1.260199
1.259075
1.257958
1.256849
1.255748
1.254653
1.253561
1.252472
1.251384
1.250295
1.249207
1.248118
1.247030
1.245941
1.244852
1.243763
1.242674
1.241586
1.240498
1.239409
1.238321
1.237233
1.236144
1.235056
1.233968
1.232881
1.231799
1.230723
1.229655
1.228598
1.227550
1.226510
1.225476
1.224446
1.223420
1.222396
1.221374
1.220353
1.219331
1.218310
1.217289
1.216269
1.215248
1.214227
1.213207
1.212188
1.211170
1.210152
1.209135
1.208120
1.207105
1.206093
1.205083
1.204078
1.203076
1.202081
1.201092
1.200112
1.199141
1.198179
1.197223
1.196273
1.195328
1.194387
1.193448
1.192511
1.191574
1.190637
1.189700
1.188764
1.187827
1.186890
1.185954
1.185017
1.184081
1.183144
1.182207
1.181269
1.180332
1.179394
1.178457
1.177519
1.176582
1.175647
1.174714
1.173784
1.172859
1.171939
1.171024
1.170112
1.169203
1.168295
1.167388
1.166480
1.165572
1.164664
1.163755
1.162847
1.161938
1.161029
1.160119
1.159210
1.158301
1.157392
1.156482
1.155573
1.154664
1.153754
1.152845
1.151937
1.151033
1.150133
1.149239
1.148352
1.147472
1.146599
1.145732
1.144871
1.144016
1.143164
1.142314
1.141466
1.140620
1.139774
1.138929
1.138084
1.137239
1.136393
1.135548
1.134702
1.133856
1.133009
1.132162
1.131315
1.130468
1.129619
1.128771
1.127923
1.127076
1.126232
1.125392
1.124558
1.123730
1.122908
1.122092
1.121280
1.120473
1.119669
1.118867
1.118067
1.117269
1.116472
1.115676
1.114881
1.114086
1.113292
1.112498
1.111704
1.110911
1.110118
1.109325
1.108534
1.107743
1.106952
1.106163
1.105375
1.104589
1.103807
1.103028
1.102256
1.101492
1.100736
1.099987
1.099245
1.098506
1.097771
1.097039
1.096307
1.095577
1.094848
1.094119
1.093390
1.092662
1.091934
1.091206
1.090478
1.089750
1.089022
1.088294
1.087566
1.086837
1.086108
1.085379
1.084650
1.083922
1.083195
1.082470
1.081749
1.081032
1.080322
1.079618
1.078921
1.078229
1.077540
1.076853
1.076168
1.075484
1.074801
1.074119
1.073436
1.072755
1.072073
1.071391
1.070709
1.070028
1.069346
1.068665
1.067983
1.067302
1.066621
1.065939
1.065258
1.064576
1.063896
1.063216
1.062537
1.061862
1.061189
1.060522
1.059859
1.059202
1.058548
1.057897
1.057246
1.056596
1.055946
1.055295
1.054645
1.053994
1.053344
1.052693
1.052042
1.051391
1.050740
1.050089
1.049438
1.048786
1.048134
1.047483
1.046833
1.046183
1.045536
1.044890
1.044247
1.043608
1.042973
1.042342
1.041716
1.041095
1.040480
1.039869
1.039261
1.038656
1.038053
1.037452
1.036852
1.036253
1.035653
1.035054
1.034455
1.033857
1.033258
1.032660
1.032062
1.031465
1.030868
1.030271
1.029675
1.029081
1.028488
1.027897
1.027308
1.026721
1.026136
1.025554
1.024976
1.024402
1.023833
1.023269
1.022710
1.022153
1.021598
1.021044
1.020491
1.019938
1.019386
1.018835
1.018284
1.017733
1.017183
1.016634
1.016084
1.015535
1.014986
1.014438
1.013890
1.013342
1.012794
1.012248
1.011702
1.011157
1.010613
1.010071
1.009532
1.008995
1.008461
1.007930
1.007404
1.006880
1.006358
1.005837
1.005316
1.004795
1.004273
1.003751
1.003228
1.002705
1.002181
1.001657
1.001132
1.000607
1.000082
0.999556
0.999030
0.998505
0.997980
0.997457
0.996937
0.996419
0.995904
0.995391
0.994880
0.994371
0.993864
0.993361
0.992864
0.992372
0.991885
0.991402
0.990922
0.990443
0.989965
0.989488
0.989012
0.988536
0.988059
0.987584
0.987108
0.986632
0.986156
0.985681
0.985205
0.984729
0.984253
0.983777
0.983301
0.982826
0.982350
0.981876
0.981403
0.980932
0.980464
0.979997
0.979533
0.979070
0.978608
0.978147
0.977686
0.977225
0.976764
0.976303
0.975842
0.975381
0.974920
0.974459
0.973998
0.973537
0.973075
0.972613
0.972151
0.971689
0.971227
0.970766
0.970305
0.969846
0.969389
0.968935
0.968484
0.968036
0.967591
0.967149
0.966708
0.966270
0.965833
0.965398
0.964964
0.964531
0.964100
0.963670
0.963242
0.962816
0.962390
0.961964
0.961539
0.961114
0.960689
0.960265
0.959840
0.959416
0.958992
0.958569
0.958146
0.957724
0.957304
0.956887
0.956474
0.956065
0.955658
0.955255
0.954852
0.954451
0.954051
0.953652
0.953253
0.952856
0.952460
0.952065
0.951671
0.951278
0.950886
0.950495
0.950103
0.949712
0.949321
0.948929
0.948537
0.948144
0.947751
0.947358
0.946964
0.946570
0.946177
0.945784
0.945393
0.945003
0.944615
0.944228
0.943844
0.943461
0.943079
0.942699
0.942319
0.941940
0.941562
0.941183
0.940805
0.940428
0.940052
0.939677
0.939302
0.938928
0.938554
0.938180
0.937806
0.937434
0.937062
0.936691
0.936321
0.935953
0.935586
0.935220
0.934855
0.934491
0.934127
0.933764
0.933402
0.933043
0.932688
0.932337
0.931990
0.931646
0.931304
0.930964
0.930626
0.930288
0.929950
0.929613
0.929276
0.928938
0.928601
0.928263
0.927925
0.927587
0.927249
0.926911
0.926574
0.926236
0.925898
0.925561
0.925224
0.924888
0.924553
0.924221
0.923890
0.923561
0.923234
0.922907
0.922581
0.922255
0.921929
0.921603
0.921277
0.920952
0.920626
0.920301
0.919977
0.919653
0.919330
0.919007
0.918684
0.918362
0.918040
0.917718
0.917396
0.917076
0.916757
0.916440
0.916126
0.915814
0.915505
0.915197
0.914891
0.914585
0.914279
0.913973
0.913668
0.913362
0.913058
0.912755
0.912453
0.912155
0.911859
0.911566
0.911274
0.910983
0.910693
0.910402
0.910112
0.909821
0.909531
0.909241
0.908952
0.908664
0.908377
0.908090
0.907805
0.907520
0.907237
0.906953
0.906670
0.906387
0.906104
0.905821
0.905539
0.905257
0.904975
0.904695
0.904415
0.904137
0.903859
0.903583
0.903309
0.903035
0.902761
0.902488
0.902215
0.901941
0.901668
0.901396
0.901123
0.900851
0.900581
0.900312
0.900045
0.899779
0.899513
0.899249
0.898985
0.898722
0.898458
0.898195
0.897932
0.897669
0.897406
0.897143
0.896881
0.896620
0.896359
0.896100
0.895842
0.895585
0.895330
0.895075
0.894821
0.894566
0.894311
0.894057
0.893802
0.893548
0.893294
0.893040
0.892787
0.892535
0.892284
0.892033
0.891784
0.891536
0.891288
0.891041
0.890795
0.890548
0.890302
0.890055
0.889809
0.889562
0.889316
0.889070
0.888825
0.888580
0.888335
0.888091
0.887847
0.887604
0.887362
0.887120
0.886878
0.886636
0.886394
0.886153
0.885911
0.885669
0.885428
0.885187
0.884948
0.884710
0.884474
0.884241
0.884010
0.883781
0.883554
0.883329
0.883106
0.882883
0.882660
0.882438
0.882216
0.881994
0.881772
0.881550
0.881328
0.881106
0.880885
0.880664
0.880443
0.880223
0.880004
0.879787
0.879570
0.879354
0.879139
0.878923
0.878707
0.878492
0.878276
0.878061
0.877845
0.877630
0.877414
0.877199
0.876984
0.876769
0.876555
0.876343
0.876131
0.875921
0.875712
0.875504
0.875296
0.875089
0.874881
0.874675
0.874468
0.874261
0.874054
0.873847
0.873641
0.873434
0.873227
0.873020
0.872814
0.872607
0.872401
0.872194
0.871989
0.871783
0.871578
0.871373
0.871168
0.870963
0.870758
0.870554
0.870349
0.870144
0.869940
0.869735
0.869530
0.869326
0.869122
0.868919
0.868717
0.868517
0.868318
0.868122
0.867929
0.867738
0.867550
0.867364
0.867179
0.866994
0.866810
0.866625
0.866441
0.866256
0.866072
0.865887
0.865703
0.865518
0.865334
0.865150
0.864966
0.864783
0.864600
0.864418
0.864238
0.864061
0.863885
0.863713
0.863542
0.863371
0.863202
0.863032
0.862863
0.862693
0.862524
0.862355
0.862185
0.862016
0.861846
0.861676
0.861507
0.861337
0.861168
0.860998
0.860829
0.860661
0.860493
0.860325
0.860159
0.859994
0.859830
0.859667
0.859504
0.859342
0.859181
0.859020
0.858858
0.858697
0.858536
0.858374
0.858213
0.858052
0.857891
0.857729
0.857568
0.857406
0.857245
0.857084
0.856923
0.856763
0.856605
0.856448
0.856295
0.856145
0.855998
0.855854
0.855713
0.855575
0.855438
0.855303
0.855168
0.855033
0.854898
0.854764
0.854629
0.854494
0.854359
0.854225
0.854090
0.853955
0.853820
0.853685
0.853551
0.853416
0.853281
0.853146
0.853011
0.852876
0.852741
0.852605
0.852469
0.852331
0.852192
0.852052
0.851910
0.851766
0.851620
0.851473
0.851326
0.851178
0.851029
0.850881
0.850733
0.850585
0.850436
0.850288
0.850140
0.849991
0.849843
0.849695
0.849546
0.849398
0.849249
0.849101
0.848953
0.848805
0.848657
0.848511
0.848368
0.848228
0.848095
0.847966
0.847843
0.847723
0.847605
0.847488
0.847372
0.847257
0.847141
0.847026
0.846911
0.846796
0.846681
0.846566
0.846451
0.846335
0.846220
0.846105
0.845990
0.845875
0.845760
0.845645
0.845530
0.845415
0.845300
0.845185
0.845069
0.844954
0.844839
0.844724
0.844609
0.844494
0.844379
0.844265
0.844151
0.844037
0.843924
0.843811
0.843698
0.843585
0.843473
0.843360
0.843248
0.843135
0.843023
0.842911
0.842798
0.842686
0.842574
0.842462
0.842349
0.842237
0.842125
0.842012
0.841900
0.841788
0.841676
0.841563
0.841451
0.841339
0.841226
0.841114
0.841002
0.840890
0.840777
0.840665
0.840553
0.840441
0.840329
0.840217
0.840107
0.839998
0.839890
0.839782
0.839676
0.839570
0.839464
0.839358
0.839252
0.839146
0.839040
0.838934
0.838828
0.838722
0.838616
0.838510
0.838404
0.838298
0.838193
0.838087
0.837981
0.837875
0.837769
0.837663
0.837557
0.837451
0.837345
0.837239
0.837133
0.837027
0.836921
0.836815
0.836709
0.836603
0.836497
0.836392
0.836286
0.836182
0.836078
0.835976
0.835875
0.835774
0.835674
0.835574
0.835475
0.835376
0.835276
0.835177
0.835078
0.834979
0.834880
0.834780
0.834681
0.834582
0.834483
0.834383
0.834284
0.834185
0.834086
0.833986
0.833887
0.833788
0.833689
0.833590
0.833490
0.833391
0.833292
0.833193
0.833094
0.832994
0.832895
0.832796
0.832697
0.832598
0.832499
0.832401
0.832304
0.832207
0.832113
0.832021
0.831931
0.831844
0.831760
0.831677
0.831595
0.831514
0.831432
0.831350
0.831269
0.831188
0.831106
0.831025
0.830943
0.830862
0.830780
0.830699
0.830617
0.830536
0.830454
0.830373
0.830291
0.830210
0.830129
0.830047
0.829966
0.829884
0.829803
0.829721
0.829640
0.829558
0.829477
0.829395
0.829314
0.829232
0.829151
0.829069
0.828988
0.828906
0.828825
0.828743
0.828662
0.828581
0.828499
0.828418
0.828337
0.828256
0.828176
0.828097
0.828019
0.827942
0.827866
0.827791
0.827717
0.827643
0.827570
0.827497
0.827424
0.827351
0.827278
0.827205
0.827132
0.827059
0.826986
0.826913
0.826840
0.826767
0.826694
0.826621
0.826548
0.826475
0.826402
0.826329
0.826256
0.826183
0.826110
0.826037
0.825964
0.825891
0.825818
0.825745
0.825672
0.825599
0.825526
0.825453
0.825380
0.825307
0.825234
0.825161
0.825088
0.825015
0.824942
0.824869
0.824796
0.824723
0.824650
0.824577
0.824504
0.824431
0.824358
0.824286
0.824214
0.824143
0.824072
0.824002
0.823935
0.823868
0.823803
0.823739
0.823676
0.823613
0.823550
0.823487
0.823424
0.823361
0.823298
0.823235
0.823172
0.823109
0.823046
0.822983
0.822920
0.822858
0.822795
0.822732
0.822669
0.822606
0.822543
0.822480
0.822417
0.822354
0.822291
0.822228
0.822165
0.822102
0.822039
0.821976
0.821913
0.821850
0.821787
0.821724
0.821661
0.821598
0.821535
0.821472
0.821409
0.821346
0.821284
0.821221
0.821158
0.821095
0.821032
0.820969
0.820906
0.820843
0.820780
0.820717
0.820654
0.820591
0.820528
0.820465
0.820402
0.820339
0.820276
0.820213
0.820151
0.820089
0.820028
0.819969
0.819911
0.819855
0.819800
0.819745
0.819690
0.819636
0.819581
0.819527
0.819473
0.819419
0.819364
0.819310
0.819256
0.819201
0.819147
0.819093
0.819039
0.818984
0.818930
0.818876
0.818821
0.818767
0.818713
0.818658
0.818604
0.818550
0.818496
0.818441
0.818387
0.818333
0.818278
0.818224
0.818170
0.818115
0.818061
0.818007
0.817953
0.817898
0.817844
0.817790
0.817736
0.817681
0.817627
0.817573
0.817518
0.817464
0.817410
0.817356
0.817301
0.817247
0.817192
0.817138
0.817084
0.817030
0.816975
0.816921
0.816867
0.816813
0.816758
0.816704
0.816650
0.816596
0.816541
0.816487
0.816433
0.816378
0.816324
0.816270
0.816216
0.816163
0.816110
0.816057
0.816006
0.815956
0.815908
0.815862
0.815817
0.815773
0.815730
0.815686
0.815643
0.815600
0.815558
0.815515
0.815472
0.815429
0.815385
0.815342
0.815299
0.815256
0.815213
0.815170
0.815127
0.815084
0.815041
0.814998
0.814955
0.814912
0.814869
0.814826
0.814783
0.814740
0.814697
0.814654
0.814611
0.814568
0.814525
0.814482
0.814439
0.814396
0.814353
0.814310
0.814267
0.814224
0.814181
0.814138
0.814095
0.814052
0.814009
0.813966
0.813923
0.813880
0.813837
0.813794
0.813751
0.813708
0.813665
0.813622
0.813579
0.813536
0.813493
0.813450
0.813407
0.813364
0.813321
0.813278
0.813235
0.813192
0.813149
0.813106
0.813063
0.813020
0.812977
0.812934
0.812891
0.812848
0.812805
0.812762
0.812719
0.812676
0.812633
0.812590
0.812547
0.812504
0.812461
0.812418
0.812374
0.812331
0.812288
0.812245
0.812202
0.812160
0.812117
0.812074
0.812032
0.811992
0.811952
0.811915
0.811879
0.811844
0.811810
0.811776
0.811742
0.811709
0.811675
0.811642
0.811609
0.811575
0.811542
0.811509
0.811475
0.811442
0.811409
0.811375
0.811342
0.811309
0.811275
0.811242
0.811209
0.811175
0.811142
0.811109
0.811075
0.811042
0.811009
0.810975
0.810942
0.810909
0.810875
0.810842
0.810809
0.810775
0.810742
0.810709
0.810676
0.810642
0.810609
0.810576
0.810542
0.810509
0.810476
0.810442
0.810409
0.810376
0.810342
0.810309
0.810276
0.810242
0.810209
0.810176
0.810142
0.810109
0.810076
0.810042
0.810009
0.809976
0.809942
0.809909
0.809876
0.809842
0.809809
0.809776
0.809742
0.809709
0.809676
0.809642
0.809609
0.809576
0.809542
0.809509
0.809476
0.809442
0.809409
0.809376
0.809342
0.809309
0.809276
0.809242
0.809209
0.809176
0.809142
0.809109
0.809076
0.809042
0.809009
0.808976
0.808943
0.808909
0.808876
0.808843
0.808809
0.808776
0.808743
0.808709
0.808676
0.808643
0.808609
0.808576
0.808543
0.808509
0.808476
0.808443
0.808409
0.808376
0.808343
0.808309
0.808276
0.808243
0.808209
0.808176
0.808143
0.808109
0.808076
0.808043
0.808011
0.807980
0.807951
0.807924
0.807900
0.807879
0.807859
0.807841
0.807822
0.807804
0.807786
0.807767
0.807749
0.807731
0.807712
0.807694
0.807675
0.807657
0.807639
0.807620
0.807602
0.807584
0.807566
0.807547
0.807529
0.807511
0.807492
0.807474
0.807456
0.807437
0.807419
0.807401
0.807382
0.807364
0.807346
0.807327
0.807309
0.807291
0.807272
0.807254
0.807236
0.807217
0.807199
0.807181
0.807162
0.807144
0.807126
0.807107
0.807089
0.807071
0.807052
0.807034
0.807016
0.806997
0.806979
0.806961
0.806942
0.806924
0.806906
0.806887
0.806869
0.806851
0.806832
0.806814
0.806796
0.806777
0.806759
0.806741
0.806722
0.806704
0.806686
0.806667
0.806649
0.806631
0.806612
0.806594
0.806576
0.806557
0.806539
0.806521
0.806503
0.806484
0.806466
0.806447
0.806429
0.806411
0.806392
0.806374
0.806356
0.806337
0.806319
0.806301
0.806282
0.806264
0.806246
0.806227
0.806209
0.806191
0.806172
0.806154
0.806136
0.806118
0.806099
0.806081
0.806063
0.806044
0.806026
0.806007
0.805989
0.805971
0.805952
0.805934
0.805916
0.805898
0.805879
0.805861
0.805842
0.805824
0.805806
0.805787
0.805769
0.805751
0.805732
0.805714
0.805696
0.805678
0.805659
0.805641
0.805623
0.805604
0.805586
0.805568
0.805549
0.805531
0.805513
0.805494
0.805476
0.805458
0.805439
0.805421
0.805403
0.805384
0.805366
0.805347
0.805329
0.805311
0.805292
0.805274
0.805256
0.805238
0.805219
0.805201
0.805183
0.805164
0.805146
0.805128
0.805109
0.805091
0.805073
0.805054
0.805036
0.805018
0.804999
0.804981
0.804963
0.804944
0.804926
0.804908
0.804889
0.804871
0.804853
0.804834
0.804816
0.804798
0.804779
0.804761
0.804743
0.804724
0.804706
0.804688
0.804669
0.804651
0.804633
0.804614
0.804596
0.804578
0.804559
0.804541
0.804523
0.804504
0.804486
0.804468
0.804449
0.804431
0.804413
0.804394
0.804376
0.804358
0.804339
0.804321
0.804303
0.804284
0.804266
0.804248
0.804229
0.804211
0.804193
0.804174
0.804156
0.804138
0.804119
0.804101
0.804083
0.804064
0.804046
0.804028
0.804010
0.803991
0.803974
0.803957
0.803941
0.803927
0.803914
0.803902
0.803891
0.803881
0.803872
0.803863
0.803855
0.803847
0.803839
0.803831
0.803823
0.803815
0.803807
0.803799
0.803791
0.803783
0.803775
0.803767
0.803759
0.803751
0.803743
0.803735
0.803727
0.803719
0.803711
0.803703
0.803696
0.803687
0.803679
0.803671
0.803663
0.803655
0.803648
0.803640
0.803632
0.803624
0.803616
0.803608
0.803600
0.803592
0.803584
0.803576
0.803568
0.803560
0.803552
0.803544
0.803536
0.803528
0.803520
0.803512
0.803504
0.803496
0.803488
0.803480
0.803472
0.803464
0.803456
0.803448
0.803440
0.803432
0.803424
0.803416
0.803408
0.803400
0.803392
0.803384
0.803376
0.803368
0.803360
0.803352
0.803344
0.803337
0.803329
0.803320
0.803312
0.803305
0.803297
0.803289
0.803281
0.803273
0.803265
0.803257
0.803249
0.803241
0.803233
0.803225
0.803217
0.803209
0.803201
0.803193
0.803185
0.803177
0.803169
0.803161
0.803153
0.803145
0.803137
0.803129
0.803121
0.803113
0.803105
0.803097
0.803089
0.803081
0.803073
0.803065
0.803057
0.803049
0.803041
0.803033
0.803025
0.803017
0.803010
0.803002
0.802994
0.802986
0.802978
0.802970
0.802962
0.802954
0.802946
0.802938
0.802930
0.802922
0.802914
0.802906
0.802898
0.802890
0.802882
0.802874
0.802866
0.802858
0.802850
0.802842
0.802834
0.802826
0.802818
0.802810
0.802802
0.802794
0.802786
0.802778
0.802770
0.802762
0.802754
0.802746
0.802738
0.802730
0.802722
0.802714
0.802706
0.802698
0.802690
0.802682
0.802674
0.802666
0.802659
0.802651
0.802643
0.802635
0.802627
0.802619
0.802611
0.802603
0.802595
0.802587
0.802579
0.802571
0.802563
0.802555
0.802547
0.802539
0.802531
0.802523
0.802515
0.802507
0.802499
0.802491
0.802483
0.802475
0.802467
0.802459
0.802451
0.802443
0.802435
0.802427
0.802419
0.802411
0.802403
0.802395
0.802387
0.802379
0.802371
0.802363
0.802355
0.802347
0.802339
0.802331
0.802323
0.802315
0.802308
0.802300
0.802292
0.802284
0.802276
0.802268
0.802260
0.802252
0.802244
0.802236
0.802228
0.802220
0.802212
0.802204
0.802196
0.802188
0.802180
0.802172
0.802164
0.802156
0.802148
0.802140
0.802132
0.802124
0.802116
0.802108
0.802100
0.802092
0.802084
0.802076
0.802068
0.802060
0.802052
0.802044
0.802036
0.802028
0.802020
0.802012
0.802004
0.801997
0.801988
0.801980
0.801972
0.801964
0.801957
0.801949
0.801941
0.801933
0.801925
0.801917
0.801909
0.801901
0.801893
0.801885
0.801877
0.801869
0.801861
0.801853
0.801845
0.801837
0.801829
0.801821
0.801813
0.801805
0.801797
0.801789
0.801781
0.801773
0.801765
0.801757
0.801749
0.801741
0.801733
0.801725
0.801717
0.801709
0.801701
0.801693
0.801685
0.801677
0.801670
0.801662
0.801654
0.801646
0.801638
0.801629
0.801622
0.801614
0.801606
0.801598
0.801590
0.801582
0.801574
0.801566
0.801558
0.801550
0.801542
0.801534
0.801526
0.801518
0.801510
0.801502
0.801494
0.801486
0.801478
0.801470
0.801462
0.801454
0.801446
0.801438
0.801430
0.801422
0.801414
0.801406
0.801398
0.801390
0.801382
0.801374
0.801366
0.801358
0.801350
0.801342
0.801334
0.801326
0.801318
0.801310
0.801302
0.801295
0.801287
0.801279
0.801271
0.801263
0.801255
0.801247
0.801239
0.801231
0.801223
0.801215
0.801207
0.801199
0.801191
0.801183
0.801175
0.801167
0.801159
0.801151
0.801143
0.801135
0.801127
0.801119
0.801111
0.801103
0.801095
0.801087
0.801079
0.801071
0.801063
0.801055
0.801047
0.801039
0.801031
0.801023
0.801015
0.801007
0.800999
0.800991
0.800983
0.800975
0.800968
0.800960
0.800952
0.800944
0.800936
0.800928
0.800920
0.800912
0.800904
0.800896
0.800888
0.800880
0.800872
0.800864
0.800856
0.800848
0.800840
0.800832
0.800824
0.800816
0.800808
0.800800
0.800792
0.800784
0.800776
0.800768
0.800760
0.800752
0.800744
0.800736
0.800728
0.800720
0.800712
0.800704
0.800696
0.800688
0.800680
0.800672
0.800664
0.800656
0.800648
0.800640
0.800632
0.800624
0.800616
0.800608
0.800601
0.800593
0.800585
0.800577
0.800569
0.800561
0.800553
0.800545
0.800537
0.800529
0.800521
0.800513
0.800505
0.800497
0.800489
0.800481
0.800473
0.800465
0.800457
0.800449
0.800441
0.800433
0.800425
0.800417
0.800409
0.800401
0.800393
0.800385
0.800377
0.800369
0.800361
0.800353
0.800345
0.800337
0.800329
0.800321
0.800313
0.800305
0.800297
0.800289
0.800281
0.800274
0.800266
0.800258
0.800250
0.800242
0.800234
0.800226
0.800218
0.800210
0.800202
0.800194
0.800186
0.800178
0.800170
0.800162
0.800154
0.800146
0.800138
0.800130
0.800122
0.800114
0.800106
0.800098
0.800090
0.800082
0.800074
0.800066
0.800058
0.800050
0.800042
0.800034
0.800027
0.800019
0.800013
0.800008
0.800004
0.800002
0.800001
0.800000
0.800000
0.800000
0.800000
0.800000
0.800000
0.800000
0.800000
0.800000
0.800000
