0.800000
0.800032
0.800067
0.800108
0.800152
0.800199
0.800248
0.800296
0.800345
0.800394
0.800443
0.800492
0.800541
0.800589
0.800638
0.800687
0.800736
0.800785
0.800834
0.800882
0.800931
0.800980
0.801029
0.801078
0.801127
0.801175
0.801224
0.801273
0.801322
0.801371
0.801419
0.801468
0.801517
0.801566
0.801615
0.801664
0.801713
0.801761
0.801810
0.801859
0.801908
0.801957
0.802006
0.802054
0.802103
0.802152
0.802201
0.802250
0.802298
0.802347
0.802396
0.802445
0.802494
0.802543
0.802591
0.802640
0.802689
0.802738
0.802787
0.802836
0.802884
0.802933
0.802982
0.803030
0.803079
0.803127
0.803174
0.803221
0.803266
0.803312
0.803356
0.803400
0.803444
0.803488
0.803532
0.803575
0.803619
0.803663
0.803708
0.803753
0.803798
0.803844
0.803891
0.803939
0.803988
0.804038
0.804089
0.804141
0.804195
0.804250
0.804306
0.804364
0.804423
0.804484
0.804546
0.804610
0.804676
0.804743
0.804812
0.804883
0.804956
0.805030
0.805107
0.805185
0.805265
0.805347
0.805431
0.805517
0.805604
0.805692
0.805782
0.805872
0.805964
0.806056
0.806149
0.806244
0.806340
0.806438
0.806537
0.806637
0.806740
0.806844
0.806950
0.807057
0.807167
0.807279
0.807393
0.807508
0.807626
0.807746
0.807868
0.807992
0.808118
0.808246
0.808376
0.808507
0.808639
0.808773
0.808908
0.809043
0.809180
0.809317
0.809456
0.809596
0.809737
0.809880
0.810024
0.810171
0.810320
0.810471
0.810625
0.810782
0.810942
0.811104
0.811269
0.811437
0.811608
0.811781
0.811956
0.812134
0.812315
0.812498
0.812685
0.812875
0.813069
0.813265
0.813466
0.813670
0.813878
0.814088
0.814303
0.814520
0.814741
0.814965
0.815192
0.815423
0.815657
0.815894
0.816135
0.816380
0.816629
0.816881
0.817136
0.817395
0.817657
0.817922
0.818190
0.818462
0.818736
0.819015
0.819297
0.819583
0.819874
0.820169
0.820468
0.820771
0.821079
0.821392
0.821709
0.822032
0.822359
0.822691
0.823028
0.823369
0.823716
0.824067
0.824423
0.824784
0.825149
0.825520
0.825896
0.826277
0.826662
0.827053
0.827448
0.827849
0.828255
0.828667
0.829084
0.829508
0.829938
0.830374
0.830816
0.831265
0.831720
0.832182
0.832650
0.833124
0.833605
0.834092
0.834585
0.835086
0.835592
0.836105
0.836625
0.837152
0.837686
0.838228
0.838778
0.839336
0.839902
0.840477
0.841060
0.841652
0.842252
0.842860
0.843477
0.844102
0.844737
0.845380
0.846032
0.846694
0.847366
0.848047
0.848739
0.849441
0.850154
0.850877
0.851610
0.852354
0.853108
0.853872
0.854646
0.855431
0.856227
0.857034
0.857852
0.858681
0.859522
0.860375
0.861239
0.862114
0.863001
0.863900
0.864810
0.865733
0.866668
0.867616
0.868576
0.869549
0.870533
0.871531
0.872541
0.873564
0.874600
0.875649
0.876712
0.877788
0.878879
0.879983
0.881101
0.882234
0.883381
0.884543
0.885720
0.886912
0.888119
0.889342
0.890581
0.891836
0.893108
0.894396
0.895701
0.897023
0.898362
0.899719
0.901093
0.902486
0.903896
0.905326
0.906774
0.908241
0.909728
0.911235
0.912762
0.914309
0.915876
0.917465
0.919074
0.920705
0.922358
0.924032
0.925729
0.927447
0.929189
0.930954
0.932742
0.934553
0.936389
0.938249
0.940133
0.942043
0.943976
0.945935
0.947919
0.949929
0.951963
0.954024
0.956110
0.958222
0.960362
0.962528
0.964723
0.966945
0.969196
0.971476
0.973785
0.976124
0.978493
0.980892
0.983321
0.985781
0.988273
0.990797
0.993354
0.995943
0.998566
1.001222
1.003913
1.006639
1.009400
1.012196
1.015029
1.017899
1.020805
1.023748
1.026729
1.029748
1.032805
1.035901
1.039036
1.042212
1.045428
1.048685
1.051984
1.055325
1.058709
1.062136
1.065606
1.069120
1.072678
1.076280
1.079928
1.083620
1.087358
1.091143
1.094973
1.098851
1.102777
1.106751
1.110772
1.114841
1.118958
1.123124
1.127338
1.131601
1.135912
1.140272
1.144682
1.149141
1.153651
1.158211
1.162822
1.167485
1.172200
1.176967
1.181788
1.186661
1.191589
1.196570
1.201605
1.206696
1.211842
1.217044
1.222303
1.227619
1.232993
1.238426
1.243918
1.249470
1.255081
1.260752
1.266483
1.272275
1.278127
1.284040
1.290014
1.296050
1.302148
1.308311
1.314537
1.320829
1.327186
1.333609
1.340099
1.346656
1.353281
1.359975
1.366737
1.373569
1.380471
1.387443
1.394486
1.401602
1.408790
1.416051
1.423387
1.430799
1.438286
1.445850
1.453490
1.461206
1.469000
1.476871
1.484819
1.492845
1.500949
1.509131
1.517393
1.525735
1.534158
1.542661
1.551247
1.559915
1.568667
1.577503
1.586423
1.595428
1.604518
1.613693
1.622956
1.632305
1.641743
1.651269
1.660885
1.670591
1.680389
1.690278
1.700259
1.710332
1.720497
1.730754
1.741103
1.751544
1.762078
1.772704
1.783422
1.794235
1.805141
1.816143
1.827239
1.838431
1.849718
1.861101
1.872581
1.884156
1.895828
1.907597
1.919462
1.931423
1.943483
1.955640
1.967897
1.980252
1.992708
2.005264
2.017921
2.030678
2.043535
2.056492
2.069548
2.082703
2.095957
2.109308
2.122757
2.136305
2.149950
2.163694
2.177536
2.191477
2.205517
2.219656
2.233895
2.248232
2.262668
2.277203
2.291837
2.306569
2.321399
2.336327
2.351354
2.366479
2.381703
2.397026
2.412448
2.427968
2.443586
2.459301
2.475114
2.491022
2.507025
2.523122
2.539312
2.555596
2.571972
2.588441
2.605002
2.621654
2.638399
2.655235
2.672162
2.689179
2.706286
2.723483
2.740768
2.758141
2.775601
2.793147
2.810778
2.828494
2.846296
2.864183
2.882154
2.900210
2.918349
2.936571
2.954875
2.973259
2.991722
3.010264
3.028884
3.047582
3.066356
3.085207
3.104132
3.123132
3.142205
3.161350
3.180567
3.199854
3.219210
3.238634
3.258124
3.277679
3.297296
3.316975
3.336713
3.356510
3.376364
3.396275
3.416242
3.436263
3.456338
3.476465
3.496644
3.516873
3.537151
3.557477
3.577850
3.598269
3.618733
3.639241
3.659792
3.680384
3.701016
3.721688
3.742397
3.763142
3.783922
3.804734
3.825578
3.846450
3.867350
3.888275
3.909224
3.930195
3.951187
3.972199
3.993229
4.014277
4.035342
4.056421
4.077515
4.098621
4.119738
4.140864
4.161998
4.183140
4.204288
4.225441
4.246599
4.267760
4.288922
4.310084
4.331244
4.352402
4.373556
4.394705
4.415847
4.436981
4.458107
4.479224
4.500329
4.521422
4.542501
4.563565
4.584614
4.605647
4.626664
4.647664
4.668645
4.689608
4.710550
4.731470
4.752367
4.773240
4.794087
4.814908
4.835703
4.856469
4.877208
4.897918
4.918598
4.939247
4.959867
4.980456
5.001013
5.021538
5.042029
5.062486
5.082907
5.103293
5.123642
5.143954
5.164229
5.184467
5.204669
5.224833
5.244961
5.265050
5.285100
5.305109
5.325076
5.345000
5.364881
5.384717
5.404507
5.424251
5.443949
5.463600
5.483203
5.502759
5.522267
5.541726
5.561138
5.580502
5.599816
5.619081
5.638293
5.657453
5.676559
5.695611
5.714608
5.733551
5.752439
5.771274
5.790054
5.808781
5.827453
5.846068
5.864626
5.883126
5.901568
5.919951
5.938275
5.956540
5.974747
5.992894
6.010984
6.029014
6.046986
6.064897
6.082747
6.100535
6.118261
6.135925
6.153525
6.171060
6.188531
6.205937
6.223277
6.240551
6.257758
6.274896
6.291962
6.308954
6.325874
6.342724
6.359509
6.376229
6.392886
6.409477
6.425998
6.442448
6.458824
6.475125
6.491350
6.507499
6.523571
6.539566
6.555482
6.571321
6.587080
6.602760
6.618361
6.633880
6.649318
6.664672
6.679941
6.695126
6.710224
6.725237
6.740163
6.755003
6.769756
6.784423
6.799004
6.813497
6.827904
6.842225
6.856458
6.870606
6.884666
6.898640
6.912525
6.926323
6.940031
6.953649
6.967178
6.980616
6.993965
7.007223
7.020390
7.033467
7.046453
7.059348
7.072153
7.084866
7.097489
7.110021
7.122463
7.134814
7.147074
7.159244
7.171322
7.183308
7.195202
7.207003
7.218712
7.230328
7.241851
7.253281
7.264618
7.275862
7.287014
7.298074
7.309041
7.319917
7.330701
7.341394
7.351994
7.362502
7.372918
7.383242
7.393476
7.403623
7.413686
7.423665
7.433558
7.443361
7.453069
7.462681
7.472198
7.481621
7.490953
7.500193
7.509344
7.518405
7.527379
7.536265
7.545063
7.553776
7.562403
7.570945
7.579403
7.587777
7.596068
7.604277
7.612403
7.620447
7.628410
7.636292
7.644093
7.651815
7.659457
7.667021
7.674508
7.681916
7.689248
7.696503
7.703683
7.710786
7.717813
7.724766
7.731644
7.738448
7.745179
7.751838
7.758425
7.764941
7.771387
7.777763
7.784071
7.790310
7.796482
7.802586
7.808625
7.814596
7.820501
7.826339
7.832111
7.837818
7.843459
7.849035
7.854549
7.859999
7.865387
7.870713
7.875979
7.881185
7.886331
7.891418
7.896447
7.901418
7.906334
7.911194
7.916000
7.920752
7.925450
7.930096
7.934689
7.939229
7.943717
7.948152
7.952537
7.956871
7.961156
7.965391
7.969579
7.973719
7.977812
7.981861
7.985864
7.989824
7.993740
7.997614
8.001447
8.005239
8.008990
8.012702
8.016374
8.020007
8.023600
8.027154
8.030667
8.034140
8.037573
8.040965
8.044317
8.047629
8.050902
8.054136
8.057331
8.060489
8.063610
8.066695
8.069743
8.072755
8.075732
8.078674
8.081581
8.084452
8.087289
8.090091
8.092858
8.095591
8.098290
8.100954
8.103584
8.106180
8.108741
8.111270
8.113767
8.116231
8.118663
8.121064
8.123433
8.125771
8.128079
8.130355
8.132602
8.134818
8.137004
8.139161
8.141289
8.143387
8.145456
8.147496
8.149509
8.151493
8.153451
8.155382
8.157286
8.159165
8.161019
8.162847
8.164650
8.166427
8.168179
8.169907
8.171610
8.173290
8.174948
8.176584
8.178199
8.179793
8.181367
8.182920
8.184452
8.185965
8.187456
8.188927
8.190378
8.191808
8.193218
8.194609
8.195979
8.197330
8.198660
8.199971
8.201260
8.202530
8.203780
8.205009
8.206219
8.207409
8.208581
8.209735
8.210872
8.211993
8.213098
8.214188
8.215262
8.216322
8.217367
8.218398
8.219414
8.220416
8.221403
8.222376
8.223334
8.224278
8.225209
8.226125
8.227028
8.227918
8.228796
8.229661
8.230515
8.231357
8.232187
8.233005
8.233811
8.234605
8.235388
8.236158
8.236917
8.237664
8.238401
8.239127
8.239843
8.240549
8.241244
8.241929
8.242604
8.243268
8.243923
8.244567
8.245202
8.245827
8.246444
8.247051
8.247649
8.248239
8.248821
8.249394
8.249958
8.250514
8.251062
8.251601
8.252132
8.252654
8.253169
8.253675
8.254173
8.254665
8.255149
8.255626
8.256096
8.256560
8.257016
8.257466
8.257910
8.258347
8.258777
8.259201
8.259619
8.260031
8.260437
8.260836
8.261230
8.261619
8.262002
8.262380
8.262754
8.263124
8.263490
8.263852
8.264211
8.264568
8.264920
8.265270
8.265616
8.265958
8.266297
8.266631
8.266962
8.267288
8.267610
8.267927
8.268239
8.268546
8.268848
8.269146
8.269439
8.269727
8.270009
8.270287
8.270559
8.270825
8.271086
8.271341
8.271591
8.271836
8.272076
8.272310
8.272539
8.272764
8.272982
8.273196
8.273404
8.273607
8.273805
8.273998
8.274186
8.274369
8.274548
8.274723
8.274893
8.275059
8.275221
8.275379
8.275533
8.275683
8.275828
8.275970
8.276107
8.276241
8.276372
8.276500
8.276624
8.276746
8.276865
8.276982
8.277097
8.277210
8.277321
8.277431
8.277539
8.277645
8.277749
8.277852
8.277954
8.278054
8.278154
8.278253
8.278352
8.278450
8.278549
8.278648
8.278748
8.278849
8.278951
8.279054
8.279159
8.279266
8.279374
8.279484
8.279594
8.279705
8.279816
8.279927
8.280039
8.280151
8.280263
8.280375
8.280487
8.280601
8.280715
8.280830
8.280947
8.281065
8.281185
8.281305
8.281426
8.281547
8.281669
8.281791
8.281913
8.282034
8.282155
8.282276
8.282395
8.282514
8.282631
8.282747
8.282862
8.282975
8.283086
8.283195
8.283302
8.283408
8.283510
8.283611
8.283709
8.283804
8.283897
8.283987
8.284074
8.284158
8.284239
8.284318
8.284393
8.284465
8.284534
8.284600
8.284662
8.284722
8.284778
8.284832
8.284882
8.284929
8.284973
8.285014
8.285052
8.285086
8.285118
8.285147
8.285173
8.285197
8.285217
8.285235
8.285251
8.285264
8.285274
8.285283
8.285289
8.285293
8.285296
8.285296
8.285295
8.285292
8.285288
8.285283
8.285277
8.285269
8.285262
8.285253
8.285245
8.285236
8.285227
8.285219
8.285211
8.285204
8.285198
8.285192
8.285188
8.285186
8.285184
8.285183
8.285182
8.285182
8.285182
8.285182
8.285182
8.285182
8.285182
8.285182
8.285182
8.285182
8.285182
8.285182
8.285182
8.285182
8.285182
8.285182
8.285182
8.285182
8.285182
8.285182
8.285182
8.285182
8.285182
8.285182
8.285182
8.285182
8.285182
8.285182
8.285182
8.285182
8.285182
8.285182
8.285182
8.285182
8.285182
8.285182
8.285182
8.285182
8.285182
8.285182
8.285182
8.285182
8.285182
8.285182
8.285182
8.285182
8.285182
8.285182
8.285182
8.285182
8.285182
8.285182
8.285182
8.285182
8.285182
8.285182
8.285182
8.285182
8.285182
8.285182
8.285182
8.285182
8.285182
8.285182
8.285182
8.285182
8.285182
8.285182
8.285182
8.285182
8.285182
8.285182
8.285182
8.285182
8.285182
8.285182
8.285182
8.285182
8.285182
8.285182
8.285182
8.285182
8.285182
8.285182
8.285182
8.285182
8.285182
8.285182
8.285182
8.285182
8.285182
8.285182
8.285182
8.285182
8.285182
8.285182
8.285182
8.285182
8.285182
8.285182
8.285182
8.285182
8.285182
8.285182
8.285182
8.285182
8.285182
8.285182
8.285182
8.285182
8.285182
8.285182
8.285182
8.285182
8.285182
8.285182
8.285182
8.285182
8.285182
8.285182
8.285182
8.285182
8.285182
8.285182
8.285182
8.285182
8.285182
8.285182
8.285182
8.285182
8.285182
8.285182
8.285182
8.285182
8.285182
8.285182
8.285182
8.285182
8.285182
8.285182
8.285182
8.285182
8.285182
8.285182
8.285182
8.285182
8.285182
8.285182
8.285182
8.285182
8.285182
8.285182
8.285182
8.285182
8.285182
8.285182
8.285182
8.285182
8.285182
8.285182
8.285182
8.285182
8.285182
8.285182
8.285182
8.285182
8.285182
8.285182
8.285182
8.285182
8.285182
8.285182
8.285182
8.285182
8.285182
8.285182
8.285182
8.285182
8.285182
8.285182
8.285182
8.285182
8.285182
8.285182
8.285182
8.285182
8.285182
8.285182
8.285182
8.285182
8.285182
8.285182
8.285182
8.285182
8.285182
8.285182
8.285182
8.285182
8.285182
8.285182
8.285182
8.285182
8.285182
8.285182
8.285182
8.285182
8.285182
8.285182
8.285182
8.285182
8.285182
8.285182
8.285182
8.285182
8.285182
8.285182
8.285182
8.285182
8.285182
8.285182
8.285182
8.285182
8.285182
8.285182
8.285182
8.285182
8.285182
8.285182
8.285182
8.285182
8.285182
8.285182
8.285182
8.285182
8.285182
8.285182
8.285182
8.285182
8.285182
8.285182
8.285182
8.285182
8.285182
8.285182
8.285182
8.285182
8.285182
8.285182
8.285182
8.285182
8.285182
8.285182
8.285182
8.285182
8.285182
8.285182
8.285182
8.285182
8.285182
8.285182
8.285182
8.285182
8.285182
8.285182
8.285182
8.285182
8.285182
8.285182
8.285182
8.285182
8.285182
8.285182
8.285182
8.285182
8.285182
8.285182
8.285182
8.285182
8.285182
8.285182
8.285182
8.285182
8.285182
8.285182
8.285182
8.285182
8.285182
8.285182
8.285182
8.285182
8.285182
8.285182
8.285182
8.285182
8.285182
8.285182
8.285182
8.285182
8.285182
8.285182
8.285182
8.285182
8.285182
8.285182
8.285182
8.285182
8.285182
8.285182
8.285182
8.285182
8.285182
8.285182
8.285182
8.285182
8.285182
8.285182
8.285182
8.285182
8.285182
8.285182
8.285182
8.285182
8.285182
8.285182
8.285182
8.285182
8.285182
8.285182
8.285182
8.285182
8.285182
8.285182
8.285182
8.285182
8.285182
8.285182
8.285182
8.285182
8.285182
8.285182
8.285182
8.285182
8.285182
8.285182
8.285182
8.285182
8.285182
8.285182
8.285182
8.285182
8.285182
8.285182
8.285182
8.285182
8.285182
8.285182
8.285182
8.285182
8.285182
8.285182
8.285182
8.285182
8.285182
8.285182
8.285182
8.285182
8.285182
8.285182
8.285182
8.285182
8.285182
8.285182
8.285182
8.285182
8.285182
8.285182
8.285182
8.285182
8.285182
8.285182
8.285182
8.285182
8.285182
8.285182
8.285182
8.285182
8.285182
8.285182
8.285182
8.285182
8.285182
8.285182
8.285182
8.285182
8.285182
8.285182
8.285182
8.285182
8.285182
8.285182
8.285182
8.285182
8.285182
8.285182
8.285182
8.285182
8.285182
8.285182
8.285182
8.285182
8.285182
8.285182
8.285182
8.285182
8.285182
8.285182
8.285182
8.285182
8.285182
8.285182
8.285182
8.285182
8.285182
8.285182
8.285182
8.285182
8.285182
8.285182
8.285182
8.285182
8.285182
8.285182
8.285182
8.285182
8.285182
8.285182
8.285182
8.285182
8.285182
8.285182
8.285182
8.285182
8.285182
8.285182
8.285182
8.285182
8.285182
8.285182
8.285182
8.285182
8.285182
8.285182
8.285182
8.285182
8.285182
8.285182
8.285182
8.285182
8.285182
8.285182
8.285182
8.285182
8.285182
8.285182
8.285182
8.285182
8.285182
8.285182
8.285182
8.285182
8.285182
8.285182
8.285182
8.285182
8.285182
8.285182
8.285182
8.285182
8.285182
8.285182
8.285182
8.285182
8.285182
8.285182
8.285182
8.285182
8.285182
8.285182
8.285182
8.285182
8.285182
8.285182
8.285182
8.285182
8.285182
8.285182
8.285182
8.285182
8.285182
8.285182
8.285182
8.285182
8.285182
8.285182
8.285182
8.285182
8.285182
8.285182
8.285182
8.285182
8.285182
8.285182
8.285182
8.285182
8.285182
8.285182
8.285182
8.285182
8.285182
8.285182
8.285182
8.285182
8.285182
8.285182
8.285182
8.285182
8.285182
8.285182
8.285182
8.285182
8.285182
8.285182
8.285182
8.285182
8.285182
8.285182
8.285182
8.285182
8.285182
8.285182
8.285182
8.285182
8.285182
8.285182
8.285182
8.285182
8.285182
8.285182
8.285182
8.285182
8.285182
8.285182
8.285182
8.285182
8.285182
8.285182
8.285182
8.285182
8.285182
8.285182
8.285182
8.285182
8.285182
8.285182
8.285182
8.285182
8.285182
8.285182
8.285182
8.285182
8.285182
8.285182
8.285182
8.285182
8.285182
8.285182
8.285182
8.285182
8.285182
8.285182
8.285182
8.285182
8.285182
8.285182
8.285182
8.285182
8.285182
8.285182
8.285182
8.285182
8.285182
8.285182
8.285182
8.285182
8.285182
8.285182
8.285182
8.285182
8.285182
8.285182
8.285182
8.285182
8.285182
8.285182
8.285182
8.285182
8.285182
8.285182
8.285182
8.285182
8.285182
8.285182
8.285182
8.285182
8.285182
8.285182
8.285182
8.285182
8.285182
8.285182
8.285182
8.285182
8.285182
8.285182
8.285182
8.285182
8.285182
8.285182
8.285182
8.285182
8.285182
8.285182
8.285182
8.285182
8.285182
8.285182
8.285182
8.285182
8.285182
8.285182
8.285182
8.285182
8.285182
8.285182
8.285182
8.285182
8.285182
8.285182
8.285182
8.285182
8.285182
8.285182
8.285182
8.285182
8.285182
8.285182
8.285182
8.285182
8.285182
8.285182
8.285182
8.285182
8.285182
8.285182
8.285182
8.285182
8.285182
8.285182
8.285182
8.285182
8.285182
8.285182
8.285182
8.285182
8.285182
8.285182
8.285182
8.285182
8.285182
8.285182
8.285182
8.285182
8.285182
8.285182
8.285182
8.285182
8.285182
8.285182
8.285182
8.285182
8.285182
8.285182
8.285182
8.285182
8.285182
8.285182
8.285182
8.285182
8.285182
8.285182
8.285182
8.285182
8.285182
8.285182
8.285182
8.285182
8.285182
8.285182
8.285182
8.285182
8.285182
8.285182
8.285182
8.285182
8.285182
8.285182
8.285182
8.285182
8.285182
8.285182
8.285182
8.285182
8.285182
8.285182
8.285182
8.285182
8.285182
8.285182
8.285182
8.285182
8.285182
8.285182
8.285182
8.285182
8.285182
8.285182
8.285182
8.285182
8.285182
8.285182
8.285182
8.285182
8.285182
8.285182
8.285182
8.285182
8.285182
8.285182
8.285182
8.285182
8.285182
8.285182
8.285182
8.285182
8.285182
8.285182
8.285182
8.285182
8.285182
8.285182
8.285182
8.285182
8.285182
8.285182
8.285182
8.285182
8.285182
8.285182
8.285182
8.285182
8.285182
8.285182
8.285182
8.285182
8.285182
8.285182
8.285182
8.285182
8.285182
8.285182
8.285182
8.285182
8.285182
8.285182
8.285182
8.285182
8.285182
8.285182
8.285182
8.285182
8.285182
8.285182
8.285182
8.285182
8.285182
8.285182
8.285182
8.285182
8.285182
8.285182
8.285182
8.285182
8.285182
8.285182
8.285182
8.285182
8.285182
8.285182
8.285182
8.285182
8.285182
8.285182
8.285182
8.285182
8.285182
8.285182
8.285182
8.285182
8.285182
8.285182
8.285182
8.285182
8.285182
8.285182
8.285182
8.285182
8.285182
8.285182
8.285182
8.285182
8.285182
8.285182
8.285182
8.285182
8.285182
8.285182
8.285182
8.285182
8.285182
8.285182
8.285182
8.285182
8.285182
8.285182
8.285182
8.285182
8.285182
8.285182
8.285182
8.285182
8.285182
8.285182
8.285182
8.285182
8.285182
8.285182
8.285182
8.285182
8.285182
8.285182
8.285182
8.285182
8.285182
8.285182
8.285182
8.285182
8.285182
8.285182
8.285182
8.285182
8.285182
8.285182
8.285182
8.285182
8.285182
8.285182
8.285182
8.285182
8.285182
8.285182
8.285182
8.285182
8.285182
8.285182
8.285182
8.285182
8.285182
8.285182
8.285182
8.285182
8.285182
8.285182
8.285182
8.285182
8.285182
8.285182
8.285182
8.285182
8.285182
8.285182
8.285182
8.285182
8.285182
8.285182
8.285182
8.285182
8.285182
8.285182
8.285182
8.285182
8.285182
8.285182
8.285182
8.285182
8.285182
8.285182
8.285182
8.285182
8.285182
8.285182
8.285182
8.285182
8.285182
8.285182
8.285182
8.285182
8.285182
8.285182
8.285182
8.285182
8.285182
8.285182
8.285182
8.285182
8.285182
8.285182
8.285182
8.285182
8.285182
8.285182
8.285182
8.285182
8.285182
8.285182
8.285182
8.285182
8.285182
8.285182
8.285182
8.285182
8.285182
8.285182
8.285182
8.285182
8.285182
8.285182
8.285182
8.285182
8.285182
8.285182
8.285182
8.285182
8.285182
8.285182
8.285182
8.285182
8.285182
8.285182
8.285182
8.285182
8.285182
8.285182
8.285182
8.285182
8.285182
8.285182
8.285182
8.285182
8.285182
8.285182
8.285182
8.285182
8.285182
8.285182
8.285182
8.285182
8.285182
8.285182
8.285182
8.285182
8.285182
8.285182
8.285182
8.285182
8.285182
8.285182
8.285182
8.285182
8.285182
8.285182
8.285182
8.285182
8.285182
8.285182
8.285182
8.285182
8.285182
8.285182
8.285182
8.285182
8.285182
8.285182
8.285182
8.285182
8.285182
8.285182
8.285182
8.285182
8.285182
8.285182
8.285182
8.285182
8.285182
8.285182
8.285182
8.285182
8.285182
8.285182
8.285182
8.285182
8.285182
8.285182
8.285182
8.285182
8.285182
8.285182
8.285182
8.285182
8.285182
8.285182
8.285182
8.285182
8.285182
8.285182
8.285182
8.285182
8.285182
8.285182
8.285182
8.285182
8.285182
8.285182
8.285182
8.285182
8.285182
8.285182
8.285182
8.285182
8.285182
8.285182
8.285182
8.285182
8.285182
8.285182
8.285182
8.285182
8.285182
8.285182
8.285182
8.285182
8.285182
8.285182
8.285182
8.285182
8.285182
8.285182
8.285182
8.285182
8.285182
8.285182
8.285182
8.285182
8.285182
8.285182
8.285182
8.285182
8.285182
8.285182
8.285182
8.285182
8.285182
8.285182
8.285182
8.285182
8.285182
8.285182
8.285182
8.285182
8.285182
8.285182
8.285182
8.285182
8.285182
8.285182
8.285182
8.285182
8.285182
8.285182
8.285182
8.285182
8.285182
8.285182
8.285182
8.285182
8.285182
8.285182
8.285182
8.285182
8.285182
8.285182
8.285182
8.285182
8.285182
8.285182
8.285182
8.285182
8.285182
8.285182
8.285182
8.285182
8.285182
8.285182
8.285182
8.285182
8.285182
8.285182
8.285182
8.285182
8.285182
8.285182
8.285182
8.285182
8.285182
8.285182
8.285182
8.285182
8.285182
8.285182
8.285182
8.285182
8.285182
8.285182
8.285182
8.285182
8.285182
8.285182
8.285182
8.285182
8.285182
8.285182
8.285182
8.285182
8.285182
8.285182
8.285182
8.285182
8.285182
8.285182
8.285182
8.285182
8.285182
8.285182
8.285182
8.285182
8.285182
8.285182
8.285182
8.285182
8.285182
8.285182
8.285182
8.285182
8.285182
8.285182
8.285182
8.285182
8.285182
8.285182
8.285182
8.285182
8.285182
8.285182
8.285182
8.285182
8.285182
8.285182
8.285182
8.285182
8.285182
8.285182
8.285182
8.285182
8.285182
8.285182
8.285182
8.285182
8.285182
8.285182
8.285182
8.285182
8.285182
8.285182
8.285182
8.285182
8.285182
8.285182
8.285182
8.285182
8.285182
8.285182
8.285182
8.285182
8.285182
8.285182
8.285182
8.285182
8.285182
8.285182
8.285182
8.285182
8.285182
8.285182
8.285182
8.285182
8.285182
8.285182
8.285182
8.285182
8.285182
8.285182
8.285182
8.285182
8.285182
8.285182
8.285182
8.285182
8.285182
8.285182
8.285182
8.285182
8.285182
8.285182
8.285182
8.285182
8.285182
8.285182
8.285182
8.285182
8.285182
8.285182
8.285182
8.285182
8.285182
8.285182
8.285182
8.285182
8.285182
8.285182
8.285182
8.285182
8.285182
8.285182
8.285182
8.285182
8.285182
8.285182
8.285182
8.285182
8.285182
8.285182
8.285182
8.285182
8.285182
8.285182
8.285182
8.285182
8.285182
8.285182
8.285182
8.285182
8.285182
8.285182
8.285182
8.285182
8.285182
8.285182
8.285182
8.285182
8.285182
8.285182
8.285182
8.285182
8.285182
8.285182
8.285182
8.285182
8.285182
8.285182
8.285182
8.285182
8.285182
8.285182
8.285182
8.285182
8.285182
8.285182
8.285182
8.285182
8.285182
8.285182
8.285182
8.285182
8.285182
8.285182
8.285182
8.285182
8.285182
8.285182
8.285182
8.285182
8.285182
8.285182
8.285182
8.285182
8.285182
8.285182
8.285182
8.285182
8.285182
8.285182
8.285182
8.285182
8.285182
8.285182
8.285182
8.285182
8.285182
8.285182
8.285182
8.285182
8.285182
8.285182
8.285182
8.285182
8.285182
8.285182
8.285182
8.285182
8.285182
8.285182
8.285182
8.285182
8.285182
8.285182
8.285182
8.285182
8.285182
8.285182
8.285182
8.285182
8.285182
8.285182
8.285182
8.285182
8.285182
8.285182
8.285182
8.285182
8.285182
8.285182
8.285182
8.285182
8.285182
8.285182
8.285182
8.285182
8.285182
8.285182
8.285182
8.285182
8.285182
8.285182
8.285182
8.285182
8.285182
8.285182
8.285182
8.285182
8.285182
8.285182
8.285182
8.285182
8.285182
8.285182
8.285182
8.285182
8.285182
8.285182
8.285182
8.285182
8.285182
8.285182
8.285182
8.285182
8.285182
8.285182
8.285182
8.285182
8.285182
8.285182
8.285182
8.285182
8.285182
8.285182
8.285182
8.285182
8.285182
8.285182
8.285182
8.285182
8.285182
8.285182
8.285182
8.285182
8.285182
8.285182
8.285182
8.285182
8.285182
8.285182
8.285182
8.285182
8.285182
8.285182
8.285182
8.285182
8.285182
8.285182
8.285182
8.285182
8.285182
8.285182
8.285182
8.285182
8.285182
8.285182
8.285182
8.285182
8.285182
8.285182
8.285182
8.285182
8.285182
8.285182
8.285182
8.285182
8.285182
8.285182
8.285182
8.285182
8.285182
8.285182
8.285182
8.285182
8.285182
8.285182
8.285182
8.285182
8.285182
8.285182
8.285182
8.285182
8.285182
8.285182
8.285182
8.285182
8.285182
8.285182
8.285182
8.285182
8.285182
8.285182
8.285182
8.285182
8.285182
8.285182
8.285182
8.285182
8.285182
8.285182
8.285182
8.285182
8.285182
8.285182
8.285182
8.285182
8.285182
8.285182
8.285182
8.285182
8.285182
8.285182
8.285182
8.285182
8.285182
8.285182
8.285182
8.285182
8.285182
8.285182
8.285182
8.285182
8.285182
8.285182
8.285182
8.285182
8.285182
8.285182
8.285182
8.285182
8.285182
8.285182
8.285182
8.285182
8.285182
8.285182
8.285182
8.285182
8.285182
8.285182
8.285182
8.285182
8.285182
8.285182
8.285182
8.285182
8.285182
8.285182
8.285182
8.285182
8.285182
8.285182
8.285182
8.285182
8.285182
8.285182
8.285182
8.285182
8.285182
8.285182
8.285182
8.285182
8.285182
8.285182
8.285182
8.285182
8.285182
8.285182
8.285182
8.285182
8.285182
8.285182
8.285182
8.285182
8.285182
8.285182
8.285182
8.285182
8.285182
8.285182
8.285182
8.285182
8.285182
8.285182
8.285182
8.285182
8.285182
8.285182
8.285182
8.285182
8.285182
8.285182
8.285182
8.285182
8.285182
8.285182
8.285182
8.285182
8.285182
8.285182
8.285182
8.285182
8.285182
8.285182
8.285182
8.285182
8.285182
8.285182
8.285182
8.285182
8.285182
8.285182
8.285182
8.285182
8.285182
8.285182
8.285182
8.285182
8.285182
8.285182
8.285182
8.285182
8.285182
8.285182
8.285182
8.285182
8.285182
8.285182
8.285182
8.285182
8.285182
8.285182
8.285182
8.285182
8.285182
8.285182
8.285182
8.285182
8.285182
8.285182
8.285182
8.285182
8.285182
8.285182
8.285182
8.285182
8.285182
8.285182
8.285182
8.285182
8.285182
8.285182
8.285182
8.285182
8.285182
8.285182
8.285182
8.285182
8.285182
8.285182
8.285182
8.285182
8.285182
8.285182
8.285182
8.285182
8.285182
8.285182
8.285182
8.285182
8.285182
8.285182
8.285182
8.285182
8.285182
8.285182
8.285182
8.285182
8.285182
8.285182
8.285182
8.285182
8.285182
8.285182
8.285182
8.285182
8.285182
8.285182
8.285182
8.285182
8.285182
8.285182
8.285182
8.285182
8.285182
8.285182
8.285182
8.285182
8.285182
8.285182
8.285182
8.285182
8.285182
8.285182
8.285182
8.285182
8.285182
8.285182
8.285182
8.285182
8.285182
8.285182
8.285182
8.285182
8.285182
8.285182
8.285182
8.285182
8.285182
8.285182
8.285182
8.285182
8.285182
8.285182
8.285182
8.285182
8.285182
8.285182
8.285182
8.285182
8.285182
8.285182
8.285182
8.285182
8.285182
8.285182
8.285182
8.285182
8.285182
8.285182
8.285182
8.285182
8.285182
8.285182
8.285182
8.285182
8.285182
8.285182
8.285182
8.285182
8.285182
8.285182
8.285182
8.285182
8.285182
8.285182
8.285182
8.285182
8.285182
8.285182
8.285182
8.285182
8.285182
8.285182
8.285182
8.285182
8.285182
8.285182
8.285182
8.285182
8.285182
8.285182
8.285182
8.285182
8.285182
8.285182
8.285182
8.285182
8.285182
8.285182
8.285182
8.285182
8.285182
8.285182
8.285182
8.285182
8.285182
8.285182
8.285182
8.285182
8.285182
8.285182
8.285182
8.285182
8.285182
8.285182
8.285182
8.285182
8.285182
8.285182
8.285182
8.285182
8.285182
8.285182
8.285182
8.285182
8.285182
8.285182
8.285182
8.285182
8.285182
8.285182
8.285182
8.285182
8.285182
8.285182
8.285182
8.285182
8.285182
8.285182
8.285182
8.285182
8.285182
8.285182
8.285182
8.285182
8.285182
8.285182
8.285182
8.285182
8.285182
8.285182
8.285182
8.285182
8.285182
8.285182
8.285182
8.285182
8.285182
8.285182
8.285182
8.285182
8.285182
8.285182
8.285182
8.285182
8.285182
8.285182
8.285182
8.285182
8.285182
8.285182
8.285182
8.285182
8.285182
8.285182
8.285182
8.285182
8.285182
8.285182
8.285182
8.285182
8.285182
8.285182
8.285182
8.285182
8.285182
8.285182
8.285182
8.285182
8.285182
8.285182
8.285182
8.285182
8.285182
8.285182
8.285182
8.285182
8.285182
8.285182
8.285182
8.285182
8.285182
8.285182
8.285182
8.285182
8.285182
8.285182
8.285182
8.285182
8.285182
8.285182
8.285182
8.285182
8.285182
8.285182
8.285182
8.285182
8.285182
8.285182
8.285182
8.285182
8.285182
8.285182
8.285182
8.285182
8.285182
8.285182
8.285182
8.285182
8.285182
8.285182
8.285182
8.285182
8.285182
8.285182
8.285182
8.285182
8.285182
8.285182
8.285182
8.285182
8.285182
8.285182
8.285182
8.285182
8.285182
8.285182
8.285182
8.285182
8.285182
8.285182
8.285182
8.285182
8.285182
8.285182
8.285182
8.285182
8.285182
8.285182
8.285182
8.285182
8.285182
8.285182
8.285182
8.285182
8.285182
8.285182
8.285182
8.285182
8.285182
8.285182
8.285182
8.285182
8.285182
8.285182
8.285182
8.285182
8.285182
8.285182
8.285182
8.285182
8.285182
8.285182
8.285182
8.285182
8.285182
8.285182
8.285182
8.285182
8.285182
8.285182
8.285182
8.285182
8.285182
8.285182
8.285182
8.285182
8.285182
8.285182
8.285182
8.285182
8.285182
8.285182
8.285182
8.285182
8.285182
8.285182
8.285182
8.285182
8.285182
8.285182
8.285182
8.285182
8.285182
8.285182
8.285182
8.285182
8.285182
8.285182
8.285182
8.285182
8.285182
8.285182
8.285182
8.285182
8.285182
8.285182
8.285182
8.285182
8.285182
8.285182
8.285182
8.285182
8.285182
8.285182
8.285182
8.285182
8.285182
8.285182
8.285182
8.285182
8.285182
8.285182
8.285182
8.285182
8.285182
8.285182
8.285182
8.285182
8.285182
8.285182
8.285182
8.285182
8.285182
8.285182
8.285182
8.285182
8.285182
8.285182
8.285182
8.285182
8.285182
8.285182
8.285182
8.285182
8.285182
8.285182
8.285182
8.285182
8.285182
8.285182
8.285182
8.285182
8.285182
8.285182
8.285182
8.285182
8.285182
8.285182
8.285182
8.285182
8.285182
8.285182
8.285182
8.285182
8.285182
8.285182
8.285182
8.285182
8.285182
8.285182
8.285182
8.285182
8.285182
8.285182
8.285182
8.285182
8.285182
8.285182
8.285182
8.285182
8.285182
8.285182
8.285182
8.285182
8.285182
8.285182
8.285182
8.285182
8.285182
8.285182
8.285182
8.285182
8.285182
8.285182
8.285182
8.285182
8.285182
8.285182
8.285182
8.285182
8.285182
8.285182
8.285182
8.285182
8.285182
8.285182
8.285182
8.285182
8.285182
8.285182
8.285182
8.285182
8.285182
8.285182
8.285182
8.285182
8.285182
8.285182
8.285182
8.285182
8.285182
8.285182
8.285182
8.285182
8.285182
8.285182
8.285182
8.285182
8.285182
8.285182
8.285182
8.285182
8.285182
8.285182
8.285182
8.285182
8.285182
8.285182
8.285182
8.285182
8.285182
8.285182
8.285182
8.285182
8.285182
8.285182
8.285182
8.285182
8.285182
8.285182
8.285182
8.285182
8.285182
8.285182
8.285182
8.285182
8.285182
8.285182
8.285182
8.285182
8.285182
8.285182
8.285182
8.285182
8.285182
8.285182
8.285182
8.285182
8.285182
8.285182
8.285182
8.285182
8.285182
8.285182
8.285182
8.285182
8.285182
8.285182
8.285182
8.285182
8.285182
8.285182
8.285182
8.285182
8.285182
8.285182
8.285182
8.285182
8.285182
8.285182
8.285182
8.285182
8.285182
8.285182
8.285182
8.285182
8.285182
8.285182
8.285182
8.285182
8.285182
8.285182
8.285182
8.285182
8.285182
8.285182
8.285182
8.285182
8.285182
8.285182
8.285182
8.285182
8.285182
8.285182
8.285182
8.285182
8.285182
8.285182
8.285182
8.285182
8.285182
8.285182
8.285182
8.285182
8.285182
8.285182
8.285182
8.285182
8.285182
8.285182
8.285182
8.285182
8.285182
8.285182
8.285182
8.285182
8.285182
8.285182
8.285182
8.285182
8.285182
8.285182
8.285182
8.285182
8.285182
8.285182
8.285182
8.285182
8.285182
8.285182
8.285182
8.285182
8.285182
8.285182
8.285182
8.285182
8.285182
8.285182
8.285182
8.285182
8.285182
8.285182
8.285182
8.285182
8.285182
8.285182
8.285182
8.285182
8.285182
8.285182
8.285182
8.285182
8.285182
8.285182
8.285182
8.285182
8.285182
8.285182
8.285182
8.285182
8.285182
8.285182
8.285182
8.285182
8.285182
8.285182
8.285182
8.285182
8.285182
8.285182
8.285182
8.285182
8.285182
8.285182
8.285182
8.285182
8.285182
8.285182
8.285182
8.285182
8.285182
8.285182
8.285182
8.285182
8.285182
8.285182
8.285182
8.285182
8.285182
8.285182
8.285182
8.285182
8.285182
8.285182
8.285182
8.285182
8.285182
8.285182
8.285182
8.285182
8.285182
8.285182
8.285182
8.285182
8.285182
8.285182
8.285182
8.285182
8.285182
8.285182
8.285182
8.285182
8.285182
8.285182
8.285182
8.285182
8.285182
8.285182
8.285182
8.285182
8.285182
8.285182
8.285182
8.285182
8.285182
8.285182
8.285182
8.285182
8.285182
8.285182
8.285182
8.285182
8.285182
8.285182
8.285182
8.285182
8.285182
8.285182
8.285182
8.285182
8.285182
8.285182
8.285182
8.285182
8.285182
8.285182
8.285182
8.285182
8.285182
8.285182
8.285182
8.285182
8.285182
8.285182
8.285182
8.285182
8.285182
8.285182
8.285182
8.285182
8.285182
8.285182
8.285182
8.285182
8.285182
8.285182
8.285182
8.285182
8.285182
8.285182
8.285182
8.285182
8.285182
8.285182
8.285182
8.285182
8.285182
8.285182
8.285182
8.285182
8.285182
8.285182
8.285182
8.285182
8.285182
8.285182
8.285182
8.285182
8.285182
8.285182
8.285182
8.285182
8.285182
8.285182
8.285182
8.285182
8.285182
8.285182
8.285182
8.285182
8.285182
8.285182
8.285182
8.285182
8.285182
8.285182
8.285182
8.285182
8.285182
8.285182
8.285182
8.285182
8.285182
8.285182
8.285182
8.285182
8.285182
8.285182
8.285182
8.285182
8.285182
8.285182
8.285182
8.285182
8.285182
8.285182
8.285182
8.285182
8.285182
8.285182
8.285182
8.285182
8.285182
8.285182
8.285182
8.285182
8.285182
8.285182
8.285182
8.285182
8.285182
8.285182
8.285182
8.285182
8.285182
8.285182
8.285182
8.285182
8.285182
8.285182
8.285182
8.285182
8.285182
8.285182
8.285182
8.285182
8.285182
8.285182
8.285182
8.285182
8.285182
8.285182
8.285182
8.285182
8.285182
8.285182
8.285182
8.285182
8.285182
8.285182
8.285182
8.285182
8.285182
8.285182
8.285182
8.285182
8.285182
8.285182
8.285182
8.285182
8.285182
8.285182
8.285182
8.285182
8.285182
8.285182
8.285182
8.285182
8.285182
8.285182
8.285182
8.285182
8.285182
8.285182
8.285182
8.285182
8.285182
8.285182
8.285182
8.285182
8.285182
8.285182
8.285182
8.285182
8.285182
8.285182
8.285182
8.285182
8.285182
8.285182
8.285182
8.285182
8.285182
8.285182
8.285182
8.285182
8.285182
8.285182
8.285182
8.285182
8.285182
8.285182
8.285182
8.285182
8.285182
8.285182
8.285182
8.285182
8.285182
8.285182
8.285182
8.285182
8.285182
8.285182
8.285182
8.285182
8.285182
8.285182
8.285182
8.285182
8.285182
8.285182
8.285182
8.285182
8.285182
8.285182
8.285182
8.285182
8.285182
8.285182
8.285182
8.285182
8.285182
8.285182
8.285182
8.285182
8.285182
8.285182
8.285182
8.285182
8.285182
8.285182
8.285182
8.285182
8.285182
8.285182
8.285182
8.285182
8.285182
8.285182
8.285182
8.285182
8.285182
8.285182
8.285182
8.285182
8.285182
8.285182
8.285182
8.285182
8.285182
8.285182
8.285182
8.285182
8.285182
8.285182
8.285182
8.285182
8.285182
8.285182
8.285182
8.285182
8.285182
8.285182
8.285182
8.285182
8.285182
8.285182
8.285182
8.285182
8.285182
8.285182
8.285182
8.285182
8.285182
8.285182
8.285182
8.285182
8.285182
8.285182
8.285182
8.285182
8.285182
8.285182
8.285182
8.285182
8.285182
8.285182
8.285182
8.285182
8.285182
8.285182
8.285182
8.285182
8.285182
8.285182
8.285182
8.285182
8.285182
8.285182
8.285182
8.285182
8.285182
8.285182
8.285182
8.285182
8.285182
8.285182
8.285182
8.285182
8.285182
8.285182
8.285182
8.285182
8.285182
8.285182
8.285182
8.285182
8.285182
8.285182
8.285182
8.285182
8.285182
8.285182
8.285182
8.285182
8.285182
8.285182
8.285182
8.285182
8.285182
8.285182
8.285182
8.285182
8.285182
8.285182
8.285182
8.285182
8.285182
8.285182
8.285182
8.285182
8.285182
8.285182
8.285182
8.285182
8.285182
8.285182
8.285182
8.285182
8.285182
8.285182
8.285182
8.285182
8.285182
8.285182
8.285182
8.285182
8.285182
8.285182
8.285182
8.285182
8.285182
8.285182
8.285182
8.285182
8.285182
8.285182
8.285182
8.285182
8.285182
8.285182
8.285182
8.285182
8.285182
8.285182
8.285182
8.285182
8.285182
8.285182
8.285182
8.285182
8.285182
8.285182
8.285182
8.285182
8.285182
8.285182
8.285182
8.285182
8.285182
8.285182
8.285182
8.285182
8.285182
8.285182
8.285182
8.285182
8.285182
8.285182
8.285182
8.285182
8.285182
8.285182
8.285182
8.285182
8.285182
8.285182
8.285182
8.285182
8.285182
8.285182
8.285182
8.285182
8.285182
8.285182
8.285182
8.285182
8.285182
8.285182
8.285182
8.285182
8.285182
8.285182
8.285182
8.285182
8.285182
8.285182
8.285182
8.285182
8.285182
8.285182
8.285182
8.285182
8.285182
8.285182
8.285182
8.285182
8.285182
8.285182
8.285182
8.285182
8.285182
8.285182
8.285182
8.285182
8.285182
8.285182
8.285182
8.285182
8.285182
8.285182
8.285182
8.285182
8.285182
8.285182
8.285182
8.285182
8.285182
8.285182
8.285182
8.285182
8.285182
8.285182
8.285182
8.285182
8.285182
8.285182
8.285182
8.285182
8.285182
8.285182
8.285182
8.285182
8.285182
8.285182
8.285182
8.285182
8.285182
8.285182
8.285182
8.285182
8.285182
8.285182
8.285182
8.285182
8.285182
8.285182
8.285182
8.285182
8.285182
8.285182
8.285182
8.285182
8.285182
8.285182
8.285182
8.285182
8.285182
8.285182
8.285182
8.285182
8.285182
8.285182
8.285182
8.285182
8.285182
8.285182
8.285182
8.285182
8.285182
8.285182
8.285182
8.285182
8.285182
8.285182
8.285182
8.285182
8.285182
8.285182
8.285182
8.285182
8.285182
8.285182
8.285182
8.285182
8.285182
8.285182
8.285182
8.285182
8.285182
8.285182
8.285182
8.285182
8.285182
8.285182
8.285182
8.285182
8.285182
8.285182
8.285182
8.285182
8.285182
8.285182
8.285182
8.285182
8.285182
8.285182
8.285182
8.285182
8.285182
8.285182
8.285182
8.285182
8.285182
8.285182
8.285182
8.285182
8.285182
8.285182
8.285182
8.285182
8.285182
8.285182
8.285182
8.285182
8.285182
8.285182
8.285182
8.285182
8.285182
8.285182
8.285182
8.285182
8.285182
8.285182
8.285182
8.285182
8.285182
8.285182
8.285182
8.285182
8.285182
8.285182
8.285182
8.285182
8.285182
8.285182
8.285182
8.285182
8.285182
8.285182
8.285182
8.285182
8.285182
8.285182
8.285182
8.285182
8.285182
8.285182
8.285182
8.285182
8.285182
8.285182
8.285182
8.285182
8.285182
8.285182
8.285182
8.285182
8.285182
8.285182
8.285182
8.285182
8.285182
8.285182
8.285182
8.285182
8.285182
8.285182
8.285182
8.285182
8.285182
8.285182
8.285182
8.285182
8.285182
8.285182
8.285182
8.285182
8.285182
8.285182
8.285182
8.285182
8.285182
8.285182
8.285182
8.285182
8.285182
8.285182
8.285182
8.285182
8.285182
8.285182
8.285182
8.285182
8.285182
8.285182
8.285182
8.285182
8.285182
8.285182
8.285182
8.285182
8.285182
8.285182
8.285182
8.285182
8.285182
8.285182
8.285182
8.285182
8.285182
8.285182
8.285182
8.285182
8.285182
8.285182
8.285182
8.285182
8.285182
8.285182
8.285182
8.285182
8.285182
8.285182
8.285182
8.285182
8.285182
8.285182
8.285182
8.285182
8.285182
8.285182
8.285182
8.285182
8.285182
8.285182
8.285182
8.285182
8.285182
8.285182
8.285182
8.285182
8.285182
8.285182
8.285182
8.285182
8.285182
8.285182
8.285182
8.285182
8.285182
8.285182
8.285182
8.285182
8.285182
8.285182
8.285182
8.285182
8.285182
8.285182
8.285182
8.285182
8.285182
8.285182
8.285182
8.285182
8.285182
8.285182
8.285182
8.285182
8.285182
8.285182
8.285182
8.285182
8.285182
8.285182
8.285182
8.285182
8.285182
8.285182
8.285182
8.285182
8.285182
8.285182
8.285182
8.285182
8.285182
8.285182
8.285182
8.285182
8.285182
8.285182
8.285182
8.285182
8.285182
8.285182
8.285182
8.285182
8.285182
8.285182
8.285182
8.285182
8.285182
8.285182
8.285182
8.285182
8.285182
8.285182
8.285182
8.285182
8.285182
8.285182
8.285182
8.285182
8.285182
8.285182
8.285182
8.285182
8.285182
8.285182
8.285182
8.285182
8.285182
8.285182
8.285182
8.285182
8.285182
8.285182
8.285182
8.285182
8.285182
8.285182
8.285182
8.285182
8.285182
8.285182
8.285182
8.285182
8.285182
8.285182
8.285182
8.285182
8.285182
8.285182
8.285182
8.285182
8.285182
8.285182
8.285182
8.285182
8.285182
8.285182
8.285182
8.285182
8.285182
8.285182
8.285182
8.285182
8.285182
8.285182
8.285182
8.285182
8.285182
8.285182
8.285182
8.285182
8.285182
8.285182
8.285182
8.285182
8.285182
8.285182
8.285182
8.285182
8.285182
8.285182
8.285182
8.285182
8.285182
8.285182
8.285182
8.285182
8.285182
8.285182
8.285182
8.285182
8.285182
8.285182
8.285182
8.285182
8.285182
8.285182
8.285182
8.285182
8.285182
8.285182
8.285182
8.285182
8.285182
8.285182
8.285182
8.285182
8.285182
8.285182
8.285182
8.285182
8.285182
8.285182
8.285182
8.285182
8.285182
8.285182
8.285182
8.285182
8.285182
8.285182
8.285182
8.285182
8.285182
8.285182
8.285182
8.285182
8.285182
8.285182
8.285182
8.285182
8.285182
8.285182
8.285182
8.285182
8.285182
8.285182
8.285182
8.285182
8.285182
8.285182
8.285182
8.285182
8.285182
8.285182
8.285182
8.285182
8.285182
8.285182
8.285182
8.285182
8.285182
8.285182
8.285182
8.285182
8.285182
8.285182
8.285182
8.285182
8.285182
8.285182
8.285182
8.285182
8.285182
8.285182
8.285182
8.285182
8.285182
8.285182
8.285182
8.285182
8.285182
8.285182
8.285182
8.285182
8.285182
8.285182
8.285182
8.285182
8.285182
8.285182
8.285182
8.285182
8.285182
8.285182
8.285182
8.285182
8.285182
8.285182
8.285182
8.285182
8.285182
8.285182
8.285182
8.285182
8.285182
8.285182
8.285182
8.285182
8.285182
8.285182
8.285182
8.285182
8.285182
8.285182
8.285182
8.285182
8.285182
8.285182
8.285182
8.285182
8.285182
8.285182
8.285182
8.285182
8.285182
8.285182
8.285182
8.285182
8.285182
8.285182
8.285182
8.285182
8.285182
8.285182
8.285182
8.285182
8.285182
8.285182
8.285182
8.285182
8.285182
8.285182
8.285182
8.285182
8.285182
8.285182
8.285182
8.285182
8.285182
8.285182
8.285182
8.285182
8.285182
8.285182
8.285182
8.285182
8.285182
8.285182
8.285182
8.285182
8.285182
8.285182
8.285182
8.285182
8.285182
8.285182
8.285182
8.285182
8.285182
8.285182
8.285182
8.285182
8.285182
8.285182
8.285182
8.285182
8.285182
8.285182
8.285182
8.285182
8.285182
8.285182
8.285182
8.285182
8.285182
8.285182
8.285182
8.285182
8.285182
8.285182
8.285182
8.285182
8.285182
8.285182
8.285182
8.285182
8.285182
8.285182
8.285182
8.285182
8.285182
8.285182
8.285182
8.285182
8.285182
8.285182
8.285182
8.285182
8.285182
8.285182
8.285182
8.285182
8.285182
8.285182
8.285182
8.285182
8.285182
8.285182
8.285182
8.285182
8.285182
8.285182
8.285182
8.285182
8.285182
8.285182
8.285182
8.285182
8.285182
8.285182
8.285182
8.285182
8.285182
8.285182
8.285182
8.285182
8.285182
8.285182
8.285182
8.285182
8.285182
8.285182
8.285182
8.285182
8.285182
8.285182
8.285182
8.285182
8.285182
8.285182
8.285182
8.285182
8.285182
8.285182
8.285182
8.285182
8.285182
8.285182
8.285182
8.285182
8.285182
8.285182
8.285182
8.285182
8.285182
8.285182
8.285182
8.285182
8.285182
8.285182
8.285182
8.285182
8.285182
8.285182
8.285182
8.285182
8.285182
8.285182
8.285182
8.285182
8.285182
8.285182
8.285182
8.285182
8.285182
8.285182
8.285182
8.285182
8.285182
8.285182
8.285182
8.285182
8.285182
8.285182
8.285182
8.285182
8.285182
8.285182
8.285182
8.285182
8.285182
8.285182
8.285182
8.285182
8.285182
8.285182
8.285182
8.285182
8.285182
8.285182
8.285182
8.285182
8.285182
8.285182
8.285182
8.285182
8.285182
8.285182
8.285182
8.285182
8.285182
8.285182
8.285182
8.285182
8.285182
8.285182
8.285182
8.285182
8.285182
8.285182
8.285182
8.285182
8.285182
8.285182
8.285182
8.285182
8.285182
8.285182
8.285182
8.285182
8.285182
8.285182
8.285182
8.285182
8.285183
8.285183
8.285184
8.285184
8.285185
8.285186
8.285188
8.285189
8.285191
8.285193
8.285195
8.285197
8.285199
8.285201
8.285203
8.285205
8.285206
8.285208
8.285209
8.285209
8.285209
8.285209
8.285208
8.285207
8.285205
8.285203
8.285200
8.285197
8.285193
8.285188
8.285183
8.285177
8.285170
8.285163
8.285155
8.285146
8.285137
8.285127
8.285115
8.285103
8.285091
8.285077
8.285063
8.285048
8.285032
8.285015
8.284998
8.284980
8.284961
8.284941
8.284921
8.284900
8.284878
8.284855
8.284832
8.284808
8.284783
8.284758
8.284732
8.284706
8.284679
8.284652
8.284625
8.284597
8.284569
8.284540
8.284511
8.284481
8.284451
8.284421
8.284391
8.284360
8.284330
8.284299
8.284269
8.284239
8.284208
8.284178
8.284148
8.284119
8.284089
8.284060
8.284030
8.284001
8.283973
8.283944
8.283915
8.283887
8.283859
8.283830
8.283802
8.283774
8.283746
8.283717
8.283689
8.283660
8.283632
8.283603
8.283575
8.283546
8.283517
8.283489
8.283460
8.283432
8.283404
8.283376
8.283347
8.283319
8.283291
8.283263
8.283234
8.283205
8.283177
8.283148
8.283120
8.283091
8.283063
8.283034
8.283006
8.282978
8.282950
8.282921
8.282893
8.282865
8.282836
8.282808
8.282779
8.282751
8.282722
8.282694
8.282666
8.282637
8.282609
8.282581
8.282552
8.282524
8.282496
8.282467
8.282439
8.282410
8.282381
8.282353
8.282324
8.282296
8.282267
8.282239
8.282211
8.282182
8.282154
8.282126
8.282097
8.282069
8.282041
8.282012
8.281983
8.281955
8.281926
8.281898
8.281869
8.281841
8.281812
8.281784
8.281756
8.281727
8.281699
8.281671
8.281643
8.281614
8.281586
8.281557
8.281528
8.281500
8.281471
8.281443
8.281414
8.281386
8.281358
8.281329
8.281301
8.281273
8.281244
8.281216
8.281187
8.281159
8.281130
8.281102
8.281073
8.281045
8.281016
8.280988
8.280959
8.280931
8.280903
8.280874
8.280846
8.280818
8.280789
8.280761
8.280732
8.280703
8.280675
8.280646
8.280618
8.280589
8.280561
8.280533
8.280504
8.280476
8.280448
8.280420
8.280391
8.280363
8.280334
8.280306
8.280278
8.280250
8.280222
8.280194
8.280166
8.280138
8.280110
8.280082
8.280054
8.280027
8.279999
8.279971
8.279943
8.279916
8.279888
8.279860
8.279832
8.279804
8.279776
8.279749
8.279722
8.279694
8.279667
8.279639
8.279612
8.279584
8.279556
8.279529
8.279501
8.279474
8.279447
8.279420
8.279393
8.279366
8.279338
8.279311
8.279284
8.279257
8.279230
8.279203
8.279176
8.279148
8.279121
8.279094
8.279066
8.279039
8.279012
8.278985
8.278958
8.278931
8.278903
8.278876
8.278848
8.278821
8.278793
8.278766
8.278738
8.278711
8.278684
8.278656
8.278629
8.278601
8.278574
8.278546
8.278519
8.278491
8.278464
8.278437
8.278410
8.278383
8.278356
8.278328
8.278301
8.278274
8.278246
8.278219
8.278192
8.278165
8.278137
8.278110
8.278082
8.278055
8.278027
8.278000
8.277973
8.277945
8.277918
8.277891
8.277864
8.277836
8.277809
8.277781
8.277754
8.277726
8.277699
8.277672
8.277644
8.277617
8.277590
8.277563
8.277536
8.277508
8.277481
8.277454
8.277427
8.277400
8.277372
8.277345
8.277318
8.277290
8.277263
8.277235
8.277208
8.277181
8.277154
8.277126
8.277099
8.277072
8.277045
8.277017
8.276990
8.276962
8.276934
8.276907
8.276880
8.276853
8.276826
8.276798
8.276771
8.276743
8.276716
8.276689
8.276661
8.276634
8.276607
8.276580
8.276552
8.276525
8.276497
8.276470
8.276442
8.276415
8.276388
8.276360
8.276333
8.276306
8.276279
8.276252
8.276224
8.276197
8.276169
8.276142
8.276115
8.276088
8.276061
8.276034
8.276007
8.275981
8.275955
8.275929
8.275904
8.275879
8.275854
8.275830
8.275805
8.275781
8.275757
8.275732
8.275707
8.275682
8.275657
8.275631
8.275605
8.275578
8.275550
8.275522
8.275494
8.275464
8.275435
8.275404
8.275372
8.275340
8.275307
8.275273
8.275239
8.275203
8.275167
8.275130
8.275092
8.275054
8.275014
8.274974
8.274933
8.274890
8.274847
8.274802
8.274757
8.274710
8.274662
8.274614
8.274564
8.274513
8.274461
8.274408
8.274354
8.274299
8.274243
8.274187
8.274129
8.274071
8.274012
8.273953
8.273892
8.273832
8.273770
8.273709
8.273646
8.273583
8.273520
8.273456
8.273392
8.273327
8.273262
8.273196
8.273131
8.273064
8.272998
8.272932
8.272866
8.272800
8.272734
8.272668
8.272602
8.272537
8.272472
8.272407
8.272343
8.272279
8.272216
8.272154
8.272091
8.272029
8.271967
8.271906
8.271844
8.271781
8.271719
8.271657
8.271595
8.271532
8.271470
8.271407
8.271344
8.271281
8.271218
8.271155
8.271091
8.271027
8.270962
8.270898
8.270833
8.270768
8.270703
8.270637
8.270571
8.270504
8.270437
8.270370
8.270302
8.270234
8.270165
8.270096
8.270026
8.269956
8.269886
8.269815
8.269744
8.269672
8.269600
8.269527
8.269455
8.269382
8.269308
8.269234
8.269159
8.269084
8.269009
8.268933
8.268857
8.268780
8.268703
8.268626
8.268548
8.268470
8.268392
8.268314
8.268235
8.268156
8.268076
8.267997
8.267918
8.267838
8.267759
8.267679
8.267600
8.267520
8.267441
8.267362
8.267283
8.267204
8.267125
8.267046
8.266967
8.266888
8.266808
8.266729
8.266650
8.266571
8.266492
8.266413
8.266333
8.266253
8.266173
8.266093
8.266012
8.265931
8.265849
8.265768
8.265685
8.265603
8.265519
8.265436
8.265352
8.265268
8.265183
8.265098
8.265012
8.264926
8.264839
8.264752
8.264665
8.264577
8.264488
8.264400
8.264310
8.264220
8.264130
8.264039
8.263948
8.263857
8.263765
8.263672
8.263579
8.263486
8.263392
8.263299
8.263205
8.263111
8.263016
8.262922
8.262827
8.262732
8.262637
8.262541
8.262446
8.262349
8.262253
8.262156
8.262059
8.261962
8.261864
8.261767
8.261669
8.261571
8.261473
8.261374
8.261276
8.261177
8.261078
8.260979
8.260880
8.260780
8.260681
8.260580
8.260480
8.260379
8.260278
8.260177
8.260075
8.259973
8.259870
8.259767
8.259664
8.259560
8.259456
8.259351
8.259246
8.259141
8.259036
8.258930
8.258823
8.258717
8.258610
8.258503
8.258396
8.258289
8.258181
8.258073
8.257965
8.257857
8.257747
8.257638
8.257528
8.257418
8.257308
8.257197
8.257086
8.256974
8.256862
8.256750
8.256636
8.256523
8.256409
8.256294
8.256180
8.256064
8.255948
8.255832
8.255716
8.255599
8.255482
8.255364
8.255246
8.255128
8.255009
8.254890
8.254771
8.254651
8.254531
8.254411
8.254290
8.254169
8.254047
8.253925
8.253803
8.253681
8.253558
8.253435
8.253311
8.253186
8.253061
8.252936
8.252810
8.252684
8.252557
8.252430
8.252302
8.252173
8.252043
8.251913
8.251783
8.251651
8.251519
8.251386
8.251253
8.251118
8.250983
8.250848
8.250711
8.250574
8.250437
8.250299
8.250161
8.250022
8.249883
8.249744
8.249605
8.249466
8.249326
8.249186
8.249045
8.248904
8.248763
8.248621
8.248479
8.248336
8.248192
8.248047
8.247902
8.247755
8.247608
8.247460
8.247311
8.247162
8.247012
8.246861
8.246709
8.246556
8.246402
8.246247
8.246091
8.245935
8.245777
8.245619
8.245460
8.245301
8.245141
8.244979
8.244817
8.244655
8.244491
8.244327
8.244163
8.243998
8.243832
8.243665
8.243498
8.243331
8.243162
8.242993
8.242824
8.242653
8.242482
8.242310
8.242137
8.241963
8.241788
8.241613
8.241437
8.241260
8.241082
8.240904
8.240725
8.240545
8.240365
8.240185
8.240003
8.239822
8.239639
8.239456
8.239272
8.239088
8.238903
8.238717
8.238531
8.238345
8.238158
8.237970
8.237782
8.237594
8.237405
8.237216
8.237026
8.236837
8.236647
8.236456
8.236265
8.236074
8.235882
8.235689
8.235496
8.235302
8.235107
8.234912
8.234716
8.234519
8.234322
8.234124
8.233925
8.233726
8.233526
8.233325
8.233124
8.232921
8.232718
8.232514
8.232310
8.232105
8.231900
8.231694
8.231488
8.231281
8.231074
8.230866
8.230657
8.230448
8.230238
8.230027
8.229815
8.229603
8.229390
8.229175
8.228961
8.228745
8.228528
8.228310
8.228091
8.227872
8.227652
8.227431
8.227209
8.226987
8.226764
8.226540
8.226315
8.226090
8.225864
8.225637
8.225410
8.225181
8.224952
8.224723
8.224492
8.224260
8.224027
8.223793
8.223558
8.223322
8.223085
8.222848
8.222609
8.222369
8.222129
8.221888
8.221645
8.221402
8.221158
8.220913
8.220666
8.220419
8.220171
8.219922
8.219672
8.219422
8.219170
8.218918
8.218664
8.218410
8.218155
8.217899
8.217642
8.217384
8.217125
8.216865
8.216604
8.216341
8.216078
8.215814
8.215549
8.215282
8.215015
8.214747
8.214478
8.214209
8.213939
8.213668
8.213397
8.213124
8.212851
8.212577
8.212301
8.212025
8.211747
8.211468
8.211188
8.210907
8.210625
8.210341
8.210057
8.209771
8.209484
8.209196
8.208907
8.208618
8.208327
8.208035
8.207742
8.207447
8.207152
8.206855
8.206557
8.206258
8.205957
8.205655
8.205351
8.205047
8.204741
8.204434
8.204125
8.203815
8.203504
8.203191
8.202878
8.202563
8.202247
8.201929
8.201611
8.201292
8.200972
8.200651
8.200330
8.200007
8.199684
8.199359
8.199033
8.198707
8.198379
8.198050
8.197720
8.197389
8.197057
8.196724
8.196389
8.196053
8.195715
8.195377
8.195037
8.194695
8.194352
8.194008
8.193662
8.193315
8.192966
8.192616
8.192265
8.191913
8.191559
8.191204
8.190848
8.190490
8.190132
8.189771
8.189410
8.189047
8.188682
8.188316
8.187948
8.187578
8.187207
8.186834
8.186459
8.186083
8.185706
8.185326
8.184946
8.184563
8.184180
8.183795
8.183408
8.183020
8.182631
8.182240
8.181847
8.181453
8.181057
8.180660
8.180262
8.179862
8.179461
8.179059
8.178656
8.178251
8.177846
8.177440
8.177032
8.176624
8.176215
8.175804
8.175392
8.174980
8.174566
8.174152
8.173736
8.173320
8.172903
8.172485
8.172066
8.171645
8.171224
8.170801
8.170377
8.169951
8.169523
8.169094
8.168662
8.168229
8.167793
8.167356
8.166916
8.166475
8.166031
8.165585
8.165138
8.164688
8.164237
8.163783
8.163327
8.162869
8.162409
8.161946
8.161482
8.161015
8.160547
8.160076
8.159603
8.159128
8.158650
8.158171
8.157689
8.157206
8.156720
8.156233
8.155743
8.155252
8.154759
8.154265
8.153768
8.153270
8.152770
8.152269
8.151766
8.151262
8.150756
8.150248
8.149739
8.149229
8.148718
8.148206
8.147693
8.147180
8.146666
8.146151
8.145636
8.145121
8.144605
8.144088
8.143571
8.143054
8.142537
8.142019
8.141501
8.140982
8.140462
8.139942
8.139421
8.138899
8.138375
8.137851
8.137326
8.136799
8.136272
8.135743
8.135212
8.134680
8.134146
8.133611
8.133075
8.132537
8.131997
8.131456
8.130914
8.130370
8.129823
8.129275
8.128725
8.128172
8.127618
8.127061
8.126502
8.125940
8.125377
8.124811
8.124243
8.123672
8.123099
8.122524
8.121946
8.121366
8.120783
8.120198
8.119611
8.119022
8.118430
8.117836
8.117240
8.116641
8.116040
8.115437
8.114830
8.114221
8.113609
8.112994
8.112376
8.111755
8.111130
8.110502
8.109871
8.109237
8.108599
8.107958
8.107315
8.106669
8.106019
8.105368
8.104713
8.104056
8.103396
8.102734
8.102068
8.101400
8.100729
8.100054
8.099377
8.098697
8.098013
8.097327
8.096638
8.095947
8.095252
8.094556
8.093857
8.093156
8.092453
8.091747
8.091040
8.090331
8.089620
8.088908
8.088194
8.087478
8.086760
8.086041
8.085320
8.084597
8.083872
8.083145
8.082416
8.081685
8.080952
8.080217
8.079479
8.078740
8.077998
8.077253
8.076507
8.075758
8.075008
8.074256
8.073502
8.072746
8.071988
8.071229
8.070468
8.069706
8.068941
8.068175
8.067407
8.066637
8.065865
8.065091
8.064314
8.063535
8.062754
8.061969
8.061182
8.060393
8.059601
8.058806
8.058010
8.057211
8.056410
8.055607
8.054802
8.053996
8.053187
8.052375
8.051562
8.050746
8.049928
8.049107
8.048284
8.047459
8.046630
8.045799
8.044965
8.044128
8.043289
8.042447
8.041603
8.040756
8.039908
8.039058
8.038206
8.037353
8.036498
8.035641
8.034783
8.033924
8.033063
8.032201
8.031336
8.030470
8.029601
8.028730
8.027856
8.026980
8.026101
8.025219
8.024334
8.023447
8.022556
8.021663
8.020767
8.019868
8.018967
8.018064
8.017158
8.016249
8.015338
8.014424
8.013508
8.012590
8.011668
8.010744
8.009818
8.008888
8.007956
8.007020
8.006081
8.005139
8.004194
8.003246
8.002295
8.001341
8.000384
7.999425
7.998463
7.997498
7.996531
7.995562
7.994591
7.993618
7.992643
7.991666
7.990687
7.989707
7.988724
7.987739
7.986752
7.985762
7.984770
7.983774
7.982776
7.981774
7.980770
7.979762
7.978751
7.977737
7.976721
7.975702
7.974681
7.973657
7.972631
7.971602
7.970571
7.969537
7.968502
7.967463
7.966422
7.965378
7.964331
7.963281
7.962228
7.961172
7.960113
7.959050
7.957983
7.956912
7.955837
7.954759
7.953677
7.952592
7.951504
7.950412
7.949318
7.948221
7.947121
7.946019
7.944914
7.943807
7.942697
7.941584
7.940469
7.939350
7.938228
7.937103
7.935974
7.934841
7.933704
7.932563
7.931419
7.930270
7.929118
7.927961
7.926801
7.925637
7.924469
7.923299
7.922125
7.920948
7.919769
7.918586
7.917400
7.916211
7.915018
7.913822
7.912622
7.911419
7.910211
7.909000
7.907784
7.906565
7.905342
7.904114
7.902883
7.901647
7.900407
7.899163
7.897915
7.896664
7.895409
7.894152
7.892892
7.891629
7.890363
7.889095
7.887823
7.886549
7.885271
7.883989
7.882704
7.881416
7.880123
7.878827
7.877526
7.876220
7.874910
7.873595
7.872276
7.870952
7.869624
7.868292
7.866956
7.865616
7.864273
7.862927
7.861577
7.860225
7.858869
7.857510
7.856148
7.854783
7.853414
7.852041
7.850664
7.849283
7.847898
7.846508
7.845113
7.843713
7.842309
7.840899
7.839484
7.838064
7.836640
7.835210
7.833776
7.832338
7.830896
7.829449
7.827998
7.826543
7.825085
7.823621
7.822154
7.820682
7.819206
7.817726
7.816240
7.814749
7.813253
7.811752
7.810246
7.808735
7.807219
7.805698
7.804172
7.802642
7.801109
7.799571
7.798029
7.796485
7.794938
7.793388
7.791835
7.790279
7.788720
7.787159
7.785595
7.784028
7.782457
7.780882
7.779304
7.777721
7.776134
7.774543
7.772947
7.771347
7.769742
7.768133
7.766519
7.764902
7.763280
7.761655
7.760027
7.758395
7.756761
7.755123
7.753482
7.751838
7.750191
7.748540
7.746885
7.745226
7.743562
7.741895
7.740222
7.738544
7.736861
7.735173
7.733479
7.731779
7.730074
7.728364
7.726649
7.724929
7.723204
7.721475
7.719742
7.718004
7.716263
7.714517
7.712766
7.711011
7.709252
7.707487
7.705717
7.703942
7.702161
7.700374
7.698581
7.696783
7.694978
7.693167
7.691349
7.689526
7.687697
7.685862
7.684022
7.682177
7.680328
7.678473
7.676615
7.674752
7.672885
7.671013
7.669137
7.667257
7.665371
7.663482
7.661587
7.659686
7.657780
7.655869
7.653951
7.652027
7.650098
7.648163
7.646222
7.644275
7.642323
7.640365
7.638402
7.636435
7.634463
7.632487
7.630507
7.628523
7.626534
7.624541
7.622545
7.620544
7.618538
7.616528
7.614513
7.612493
7.610467
7.608436
7.606400
7.604357
7.602310
7.600257
7.598199
7.596136
7.594069
7.591998
7.589924
7.587846
7.585764
7.583679
7.581591
7.579499
7.577404
7.575306
7.573203
7.571096
7.568985
7.566869
7.564748
7.562622
7.560489
7.558350
7.556205
7.554054
7.551896
7.549732
7.547562
7.545386
7.543205
7.541018
7.538826
7.536629
7.534427
7.532219
7.530006
7.527788
7.525564
7.523334
7.521098
7.518857
7.516608
7.514354
7.512092
7.509823
7.507546
7.505263
7.502972
7.500673
7.498368
7.496056
7.493737
7.491412
7.489081
7.486744
7.484402
7.482055
7.479702
7.477343
7.474978
7.472608
7.470233
7.467851
7.465463
7.463069
7.460669
7.458262
7.455848
7.453428
7.451001
7.448567
7.446127
7.443682
7.441230
7.438774
7.436313
7.433847
7.431378
7.428905
7.426428
7.423947
7.421463
7.418974
7.416481
7.413984
7.411482
7.408976
7.406464
7.403947
7.401425
7.398896
7.396361
7.393820
7.391272
7.388718
7.386157
7.383590
7.381018
7.378440
7.375858
7.373270
7.370678
7.368080
7.365477
7.362870
7.360257
7.357640
7.355017
7.352388
7.349754
7.347113
7.344466
7.341813
7.339152
7.336485
7.333811
7.331130
7.328442
7.325748
7.323048
7.320342
7.317629
7.314911
7.312188
7.309459
7.306725
7.303986
7.301241
7.298491
7.295736
7.292975
7.290208
7.287434
7.284654
7.281868
7.279074
7.276272
7.273464
7.270648
7.267825
7.264996
7.262159
7.259317
7.256468
7.253614
7.250754
7.247889
7.245020
7.242145
7.239266
7.236382
7.233493
7.230599
7.227701
7.224797
7.221887
7.218972
7.216050
7.213122
7.210186
7.207243
7.204294
7.201337
7.198373
7.195403
7.192427
7.189444
7.186456
7.183463
7.180464
7.177460
7.174451
7.171437
7.168418
7.165394
7.162366
7.159331
7.156292
7.153247
7.150196
7.147138
7.144074
7.141004
7.137927
7.134843
7.131753
7.128656
7.125553
7.122445
7.119331
7.116212
7.113088
7.109958
7.106823
7.103678
7.100521
7.097349
7.094161
7.090961
7.087755
7.084553
7.081362
7.078185
7.075020
7.071863
7.068707
7.065549
7.062384
7.059213
7.056034
7.052847
7.049654
7.046453
7.043246
7.040033
7.036814
7.033589
7.030359
7.027122
7.023880
7.020632
7.017378
7.014118
7.010852
7.007579
7.004300
7.001013
6.997719
6.994418
6.991109
6.987793
6.984469
6.981137
6.977798
6.974453
6.971100
6.967742
6.964378
6.961008
6.957632
6.954251
6.950865
6.947473
6.944075
6.940672
6.937262
6.933846
6.930423
6.926993
6.923555
6.920110
6.916656
6.913195
6.909726
6.906249
6.902763
6.899270
6.895769
6.892260
6.888745
6.885223
6.881695
6.878161
6.874621
6.871074
6.867522
6.863963
6.860398
6.856827
6.853248
6.849663
6.846069
6.842468
6.838860
6.835246
6.831629
6.828014
6.824407
6.820813
6.817231
6.813658
6.810085
6.806504
6.802909
6.799297
6.795671
6.792034
6.788389
6.784737
6.781079
6.777417
6.773750
6.770077
6.766399
6.762715
6.759025
6.755329
6.751627
6.747917
6.744201
6.740479
6.736750
6.733015
6.729274
6.725527
6.721774
6.718017
6.714255
6.710489
6.706719
6.702944
6.699166
6.695383
6.691596
6.687805
6.684009
6.680208
6.676401
6.672589
6.668770
6.664945
6.661114
6.657275
6.653431
6.649580
6.645722
6.641859
6.637989
6.634114
6.630235
6.626350
6.622462
6.618569
6.614673
6.610773
6.606869
6.602962
6.599050
6.595135
6.591216
6.587292
6.583363
6.579429
6.575489
6.571544
6.567593
6.563637
6.559675
6.555708
6.551735
6.547756
6.543772
6.539784
6.535791
6.531794
6.527794
6.523789
6.519782
6.515770
6.511755
6.507736
6.503714
6.499687
6.495655
6.491618
6.487577
6.483529
6.479476
6.475417
6.471352
6.467281
6.463204
6.459121
6.455032
6.450938
6.446839
6.442735
6.438628
6.434516
6.430402
6.426283
6.422161
6.418036
6.413906
6.409773
6.405636
6.401494
6.397348
6.393196
6.389039
6.384875
6.380706
6.376530
6.372349
6.368161
6.363968
6.359769
6.355564
6.351354
6.347139
6.342919
6.338695
6.334467
6.330236
6.326001
6.321763
6.317522
6.313277
6.309028
6.304776
6.300519
6.296259
6.291993
6.287723
6.283448
6.279167
6.274881
6.270590
6.266293
6.261992
6.257686
6.253375
6.249059
6.244739
6.240415
6.236088
6.231757
6.227422
6.223084
6.218743
6.214398
6.210050
6.205699
6.201344
6.196984
6.192621
6.188253
6.183880
6.179503
6.175121
6.170735
6.166344
6.161949
6.157550
6.153148
6.148742
6.144333
6.139922
6.135508
6.131093
6.126676
6.122258
6.117839
6.113418
6.108997
6.104575
6.100151
6.095725
6.091297
6.086866
6.082431
6.077993
6.073552
6.069107
6.064658
6.060206
6.055749
6.051289
6.046826
6.042358
6.037887
6.033413
6.028936
6.024456
6.019972
6.015486
6.010997
6.006505
6.002011
5.997513
5.993011
5.988506
5.983996
5.979482
5.974963
5.970439
5.965909
5.961375
5.956836
5.952291
5.947741
5.943186
5.938627
5.934062
5.929493
5.924919
5.920341
5.915759
5.911173
5.906584
5.901991
5.897395
5.892796
5.888192
5.883584
5.878972
5.874355
5.869734
5.865107
5.860476
5.855839
5.851197
5.846550
5.841898
5.837241
5.832579
5.827913
5.823243
5.818568
5.813890
5.809209
5.804524
5.799837
5.795147
5.790454
5.785759
5.781061
5.776360
5.771657
5.766950
5.762239
5.757524
5.752806
5.748084
5.743357
5.738626
5.733891
5.729151
5.724407
5.719658
5.714906
5.710150
5.705389
5.700626
5.695858
5.691088
5.686315
5.681539
5.676760
5.671979
5.667195
5.662408
5.657617
5.652824
5.648027
5.643227
5.638423
5.633615
5.628804
5.623990
5.619172
5.614351
5.609527
5.604700
5.599870
5.595037
5.590202
5.585364
5.580524
5.575683
5.570839
5.565994
5.561147
5.556298
5.551448
5.546596
5.541742
5.536886
5.532028
5.527167
5.522303
5.517436
5.512566
5.507693
5.502816
5.497937
5.493054
5.488168
5.483278
5.478386
5.473490
5.468592
5.463692
5.458790
5.453886
5.448980
5.444072
5.439162
5.434250
5.429336
5.424419
5.419499
5.414576
5.409650
5.404720
5.399786
5.394849
5.389908
5.384963
5.380014
5.375061
5.370104
5.365143
5.360179
5.355211
5.350239
5.345263
5.340284
5.335302
5.330316
5.325327
5.320336
5.315341
5.310343
5.305342
5.300339
5.295331
5.290320
5.285306
5.280288
5.275267
5.270242
5.265214
5.260183
5.255149
5.250112
5.245073
5.240030
5.234986
5.229939
5.224891
5.219840
5.214789
5.209735
5.204681
5.199624
5.194567
5.189507
5.184446
5.179383
5.174319
5.169251
5.164182
5.159110
5.154036
5.148959
5.143880
5.138799
5.133715
5.128629
5.123541
5.118451
5.113358
5.108264
5.103167
5.098069
5.092969
5.087867
5.082764
5.077659
5.072553
5.067446
5.062338
5.057227
5.052115
5.047001
5.041886
5.036768
5.031649
5.026528
5.021405
5.016281
5.011155
5.006027
5.000898
4.995767
4.990634
4.985501
4.980366
4.975229
4.970092
4.964954
4.959815
4.954675
4.949534
4.944391
4.939247
4.934102
4.928955
4.923807
4.918657
4.913506
4.908352
4.903198
4.898041
4.892883
4.887722
4.882561
4.877397
4.872232
4.867065
4.861896
4.856726
4.851554
4.846381
4.841206
4.836029
4.830851
4.825672
4.820491
4.815307
4.810122
4.804935
4.799745
4.794553
4.789359
4.784161
4.778961
4.773759
4.768553
4.763345
4.758135
4.752921
4.747705
4.742486
4.737265
4.732041
4.726815
4.721586
4.716355
4.711121
4.705886
4.700647
4.695407
4.690164
4.684919
4.679672
4.674423
4.669172
4.663920
4.658666
4.653411
4.648154
4.642896
4.637636
4.632376
4.627114
4.621851
4.616587
4.611322
4.606056
4.600789
4.595521
4.590253
4.584984
4.579715
4.574444
4.569174
4.563902
4.558630
4.553357
4.548083
4.542808
4.537532
4.532255
4.526977
4.521698
4.516418
4.511137
4.505855
4.500572
4.495288
4.490003
4.484717
4.479429
4.474140
4.468850
4.463560
4.458268
4.452975
4.447681
4.442387
4.437092
4.431796
4.426500
4.421204
4.415908
4.410611
4.405315
4.400018
4.394722
4.389426
4.384130
4.378834
4.373538
4.368243
4.362948
4.357653
4.352358
4.347063
4.341769
4.336474
4.331179
4.325885
4.320591
4.315297
4.310004
4.304711
4.299418
4.294126
4.288834
4.283543
4.278253
4.272963
4.267674
4.262385
4.257097
4.251810
4.246523
4.241236
4.235950
4.230664
4.225378
4.220092
4.214806
4.209521
4.204235
4.198950
4.193666
4.188382
4.183099
4.177816
4.172534
4.167252
4.161971
4.156690
4.151409
4.146129
4.140850
4.135570
4.130291
4.125012
4.119733
4.114454
4.109175
4.103896
4.098616
4.093336
4.088057
4.082777
4.077498
4.072219
4.066941
4.061663
4.056386
4.051110
4.045835
4.040561
4.035289
4.030018
4.024749
4.019481
4.014215
4.008950
4.003687
3.998425
3.993164
3.987904
3.982646
3.977388
3.972132
3.966876
3.961622
3.956369
3.951117
3.945866
3.940616
3.935367
3.930120
3.924873
3.919629
3.914386
3.909144
3.903904
3.898665
3.893429
3.888193
3.882959
3.877727
3.872495
3.867265
3.862036
3.856809
3.851582
3.846357
3.841134
3.835912
3.830692
3.825475
3.820259
3.815046
3.809835
3.804627
3.799423
3.794221
3.789023
3.783828
3.778636
3.773447
3.768261
3.763078
3.757897
3.752719
3.747544
3.742370
3.737198
3.732029
3.726861
3.721696
3.716532
3.711371
3.706212
3.701056
3.695902
3.690751
3.685603
3.680457
3.675315
3.670175
3.665039
3.659905
3.654775
3.649647
3.644521
3.639398
3.634277
3.629158
3.624040
3.618925
3.613811
3.608699
3.603588
3.598480
3.593373
3.588268
3.583165
3.578065
3.572966
3.567870
3.562777
3.557686
3.552597
3.547511
3.542427
3.537346
3.532266
3.527189
3.522114
3.517040
3.511967
3.506896
3.501826
3.496758
3.491692
3.486628
3.481565
3.476505
3.471447
3.466392
3.461340
3.456290
3.451245
3.446202
3.441164
3.436129
3.431099
3.426072
3.421049
3.416029
3.411013
3.406000
3.400991
3.395984
3.390980
3.385978
3.380979
3.375984
3.370990
3.366000
3.361013
3.356029
3.351048
3.346071
3.341098
3.336129
3.331164
3.326205
3.321250
3.316301
3.311356
3.306417
3.301482
3.296552
3.291626
3.286705
3.281789
3.276877
3.271969
3.267066
3.262167
3.257273
3.252384
3.247499
3.242620
3.237746
3.232878
3.228017
3.223161
3.218312
3.213470
3.208635
3.203806
3.198985
3.194169
3.189361
3.184558
3.179761
3.174971
3.170185
3.165405
3.160630
3.155860
3.151094
3.146334
3.141578
3.136828
3.132082
3.127342
3.122606
3.117877
3.113153
3.108434
3.103722
3.099015
3.094314
3.089619
3.084928
3.080243
3.075562
3.070885
3.066211
3.061541
3.056874
3.052210
3.047550
3.042892
3.038237
3.033584
3.028935
3.024289
3.019647
3.015007
3.010372
3.005740
3.001113
2.996490
2.991871
2.987257
2.982648
2.978043
2.973441
2.968844
2.964249
2.959658
2.955071
2.950486
2.945904
2.941326
2.936750
2.932179
2.927610
2.923046
2.918485
2.913928
2.909376
2.904829
2.900286
2.895749
2.891218
2.886692
2.882172
2.877657
2.873148
2.868645
2.864146
2.859651
2.855161
2.850675
2.846193
2.841716
2.837242
2.832772
2.828307
2.823846
2.819390
2.814938
2.810492
2.806051
2.801615
2.797185
2.792762
2.788345
2.783935
2.779531
2.775134
2.770744
2.766360
2.761982
2.757609
2.753242
2.748880
2.744524
2.740173
2.735827
2.731488
2.727153
2.722825
2.718503
2.714187
2.709878
2.705576
2.701281
2.696995
2.692716
2.688445
2.684182
2.679927
2.675681
2.671442
2.667211
2.662987
2.658769
2.654559
2.650355
2.646157
2.641965
2.637779
2.633599
2.629424
2.625256
2.621094
2.616937
2.612787
2.608644
2.604508
2.600378
2.596256
2.592141
2.588033
2.583932
2.579838
2.575750
2.571668
2.567592
2.563520
2.559454
2.555392
2.551335
2.547281
2.543232
2.539187
2.535145
2.531107
2.527074
2.523044
2.519019
2.515000
2.510985
2.506976
2.502973
2.498975
2.494983
2.490997
2.487017
2.483042
2.479072
2.475107
2.471146
2.467191
2.463239
2.459291
2.455348
2.451409
2.447474
2.443544
2.439618
2.435697
2.431781
2.427870
2.423966
2.420067
2.416176
2.412291
2.408414
2.404544
2.400681
2.396825
2.392975
2.389132
2.385295
2.381464
2.377638
2.373818
2.370003
2.366193
2.362388
2.358589
2.354795
2.351006
2.347222
2.343445
2.339673
2.335907
2.332149
2.328397
2.324652
2.320915
2.317185
2.313463
2.309748
2.306040
2.302339
2.298644
2.294955
2.291273
2.287596
2.283925
2.280260
2.276600
2.272947
2.269299
2.265658
2.262023
2.258394
2.254773
2.251159
2.247553
2.243955
2.240365
2.236783
2.233210
2.229646
2.226090
2.222541
2.219001
2.215468
2.211942
2.208423
2.204910
2.201403
2.197903
2.194408
2.190920
2.187438
2.183962
2.180492
2.177028
2.173572
2.170122
2.166680
2.163245
2.159818
2.156398
2.152987
2.149582
2.146186
2.142796
2.139413
2.136036
2.132665
2.129300
2.125939
2.122584
2.119233
2.115887
2.112545
2.109208
2.105875
2.102547
2.099224
2.095906
2.092594
2.089287
2.085987
2.082693
2.079405
2.076123
2.072847
2.069578
2.066314
2.063057
2.059804
2.056557
2.053314
2.050076
2.046842
2.043612
2.040386
2.037165
2.033948
2.030735
2.027527
2.024325
2.021128
2.017936
2.014751
2.011573
2.008401
2.005236
2.002078
1.998928
1.995784
1.992647
1.989516
1.986392
1.983274
1.980161
1.977053
1.973950
1.970852
1.967759
1.964671
1.961587
1.958509
1.955435
1.952367
1.949305
1.946248
1.943199
1.940156
1.937120
1.934091
1.931069
1.928054
1.925047
1.922047
1.919053
1.916067
1.913087
1.910113
1.907144
1.904181
1.901224
1.898273
1.895327
1.892386
1.889452
1.886523
1.883601
1.880685
1.877776
1.874875
1.871981
1.869096
1.866218
1.863348
1.860487
1.857634
1.854788
1.851951
1.849121
1.846298
1.843481
1.840671
1.837867
1.835069
1.832277
1.829490
1.826708
1.823932
1.821162
1.818398
1.815640
1.812888
1.810143
1.807405
1.804674
1.801951
1.799234
1.796525
1.793823
1.791128
1.788440
1.785758
1.783082
1.780412
1.777747
1.775087
1.772432
1.769781
1.767135
1.764493
1.761855
1.759222
1.756593
1.753969
1.751350
1.748736
1.746128
1.743526
1.740931
1.738341
1.735758
1.733182
1.730611
1.728046
1.725487
1.722933
1.720385
1.717841
1.715302
1.712768
1.710238
1.707712
1.705191
1.702674
1.700161
1.697653
1.695150
1.692652
1.690159
1.687673
1.685193
1.682719
1.680252
1.677792
1.675338
1.672891
1.670451
1.668017
1.665588
1.663166
1.660749
1.658336
1.655929
1.653526
1.651127
1.648732
1.646342
1.643957
1.641575
1.639199
1.636827
1.634460
1.632099
1.629744
1.627395
1.625052
1.622716
1.620385
1.618061
1.615744
1.613432
1.611126
1.608826
1.606531
1.604241
1.601956
1.599676
1.597400
1.595129
1.592862
1.590600
1.588342
1.586090
1.583842
1.581601
1.579365
1.577135
1.574912
1.572696
1.570486
1.568284
1.566088
1.563899
1.561717
1.559542
1.557373
1.555210
1.553053
1.550901
1.548754
1.546613
1.544476
1.542343
1.540216
1.538093
1.535975
1.533863
1.531755
1.529653
1.527557
1.525467
1.523383
1.521306
1.519234
1.517169
1.515110
1.513057
1.511010
1.508969
1.506932
1.504901
1.502874
1.500851
1.498833
1.496818
1.494807
1.492799
1.490795
1.488795
1.486798
1.484805
1.482816
1.480832
1.478853
1.476878
1.474908
1.472944
1.470985
1.469031
1.467082
1.465138
1.463199
1.461264
1.459334
1.457408
1.455485
1.453567
1.451651
1.449739
1.447830
1.445924
1.444022
1.442123
1.440228
1.438337
1.436450
1.434568
1.432692
1.430820
1.428953
1.427092
1.425236
1.423386
1.421541
1.419701
1.417866
1.416035
1.414210
1.412388
1.410571
1.408757
1.406947
1.405141
1.403338
1.401538
1.399743
1.397950
1.396162
1.394378
1.392598
1.390823
1.389053
1.387288
1.385528
1.383774
1.382024
1.380280
1.378542
1.376808
1.375079
1.373355
1.371635
1.369919
1.368207
1.366499
1.364795
1.363094
1.361396
1.359703
1.358013
1.356328
1.354647
1.352971
1.351299
1.349633
1.347973
1.346318
1.344668
1.343024
1.341386
1.339754
1.338127
1.336505
1.334889
1.333277
1.331671
1.330068
1.328470
1.326875
1.325284
1.323697
1.322114
1.320535
1.318959
1.317387
1.315820
1.314257
1.312699
1.311146
1.309598
1.308055
1.306517
1.304984
1.303456
1.301932
1.300414
1.298899
1.297389
1.295883
1.294381
1.292882
1.291387
1.289894
1.288405
1.286918
1.285435
1.283954
1.282477
1.281003
1.279532
1.278065
1.276602
1.275143
1.273689
1.272238
1.270792
1.269350
1.267912
1.266479
1.265049
1.263622
1.262200
1.260780
1.259364
1.257951
1.256541
1.255133
1.253728
1.252326
1.250927
1.249530
1.248137
1.246746
1.245359
1.243976
1.242597
1.241223
1.239852
1.238486
1.237124
1.235767
1.234413
1.233064
1.231718
1.230376
1.229038
1.227703
1.226370
1.225041
1.223714
1.222390
1.221068
1.219749
1.218432
1.217119
1.215808
1.214500
1.213195
1.211895
1.210598
1.209304
1.208015
1.206730
1.205448
1.204171
1.202897
1.201627
1.200360
1.199097
1.197837
1.196580
1.195326
1.194075
1.192827
1.191582
1.190339
1.189100
1.187863
1.186630
1.185400
1.184173
1.182951
1.181732
1.180517
1.179306
1.178100
1.176897
1.175699
1.174504
1.173314
1.172127
1.170944
1.169765
1.168589
1.167416
1.166246
1.165079
1.163915
1.162754
1.161596
1.160441
1.159289
1.158140
1.156994
1.155852
1.154714
1.153579
1.152448
1.151321
1.150198
1.149079
1.147963
1.146851
1.145743
1.144637
1.143535
1.142436
1.141340
1.140246
1.139155
1.138065
1.136978
1.135894
1.134812
1.133732
1.132654
1.131579
1.130507
1.129438
1.128372
1.127309
1.126250
1.125194
1.124141
1.123091
1.122045
1.121002
1.119961
1.118923
1.117888
1.116855
1.115825
1.114798
1.113773
1.112750
1.111730
1.110713
1.109698
1.108685
1.107676
1.106669
1.105666
1.104666
1.103669
1.102676
1.101686
1.100700
1.099717
1.098737
1.097761
1.096788
1.095818
1.094850
1.093886
1.092924
1.091965
1.091008
1.090054
1.089103
1.088154
1.087207
1.086263
1.085322
1.084384
1.083449
1.082517
1.081588
1.080662
1.079740
1.078821
1.077905
1.076993
1.076084
1.075178
1.074275
1.073374
1.072477
1.071582
1.070690
1.069800
1.068913
1.068028
1.067145
1.066265
1.065388
1.064513
1.063641
1.062772
1.061905
1.061042
1.060183
1.059326
1.058473
1.057624
1.056777
1.055934
1.055094
1.054257
1.053422
1.052591
1.051762
1.050936
1.050113
1.049292
1.048473
1.047657
1.046843
1.046032
1.045223
1.044417
1.043613
1.042813
1.042016
1.041221
1.040430
1.039641
1.038856
1.038073
1.037294
1.036518
1.035744
1.034973
1.034205
1.033439
1.032675
1.031913
1.031154
1.030396
1.029640
1.028886
1.028134
1.027384
1.026636
1.025891
1.025148
1.024408
1.023670
1.022935
1.022202
1.021472
1.020744
1.020019
1.019297
1.018577
1.017859
1.017144
1.016431
1.015719
1.015010
1.014303
1.013597
1.012893
1.012190
1.011490
1.010791
1.010094
1.009400
1.008707
1.008017
1.007330
1.006644
1.005962
1.005281
1.004603
1.003928
1.003255
1.002584
1.001915
1.001249
1.000585
0.999923
0.999263
0.998605
0.997948
0.997294
0.996641
0.995989
0.995340
0.994692
0.994046
0.993402
0.992760
0.992120
0.991482
0.990846
0.990213
0.989581
0.988952
0.988325
0.987700
0.987077
0.986456
0.985837
0.985219
0.984603
0.983989
0.983377
0.982766
0.982157
0.981550
0.980944
0.980340
0.979738
0.979137
0.978538
0.977941
0.977346
0.976753
0.976163
0.975574
0.974988
0.974403
0.973821
0.973241
0.972663
0.972087
0.971513
0.970941
0.970371
0.969802
0.969235
0.968670
0.968106
0.967544
0.966983
0.966424
0.965866
0.965310
0.964755
0.964202
0.963652
0.963103
0.962556
0.962011
0.961468
0.960928
0.960389
0.959852
0.959317
0.958783
0.958252
0.957721
0.957192
0.956665
0.956139
0.955614
0.955090
0.954568
0.954048
0.953528
0.953010
0.952494
0.951979
0.951466
0.950954
0.950444
0.949936
0.949430
0.948925
0.948422
0.947921
0.947422
0.946924
0.946427
0.945932
0.945438
0.944946
0.944455
0.943965
0.943476
0.942989
0.942502
0.942018
0.941535
0.941053
0.940574
0.940096
0.939619
0.939144
0.938671
0.938200
0.937730
0.937262
0.936796
0.936332
0.935869
0.935408
0.934948
0.934490
0.934033
0.933577
0.933123
0.932670
0.932219
0.931769
0.931320
0.930872
0.930427
0.929982
0.929539
0.929098
0.928658
0.928220
0.927783
0.927348
0.926915
0.926484
0.926054
0.925626
0.925200
0.924776
0.924353
0.923932
0.923512
0.923094
0.922677
0.922261
0.921847
0.921434
0.921022
0.920611
0.920201
0.919793
0.919386
0.918981
0.918578
0.918176
0.917776
0.917377
0.916980
0.916585
0.916191
0.915798
0.915407
0.915018
0.914629
0.914242
0.913857
0.913473
0.913089
0.912708
0.912327
0.911948
0.911570
0.911193
0.910817
0.910443
0.910070
0.909698
0.909327
0.908959
0.908591
0.908224
0.907859
0.907495
0.907133
0.906771
0.906411
0.906052
0.905694
0.905336
0.904980
0.904624
0.904269
0.903915
0.903562
0.903209
0.902857
0.902506
0.902155
0.901806
0.901458
0.901111
0.900765
0.900421
0.900077
0.899735
0.899393
0.899053
0.898714
0.898376
0.898039
0.897703
0.897369
0.897035
0.896703
0.896371
0.896041
0.895712
0.895384
0.895057
0.894732
0.894407
0.894084
0.893761
0.893439
0.893119
0.892799
0.892480
0.892163
0.891847
0.891532
0.891218
0.890905
0.890594
0.890283
0.889974
0.889666
0.889359
0.889053
0.888748
0.888445
0.888142
0.887841
0.887540
0.887241
0.886942
0.886645
0.886349
0.886053
0.885759
0.885465
0.885172
0.884880
0.884590
0.884300
0.884011
0.883723
0.883436
0.883150
0.882865
0.882580
0.882296
0.882013
0.881731
0.881449
0.881167
0.880886
0.880606
0.880326
0.880046
0.879768
0.879490
0.879213
0.878937
0.878662
0.878387
0.878114
0.877841
0.877570
0.877299
0.877029
0.876760
0.876491
0.876224
0.875956
0.875690
0.875425
0.875160
0.874896
0.874633
0.874371
0.874109
0.873849
0.873589
0.873331
0.873073
0.872816
0.872561
0.872306
0.872052
0.871799
0.871547
0.871295
0.871045
0.870795
0.870546
0.870298
0.870050
0.869803
0.869557
0.869312
0.869068
0.868825
0.868582
0.868340
0.868099
0.867859
0.867619
0.867380
0.867142
0.866905
0.866669
0.866433
0.866198
0.865964
0.865731
0.865498
0.865267
0.865036
0.864806
0.864576
0.864347
0.864119
0.863891
0.863664
0.863437
0.863211
0.862985
0.862760
0.862536
0.862312
0.862089
0.861867
0.861645
0.861424
0.861204
0.860985
0.860767
0.860549
0.860333
0.860118
0.859903
0.859689
0.859476
0.859264
0.859053
0.858842
0.858633
0.858423
0.858214
0.858006
0.857799
0.857592
0.857386
0.857180
0.856976
0.856772
0.856569
0.856367
0.856166
0.855966
0.855766
0.855568
0.855371
0.855174
0.854978
0.854783
0.854589
0.854396
0.854203
0.854012
0.853821
0.853630
0.853441
0.853252
0.853063
0.852875
0.852688
0.852502
0.852316
0.852130
0.851946
0.851762
0.851579
0.851396
0.851214
0.851033
0.850853
0.850673
0.850494
0.850315
0.850137
0.849960
0.849783
0.849607
0.849431
0.849256
0.849081
0.848907
0.848733
0.848560
0.848388
0.848216
0.848045
0.847875
0.847705
0.847536
0.847368
0.847200
0.847032
0.846865
0.846699
0.846533
0.846367
0.846202
0.846037
0.845872
0.845708
0.845545
0.845382
0.845219
0.845057
0.844896
0.844734
0.844574
0.844413
0.844253
0.844094
0.843936
0.843778
0.843620
0.843464
0.843308
0.843153
0.842998
0.842845
0.842692
0.842539
0.842388
0.842237
0.842086
0.841937
0.841788
0.841639
0.841491
0.841344
0.841197
0.841050
0.840903
0.840757
0.840611
0.840466
0.840320
0.840175
0.840031
0.839887
0.839743
0.839600
0.839457
0.839315
0.839173
0.839032
0.838892
0.838752
0.838613
0.838475
0.838337
0.838200
0.838064
0.837928
0.837793
0.837659
0.837525
0.837392
0.837260
0.837128
0.836997
0.836866
0.836736
0.836607
0.836478
0.836349
0.836221
0.836093
0.835966
0.835839
0.835712
0.835586
0.835460
0.835334
0.835208
0.835083
0.834958
0.834833
0.834709
0.834585
0.834462
0.834339
0.834217
0.834095
0.833973
0.833852
0.833731
0.833611
0.833492
0.833373
0.833254
0.833136
0.833018
0.832901
0.832785
0.832668
0.832553
0.832437
0.832322
0.832208
0.832094
0.831980
0.831866
0.831753
0.831640
0.831528
0.831415
0.831303
0.831191
0.831079
0.830968
0.830857
0.830746
0.830636
0.830526
0.830416
0.830307
0.830198
0.830090
0.829982
0.829874
0.829766
0.829659
0.829552
0.829446
0.829339
0.829233
0.829127
0.829021
0.828915
0.828809
0.828704
0.828599
0.828495
0.828390
0.828286
0.828183
0.828079
0.827976
0.827873
0.827771
0.827669
0.827567
0.827466
0.827365
0.827264
0.827164
0.827064
0.826964
0.826864
0.826765
0.826666
0.826567
0.826469
0.826371
0.826273
0.826176
0.826079
0.825983
0.825887
0.825792
0.825697
0.825602
0.825508
0.825415
0.825322
0.825230
0.825138
0.825046
0.824955
0.824865
0.824774
0.824685
0.824596
0.824507
0.824418
0.824330
0.824243
0.824156
0.824069
0.823982
0.823896
0.823809
0.823723
0.823637
0.823551
0.823465
0.823380
0.823294
0.823208
0.823123
0.823037
0.822951
0.822866
0.822781
0.822696
0.822610
0.822525
0.822440
0.822355
0.822271
0.822186
0.822101
0.822017
0.821932
0.821848
0.821765
0.821682
0.821599
0.821516
0.821435
0.821353
0.821272
0.821191
0.821111
0.821032
0.820953
0.820874
0.820796
0.820719
0.820642
0.820565
0.820489
0.820414
0.820339
0.820265
0.820191
0.820117
0.820045
0.819972
0.819901
0.819829
0.819758
0.819688
0.819618
0.819549
0.819480
0.819411
0.819343
0.819275
0.819207
0.819140
0.819074
0.819007
0.818941
0.818875
0.818809
0.818744
0.818678
0.818613
0.818548
0.818483
0.818419
0.818354
0.818289
0.818224
0.818159
0.818094
0.818029
0.817963
0.817897
0.817831
0.817764
0.817697
0.817630
0.817563
0.817496
0.817428
0.817361
0.817293
0.817226
0.817158
0.817091
0.817024
0.816956
0.816890
0.816823
0.816756
0.816690
0.816624
0.816558
0.816493
0.816428
0.816363
0.816299
0.816235
0.816171
0.816108
0.816045
0.815983
0.815921
0.815859
0.815798
0.815737
0.815677
0.815618
0.815558
0.815500
0.815441
0.815384
0.815326
0.815269
0.815213
0.815157
0.815102
0.815047
0.814992
0.814938
0.814885
0.814832
0.814779
0.814727
0.814675
0.814623
0.814572
0.814522
0.814471
0.814421
0.814372
0.814322
0.814273
0.814224
0.814176
0.814127
0.814079
0.814031
0.813983
0.813935
0.813888
0.813840
0.813793
0.813745
0.813698
0.813650
0.813602
0.813554
0.813507
0.813458
0.813410
0.813362
0.813313
0.813264
0.813216
0.813167
0.813118
0.813069
0.813020
0.812971
0.812923
0.812874
0.812825
0.812776
0.812727
0.812678
0.812630
0.812581
0.812532
0.812483
0.812434
0.812385
0.812337
0.812288
0.812239
0.812190
0.812141
0.812091
0.812042
0.811992
0.811942
0.811892
0.811842
0.811792
0.811742
0.811691
0.811641
0.811590
0.811540
0.811490
0.811440
0.811390
0.811341
0.811292
0.811242
0.811194
0.811145
0.811097
0.811049
0.811002
0.810954
0.810908
0.810861
0.810816
0.810770
0.810725
0.810681
0.810637
0.810593
0.810551
0.810508
0.810466
0.810425
0.810384
0.810344
0.810304
0.810265
0.810226
0.810188
0.810151
0.810114
0.810077
0.810041
0.810006
0.809971
0.809936
0.809903
0.809869
0.809836
0.809804
0.809772
0.809740
0.809709
0.809678
0.809648
0.809618
0.809588
0.809559
0.809530
0.809501
0.809472
0.809444
0.809416
0.809388
0.809360
0.809332
0.809305
0.809277
0.809249
0.809222
0.809194
0.809166
0.809138
0.809110
0.809082
0.809053
0.809025
0.808996
0.808967
0.808937
0.808908
0.808879
0.808850
0.808821
0.808792
0.808763
0.808734
0.808704
0.808675
0.808646
0.808617
0.808588
0.808559
0.808530
0.808500
0.808471
0.808442
0.808413
0.808384
0.808355
0.808326
0.808296
0.808267
0.808238
0.808209
0.808180
0.808151
0.808122
0.808092
0.808063
0.808034
0.808005
0.807976
0.807947
0.807918
0.807889
0.807859
0.807830
0.807801
0.807772
0.807743
0.807714
0.807685
0.807655
0.807626
0.807597
0.807568
0.807539
0.807510
0.807481
0.807451
0.807422
0.807393
0.807364
0.807335
0.807306
0.807277
0.807248
0.807218
0.807189
0.807160
0.807131
0.807102
0.807073
0.807044
0.807014
0.806985
0.806956
0.806927
0.806898
0.806869
0.806840
0.806810
0.806781
0.806752
0.806723
0.806694
0.806665
0.806636
0.806607
0.806577
0.806548
0.806519
0.806490
0.806461
0.806432
0.806403
0.806373
0.806344
0.806315
0.806286
0.806257
0.806227
0.806198
0.806168
0.806138
0.806108
0.806078
0.806047
0.806017
0.805987
0.805956
0.805926
0.805895
0.805865
0.805835
0.805805
0.805775
0.805745
0.805716
0.805686
0.805657
0.805629
0.805600
0.805572
0.805544
0.805516
0.805489
0.805462
0.805436
0.805410
0.805384
0.805359
0.805334
0.805310
0.805286
0.805263
0.805240
0.805217
0.805195
0.805173
0.805152
0.805131
0.805111
0.805091
0.805072
0.805053
0.805035
0.805017
0.804999
0.804982
0.804966
0.804950
0.804934
0.804918
0.804903
0.804889
0.804875
0.804861
0.804847
0.804834
0.804821
0.804809
0.804796
0.804784
0.804772
0.804760
0.804749
0.804738
0.804727
0.804716
0.804705
0.804693
0.804683
0.804672
0.804661
0.804650
0.804639
0.804627
0.804616
0.804604
0.804593
0.804581
0.804569
0.804557
0.804544
0.804532
0.804520
0.804508
0.804496
0.804484
0.804471
0.804459
0.804447
0.804435
0.804422
0.804410
0.804398
0.804386
0.804374
0.804361
0.804349
0.804337
0.804325
0.804313
0.804300
0.804288
0.804276
0.804264
0.804252
0.804239
0.804227
0.804215
0.804203
0.804191
0.804178
0.804166
0.804154
0.804142
0.804130
0.804117
0.804105
0.804093
0.804081
0.804068
0.804056
0.804044
0.804032
0.804020
0.804007
0.803995
0.803983
0.803971
0.803959
0.803946
0.803934
0.803922
0.803910
0.803898
0.803885
0.803873
0.803861
0.803849
0.803836
0.803824
0.803812
0.803800
0.803788
0.803775
0.803763
0.803751
0.803739
0.803727
0.803714
0.803702
0.803690
0.803678
0.803666
0.803653
0.803641
0.803629
0.803617
0.803605
0.803592
0.803580
0.803568
0.803556
0.803543
0.803531
0.803519
0.803507
0.803495
0.803482
0.803470
0.803458
0.803446
0.803434
0.803421
0.803409
0.803397
0.803385
0.803373
0.803360
0.803348
0.803336
0.803324
0.803312
0.803299
0.803287
0.803275
0.803263
0.803251
0.803238
0.803226
0.803214
0.803202
0.803190
0.803177
0.803165
0.803153
0.803141
0.803129
0.803116
0.803104
0.803092
0.803080
0.803068
0.803055
0.803043
0.803031
0.803019
0.803006
0.802994
0.802982
0.802970
0.802958
0.802945
0.802933
0.802921
0.802909
0.802897
0.802884
0.802872
0.802860
0.802848
0.802836
0.802823
0.802811
0.802799
0.802787
0.802774
0.802762
0.802750
0.802738
0.802726
0.802713
0.802701
0.802689
0.802677
0.802665
0.802652
0.802640
0.802628
0.802616
0.802604
0.802591
0.802579
0.802567
0.802555
0.802543
0.802530
0.802518
0.802506
0.802494
0.802481
0.802469
0.802457
0.802445
0.802433
0.802420
0.802408
0.802396
0.802384
0.802372
0.802359
0.802347
0.802335
0.802323
0.802311
0.802298
0.802286
0.802274
0.802262
0.802250
0.802237
0.802225
0.802213
0.802201
0.802188
0.802176
0.802164
0.802152
0.802140
0.802127
0.802115
0.802103
0.802091
0.802079
0.802067
0.802054
0.802042
0.802030
0.802018
0.802005
0.801993
0.801981
0.801969
0.801957
0.801944
0.801932
0.801920
0.801908
0.801896
0.801883
0.801871
0.801859
0.801847
0.801835
0.801822
0.801810
0.801798
0.801786
0.801774
0.801761
0.801749
0.801737
0.801725
0.801713
0.801700
0.801688
0.801676
0.801664
0.801651
0.801639
0.801627
0.801615
0.801603
0.801590
0.801578
0.801566
0.801554
0.801542
0.801529
0.801517
0.801505
0.801493
0.801481
0.801468
0.801456
0.801444
0.801432
0.801419
0.801407
0.801395
0.801383
0.801371
0.801358
0.801346
0.801334
0.801322
0.801310
0.801297
0.801285
0.801273
0.801261
0.801249
0.801236
0.801224
0.801212
0.801200
0.801188
0.801175
0.801163
0.801151
0.801139
0.801127
0.801114
0.801102
0.801090
0.801078
0.801065
0.801053
0.801041
0.801029
0.801017
0.801005
0.800992
0.800980
0.800968
0.800956
0.800943
0.800931
0.800919
0.800907
0.800895
0.800882
0.800870
0.800858
0.800846
0.800834
0.800821
0.800809
0.800797
0.800785
0.800773
0.800760
0.800748
0.800736
0.800724
0.800712
0.800699
0.800687
0.800675
0.800663
0.800651
0.800638
0.800626
0.800614
0.800602
0.800589
0.800577
0.800565
0.800553
0.800541
0.800528
0.800516
0.800504
0.800492
0.800480
0.800467
0.800455
0.800443
0.800431
0.800419
0.800406
0.800394
0.800382
0.800370
0.800358
0.800345
0.800333
0.800321
0.800309
0.800296
0.800284
0.800272
0.800260
0.800248
0.800235
0.800223
0.800211
0.800199
0.800187
0.800175
0.800162
0.800150
0.800138
0.800126
0.800113
0.800101
0.800089
0.800077
0.800065
0.800053
0.800041
0.800029
0.800020
0.800012
0.800006
0.800003
0.800001
0.800000
