0.800000
0.800018
0.800039
0.800065
0.800096
0.800129
0.800164
0.800200
0.800236
0.800272
0.800307
0.800343
0.800379
0.800415
0.800451
0.800486
0.800522
0.800558
0.800594
0.800630
0.800666
0.800701
0.800737
0.800773
0.800809
0.800845
0.800881
0.800916
0.800952
0.800988
0.801024
0.801060
0.801095
0.801131
0.801167
0.801203
0.801239
0.801275
0.801310
0.801346
0.801382
0.801418
0.801454
0.801489
0.801525
0.801561
0.801597
0.801633
0.801669
0.801705
0.801740
0.801776
0.801812
0.801848
0.801884
0.801919
0.801955
0.801991
0.802027
0.802063
0.802099
0.802134
0.802170
0.802206
0.802242
0.802278
0.802313
0.802349
0.802385
0.802421
0.802457
0.802493
0.802528
0.802564
0.802600
0.802636
0.802672
0.802708
0.802743
0.802779
0.802815
0.802851
0.802887
0.802922
0.802958
0.802994
0.803030
0.803066
0.803102
0.803137
0.803173
0.803209
0.803245
0.803281
0.803316
0.803352
0.803388
0.803424
0.803460
0.803496
0.803531
0.803567
0.803603
0.803639
0.803675
0.803711
0.803746
0.803782
0.803818
0.803854
0.803890
0.803925
0.803961
0.803997
0.804033
0.804069
0.804105
0.804140
0.804176
0.804212
0.804248
0.804284
0.804319
0.804355
0.804391
0.804427
0.804463
0.804499
0.804534
0.804570
0.804606
0.804642
0.804679
0.804718
0.804760
0.804810
0.804868
0.804936
0.805013
0.805096
0.805183
0.805272
0.805361
0.805450
0.805539
0.805628
0.805717
0.805807
0.805896
0.805985
0.806074
0.806164
0.806253
0.806342
0.806431
0.806520
0.806610
0.806699
0.806788
0.806877
0.806966
0.807056
0.807145
0.807234
0.807323
0.807412
0.807502
0.807591
0.807680
0.807769
0.807859
0.807948
0.808037
0.808126
0.808215
0.808305
0.808394
0.808483
0.808572
0.808661
0.808751
0.808840
0.808929
0.809018
0.809107
0.809197
0.809286
0.809377
0.809471
0.809570
0.809678
0.809798
0.809929
0.810069
0.810214
0.810363
0.810512
0.810662
0.810812
0.810962
0.811112
0.811262
0.811412
0.811562
0.811712
0.811862
0.812012
0.812162
0.812312
0.812462
0.812612
0.812762
0.812912
0.813062
0.813212
0.813362
0.813512
0.813662
0.813812
0.813963
0.814117
0.814277
0.814446
0.814629
0.814826
0.815037
0.815256
0.815482
0.815709
0.815938
0.816167
0.816396
0.816625
0.816854
0.817083
0.817312
0.817541
0.817770
0.817999
0.818228
0.818458
0.818690
0.818925
0.819169
0.819423
0.819689
0.819968
0.820256
0.820549
0.820845
0.821142
0.821440
0.821737
0.822035
0.822332
0.822630
0.822927
0.823226
0.823526
0.823831
0.824141
0.824460
0.824786
0.825119
0.825456
0.825796
0.826136
0.826477
0.826818
0.827159
0.827500
0.827842
0.828185
0.828533
0.828888
0.829253
0.829628
0.830013
0.830405
0.830800
0.831197
0.831594
0.831991
0.832389
0.832789
0.833192
0.833601
0.834018
0.834446
0.834883
0.835327
0.835775
0.836225
0.836677
0.837129
0.837583
0.838041
0.838507
0.838983
0.839470
0.839968
0.840473
0.840982
0.841492
0.842005
0.842521
0.843042
0.843573
0.844114
0.844666
0.845227
0.845793
0.846363
0.846935
0.847509
0.848088
0.848673
0.849266
0.849865
0.850469
0.851076
0.851686
0.852302
0.852928
0.853566
0.854218
0.854883
0.855558
0.856241
0.856931
0.857630
0.858343
0.859069
0.859809
0.860560
0.861319
0.862088
0.862867
0.863658
0.864461
0.865275
0.866097
0.866925
0.867758
0.868596
0.869441
0.870292
0.871153
0.872028
0.872920
0.873834
0.874767
0.875714
0.876669
0.877628
0.878587
0.879548
0.880509
0.881474
0.882444
0.883422
0.884407
0.885400
0.886402
0.887416
0.888442
0.889482
0.890541
0.891620
0.892724
0.893855
0.895009
0.896184
0.897375
0.898579
0.899793
0.901018
0.902251
0.903494
0.904748
0.906013
0.907292
0.908585
0.909889
0.911202
0.912521
0.913847
0.915181
0.916525
0.917881
0.919250
0.920631
0.922023
0.923428
0.924851
0.926297
0.927767
0.929263
0.930783
0.932325
0.933892
0.935488
0.937117
0.938776
0.940463
0.942169
0.943891
0.945627
0.947377
0.949140
0.950917
0.952706
0.954510
0.956330
0.958169
0.960031
0.961914
0.963819
0.965742
0.967685
0.969649
0.971637
0.973649
0.975681
0.977731
0.979799
0.981889
0.984012
0.986174
0.988378
0.990617
0.992884
0.995171
0.997476
0.999798
1.002136
1.004491
1.006862
1.009251
1.011664
1.014108
1.016591
1.019113
1.021671
1.024260
1.026874
1.029513
1.032181
1.034879
1.037605
1.040355
1.043126
1.045920
1.048743
1.051601
1.054498
1.057433
1.060402
1.063404
1.066443
1.069525
1.072653
1.075825
1.079034
1.082272
1.085540
1.088841
1.092183
1.095568
1.098994
1.102453
1.105944
1.109468
1.113031
1.116637
1.120284
1.123965
1.127676
1.131417
1.135192
1.139005
1.142856
1.146739
1.150649
1.154584
1.158552
1.162564
1.166629
1.170748
1.174915
1.179123
1.183372
1.187665
1.192004
1.196390
1.200817
1.205279
1.209780
1.214331
1.218945
1.223626
1.228369
1.233159
1.237982
1.242833
1.247718
1.252642
1.257605
1.262605
1.267639
1.272710
1.277830
1.283010
1.288256
1.293563
1.298922
1.304327
1.309778
1.315286
1.320856
1.326485
1.332163
1.337881
1.343637
1.349442
1.355308
1.361242
1.367236
1.373275
1.379349
1.385457
1.391609
1.397812
1.404068
1.410368
1.416705
1.423080
1.429501
1.435981
1.442525
1.449126
1.455773
1.462461
1.469197
1.475998
1.482881
1.489851
1.496900
1.504013
1.511180
1.518402
1.525685
1.533029
1.540429
1.547873
1.555356
1.562886
1.570479
1.578152
1.585907
1.593733
1.601615
1.609545
1.617529
1.625576
1.633693
1.641877
1.650114
1.658395
1.666721
1.675104
1.683558
1.692088
1.700684
1.709332
1.718029
1.726781
1.735607
1.744518
1.753514
1.762584
1.771719
1.780918
1.790194
1.799556
1.809009
1.818542
1.828139
1.837793
1.847509
1.857300
1.867176
1.877132
1.887153
1.897226
1.907351
1.917540
1.927806
1.938150
1.948558
1.959015
1.969513
1.980057
1.990665
2.001349
2.012114
2.022954
2.033864
2.044848
2.055920
2.067092
2.078364
2.089722
2.101148
2.112634
2.124187
2.135822
2.147547
2.159355
2.171230
2.183156
2.195130
2.207160
2.219255
2.231415
2.243629
2.255885
2.268181
2.280527
2.292938
2.305419
2.317963
2.330558
2.343196
2.355888
2.368651
2.381505
2.394454
2.407491
2.420604
2.433789
2.447051
2.460397
2.473828
2.487331
2.500888
2.514488
2.528129
2.541820
2.555567
2.569371
2.583225
2.597123
2.611070
2.625080
2.639164
2.653322
2.667537
2.681785
2.696054
2.710343
2.724667
2.739040
2.753467
2.767949
2.782485
2.797077
2.811737
2.826469
2.841272
2.856133
2.871038
2.885983
2.900971
2.916012
2.931110
2.946259
2.961446
2.976663
2.991909
3.007194
3.022526
3.037905
3.053323
3.068768
3.084237
3.099729
3.115252
3.130807
3.146390
3.161993
3.177614
3.193262
3.208951
3.224698
3.240510
3.256385
3.272315
3.288292
3.304311
3.320367
3.336457
3.352573
3.368710
3.384867
3.401049
3.417269
3.433532
3.449839
3.466179
3.482542
3.498916
3.515296
3.531682
3.548068
3.564451
3.580825
3.597185
3.613536
3.629885
3.646240
3.662608
3.678992
3.695395
3.711822
3.728281
3.744775
3.761305
3.777868
3.794456
3.811063
3.827684
3.844319
3.860966
3.877623
3.894285
3.910950
3.927615
3.944283
3.960954
3.977629
3.994306
4.010983
4.027654
4.044311
4.060947
4.077556
4.094134
4.110680
4.127195
4.143683
4.160147
4.176591
4.193024
4.209456
4.225894
4.242349
4.258820
4.275308
4.291807
4.308315
4.324829
4.341348
4.357867
4.374381
4.390884
4.407374
4.423849
4.440310
4.456754
4.473170
4.489547
4.505875
4.522153
4.538384
4.554575
4.570728
4.586841
4.602912
4.618942
4.634936
4.650902
4.666846
4.682766
4.698656
4.714514
4.730340
4.746142
4.761926
4.777696
4.793447
4.809171
4.824864
4.840527
4.856162
4.871770
4.887345
4.902875
4.918352
4.933774
4.949149
4.964485
4.979786
4.995044
5.010246
5.025384
5.040459
5.055480
5.070454
5.085385
5.100272
5.115116
5.129925
5.144707
5.159467
5.174200
5.188887
5.203508
5.218053
5.232525
5.246940
5.261313
5.275651
5.289952
5.304213
5.318434
5.332621
5.346780
5.360904
5.374978
5.388983
5.402909
5.416763
5.430563
5.444324
5.458050
5.471733
5.485366
5.498942
5.512467
5.525945
5.539372
5.552734
5.566014
5.579207
5.592321
5.605376
5.618388
5.631359
5.644281
5.657146
5.669954
5.682712
5.695427
5.708097
5.720710
5.733251
5.745714
5.758108
5.770447
5.782743
5.794991
5.807181
5.819300
5.831345
5.843325
5.855246
5.867109
5.878902
5.890614
5.902245
5.913806
5.925314
5.936779
5.948195
5.959548
5.970828
5.982040
5.993195
6.004305
6.015369
6.026378
6.037322
6.048199
6.059021
6.069798
6.080529
6.091198
6.101786
6.112281
6.122685
6.133010
6.143261
6.153435
6.163522
6.173517
6.183433
6.193288
6.203097
6.212859
6.222557
6.232176
6.241713
6.251179
6.260592
6.269957
6.279268
6.288511
6.297680
6.306781
6.315826
6.324818
6.333746
6.342591
6.351340
6.359993
6.368565
6.377066
6.385498
6.393850
6.402114
6.410292
6.418396
6.426444
6.434441
6.442379
6.450243
6.458025
6.465729
6.473369
6.480957
6.488496
6.495981
6.503407
6.510775
6.518094
6.525369
6.532596
6.539761
6.546846
6.553844
6.560763
6.567615
6.574410
6.581145
6.587808
6.594389
6.600890
6.607322
6.613699
6.620029
6.626306
6.632526
6.638687
6.644798
6.650869
6.656906
6.662901
6.668843
6.674719
6.680532
6.686291
6.692010
6.697691
6.703330
6.708916
6.714447
6.719924
6.725357
6.730746
6.736086
6.741364
6.746570
6.751706
6.756781
6.761805
6.766781
6.771702
6.776563
6.781362
6.786110
6.790820
6.795500
6.800154
6.804776
6.809364
6.813918
6.818445
6.822948
6.827423
6.831861
6.836251
6.840589
6.844879
6.849130
6.853344
6.857520
6.861648
6.865723
6.869749
6.873734
6.877688
6.881615
6.885509
6.889364
6.893176
6.896947
6.900680
6.904378
6.908039
6.911656
6.915231
6.918769
6.922278
6.925764
6.929227
6.932658
6.936049
6.939399
6.942713
6.945996
6.949250
6.952471
6.955653
6.958796
6.961904
6.964984
6.968038
6.971063
6.974053
6.977003
6.979916
6.982797
6.985653
6.988486
6.991293
6.994071
6.996817
6.999535
7.002227
7.004894
7.007530
7.010131
7.012694
7.015221
7.017719
7.020193
7.022644
7.025070
7.027472
7.029850
7.032207
7.034547
7.036872
7.039178
7.041461
7.043719
7.045951
7.048157
7.050336
7.052487
7.054608
7.056698
7.058759
7.060794
7.062807
7.064799
7.066771
7.068725
7.070661
7.072579
7.074475
7.076344
7.078181
7.079982
7.081748
7.083481
7.085189
7.086877
7.088548
7.090203
7.091842
7.093467
7.095078
7.096677
7.098263
7.099833
7.101386
7.102921
7.104441
7.105946
7.107433
7.108898
7.110338
7.111751
7.113141
7.114514
7.115874
7.117226
7.118571
7.119906
7.121230
7.122540
7.123830
7.125099
7.126344
7.127568
7.128771
7.129957
7.131129
7.132288
7.133438
7.134581
7.135717
7.136843
7.137954
7.139045
7.140113
7.141158
7.142182
7.143187
7.144173
7.145141
7.146093
7.147031
7.147957
7.148871
7.149773
7.150663
7.151545
7.152421
7.153292
7.154160
7.155024
7.155883
7.156735
7.157572
7.158390
7.159184
7.159954
7.160704
7.161442
7.162173
7.162900
7.163623
7.164342
7.165059
7.165772
7.166482
7.167187
7.167882
7.168566
7.169236
7.169894
7.170544
7.171188
7.171829
7.172467
7.173102
7.173733
7.174359
7.174983
7.175603
7.176221
7.176834
7.177439
7.178032
7.178610
7.179174
7.179726
7.180271
7.180812
7.181350
7.181882
7.182406
7.182917
7.183412
7.183891
7.184357
7.184815
7.185269
7.185721
7.186172
7.186623
7.187074
7.187524
7.187972
7.188418
7.188862
7.189305
7.189748
7.190189
7.190631
7.191072
7.191511
7.191946
7.192374
7.192790
7.193193
7.193584
7.193965
7.194340
7.194712
7.195083
7.195454
7.195825
7.196195
7.196564
7.196931
7.197292
7.197644
7.197986
7.198319
7.198644
7.198964
7.199282
7.199599
7.199916
7.200233
7.200550
7.200866
7.201183
7.201499
7.201813
7.202123
7.202426
7.202720
7.203004
7.203281
7.203552
7.203820
7.204087
7.204354
7.204620
7.204887
7.205153
7.205420
7.205687
7.205953
7.206219
7.206485
7.206750
7.207010
7.207265
7.207511
7.207747
7.207974
7.208194
7.208411
7.208626
7.208841
7.209056
7.209270
7.209485
7.209700
7.209914
7.210129
7.210344
7.210558
7.210773
7.210988
7.211202
7.211416
7.211630
7.211841
7.212047
7.212246
7.212434
7.212611
7.212779
7.212940
7.213099
7.213256
7.213412
7.213569
7.213725
7.213882
7.214038
7.214195
7.214351
7.214508
7.214665
7.214821
7.214978
7.215134
7.215291
7.215447
7.215604
7.215760
7.215917
7.216073
7.216230
7.216386
7.216542
7.216696
7.216846
7.216985
7.217108
7.217210
7.217289
7.217348
7.217394
7.217431
7.217465
7.217498
7.217531
7.217564
7.217596
7.217629
7.217662
7.217694
7.217727
7.217760
7.217793
7.217825
7.217858
7.217891
7.217924
7.217956
7.217989
7.218022
7.218055
7.218087
7.218120
7.218153
7.218185
7.218218
7.218251
7.218283
7.218316
7.218349
7.218381
7.218414
7.218447
7.218479
7.218512
7.218545
7.218577
7.218610
7.218643
7.218675
7.218708
7.218741
7.218774
7.218806
7.218839
7.218872
7.218904
7.218937
7.218970
7.219002
7.219035
7.219068
7.219100
7.219133
7.219166
7.219199
7.219231
7.219264
7.219297
7.219330
7.219363
7.219395
7.219428
7.219460
7.219493
7.219526
7.219558
7.219591
7.219624
7.219656
7.219689
7.219722
7.219754
7.219787
7.219820
7.219853
7.219885
7.219918
7.219951
7.219983
7.220016
7.220049
7.220082
7.220115
7.220147
7.220180
7.220213
7.220245
7.220278
7.220311
7.220343
7.220376
7.220409
7.220441
7.220474
7.220507
7.220539
7.220572
7.220605
7.220638
7.220670
7.220703
7.220736
7.220768
7.220801
7.220834
7.220867
7.220899
7.220932
7.220964
7.220997
7.221030
7.221062
7.221095
7.221128
7.221160
7.221193
7.221226
7.221259
7.221291
7.221324
7.221357
7.221389
7.221422
7.221455
7.221488
7.221520
7.221553
7.221586
7.221618
7.221651
7.221684
7.221716
7.221749
7.221782
7.221815
7.221847
7.221880
7.221912
7.221945
7.221978
7.222010
7.222042
7.222073
7.222101
7.222125
7.222143
7.222154
7.222161
7.222164
7.222165
7.222166
7.222166
7.222166
7.222166
7.222166
7.222166
7.222166
7.222166
7.222166
7.222166
7.222166
7.222166
7.222166
7.222166
7.222166
7.222166
7.222166
7.222166
7.222166
7.222166
7.222166
7.222166
7.222166
7.222166
7.222166
7.222166
7.222166
7.222166
7.222166
7.222166
7.222166
7.222166
7.222166
7.222166
7.222166
7.222166
7.222166
7.222166
7.222166
7.222166
7.222166
7.222166
7.222166
7.222166
7.222166
7.222166
7.222166
7.222166
7.222166
7.222166
7.222166
7.222166
7.222166
7.222166
7.222166
7.222166
7.222166
7.222166
7.222166
7.222166
7.222166
7.222166
7.222166
7.222166
7.222166
7.222166
7.222166
7.222166
7.222166
7.222166
7.222166
7.222166
7.222166
7.222166
7.222166
7.222166
7.222166
7.222166
7.222166
7.222166
7.222166
7.222166
7.222166
7.222166
7.222166
7.222166
7.222166
7.222166
7.222166
7.222166
7.222166
7.222166
7.222166
7.222166
7.222166
7.222166
7.222166
7.222166
7.222166
7.222166
7.222166
7.222166
7.222166
7.222166
7.222166
7.222166
7.222166
7.222166
7.222166
7.222166
7.222166
7.222166
7.222166
7.222166
7.222166
7.222166
7.222166
7.222166
7.222166
7.222166
7.222166
7.222166
7.222166
7.222166
7.222166
7.222166
7.222166
7.222166
7.222166
7.222166
7.222166
7.222166
7.222166
7.222166
7.222166
7.222166
7.222166
7.222166
7.222166
7.222166
7.222166
7.222166
7.222166
7.222166
7.222166
7.222166
7.222166
7.222166
7.222166
7.222166
7.222166
7.222166
7.222166
7.222166
7.222166
7.222166
7.222166
7.222166
7.222166
7.222166
7.222166
7.222166
7.222166
7.222166
7.222166
7.222166
7.222166
7.222166
7.222166
7.222166
7.222166
7.222166
7.222166
7.222166
7.222166
7.222166
7.222166
7.222166
7.222166
7.222166
7.222166
7.222166
7.222166
7.222166
7.222166
7.222166
7.222166
7.222166
7.222166
7.222166
7.222166
7.222166
7.222166
7.222166
7.222166
7.222166
7.222166
7.222166
7.222166
7.222166
7.222166
7.222166
7.222166
7.222166
7.222166
7.222166
7.222166
7.222166
7.222166
7.222166
7.222166
7.222166
7.222166
7.222166
7.222166
7.222166
7.222166
7.222166
7.222166
7.222166
7.222166
7.222166
7.222166
7.222166
7.222166
7.222166
7.222166
7.222166
7.222166
7.222166
7.222166
7.222166
7.222166
7.222166
7.222166
7.222166
7.222166
7.222166
7.222166
7.222166
7.222166
7.222166
7.222166
7.222166
7.222166
7.222166
7.222166
7.222166
7.222166
7.222166
7.222166
7.222166
7.222166
7.222166
7.222166
7.222166
7.222166
7.222166
7.222166
7.222166
7.222166
7.222166
7.222166
7.222166
7.222166
7.222166
7.222166
7.222166
7.222166
7.222166
7.222166
7.222166
7.222166
7.222166
7.222166
7.222166
7.222166
7.222166
7.222166
7.222166
7.222166
7.222166
7.222166
7.222166
7.222166
7.222166
7.222166
7.222166
7.222166
7.222166
7.222166
7.222166
7.222166
7.222166
7.222166
7.222166
7.222166
7.222166
7.222166
7.222166
7.222166
7.222166
7.222166
7.222166
7.222166
7.222166
7.222166
7.222166
7.222166
7.222166
7.222166
7.222166
7.222166
7.222166
7.222166
7.222166
7.222166
7.222166
7.222166
7.222166
7.222166
7.222166
7.222166
7.222166
7.222166
7.222166
7.222166
7.222166
7.222166
7.222166
7.222166
7.222166
7.222166
7.222166
7.222166
7.222166
7.222166
7.222166
7.222166
7.222166
7.222166
7.222166
7.222166
7.222166
7.222166
7.222166
7.222166
7.222166
7.222166
7.222166
7.222166
7.222166
7.222166
7.222166
7.222166
7.222166
7.222166
7.222166
7.222166
7.222166
7.222166
7.222166
7.222166
7.222166
7.222166
7.222166
7.222166
7.222166
7.222166
7.222166
7.222166
7.222166
7.222166
7.222166
7.222166
7.222166
7.222166
7.222166
7.222166
7.222166
7.222166
7.222166
7.222166
7.222166
7.222166
7.222166
7.222166
7.222166
7.222166
7.222166
7.222166
7.222166
7.222166
7.222166
7.222166
7.222166
7.222166
7.222166
7.222166
7.222166
7.222166
7.222166
7.222166
7.222166
7.222166
7.222166
7.222166
7.222166
7.222166
7.222166
7.222166
7.222166
7.222166
7.222166
7.222166
7.222166
7.222166
7.222166
7.222166
7.222166
7.222166
7.222166
7.222166
7.222166
7.222166
7.222166
7.222166
7.222166
7.222166
7.222166
7.222166
7.222166
7.222166
7.222166
7.222166
7.222166
7.222166
7.222166
7.222166
7.222166
7.222166
7.222166
7.222166
7.222166
7.222166
7.222166
7.222166
7.222166
7.222166
7.222166
7.222166
7.222166
7.222166
7.222166
7.222166
7.222166
7.222166
7.222166
7.222166
7.222166
7.222166
7.222166
7.222166
7.222166
7.222166
7.222166
7.222166
7.222166
7.222166
7.222166
7.222166
7.222166
7.222166
7.222166
7.222166
7.222166
7.222166
7.222166
7.222166
7.222166
7.222166
7.222166
7.222166
7.222166
7.222166
7.222166
7.222166
7.222166
7.222166
7.222166
7.222166
7.222166
7.222166
7.222166
7.222166
7.222166
7.222166
7.222166
7.222166
7.222166
7.222166
7.222166
7.222166
7.222166
7.222166
7.222166
7.222166
7.222166
7.222166
7.222166
7.222166
7.222166
7.222166
7.222166
7.222166
7.222166
7.222166
7.222166
7.222166
7.222166
7.222166
7.222166
7.222166
7.222166
7.222166
7.222166
7.222166
7.222166
7.222166
7.222166
7.222166
7.222166
7.222166
7.222166
7.222166
7.222166
7.222166
7.222166
7.222166
7.222166
7.222166
7.222166
7.222166
7.222166
7.222166
7.222166
7.222166
7.222166
7.222166
7.222166
7.222166
7.222166
7.222166
7.222166
7.222166
7.222166
7.222166
7.222166
7.222166
7.222166
7.222166
7.222166
7.222166
7.222166
7.222166
7.222166
7.222166
7.222166
7.222166
7.222166
7.222166
7.222166
7.222166
7.222166
7.222166
7.222166
7.222166
7.222166
7.222166
7.222166
7.222166
7.222166
7.222166
7.222166
7.222166
7.222166
7.222166
7.222166
7.222166
7.222166
7.222166
7.222166
7.222166
7.222166
7.222166
7.222166
7.222166
7.222166
7.222166
7.222166
7.222166
7.222166
7.222166
7.222166
7.222166
7.222166
7.222166
7.222166
7.222166
7.222166
7.222166
7.222166
7.222166
7.222166
7.222166
7.222166
7.222166
7.222166
7.222166
7.222166
7.222166
7.222166
7.222166
7.222166
7.222166
7.222166
7.222166
7.222166
7.222166
7.222166
7.222166
7.222166
7.222166
7.222166
7.222166
7.222166
7.222166
7.222166
7.222166
7.222166
7.222166
7.222166
7.222166
7.222166
7.222166
7.222166
7.222166
7.222166
7.222166
7.222166
7.222166
7.222166
7.222166
7.222166
7.222166
7.222166
7.222166
7.222166
7.222166
7.222166
7.222166
7.222166
7.222166
7.222166
7.222166
7.222166
7.222166
7.222166
7.222166
7.222166
7.222166
7.222166
7.222166
7.222166
7.222166
7.222166
7.222166
7.222166
7.222166
7.222166
7.222166
7.222166
7.222166
7.222166
7.222166
7.222166
7.222166
7.222166
7.222166
7.222166
7.222166
7.222166
7.222166
7.222166
7.222166
7.222166
7.222166
7.222166
7.222166
7.222166
7.222166
7.222166
7.222166
7.222166
7.222166
7.222166
7.222166
7.222166
7.222166
7.222166
7.222166
7.222166
7.222166
7.222166
7.222166
7.222166
7.222166
7.222166
7.222166
7.222166
7.222166
7.222166
7.222166
7.222166
7.222166
7.222166
7.222166
7.222166
7.222166
7.222166
7.222166
7.222166
7.222166
7.222166
7.222166
7.222166
7.222166
7.222166
7.222166
7.222166
7.222166
7.222166
7.222166
7.222166
7.222166
7.222166
7.222166
7.222166
7.222166
7.222166
7.222166
7.222166
7.222166
7.222166
7.222166
7.222166
7.222166
7.222166
7.222166
7.222166
7.222166
7.222166
7.222166
7.222166
7.222166
7.222166
7.222166
7.222166
7.222166
7.222166
7.222166
7.222166
7.222166
7.222166
7.222166
7.222166
7.222166
7.222166
7.222166
7.222166
7.222166
7.222166
7.222166
7.222166
7.222166
7.222166
7.222166
7.222166
7.222166
7.222166
7.222166
7.222166
7.222166
7.222166
7.222166
7.222166
7.222166
7.222166
7.222166
7.222166
7.222166
7.222166
7.222166
7.222166
7.222166
7.222166
7.222166
7.222166
7.222166
7.222166
7.222166
7.222166
7.222166
7.222166
7.222166
7.222166
7.222166
7.222166
7.222166
7.222166
7.222166
7.222166
7.222166
7.222166
7.222166
7.222166
7.222166
7.222166
7.222166
7.222166
7.222166
7.222166
7.222166
7.222166
7.222166
7.222166
7.222166
7.222166
7.222166
7.222166
7.222166
7.222166
7.222166
7.222166
7.222166
7.222166
7.222166
7.222166
7.222166
7.222166
7.222166
7.222166
7.222166
7.222166
7.222166
7.222166
7.222166
7.222166
7.222166
7.222166
7.222166
7.222166
7.222166
7.222166
7.222166
7.222166
7.222166
7.222166
7.222166
7.222166
7.222166
7.222166
7.222166
7.222166
7.222166
7.222166
7.222166
7.222166
7.222166
7.222166
7.222166
7.222166
7.222166
7.222166
7.222166
7.222166
7.222166
7.222166
7.222166
7.222166
7.222166
7.222166
7.222166
7.222166
7.222166
7.222166
7.222166
7.222166
7.222166
7.222166
7.222166
7.222166
7.222166
7.222166
7.222166
7.222166
7.222166
7.222166
7.222166
7.222166
7.222166
7.222166
7.222166
7.222166
7.222166
7.222166
7.222166
7.222166
7.222166
7.222166
7.222166
7.222166
7.222166
7.222166
7.222166
7.222166
7.222166
7.222166
7.222166
7.222166
7.222166
7.222166
7.222166
7.222166
7.222166
7.222166
7.222166
7.222166
7.222166
7.222166
7.222166
7.222166
7.222166
7.222166
7.222166
7.222166
7.222166
7.222166
7.222166
7.222166
7.222166
7.222166
7.222166
7.222166
7.222166
7.222166
7.222166
7.222166
7.222166
7.222166
7.222166
7.222166
7.222166
7.222166
7.222166
7.222166
7.222166
7.222166
7.222166
7.222166
7.222166
7.222166
7.222166
7.222166
7.222166
7.222166
7.222166
7.222166
7.222166
7.222166
7.222166
7.222166
7.222166
7.222166
7.222166
7.222166
7.222166
7.222166
7.222166
7.222166
7.222166
7.222166
7.222166
7.222166
7.222166
7.222166
7.222166
7.222166
7.222166
7.222166
7.222166
7.222166
7.222166
7.222166
7.222166
7.222166
7.222166
7.222166
7.222166
7.222166
7.222166
7.222166
7.222166
7.222166
7.222166
7.222166
7.222166
7.222166
7.222166
7.222166
7.222166
7.222166
7.222166
7.222166
7.222166
7.222166
7.222166
7.222166
7.222166
7.222166
7.222166
7.222166
7.222166
7.222166
7.222166
7.222166
7.222166
7.222166
7.222166
7.222166
7.222166
7.222166
7.222166
7.222166
7.222166
7.222166
7.222166
7.222166
7.222166
7.222166
7.222166
7.222166
7.222166
7.222166
7.222166
7.222166
7.222166
7.222166
7.222166
7.222166
7.222166
7.222166
7.222166
7.222166
7.222166
7.222166
7.222166
7.222166
7.222166
7.222166
7.222166
7.222166
7.222166
7.222166
7.222166
7.222166
7.222166
7.222166
7.222166
7.222166
7.222166
7.222166
7.222166
7.222166
7.222166
7.222166
7.222166
7.222166
7.222166
7.222166
7.222166
7.222166
7.222166
7.222166
7.222166
7.222166
7.222166
7.222166
7.222166
7.222166
7.222166
7.222166
7.222166
7.222166
7.222166
7.222166
7.222166
7.222166
7.222166
7.222166
7.222166
7.222166
7.222166
7.222166
7.222166
7.222166
7.222166
7.222166
7.222166
7.222166
7.222166
7.222166
7.222166
7.222166
7.222166
7.222166
7.222166
7.222166
7.222166
7.222166
7.222166
7.222166
7.222166
7.222166
7.222166
7.222166
7.222166
7.222166
7.222166
7.222166
7.222166
7.222166
7.222166
7.222166
7.222166
7.222166
7.222166
7.222166
7.222166
7.222166
7.222166
7.222166
7.222166
7.222166
7.222166
7.222166
7.222166
7.222166
7.222166
7.222166
7.222166
7.222166
7.222166
7.222166
7.222166
7.222166
7.222166
7.222166
7.222166
7.222166
7.222166
7.222166
7.222166
7.222166
7.222166
7.222166
7.222166
7.222166
7.222166
7.222166
7.222166
7.222166
7.222166
7.222166
7.222166
7.222166
7.222166
7.222166
7.222166
7.222166
7.222166
7.222166
7.222166
7.222166
7.222166
7.222166
7.222166
7.222166
7.222166
7.222166
7.222166
7.222166
7.222166
7.222166
7.222166
7.222166
7.222166
7.222166
7.222166
7.222166
7.222166
7.222166
7.222166
7.222166
7.222166
7.222166
7.222166
7.222166
7.222166
7.222166
7.222166
7.222166
7.222166
7.222166
7.222166
7.222166
7.222166
7.222166
7.222166
7.222166
7.222166
7.222166
7.222166
7.222166
7.222166
7.222166
7.222166
7.222166
7.222166
7.222166
7.222166
7.222166
7.222166
7.222166
7.222166
7.222166
7.222166
7.222166
7.222166
7.222166
7.222166
7.222166
7.222166
7.222166
7.222166
7.222166
7.222166
7.222166
7.222166
7.222166
7.222166
7.222166
7.222166
7.222166
7.222166
7.222166
7.222166
7.222166
7.222166
7.222166
7.222166
7.222166
7.222166
7.222166
7.222166
7.222166
7.222166
7.222166
7.222166
7.222166
7.222166
7.222166
7.222166
7.222166
7.222166
7.222166
7.222166
7.222166
7.222166
7.222166
7.222166
7.222166
7.222166
7.222166
7.222166
7.222166
7.222166
7.222166
7.222166
7.222166
7.222166
7.222166
7.222166
7.222166
7.222166
7.222166
7.222166
7.222166
7.222166
7.222166
7.222166
7.222166
7.222166
7.222166
7.222166
7.222166
7.222166
7.222166
7.222166
7.222166
7.222166
7.222166
7.222166
7.222166
7.222166
7.222166
7.222166
7.222166
7.222166
7.222166
7.222166
7.222166
7.222166
7.222166
7.222166
7.222166
7.222166
7.222166
7.222166
7.222166
7.222166
7.222166
7.222166
7.222166
7.222166
7.222166
7.222166
7.222166
7.222166
7.222166
7.222166
7.222166
7.222166
7.222166
7.222166
7.222166
7.222166
7.222166
7.222166
7.222166
7.222166
7.222166
7.222166
7.222166
7.222166
7.222166
7.222166
7.222166
7.222166
7.222166
7.222166
7.222166
7.222166
7.222166
7.222166
7.222166
7.222166
7.222166
7.222166
7.222166
7.222166
7.222166
7.222166
7.222166
7.222166
7.222166
7.222166
7.222166
7.222166
7.222166
7.222166
7.222166
7.222166
7.222166
7.222166
7.222166
7.222166
7.222166
7.222166
7.222166
7.222166
7.222166
7.222166
7.222166
7.222166
7.222166
7.222166
7.222166
7.222166
7.222166
7.222166
7.222166
7.222166
7.222166
7.222166
7.222166
7.222166
7.222166
7.222166
7.222166
7.222166
7.222166
7.222166
7.222166
7.222166
7.222166
7.222166
7.222166
7.222166
7.222166
7.222166
7.222166
7.222166
7.222166
7.222166
7.222166
7.222166
7.222166
7.222166
7.222166
7.222166
7.222166
7.222166
7.222166
7.222166
7.222166
7.222166
7.222166
7.222166
7.222166
7.222166
7.222166
7.222166
7.222166
7.222166
7.222166
7.222166
7.222166
7.222166
7.222166
7.222166
7.222166
7.222166
7.222166
7.222166
7.222166
7.222166
7.222166
7.222166
7.222166
7.222166
7.222166
7.222166
7.222166
7.222166
7.222166
7.222166
7.222166
7.222166
7.222166
7.222166
7.222166
7.222166
7.222166
7.222166
7.222166
7.222166
7.222166
7.222166
7.222166
7.222166
7.222166
7.222166
7.222166
7.222166
7.222166
7.222166
7.222166
7.222166
7.222166
7.222166
7.222166
7.222166
7.222166
7.222166
7.222166
7.222166
7.222166
7.222166
7.222166
7.222166
7.222166
7.222166
7.222166
7.222166
7.222166
7.222166
7.222166
7.222166
7.222166
7.222166
7.222166
7.222166
7.222166
7.222166
7.222166
7.222166
7.222166
7.222166
7.222166
7.222166
7.222166
7.222166
7.222166
7.222166
7.222166
7.222166
7.222166
7.222166
7.222166
7.222166
7.222166
7.222166
7.222166
7.222166
7.222166
7.222166
7.222166
7.222166
7.222166
7.222166
7.222166
7.222166
7.222166
7.222166
7.222166
7.222166
7.222166
7.222166
7.222166
7.222166
7.222166
7.222166
7.222166
7.222166
7.222166
7.222166
7.222166
7.222166
7.222166
7.222166
7.222166
7.222166
7.222166
7.222166
7.222166
7.222166
7.222166
7.222166
7.222166
7.222166
7.222166
7.222166
7.222166
7.222166
7.222166
7.222166
7.222166
7.222166
7.222166
7.222166
7.222166
7.222166
7.222166
7.222166
7.222166
7.222166
7.222166
7.222166
7.222166
7.222166
7.222166
7.222166
7.222166
7.222166
7.222166
7.222166
7.222166
7.222166
7.222166
7.222166
7.222166
7.222166
7.222166
7.222166
7.222166
7.222166
7.222166
7.222166
7.222166
7.222166
7.222166
7.222166
7.222166
7.222166
7.222166
7.222166
7.222166
7.222166
7.222166
7.222166
7.222166
7.222166
7.222166
7.222166
7.222166
7.222166
7.222166
7.222166
7.222166
7.222166
7.222166
7.222166
7.222166
7.222166
7.222166
7.222166
7.222166
7.222166
7.222166
7.222166
7.222166
7.222166
7.222166
7.222166
7.222166
7.222166
7.222166
7.222166
7.222166
7.222166
7.222166
7.222166
7.222166
7.222166
7.222166
7.222166
7.222166
7.222166
7.222166
7.222166
7.222166
7.222166
7.222166
7.222166
7.222166
7.222166
7.222166
7.222166
7.222166
7.222166
7.222166
7.222166
7.222166
7.222166
7.222166
7.222166
7.222166
7.222166
7.222166
7.222166
7.222166
7.222166
7.222166
7.222166
7.222166
7.222166
7.222166
7.222166
7.222166
7.222166
7.222166
7.222166
7.222166
7.222166
7.222166
7.222166
7.222166
7.222166
7.222166
7.222166
7.222166
7.222166
7.222166
7.222166
7.222166
7.222166
7.222166
7.222166
7.222166
7.222166
7.222166
7.222166
7.222166
7.222166
7.222166
7.222166
7.222166
7.222166
7.222166
7.222166
7.222166
7.222166
7.222166
7.222166
7.222166
7.222166
7.222166
7.222166
7.222166
7.222166
7.222166
7.222166
7.222166
7.222166
7.222166
7.222166
7.222166
7.222166
7.222166
7.222166
7.222166
7.222166
7.222166
7.222166
7.222166
7.222166
7.222166
7.222166
7.222166
7.222166
7.222166
7.222166
7.222166
7.222166
7.222166
7.222166
7.222166
7.222166
7.222166
7.222166
7.222166
7.222166
7.222166
7.222166
7.222166
7.222166
7.222166
7.222166
7.222166
7.222166
7.222166
7.222166
7.222166
7.222166
7.222166
7.222166
7.222166
7.222166
7.222166
7.222166
7.222166
7.222166
7.222166
7.222166
7.222166
7.222166
7.222166
7.222166
7.222166
7.222166
7.222166
7.222166
7.222166
7.222166
7.222166
7.222166
7.222166
7.222166
7.222166
7.222166
7.222166
7.222166
7.222166
7.222166
7.222166
7.222166
7.222166
7.222166
7.222166
7.222166
7.222166
7.222166
7.222166
7.222166
7.222166
7.222166
7.222166
7.222166
7.222166
7.222166
7.222166
7.222166
7.222166
7.222166
7.222166
7.222166
7.222166
7.222166
7.222166
7.222166
7.222166
7.222166
7.222166
7.222166
7.222166
7.222166
7.222166
7.222166
7.222166
7.222166
7.222166
7.222166
7.222166
7.222166
7.222166
7.222166
7.222166
7.222166
7.222166
7.222166
7.222166
7.222166
7.222166
7.222166
7.222166
7.222166
7.222166
7.222166
7.222166
7.222166
7.222166
7.222166
7.222166
7.222166
7.222166
7.222166
7.222166
7.222166
7.222166
7.222166
7.222166
7.222166
7.222166
7.222166
7.222166
7.222166
7.222166
7.222166
7.222166
7.222166
7.222166
7.222166
7.222166
7.222166
7.222166
7.222166
7.222166
7.222166
7.222166
7.222166
7.222166
7.222166
7.222166
7.222166
7.222166
7.222166
7.222166
7.222166
7.222166
7.222166
7.222166
7.222166
7.222166
7.222166
7.222166
7.222166
7.222166
7.222166
7.222166
7.222166
7.222166
7.222166
7.222166
7.222166
7.222166
7.222166
7.222166
7.222166
7.222166
7.222166
7.222166
7.222166
7.222166
7.222166
7.222166
7.222166
7.222166
7.222166
7.222166
7.222166
7.222166
7.222166
7.222166
7.222166
7.222166
7.222166
7.222166
7.222166
7.222166
7.222166
7.222166
7.222166
7.222166
7.222166
7.222166
7.222166
7.222166
7.222166
7.222166
7.222166
7.222166
7.222166
7.222166
7.222166
7.222166
7.222166
7.222166
7.222166
7.222166
7.222166
7.222166
7.222166
7.222166
7.222166
7.222166
7.222166
7.222166
7.222166
7.222166
7.222166
7.222166
7.222166
7.222166
7.222166
7.222166
7.222166
7.222166
7.222166
7.222166
7.222166
7.222166
7.222166
7.222166
7.222166
7.222166
7.222166
7.222166
7.222166
7.222166
7.222166
7.222166
7.222166
7.222166
7.222166
7.222166
7.222166
7.222166
7.222166
7.222166
7.222166
7.222166
7.222166
7.222166
7.222166
7.222166
7.222166
7.222166
7.222166
7.222166
7.222166
7.222166
7.222166
7.222166
7.222166
7.222166
7.222166
7.222166
7.222166
7.222166
7.222166
7.222166
7.222166
7.222166
7.222166
7.222166
7.222166
7.222166
7.222166
7.222166
7.222166
7.222166
7.222166
7.222166
7.222166
7.222166
7.222166
7.222166
7.222166
7.222166
7.222166
7.222166
7.222166
7.222166
7.222166
7.222166
7.222166
7.222166
7.222166
7.222166
7.222166
7.222166
7.222166
7.222166
7.222166
7.222166
7.222166
7.222166
7.222166
7.222166
7.222166
7.222166
7.222166
7.222166
7.222166
7.222166
7.222166
7.222166
7.222166
7.222166
7.222166
7.222166
7.222166
7.222166
7.222166
7.222166
7.222166
7.222166
7.222166
7.222166
7.222166
7.222166
7.222166
7.222166
7.222166
7.222166
7.222166
7.222166
7.222166
7.222166
7.222166
7.222166
7.222166
7.222166
7.222166
7.222166
7.222166
7.222166
7.222166
7.222166
7.222166
7.222166
7.222166
7.222166
7.222166
7.222166
7.222166
7.222166
7.222166
7.222166
7.222166
7.222166
7.222166
7.222166
7.222166
7.222166
7.222166
7.222166
7.222166
7.222166
7.222166
7.222166
7.222166
7.222166
7.222166
7.222166
7.222166
7.222166
7.222166
7.222166
7.222166
7.222166
7.222166
7.222166
7.222166
7.222166
7.222166
7.222166
7.222166
7.222166
7.222166
7.222166
7.222166
7.222166
7.222166
7.222166
7.222166
7.222166
7.222166
7.222166
7.222166
7.222166
7.222166
7.222166
7.222166
7.222166
7.222166
7.222166
7.222166
7.222166
7.222166
7.222166
7.222166
7.222166
7.222166
7.222166
7.222166
7.222166
7.222166
7.222166
7.222166
7.222166
7.222166
7.222166
7.222166
7.222166
7.222166
7.222166
7.222166
7.222166
7.222166
7.222166
7.222166
7.222166
7.222166
7.222166
7.222166
7.222166
7.222166
7.222166
7.222166
7.222166
7.222166
7.222166
7.222166
7.222166
7.222166
7.222166
7.222166
7.222166
7.222166
7.222166
7.222166
7.222166
7.222166
7.222166
7.222166
7.222166
7.222166
7.222166
7.222166
7.222166
7.222166
7.222166
7.222166
7.222166
7.222166
7.222166
7.222166
7.222166
7.222166
7.222166
7.222166
7.222166
7.222166
7.222166
7.222166
7.222166
7.222166
7.222166
7.222166
7.222166
7.222166
7.222166
7.222166
7.222166
7.222166
7.222166
7.222166
7.222166
7.222166
7.222166
7.222166
7.222166
7.222166
7.222166
7.222166
7.222166
7.222166
7.222166
7.222166
7.222166
7.222166
7.222166
7.222166
7.222166
7.222166
7.222166
7.222166
7.222166
7.222166
7.222166
7.222166
7.222166
7.222166
7.222166
7.222166
7.222166
7.222166
7.222166
7.222166
7.222166
7.222166
7.222166
7.222166
7.222166
7.222166
7.222166
7.222166
7.222166
7.222166
7.222166
7.222166
7.222166
7.222166
7.222166
7.222166
7.222166
7.222166
7.222166
7.222166
7.222166
7.222166
7.222166
7.222166
7.222166
7.222166
7.222166
7.222166
7.222166
7.222166
7.222166
7.222166
7.222166
7.222166
7.222166
7.222166
7.222166
7.222166
7.222166
7.222166
7.222166
7.222166
7.222166
7.222166
7.222166
7.222166
7.222166
7.222166
7.222166
7.222166
7.222166
7.222166
7.222166
7.222166
7.222166
7.222166
7.222166
7.222166
7.222166
7.222166
7.222166
7.222166
7.222166
7.222166
7.222166
7.222166
7.222166
7.222166
7.222166
7.222166
7.222166
7.222166
7.222166
7.222166
7.222166
7.222166
7.222166
7.222166
7.222166
7.222166
7.222166
7.222166
7.222166
7.222166
7.222166
7.222166
7.222166
7.222166
7.222166
7.222166
7.222166
7.222166
7.222166
7.222166
7.222166
7.222166
7.222166
7.222166
7.222166
7.222166
7.222166
7.222166
7.222166
7.222166
7.222166
7.222166
7.222166
7.222166
7.222166
7.222166
7.222166
7.222166
7.222166
7.222166
7.222166
7.222166
7.222166
7.222166
7.222166
7.222166
7.222166
7.222166
7.222166
7.222166
7.222166
7.222166
7.222166
7.222166
7.222166
7.222166
7.222166
7.222166
7.222166
7.222166
7.222166
7.222166
7.222166
7.222166
7.222166
7.222166
7.222166
7.222166
7.222166
7.222166
7.222166
7.222166
7.222166
7.222166
7.222166
7.222166
7.222166
7.222166
7.222166
7.222166
7.222166
7.222166
7.222166
7.222166
7.222166
7.222166
7.222166
7.222166
7.222166
7.222166
7.222166
7.222166
7.222166
7.222166
7.222166
7.222166
7.222166
7.222166
7.222166
7.222166
7.222166
7.222166
7.222166
7.222166
7.222166
7.222166
7.222166
7.222166
7.222166
7.222166
7.222166
7.222166
7.222166
7.222166
7.222166
7.222166
7.222166
7.222166
7.222166
7.222166
7.222166
7.222166
7.222166
7.222166
7.222166
7.222166
7.222166
7.222166
7.222166
7.222166
7.222166
7.222166
7.222166
7.222166
7.222166
7.222166
7.222166
7.222166
7.222166
7.222166
7.222166
7.222166
7.222166
7.222166
7.222166
7.222166
7.222166
7.222166
7.222166
7.222166
7.222166
7.222166
7.222166
7.222166
7.222166
7.222166
7.222166
7.222166
7.222166
7.222166
7.222166
7.222166
7.222166
7.222166
7.222166
7.222166
7.222166
7.222166
7.222166
7.222166
7.222166
7.222166
7.222166
7.222166
7.222166
7.222166
7.222166
7.222166
7.222166
7.222166
7.222166
7.222166
7.222166
7.222166
7.222166
7.222166
7.222166
7.222166
7.222166
7.222166
7.222166
7.222166
7.222166
7.222166
7.222166
7.222166
7.222166
7.222166
7.222166
7.222166
7.222166
7.222166
7.222166
7.222166
7.222166
7.222166
7.222166
7.222166
7.222166
7.222166
7.222166
7.222166
7.222166
7.222166
7.222166
7.222166
7.222166
7.222166
7.222166
7.222166
7.222166
7.222166
7.222166
7.222166
7.222166
7.222166
7.222166
7.222166
7.222166
7.222166
7.222166
7.222166
7.222166
7.222166
7.222166
7.222166
7.222166
7.222166
7.222166
7.222166
7.222166
7.222166
7.222166
7.222166
7.222166
7.222166
7.222166
7.222166
7.222166
7.222165
7.222165
7.222164
7.222162
7.222160
7.222157
7.222152
7.222147
7.222140
7.222132
7.222124
7.222116
7.222108
7.222100
7.222092
7.222084
7.222075
7.222067
7.222059
7.222051
7.222042
7.222034
7.222026
7.222018
7.222010
7.222002
7.221994
7.221986
7.221977
7.221969
7.221961
7.221953
7.221944
7.221936
7.221928
7.221920
7.221912
7.221904
7.221896
7.221887
7.221879
7.221871
7.221863
7.221855
7.221846
7.221838
7.221830
7.221822
7.221814
7.221806
7.221797
7.221789
7.221781
7.221773
7.221764
7.221756
7.221748
7.221740
7.221731
7.221723
7.221715
7.221707
7.221699
7.221691
7.221683
7.221675
7.221667
7.221659
7.221651
7.221642
7.221634
7.221626
7.221618
7.221609
7.221601
7.221593
7.221585
7.221577
7.221569
7.221561
7.221552
7.221544
7.221536
7.221528
7.221519
7.221511
7.221503
7.221495
7.221487
7.221479
7.221470
7.221462
7.221454
7.221446
7.221438
7.221430
7.221422
7.221413
7.221405
7.221397
7.221389
7.221381
7.221372
7.221364
7.221356
7.221348
7.221340
7.221331
7.221323
7.221315
7.221307
7.221299
7.221290
7.221282
7.221274
7.221266
7.221258
7.221250
7.221242
7.221234
7.221225
7.221217
7.221209
7.221201
7.221192
7.221184
7.221176
7.221168
7.221160
7.221152
7.221144
7.221136
7.221127
7.221119
7.221111
7.221103
7.221094
7.221086
7.221078
7.221070
7.221062
7.221054
7.221045
7.221037
7.221029
7.221021
7.221013
7.221004
7.220996
7.220988
7.220980
7.220972
7.220963
7.220955
7.220947
7.220939
7.220931
7.220923
7.220915
7.220906
7.220898
7.220890
7.220882
7.220873
7.220865
7.220857
7.220849
7.220841
7.220833
7.220825
7.220817
7.220808
7.220800
7.220792
7.220784
7.220775
7.220767
7.220759
7.220751
7.220743
7.220735
7.220727
7.220718
7.220710
7.220702
7.220694
7.220686
7.220677
7.220669
7.220661
7.220653
7.220645
7.220637
7.220629
7.220620
7.220612
7.220604
7.220596
7.220588
7.220580
7.220572
7.220564
7.220555
7.220547
7.220539
7.220530
7.220522
7.220514
7.220506
7.220498
7.220490
7.220482
7.220474
7.220465
7.220457
7.220449
7.220440
7.220432
7.220424
7.220416
7.220408
7.220400
7.220392
7.220384
7.220375
7.220367
7.220359
7.220350
7.220342
7.220334
7.220326
7.220318
7.220310
7.220302
7.220293
7.220285
7.220277
7.220269
7.220261
7.220253
7.220244
7.220236
7.220228
7.220220
7.220211
7.220203
7.220195
7.220187
7.220179
7.220171
7.220163
7.220154
7.220146
7.220138
7.220130
7.220121
7.220113
7.220105
7.220097
7.220089
7.220081
7.220073
7.220065
7.220056
7.220048
7.220040
7.220032
7.220023
7.220015
7.220007
7.219999
7.219991
7.219983
7.219975
7.219967
7.219959
7.219950
7.219942
7.219934
7.219925
7.219917
7.219909
7.219901
7.219893
7.219885
7.219876
7.219868
7.219860
7.219852
7.219844
7.219835
7.219827
7.219819
7.219811
7.219803
7.219795
7.219787
7.219778
7.219770
7.219762
7.219754
7.219746
7.219737
7.219729
7.219721
7.219713
7.219704
7.219696
7.219688
7.219680
7.219672
7.219664
7.219656
7.219647
7.219639
7.219631
7.219623
7.219614
7.219606
7.219598
7.219590
7.219582
7.219574
7.219566
7.219558
7.219549
7.219541
7.219533
7.219525
7.219517
7.219509
7.219501
7.219492
7.219484
7.219476
7.219468
7.219459
7.219451
7.219443
7.219435
7.219427
7.219419
7.219411
7.219403
7.219394
7.219386
7.219378
7.219370
7.219362
7.219353
7.219345
7.219337
7.219329
7.219321
7.219313
7.219305
7.219296
7.219288
7.219280
7.219272
7.219263
7.219255
7.219247
7.219239
7.219231
7.219223
7.219215
7.219207
7.219198
7.219190
7.219182
7.219173
7.219165
7.219157
7.219149
7.219141
7.219133
7.219124
7.219116
7.219108
7.219100
7.219092
7.219084
7.219076
7.219067
7.219059
7.219051
7.219043
7.219035
7.219026
7.219018
7.219010
7.219002
7.218994
7.218985
7.218977
7.218969
7.218961
7.218953
7.218944
7.218936
7.218928
7.218920
7.218912
7.218904
7.218896
7.218887
7.218879
7.218871
7.218862
7.218854
7.218846
7.218838
7.218830
7.218822
7.218814
7.218806
7.218798
7.218789
7.218781
7.218773
7.218765
7.218757
7.218748
7.218740
7.218732
7.218724
7.218716
7.218708
7.218699
7.218691
7.218683
7.218675
7.218666
7.218658
7.218650
7.218642
7.218634
7.218626
7.218618
7.218609
7.218601
7.218593
7.218585
7.218577
7.218569
7.218560
7.218552
7.218544
7.218536
7.218527
7.218519
7.218511
7.218503
7.218495
7.218487
7.218479
7.218471
7.218463
7.218454
7.218446
7.218438
7.218430
7.218422
7.218413
7.218405
7.218397
7.218389
7.218381
7.218372
7.218364
7.218356
7.218348
7.218340
7.218332
7.218323
7.218315
7.218307
7.218299
7.218291
7.218283
7.218274
7.218266
7.218258
7.218250
7.218242
7.218233
7.218225
7.218217
7.218209
7.218200
7.218192
7.218184
7.218176
7.218168
7.218160
7.218152
7.218144
7.218135
7.218127
7.218119
7.218111
7.218102
7.218094
7.218086
7.218078
7.218070
7.218062
7.218054
7.218046
7.218037
7.218029
7.218021
7.218013
7.218005
7.217996
7.217988
7.217980
7.217972
7.217964
7.217956
7.217948
7.217939
7.217931
7.217923
7.217915
7.217906
7.217898
7.217890
7.217882
7.217874
7.217865
7.217857
7.217849
7.217841
7.217833
7.217825
7.217817
7.217808
7.217800
7.217792
7.217784
7.217776
7.217767
7.217759
7.217751
7.217743
7.217735
7.217727
7.217718
7.217710
7.217702
7.217694
7.217685
7.217677
7.217669
7.217661
7.217653
7.217645
7.217637
7.217629
7.217621
7.217612
7.217604
7.217596
7.217588
7.217579
7.217571
7.217563
7.217555
7.217547
7.217539
7.217531
7.217522
7.217514
7.217506
7.217497
7.217489
7.217481
7.217473
7.217465
7.217457
7.217448
7.217440
7.217432
7.217424
7.217416
7.217408
7.217400
7.217392
7.217384
7.217375
7.217367
7.217359
7.217350
7.217342
7.217332
7.217321
7.217309
7.217293
7.217274
7.217252
7.217226
7.217195
7.217161
7.217125
7.217087
7.217048
7.217009
7.216970
7.216931
7.216892
7.216852
7.216813
7.216774
7.216735
7.216695
7.216656
7.216617
7.216578
7.216539
7.216500
7.216461
7.216422
7.216383
7.216344
7.216305
7.216265
7.216226
7.216187
7.216148
7.216109
7.216070
7.216031
7.215991
7.215952
7.215913
7.215874
7.215835
7.215796
7.215757
7.215718
7.215679
7.215639
7.215600
7.215561
7.215522
7.215483
7.215444
7.215405
7.215366
7.215326
7.215287
7.215248
7.215209
7.215170
7.215131
7.215092
7.215052
7.215013
7.214974
7.214935
7.214896
7.214857
7.214818
7.214779
7.214740
7.214700
7.214661
7.214622
7.214582
7.214543
7.214504
7.214465
7.214426
7.214387
7.214348
7.214309
7.214270
7.214231
7.214191
7.214152
7.214113
7.214074
7.214035
7.213995
7.213956
7.213917
7.213878
7.213839
7.213800
7.213761
7.213722
7.213683
7.213644
7.213604
7.213565
7.213526
7.213487
7.213448
7.213409
7.213369
7.213330
7.213291
7.213252
7.213213
7.213173
7.213134
7.213095
7.213056
7.213017
7.212978
7.212939
7.212900
7.212861
7.212822
7.212783
7.212744
7.212705
7.212665
7.212626
7.212586
7.212546
7.212504
7.212460
7.212415
7.212367
7.212317
7.212267
7.212215
7.212162
7.212109
7.212056
7.212002
7.211949
7.211895
7.211841
7.211788
7.211734
7.211680
7.211626
7.211573
7.211519
7.211465
7.211412
7.211358
7.211305
7.211251
7.211197
7.211144
7.211090
7.211037
7.210983
7.210929
7.210875
7.210822
7.210768
7.210714
7.210661
7.210607
7.210554
7.210500
7.210447
7.210393
7.210339
7.210285
7.210232
7.210178
7.210124
7.210070
7.210017
7.209963
7.209909
7.209856
7.209802
7.209749
7.209695
7.209642
7.209588
7.209534
7.209480
7.209427
7.209373
7.209319
7.209266
7.209212
7.209158
7.209104
7.209051
7.208997
7.208944
7.208890
7.208837
7.208783
7.208730
7.208676
7.208622
7.208568
7.208515
7.208461
7.208407
7.208354
7.208300
7.208246
7.208193
7.208139
7.208085
7.208032
7.207978
7.207924
7.207870
7.207816
7.207762
7.207707
7.207652
7.207594
7.207535
7.207474
7.207411
7.207346
7.207280
7.207214
7.207147
7.207080
7.207013
7.206947
7.206880
7.206813
7.206746
7.206680
7.206613
7.206546
7.206480
7.206413
7.206347
7.206280
7.206214
7.206147
7.206080
7.206014
7.205947
7.205881
7.205814
7.205747
7.205680
7.205614
7.205547
7.205480
7.205414
7.205347
7.205280
7.205214
7.205147
7.205081
7.205014
7.204947
7.204881
7.204814
7.204748
7.204681
7.204615
7.204548
7.204481
7.204415
7.204348
7.204281
7.204215
7.204148
7.204081
7.204014
7.203948
7.203881
7.203814
7.203748
7.203681
7.203615
7.203548
7.203482
7.203415
7.203348
7.203282
7.203215
7.203148
7.203082
7.203015
7.202948
7.202880
7.202811
7.202740
7.202667
7.202593
7.202517
7.202441
7.202363
7.202284
7.202205
7.202126
7.202047
7.201968
7.201889
7.201810
7.201731
7.201652
7.201572
7.201493
7.201414
7.201334
7.201255
7.201176
7.201097
7.201018
7.200939
7.200859
7.200780
7.200701
7.200622
7.200543
7.200464
7.200384
7.200305
7.200226
7.200147
7.200067
7.199988
7.199909
7.199830
7.199751
7.199672
7.199592
7.199513
7.199434
7.199355
7.199276
7.199197
7.199117
7.199038
7.198959
7.198879
7.198800
7.198721
7.198642
7.198563
7.198484
7.198405
7.198325
7.198246
7.198166
7.198086
7.198006
7.197924
7.197840
7.197755
7.197666
7.197576
7.197485
7.197392
7.197300
7.197207
7.197114
7.197021
7.196929
7.196836
7.196743
7.196650
7.196558
7.196465
7.196372
7.196280
7.196187
7.196095
7.196002
7.195909
7.195817
7.195724
7.195632
7.195539
7.195446
7.195353
7.195260
7.195167
7.195075
7.194982
7.194889
7.194796
7.194704
7.194611
7.194519
7.194426
7.194333
7.194241
7.194148
7.194055
7.193963
7.193870
7.193778
7.193685
7.193592
7.193499
7.193406
7.193312
7.193217
7.193121
7.193022
7.192921
7.192818
7.192713
7.192606
7.192498
7.192388
7.192278
7.192168
7.192058
7.191948
7.191837
7.191727
7.191616
7.191506
7.191395
7.191285
7.191174
7.191064
7.190953
7.190843
7.190732
7.190622
7.190511
7.190401
7.190290
7.190180
7.190069
7.189959
7.189849
7.189738
7.189628
7.189517
7.189407
7.189296
7.189186
7.189075
7.188965
7.188854
7.188744
7.188633
7.188523
7.188412
7.188302
7.188191
7.188080
7.187968
7.187856
7.187743
7.187630
7.187517
7.187404
7.187291
7.187178
7.187065
7.186953
7.186840
7.186727
7.186614
7.186501
7.186388
7.186275
7.186162
7.186049
7.185936
7.185823
7.185710
7.185598
7.185485
7.185372
7.185259
7.185146
7.185033
7.184921
7.184808
7.184695
7.184582
7.184469
7.184356
7.184243
7.184130
7.184017
7.183904
7.183791
7.183678
7.183564
7.183447
7.183328
7.183206
7.183080
7.182951
7.182820
7.182688
7.182554
7.182420
7.182285
7.182150
7.182016
7.181881
7.181746
7.181611
7.181476
7.181341
7.181206
7.181071
7.180936
7.180801
7.180666
7.180532
7.180397
7.180262
7.180128
7.179993
7.179858
7.179723
7.179588
7.179453
7.179318
7.179183
7.179047
7.178911
7.178775
7.178637
7.178497
7.178355
7.178210
7.178062
7.177911
7.177758
7.177604
7.177449
7.177294
7.177139
7.176984
7.176829
7.176675
7.176520
7.176365
7.176210
7.176055
7.175901
7.175746
7.175591
7.175437
7.175282
7.175127
7.174972
7.174817
7.174662
7.174507
7.174352
7.174197
7.174042
7.173886
7.173730
7.173573
7.173416
7.173257
7.173098
7.172939
7.172779
7.172619
7.172459
7.172298
7.172138
7.171978
7.171818
7.171657
7.171497
7.171336
7.171176
7.171016
7.170855
7.170695
7.170535
7.170374
7.170214
7.170053
7.169893
7.169733
7.169572
7.169411
7.169250
7.169087
7.168923
7.168757
7.168589
7.168419
7.168247
7.168072
7.167896
7.167719
7.167541
7.167363
7.167185
7.167007
7.166828
7.166650
7.166472
7.166294
7.166116
7.165938
7.165759
7.165581
7.165403
7.165224
7.165046
7.164868
7.164690
7.164511
7.164333
7.164155
7.163976
7.163796
7.163616
7.163435
7.163254
7.163072
7.162890
7.162707
7.162525
7.162343
7.162161
7.161978
7.161796
7.161613
7.161431
7.161249
7.161067
7.160885
7.160702
7.160520
7.160338
7.160155
7.159973
7.159790
7.159606
7.159420
7.159231
7.159038
7.158841
7.158640
7.158436
7.158228
7.158017
7.157804
7.157590
7.157376
7.157161
7.156946
7.156731
7.156516
7.156301
7.156086
7.155871
7.155656
7.155441
7.155226
7.155011
7.154796
7.154580
7.154365
7.154149
7.153932
7.153715
7.153498
7.153280
7.153061
7.152843
7.152624
7.152406
7.152188
7.151969
7.151751
7.151532
7.151313
7.151095
7.150876
7.150658
7.150439
7.150221
7.150002
7.149783
7.149562
7.149339
7.149114
7.148886
7.148656
7.148424
7.148192
7.147959
7.147725
7.147492
7.147258
7.147024
7.146790
7.146556
7.146322
7.146089
7.145855
7.145621
7.145387
7.145153
7.144918
7.144681
7.144442
7.144199
7.143952
7.143702
7.143450
7.143197
7.142944
7.142690
7.142436
7.142181
7.141927
7.141673
7.141419
7.141165
7.140911
7.140657
7.140401
7.140143
7.139883
7.139620
7.139353
7.139083
7.138810
7.138532
7.138252
7.137970
7.137687
7.137404
7.137120
7.136837
7.136554
7.136270
7.135987
7.135704
7.135420
7.135136
7.134851
7.134567
7.134281
7.133995
7.133709
7.133422
7.133135
7.132848
7.132561
7.132274
7.131987
7.131700
7.131413
7.131125
7.130837
7.130549
7.130259
7.129968
7.129675
7.129379
7.129081
7.128781
7.128479
7.128177
7.127873
7.127570
7.127267
7.126964
7.126661
7.126357
7.126053
7.125747
7.125439
7.125128
7.124814
7.124497
7.124177
7.123853
7.123527
7.123199
7.122870
7.122541
7.122211
7.121882
7.121552
7.121223
7.120893
7.120562
7.120231
7.119898
7.119563
7.119228
7.118892
7.118555
7.118218
7.117881
7.117544
7.117207
7.116869
7.116531
7.116194
7.115855
7.115517
7.115178
7.114839
7.114499
7.114159
7.113818
7.113477
7.113135
7.112794
7.112452
7.112110
7.111767
7.111424
7.111080
7.110734
7.110383
7.110027
7.109665
7.109297
7.108927
7.108554
7.108180
7.107806
7.107432
7.107059
7.106685
7.106310
7.105936
7.105560
7.105184
7.104806
7.104428
7.104049
7.103670
7.103291
7.102912
7.102533
7.102154
7.101774
7.101393
7.101011
7.100625
7.100236
7.099843
7.099448
7.099051
7.098654
7.098255
7.097856
7.097458
7.097059
7.096660
7.096261
7.095861
7.095461
7.095060
7.094658
7.094256
7.093854
7.093452
7.093049
7.092647
7.092243
7.091840
7.091435
7.091028
7.090619
7.090207
7.089792
7.089375
7.088956
7.088537
7.088118
7.087699
7.087280
7.086860
7.086440
7.086020
7.085599
7.085177
7.084755
7.084332
7.083909
7.083486
7.083062
7.082637
7.082210
7.081780
7.081346
7.080908
7.080466
7.080020
7.079571
7.079120
7.078666
7.078211
7.077755
7.077297
7.076838
7.076375
7.075909
7.075437
7.074962
7.074484
7.074005
7.073525
7.073045
7.072565
7.072085
7.071604
7.071123
7.070642
7.070160
7.069678
7.069195
7.068712
7.068228
7.067743
7.067257
7.066770
7.066280
7.065788
7.065293
7.064796
7.064297
7.063797
7.063296
7.062796
7.062295
7.061793
7.061289
7.060785
7.060280
7.059775
7.059268
7.058761
7.058253
7.057743
7.057230
7.056714
7.056195
7.055674
7.055151
7.054625
7.054098
7.053568
7.053036
7.052502
7.051966
7.051427
7.050885
7.050341
7.049794
7.049246
7.048696
7.048146
7.047595
7.047044
7.046492
7.045940
7.045387
7.044833
7.044278
7.043721
7.043163
7.042603
7.042040
7.041473
7.040902
7.040328
7.039751
7.039172
7.038592
7.038011
7.037430
7.036848
7.036265
7.035681
7.035097
7.034512
7.033927
7.033343
7.032758
7.032174
7.031589
7.031005
7.030421
7.029835
7.029249
7.028661
7.028072
7.027479
7.026883
7.026284
7.025681
7.025075
7.024468
7.023858
7.023247
7.022635
7.022022
7.021406
7.020789
7.020171
7.019552
7.018933
7.018313
7.017694
7.017074
7.016455
7.015836
7.015217
7.014595
7.013972
7.013345
7.012716
7.012083
7.011447
7.010809
7.010167
7.009522
7.008872
7.008217
7.007557
7.006893
7.006225
7.005555
7.004883
7.004211
7.003538
7.002865
7.002193
7.001521
7.000849
7.000177
6.999505
6.998833
6.998160
6.997487
6.996812
6.996136
6.995458
6.994775
6.994089
6.993397
6.992701
6.992001
6.991298
6.990592
6.989883
6.989172
6.988461
6.987749
6.987037
6.986324
6.985611
6.984899
6.984186
6.983473
6.982760
6.982048
6.981335
6.980621
6.979907
6.979190
6.978471
6.977749
6.977025
6.976299
6.975569
6.974835
6.974096
6.973350
6.972597
6.971838
6.971074
6.970308
6.969541
6.968773
6.968006
6.967238
6.966471
6.965704
6.964938
6.964172
6.963406
6.962640
6.961875
6.961108
6.960340
6.959570
6.958799
6.958025
6.957248
6.956470
6.955687
6.954900
6.954106
6.953305
6.952497
6.951684
6.950868
6.950050
6.949232
6.948413
6.947593
6.946774
6.945954
6.945134
6.944313
6.943492
6.942672
6.941851
6.941031
6.940211
6.939391
6.938571
6.937748
6.936920
6.936087
6.935247
6.934401
6.933547
6.932687
6.931820
6.930949
6.930074
6.929199
6.928324
6.927449
6.926575
6.925702
6.924829
6.923958
6.923087
6.922216
6.921345
6.920474
6.919603
6.918732
6.917860
6.916987
6.916113
6.915237
6.914358
6.913475
6.912588
6.911694
6.910793
6.909885
6.908970
6.908051
6.907129
6.906206
6.905280
6.904354
6.903428
6.902500
6.901572
6.900643
6.899713
6.898783
6.897851
6.896918
6.895985
6.895051
6.894117
6.893180
6.892240
6.891295
6.890346
6.889391
6.888431
6.887465
6.886494
6.885518
6.884538
6.883555
6.882569
6.881582
6.880593
6.879604
6.878615
6.877625
6.876637
6.875648
6.874660
6.873673
6.872686
6.871699
6.870713
6.869727
6.868739
6.867750
6.866757
6.865760
6.864757
6.863747
6.862728
6.861699
6.860662
6.859618
6.858570
6.857518
6.856464
6.855409
6.854353
6.853297
6.852240
6.851183
6.850127
6.849070
6.848013
6.846956
6.845899
6.844841
6.843782
6.842722
6.841659
6.840594
6.839525
6.838452
6.837373
6.836288
6.835195
6.834094
6.832987
6.831875
6.830757
6.829635
6.828511
6.827384
6.826256
6.825128
6.823999
6.822870
6.821742
6.820613
6.819485
6.818358
6.817232
6.816108
6.814984
6.813861
6.812737
6.811613
6.810486
6.809355
6.808220
6.807077
6.805928
6.804773
6.803613
6.802449
6.801281
6.800111
6.798940
6.797768
6.796596
6.795425
6.794253
6.793082
6.791911
6.790740
6.789568
6.788398
6.787227
6.786056
6.784885
6.783714
6.782541
6.781366
6.780188
6.779005
6.777815
6.776617
6.775412
6.774197
6.772974
6.771742
6.770503
6.769259
6.768012
6.766763
6.765512
6.764260
6.763006
6.761751
6.760495
6.759238
6.757981
6.756724
6.755466
6.754209
6.752952
6.751694
6.750435
6.749172
6.747903
6.746626
6.745340
6.744044
6.742738
6.741422
6.740096
6.738762
6.737421
6.736077
6.734731
6.733384
6.732035
6.730686
6.729336
6.727985
6.726634
6.725282
6.723929
6.722576
6.721222
6.719868
6.718513
6.717158
6.715800
6.714441
6.713076
6.711707
6.710331
6.708948
6.707557
6.706156
6.704748
6.703333
6.701912
6.700487
6.699060
6.697630
6.696200
6.694769
6.693339
6.691909
6.690480
6.689052
6.687625
6.686199
6.684773
6.683347
6.681922
6.680496
6.679070
6.677641
6.676208
6.674769
6.673322
6.671862
6.670388
6.668900
6.667401
6.665894
6.664383
6.662870
6.661356
6.659841
6.658327
6.656813
6.655300
6.653786
6.652273
6.650759
6.649245
6.647731
6.646217
6.644703
6.643190
6.641677
6.640164
6.638651
6.637136
6.635616
6.634088
6.632550
6.631000
6.629440
6.627871
6.626296
6.624716
6.623133
6.621547
6.619960
6.618373
6.616786
6.615198
6.613610
6.612021
6.610431
6.608840
6.607247
6.605654
6.604060
6.602464
6.600867
6.599268
6.597666
6.596060
6.594445
6.592821
6.591185
6.589537
6.587878
6.586206
6.584524
6.582832
6.581135
6.579434
6.577733
6.576031
6.574329
6.572627
6.570925
6.569223
6.567520
6.565817
6.564114
6.562410
6.560706
6.559001
6.557296
6.555588
6.553876
6.552158
6.550430
6.548690
6.546938
6.545173
6.543394
6.541601
6.539797
6.537984
6.536167
6.534347
6.532527
6.530708
6.528888
6.527069
6.525249
6.523430
6.521611
6.519791
6.517971
6.516151
6.514332
6.512512
6.510694
6.508874
6.507051
6.505224
6.503390
6.501549
6.499699
6.497840
6.495972
6.494095
6.492210
6.490321
6.488428
6.486533
6.484637
6.482739
6.480841
6.478943
6.477045
6.475147
6.473249
6.471351
6.469452
6.467554
6.465654
6.463753
6.461850
6.459943
6.458032
6.456114
6.454187
6.452250
6.450299
6.448332
6.446351
6.444358
6.442358
6.440353
6.438347
6.436340
6.434333
6.432327
6.430322
6.428317
6.426312
6.424306
6.422299
6.420291
6.418282
6.416273
6.414263
6.412254
6.410243
6.408231
6.406217
6.404198
6.402171
6.400130
6.398071
6.395995
6.393902
6.391797
6.389685
6.387568
6.385448
6.383327
6.381205
6.379081
6.376958
6.374833
6.372708
6.370583
6.368456
6.366328
6.364199
6.362069
6.359938
6.357805
6.355670
6.353531
6.351388
6.349235
6.347067
6.344880
6.342671
6.340444
6.338204
6.335957
6.333706
6.331454
6.329201
6.326948
6.324693
6.322439
6.320183
6.317926
6.315669
6.313412
6.311154
6.308897
6.306640
6.304385
6.302130
6.299874
6.297616
6.295355
6.293087
6.290810
6.288518
6.286212
6.283890
6.281557
6.279217
6.276872
6.274523
6.272172
6.269821
6.267468
6.265116
6.262764
6.260412
6.258063
6.255714
6.253366
6.251019
6.248673
6.246326
6.243980
6.241634
6.239287
6.236939
6.234585
6.232219
6.229835
6.227430
6.225004
6.222561
6.220109
6.217653
6.215195
6.212737
6.210279
6.207823
6.205367
6.202911
6.200456
6.198002
6.195548
6.193096
6.190644
6.188195
6.185746
6.183299
6.180853
6.178406
6.175956
6.173501
6.171037
6.168560
6.166067
6.163556
6.161031
6.158494
6.155948
6.153395
6.150838
6.148276
6.145712
6.143145
6.140576
6.138006
6.135435
6.132862
6.130288
6.127714
6.125137
6.122559
6.119980
6.117399
6.114818
6.112236
6.109649
6.107054
6.104446
6.101819
6.099172
6.096508
6.093830
6.091144
6.088451
6.085755
6.083057
6.080360
6.077665
6.074971
6.072278
6.069586
6.066894
6.064202
6.061510
6.058818
6.056126
6.053434
6.050743
6.048053
6.045364
6.042674
6.039979
6.037274
6.034555
6.031819
6.029069
6.026308
6.023539
6.020767
6.017992
6.015216
6.012439
6.009661
6.006882
6.004103
6.001323
5.998543
5.995763
5.992984
5.990205
5.987426
5.984649
5.981873
5.979097
5.976323
5.973547
5.970767
5.967977
5.965173
5.962353
5.959516
5.956666
5.953806
5.950939
5.948068
5.945194
5.942319
5.939445
5.936572
5.933700
5.930828
5.927957
5.925086
5.922215
5.919345
5.916475
5.913606
5.910739
5.907872
5.905006
5.902139
5.899268
5.896390
5.893498
5.890591
5.887668
5.884731
5.881784
5.878827
5.875864
5.872897
5.869926
5.866953
5.863979
5.861003
5.858026
5.855047
5.852066
5.849084
5.846101
5.843118
5.840135
5.837153
5.834171
5.831188
5.828204
5.825217
5.822224
5.819223
5.816210
5.813185
5.810148
5.807101
5.804044
5.800979
5.797907
5.794831
5.791752
5.788671
5.785591
5.782510
5.779431
5.776354
5.773277
5.770202
5.767127
5.764053
5.760979
5.757905
5.754831
5.751757
5.748682
5.745603
5.742517
5.739422
5.736316
5.733198
5.730067
5.726923
5.723765
5.720598
5.717424
5.714247
5.711071
5.707895
5.704720
5.701544
5.698368
5.695191
5.692012
5.688833
5.685652
5.682471
5.679289
5.676109
5.672930
5.669753
5.666575
5.663395
5.660210
5.657019
5.653820
5.650611
5.647391
5.644159
5.640916
5.637666
5.634411
5.631153
5.627895
5.624636
5.621379
5.618124
5.614870
5.611617
5.608366
5.605115
5.601864
5.598613
5.595363
5.592111
5.588860
5.585607
5.582352
5.579094
5.575832
5.572561
5.569278
5.565978
5.562659
5.559322
5.555971
5.552612
5.549250
5.545888
5.542525
5.539161
5.535798
5.532434
5.529069
5.525702
5.522333
5.518963
5.515591
5.512218
5.508846
5.505474
5.502103
5.498732
5.495360
5.491985
5.488607
5.485222
5.481826
5.478418
5.474998
5.471568
5.468132
5.464694
5.461254
5.457815
5.454374
5.450933
5.447491
5.444048
5.440605
5.437162
5.433719
5.430277
5.426836
5.423397
5.419961
5.416526
5.413092
5.409660
5.406227
5.402791
5.399346
5.395888
5.392412
5.388917
5.385405
5.381881
5.378349
5.374813
5.371274
5.367734
5.364193
5.360652
5.357110
5.353569
5.350028
5.346488
5.342948
5.339408
5.335869
5.332332
5.328795
5.325258
5.321721
5.318183
5.314642
5.311099
5.307552
5.304000
5.300442
5.296879
5.293310
5.289736
5.286157
5.282573
5.278986
5.275395
5.271803
5.268208
5.264613
5.261019
5.257425
5.253832
5.250240
5.246650
5.243060
5.239471
5.235883
5.232294
5.228705
5.225114
5.221519
5.217919
5.214310
5.210690
5.207059
5.203415
5.199758
5.196087
5.192404
5.188713
5.185017
5.181320
5.177624
5.173928
5.170233
5.166539
5.162845
5.159151
5.155456
5.151762
5.148068
5.144375
5.140683
5.136993
5.133306
5.129621
5.125937
5.122253
5.118567
5.114879
5.111185
5.107485
5.103777
5.100060
5.096336
5.092608
5.088876
5.085142
5.081406
5.077668
5.073929
5.070187
5.066445
5.062700
5.058955
5.055207
5.051458
5.047708
5.043957
5.040206
5.036453
5.032700
5.028945
5.025188
5.021427
5.017659
5.013880
5.010087
5.006281
5.002462
4.998637
4.994809
4.990981
4.987153
4.983324
4.979496
4.975667
4.971836
4.968006
4.964175
4.960344
4.956513
4.952683
4.948852
4.945021
4.941191
4.937359
4.933527
4.929693
4.925856
4.922014
4.918164
4.914305
4.910436
4.906556
4.902670
4.898777
4.894880
4.890979
4.887076
4.883172
4.879267
4.875362
4.871457
4.867552
4.863647
4.859743
4.855839
4.851934
4.848028
4.844123
4.840216
4.836310
4.832403
4.828496
4.824588
4.820677
4.816763
4.812843
4.808918
4.804987
4.801051
4.797110
4.793164
4.789215
4.785266
4.781316
4.777368
4.773420
4.769473
4.765526
4.761579
4.757633
4.753686
4.749740
4.745795
4.741850
4.737907
4.733964
4.730022
4.726080
4.722137
4.718192
4.714244
4.710292
4.706334
4.702369
4.698397
4.694419
4.690436
4.686450
4.682463
4.678477
4.674491
4.670504
4.666517
4.662529
4.658540
4.654552
4.650564
4.646577
4.642591
4.638606
4.634620
4.630633
4.626645
4.622655
4.618663
4.614668
4.610670
4.606668
4.602660
4.598646
4.594626
4.590601
4.586572
4.582541
4.578508
4.574474
4.570437
4.566399
4.562358
4.558315
4.554270
4.550224
4.546177
4.542130
4.538082
4.534033
4.529984
4.525933
4.521880
4.517827
4.513771
4.509713
4.505650
4.501580
4.497501
4.493413
4.489316
4.485213
4.481106
4.476995
4.472882
4.468767
4.464651
4.460533
4.456415
4.452297
4.448180
4.444064
4.439949
4.435835
4.431722
4.427608
4.423495
4.419381
4.415267
4.411153
4.407038
4.402922
4.398805
4.394685
4.390562
4.386436
4.382308
4.378177
4.374045
4.369911
4.365776
4.361641
4.357505
4.353370
4.349235
4.345101
4.340968
4.336836
4.332705
4.328576
4.324447
4.320320
4.316192
4.312065
4.307939
4.303812
4.299685
4.295558
4.291432
4.287305
4.283178
4.279051
4.274924
4.270796
4.266668
4.262541
4.258415
4.254292
4.250172
4.246054
4.241939
4.237826
4.233714
4.229604
4.225495
4.221387
4.217279
4.213173
4.209067
4.204964
4.200863
4.196763
4.192665
4.188567
4.184468
4.180367
4.176265
4.172159
4.168051
4.163939
4.159824
4.155707
4.151590
4.147471
4.143353
4.139233
4.135114
4.130995
4.126875
4.122753
4.118630
4.114505
4.110378
4.106248
4.102115
4.097980
4.093842
4.089701
4.085556
4.081409
4.077257
4.073103
4.068947
4.064789
4.060629
4.056469
4.052308
4.048145
4.043980
4.039814
4.035646
4.031477
4.027305
4.023133
4.018960
4.014787
4.010614
4.006442
4.002270
3.998099
3.993927
3.989756
3.985584
3.981413
3.977243
3.973074
3.968906
3.964739
3.960573
3.956407
3.952242
3.948077
3.943910
3.939742
3.935573
3.931404
3.927236
3.923070
3.918906
3.914743
3.910580
3.906418
3.902254
3.898089
3.893924
3.889757
3.885589
3.881421
3.877251
3.873079
3.868907
3.864735
3.860564
3.856396
3.852230
3.848067
3.843907
3.839750
3.835594
3.831441
3.827288
3.823136
3.818985
3.814833
3.810682
3.806530
3.802378
3.798226
3.794073
3.789919
3.785765
3.781610
3.777456
3.773303
3.769153
3.765006
3.760863
3.756723
3.752587
3.748454
3.744323
3.740196
3.736072
3.731950
3.727833
3.723718
3.719605
3.715496
3.711389
3.707285
3.703183
3.699083
3.694984
3.690888
3.686792
3.682698
3.678605
3.674512
3.670418
3.666325
3.662230
3.658134
3.654038
3.649941
3.645845
3.641750
3.637657
3.633568
3.629484
3.625405
3.621329
3.617255
3.613180
3.609104
3.605025
3.600944
3.596860
3.592773
3.588683
3.584592
3.580498
3.576403
3.572306
3.568207
3.564108
3.560006
3.555904
3.551802
3.547699
3.543596
3.539495
3.535395
3.531297
3.527202
3.523108
3.519016
3.514925
3.510833
3.506740
3.502645
3.498550
3.494454
3.490359
3.486264
3.482169
3.478075
3.473980
3.469886
3.465791
3.461697
3.457603
3.453509
3.449416
3.445322
3.441228
3.437135
3.433045
3.428961
3.424888
3.420826
3.416775
3.412732
3.408694
3.404657
3.400620
3.396584
3.392549
3.388515
3.384481
3.380448
3.376416
3.372382
3.368348
3.364313
3.360276
3.356239
3.352200
3.348161
3.344121
3.340081
3.336042
3.332004
3.327971
3.323943
3.319921
3.315905
3.311894
3.307886
3.303880
3.299874
3.295870
3.291867
3.287865
3.283866
3.279868
3.275874
3.271882
3.267893
3.263907
3.259923
3.255942
3.251963
3.247986
3.244011
3.240038
3.236067
3.232100
3.228138
3.224184
3.220239
3.216304
3.212377
3.208459
3.204547
3.200640
3.196738
3.192838
3.188940
3.185043
3.181147
3.177250
3.173352
3.169454
3.165554
3.161652
3.157749
3.153844
3.149936
3.146027
3.142116
3.138206
3.134296
3.130387
3.126482
3.122582
3.118688
3.114800
3.110918
3.107043
3.103175
3.099311
3.095451
3.091592
3.087733
3.083873
3.080013
3.076151
3.072287
3.068421
3.064555
3.060687
3.056820
3.052952
3.049084
3.045217
3.041351
3.037487
3.033624
3.029764
3.025907
3.022053
3.018206
3.014366
3.010535
3.006716
3.002905
2.999101
2.995301
2.991501
2.987701
2.983902
2.980101
2.976301
2.972501
2.968700
2.964899
2.961097
2.957295
2.953491
2.949687
2.945880
2.942073
2.938265
2.934458
2.930654
2.926855
2.923062
2.919279
2.915507
2.911747
2.907999
2.904259
2.900524
2.896790
2.893058
2.889325
2.885592
2.881860
2.878129
2.874399
2.870669
2.866939
2.863209
2.859479
2.855749
2.852020
2.848291
2.844563
2.840835
2.837108
2.833384
2.829663
2.825951
2.822249
2.818561
2.814886
2.811223
2.807569
2.803920
2.800274
2.796631
2.792990
2.789351
2.785714
2.782079
2.778446
2.774814
2.771185
2.767557
2.763930
2.760304
2.756679
2.753054
2.749431
2.745808
2.742188
2.738572
2.734962
2.731362
2.727774
2.724198
2.720633
2.717075
2.713520
2.709968
2.706415
2.702861
2.699306
2.695748
2.692188
2.688625
2.685059
2.681491
2.677919
2.674346
2.670772
2.667197
2.663622
2.660046
2.656470
2.652893
2.649319
2.645748
2.642187
2.638638
2.635104
2.631584
2.628076
2.624579
2.621091
2.617610
2.614133
2.610658
2.607185
2.603712
2.600239
2.596765
2.593292
2.589820
2.586347
2.582875
2.579404
2.575932
2.572461
2.568989
2.565516
2.562044
2.558575
2.555111
2.551656
2.548212
2.544779
2.541355
2.537940
2.534532
2.531129
2.527730
2.524332
2.520935
2.517538
2.514140
2.510742
2.507344
2.503946
2.500548
2.497150
2.493752
2.490355
2.486957
2.483559
2.480160
2.476763
2.473367
2.469977
2.466596
2.463226
2.459868
2.456522
2.453188
2.449867
2.446556
2.443253
2.439956
2.436663
2.433373
2.430084
2.426796
2.423510
2.420225
2.416940
2.413658
2.410376
2.407097
2.403819
2.400544
2.397271
2.394000
2.390734
2.387473
2.384221
2.380979
2.377749
2.374531
2.371327
2.368137
2.364960
2.361793
2.358634
2.355479
2.352326
2.349174
2.346023
2.342871
2.339719
2.336566
2.333413
2.330257
2.327101
2.323942
2.320783
2.317624
2.314464
2.311306
2.308149
2.304995
2.301845
2.298701
2.295567
2.292444
2.289337
2.286245
2.283166
2.280096
2.277031
2.273968
2.270906
2.267843
2.264779
2.261715
2.258650
2.255584
2.252518
2.249452
2.246385
2.243318
2.240250
2.237183
2.234115
2.231047
2.227980
2.224915
2.221852
2.218796
2.215751
2.212720
2.209706
2.206707
2.203718
2.200734
2.197752
2.194770
2.191789
2.188808
2.185828
2.182848
2.179868
2.176888
2.173906
2.170922
2.167938
2.164954
2.161971
2.158989
2.156008
2.153029
2.150053
2.147080
2.144115
2.141162
2.138224
2.135306
2.132405
2.129518
2.126640
2.123768
2.120899
2.118032
2.115166
2.112300
2.109435
2.106571
2.103706
2.100842
2.097979
2.095116
2.092254
2.089392
2.086530
2.083669
2.080808
2.077948
2.075090
2.072238
2.069395
2.066568
2.063760
2.060970
2.058197
2.055435
2.052683
2.049937
2.047195
2.044457
2.041722
2.038988
2.036257
2.033527
2.030799
2.028073
2.025349
2.022625
2.019903
2.017183
2.014463
2.011746
2.009030
2.006317
2.003608
2.000906
1.998215
1.995536
1.992871
1.990218
1.987576
1.984942
1.982314
1.979692
1.977073
1.974457
1.971841
1.969226
1.966611
1.963995
1.961378
1.958761
1.956142
1.953523
1.950901
1.948279
1.945655
1.943030
1.940406
1.937783
1.935164
1.932551
1.929947
1.927355
1.924774
1.922207
1.919652
1.917111
1.914580
1.912058
1.909539
1.907022
1.904506
1.901990
1.899474
1.896957
1.894440
1.891923
1.889405
1.886887
1.884368
1.881849
1.879330
1.876811
1.874293
1.871778
1.869267
1.866763
1.864267
1.861782
1.859309
1.856851
1.854409
1.851980
1.849561
1.847148
1.844738
1.842329
1.839920
1.837511
1.835102
1.832692
1.830282
1.827873
1.825465
1.823057
1.820650
1.818244
1.815839
1.813435
1.811032
1.808632
1.806236
1.803846
1.801464
1.799093
1.796737
1.794399
1.792077
1.789769
1.787469
1.785175
1.782883
1.780594
1.778305
1.776017
1.773729
1.771442
1.769156
1.766871
1.764586
1.762303
1.760021
1.757740
1.755461
1.753183
1.750908
1.748636
1.746368
1.744107
1.741855
1.739615
1.737390
1.735180
1.732983
1.730795
1.728614
1.726438
1.724265
1.722094
1.719926
1.717759
1.715593
1.713428
1.711263
1.709099
1.706934
1.704769
1.702604
1.700438
1.698272
1.696106
1.693939
1.691772
1.689607
1.687447
1.685296
1.683158
1.681035
1.678925
1.676828
1.674741
1.672663
1.670590
1.668522
1.666455
1.664387
1.662319
1.660249
1.658179
1.656108
1.654036
1.651964
1.649892
1.647820
1.645748
1.643677
1.641606
1.639536
1.637469
1.635404
1.633345
1.631294
1.629252
1.627220
1.625199
1.623188
1.621188
1.619198
1.617214
1.615234
1.613255
1.611277
1.609299
1.607322
1.605346
1.603370
1.601394
1.599418
1.597442
1.595466
1.593490
1.591514
1.589538
1.587564
1.585592
1.583623
1.581659
1.579701
1.577752
1.575814
1.573891
1.571985
1.570094
1.568214
1.566343
1.564475
1.562610
1.560745
1.558880
1.557015
1.555148
1.553282
1.551415
1.549548
1.547681
1.545814
1.543947
1.542079
1.540211
1.538341
1.536472
1.534605
1.532740
1.530879
1.529026
1.527182
1.525351
1.523532
1.521722
1.519920
1.518122
1.516326
1.514532
1.512739
1.510948
1.509157
1.507367
1.505578
1.503791
1.502005
1.500220
1.498436
1.496654
1.494874
1.493095
1.491318
1.489543
1.487770
1.486002
1.484240
1.482490
1.480754
1.479034
1.477328
1.475634
1.473950
1.472273
1.470602
1.468934
1.467267
1.465601
1.463935
1.462269
1.460602
1.458935
1.457267
1.455599
1.453929
1.452259
1.450588
1.448916
1.447245
1.445573
1.443903
1.442236
1.440576
1.438923
1.437281
1.435649
1.434027
1.432415
1.430813
1.429218
1.427629
1.426044
1.424459
1.422875
1.421290
1.419705
1.418120
1.416534
1.414948
1.413362
1.411776
1.410190
1.408605
1.407020
1.405434
1.403850
1.402266
1.400685
1.399108
1.397536
1.395971
1.394414
1.392866
1.391328
1.389800
1.388278
1.386761
1.385245
1.383730
1.382215
1.380700
1.379185
1.377669
1.376153
1.374636
1.373119
1.371602
1.370084
1.368566
1.367047
1.365528
1.364009
1.362491
1.360976
1.359463
1.357957
1.356459
1.354974
1.353504
1.352049
1.350606
1.349170
1.347738
1.346308
1.344878
1.343448
1.342018
1.340587
1.339156
1.337725
1.336293
1.334861
1.333429
1.331997
1.330564
1.329132
1.327699
1.326267
1.324838
1.323412
1.321990
1.320574
1.319166
1.317767
1.316378
1.314999
1.313626
1.312261
1.310900
1.309544
1.308191
1.306841
1.305491
1.304143
1.302795
1.301448
1.300102
1.298756
1.297410
1.296065
1.294719
1.293374
1.292029
1.290685
1.289342
1.288001
1.286664
1.285335
1.284016
1.282709
1.281413
1.280126
1.278848
1.277576
1.276310
1.275048
1.273788
1.272528
1.271269
1.270010
1.268751
1.267492
1.266233
1.264974
1.263716
1.262457
1.261199
1.259942
1.258685
1.257429
1.256175
1.254922
1.253673
1.252429
1.251191
1.249958
1.248732
1.247511
1.246296
1.245085
1.243877
1.242671
1.241466
1.240261
1.239056
1.237851
1.236645
1.235439
1.234233
1.233026
1.231819
1.230611
1.229404
1.228196
1.226988
1.225780
1.224574
1.223373
1.222177
1.220989
1.219811
1.218643
1.217486
1.216341
1.215208
1.214082
1.212962
1.211844
1.210727
1.209611
1.208494
1.207377
1.206260
1.205142
1.204025
1.202908
1.201792
1.200676
1.199561
1.198446
1.197332
1.196218
1.195107
1.193997
1.192891
1.191788
1.190692
1.189602
1.188520
1.187447
1.186380
1.185318
1.184259
1.183201
1.182144
1.181088
1.180033
1.178978
1.177924
1.176871
1.175819
1.174768
1.173718
1.172669
1.171621
1.170574
1.169528
1.168486
1.167447
1.166414
1.165386
1.164365
1.163351
1.162343
1.161343
1.160349
1.159359
1.158374
1.157393
1.156414
1.155436
1.154459
1.153482
1.152504
1.151526
1.150547
1.149567
1.148586
1.147605
1.146624
1.145643
1.144662
1.143681
1.142703
1.141727
1.140754
1.139784
1.138819
1.137859
1.136905
1.135955
1.135011
1.134070
1.133134
1.132201
1.131270
1.130341
1.129413
1.128485
1.127558
1.126631
1.125705
1.124778
1.123851
1.122924
1.121996
1.121069
1.120143
1.119218
1.118295
1.117375
1.116459
1.115547
1.114640
1.113737
1.112840
1.111948
1.111061
1.110180
1.109303
1.108430
1.107558
1.106688
1.105819
1.104949
1.104080
1.103211
1.102342
1.101474
1.100606
1.099739
1.098872
1.098005
1.097139
1.096273
1.095407
1.094544
1.093685
1.092832
1.091988
1.091153
1.090324
1.089501
1.088681
1.087864
1.087048
1.086234
1.085420
1.084607
1.083795
1.082984
1.082172
1.081361
1.080550
1.079740
1.078929
1.078118
1.077308
1.076498
1.075689
1.074881
1.074076
1.073275
1.072477
1.071685
1.070899
1.070118
1.069343
1.068573
1.067807
1.067046
1.066288
1.065533
1.064780
1.064029
1.063280
1.062532
1.061785
1.061040
1.060295
1.059550
1.058805
1.058061
1.057316
1.056572
1.055829
1.055087
1.054348
1.053613
1.052883
1.052158
1.051439
1.050724
1.050013
1.049305
1.048600
1.047898
1.047198
1.046502
1.045807
1.045115
1.044423
1.043732
1.043040
1.042348
1.041656
1.040964
1.040271
1.039579
1.038887
1.038194
1.037502
1.036811
1.036121
1.035434
1.034749
1.034068
1.033390
1.032716
1.032046
1.031381
1.030719
1.030059
1.029401
1.028745
1.028089
1.027435
1.026781
1.026129
1.025476
1.024824
1.024173
1.023521
1.022870
1.022220
1.021569
1.020920
1.020271
1.019625
1.018982
1.018342
1.017706
1.017074
1.016445
1.015818
1.015195
1.014575
1.013960
1.013350
1.012746
1.012146
1.011549
1.010953
1.010358
1.009762
1.009167
1.008572
1.007978
1.007383
1.006789
1.006195
1.005602
1.005008
1.004416
1.003823
1.003232
1.002641
1.002051
1.001462
1.000874
1.000288
0.999704
0.999122
0.998542
0.997964
0.997389
0.996814
0.996241
0.995668
0.995096
0.994524
0.993952
0.993381
0.992810
0.992239
0.991669
0.991099
0.990529
0.989960
0.989391
0.988823
0.988256
0.987691
0.987129
0.986570
0.986015
0.985465
0.984921
0.984384
0.983856
0.983334
0.982817
0.982302
0.981788
0.981274
0.980760
0.980246
0.979731
0.979216
0.978701
0.978185
0.977670
0.977155
0.976640
0.976125
0.975612
0.975099
0.974587
0.974076
0.973565
0.973055
0.972546
0.972039
0.971534
0.971032
0.970534
0.970039
0.969547
0.969059
0.968573
0.968089
0.967606
0.967124
0.966642
0.966161
0.965679
0.965197
0.964715
0.964233
0.963750
0.963268
0.962786
0.962305
0.961825
0.961348
0.960874
0.960404
0.959936
0.959471
0.959007
0.958545
0.958084
0.957624
0.957165
0.956707
0.956250
0.955794
0.955340
0.954889
0.954438
0.953989
0.953541
0.953092
0.952645
0.952197
0.951750
0.951304
0.950858
0.950413
0.949968
0.949524
0.949080
0.948636
0.948193
0.947749
0.947307
0.946865
0.946425
0.945987
0.945553
0.945120
0.944690
0.944260
0.943831
0.943402
0.942972
0.942544
0.942115
0.941686
0.941258
0.940829
0.940401
0.939973
0.939545
0.939117
0.938690
0.938264
0.937839
0.937418
0.937000
0.936587
0.936179
0.935775
0.935376
0.934981
0.934588
0.934198
0.933809
0.933420
0.933032
0.932644
0.932257
0.931871
0.931485
0.931101
0.930718
0.930335
0.929954
0.929572
0.929191
0.928811
0.928431
0.928052
0.927675
0.927300
0.926930
0.926563
0.926199
0.925839
0.925482
0.925127
0.924775
0.924423
0.924072
0.923722
0.923371
0.923021
0.922671
0.922322
0.921973
0.921624
0.921277
0.920930
0.920584
0.920238
0.919893
0.919547
0.919202
0.918856
0.918511
0.918166
0.917821
0.917478
0.917137
0.916798
0.916462
0.916128
0.915795
0.915463
0.915131
0.914800
0.914469
0.914138
0.913807
0.913476
0.913145
0.912814
0.912484
0.912154
0.911824
0.911494
0.911165
0.910835
0.910506
0.910177
0.909848
0.909519
0.909190
0.908861
0.908532
0.908204
0.907876
0.907551
0.907228
0.906907
0.906589
0.906273
0.905957
0.905643
0.905329
0.905016
0.904702
0.904389
0.904076
0.903763
0.903450
0.903137
0.902825
0.902514
0.902203
0.901894
0.901587
0.901280
0.900974
0.900669
0.900363
0.900058
0.899752
0.899447
0.899142
0.898837
0.898532
0.898228
0.897926
0.897623
0.897323
0.897023
0.896725
0.896428
0.896132
0.895837
0.895542
0.895248
0.894953
0.894659
0.894365
0.894071
0.893778
0.893486
0.893197
0.892911
0.892629
0.892350
0.892075
0.891805
0.891538
0.891273
0.891010
0.890748
0.890485
0.890223
0.889961
0.889699
0.889437
0.889175
0.888913
0.888652
0.888390
0.888130
0.887871
0.887614
0.887360
0.887109
0.886858
0.886609
0.886361
0.886112
0.885864
0.885616
0.885367
0.885119
0.884871
0.884623
0.884374
0.884126
0.883878
0.883631
0.883384
0.883137
0.882892
0.882647
0.882404
0.882162
0.881921
0.881681
0.881442
0.881202
0.880963
0.880723
0.880484
0.880244
0.880005
0.879766
0.879526
0.879286
0.879047
0.878807
0.878567
0.878328
0.878088
0.877848
0.877608
0.877367
0.877127
0.876887
0.876646
0.876406
0.876165
0.875925
0.875684
0.875444
0.875203
0.874962
0.874722
0.874481
0.874241
0.874001
0.873763
0.873527
0.873295
0.873066
0.872841
0.872619
0.872400
0.872183
0.871968
0.871754
0.871541
0.871328
0.871116
0.870903
0.870690
0.870477
0.870264
0.870051
0.869838
0.869625
0.869413
0.869200
0.868988
0.868776
0.868564
0.868353
0.868142
0.867933
0.867725
0.867518
0.867311
0.867105
0.866898
0.866692
0.866486
0.866280
0.866073
0.865867
0.865661
0.865455
0.865249
0.865043
0.864837
0.864631
0.864425
0.864219
0.864014
0.863810
0.863608
0.863408
0.863209
0.863013
0.862818
0.862626
0.862434
0.862243
0.862053
0.861863
0.861673
0.861484
0.861294
0.861104
0.860915
0.860725
0.860535
0.860345
0.860155
0.859965
0.859775
0.859586
0.859396
0.859207
0.859019
0.858833
0.858648
0.858466
0.858286
0.858108
0.857933
0.857759
0.857587
0.857415
0.857244
0.857074
0.856903
0.856732
0.856561
0.856390
0.856219
0.856049
0.855878
0.855707
0.855536
0.855366
0.855195
0.855024
0.854854
0.854683
0.854512
0.854342
0.854172
0.854003
0.853836
0.853672
0.853510
0.853351
0.853194
0.853038
0.852884
0.852731
0.852579
0.852427
0.852275
0.852123
0.851971
0.851819
0.851668
0.851516
0.851364
0.851212
0.851060
0.850908
0.850757
0.850605
0.850453
0.850301
0.850149
0.849997
0.849846
0.849694
0.849542
0.849390
0.849239
0.849087
0.848937
0.848787
0.848639
0.848493
0.848348
0.848204
0.848061
0.847918
0.847775
0.847633
0.847490
0.847348
0.847205
0.847062
0.846920
0.846777
0.846635
0.846492
0.846349
0.846207
0.846064
0.845921
0.845778
0.845636
0.845493
0.845351
0.845208
0.845065
0.844923
0.844780
0.844637
0.844495
0.844353
0.844211
0.844070
0.843931
0.843795
0.843661
0.843529
0.843399
0.843270
0.843142
0.843014
0.842886
0.842758
0.842630
0.842503
0.842375
0.842247
0.842119
0.841992
0.841864
0.841736
0.841608
0.841481
0.841353
0.841225
0.841097
0.840969
0.840842
0.840714
0.840586
0.840458
0.840330
0.840202
0.840075
0.839947
0.839819
0.839692
0.839564
0.839437
0.839310
0.839184
0.839060
0.838939
0.838820
0.838703
0.838587
0.838473
0.838359
0.838245
0.838133
0.838020
0.837907
0.837794
0.837681
0.837569
0.837456
0.837343
0.837230
0.837118
0.837005
0.836892
0.836779
0.836666
0.836553
0.836441
0.836328
0.836215
0.836102
0.835990
0.835877
0.835764
0.835651
0.835539
0.835426
0.835313
0.835200
0.835087
0.834975
0.834862
0.834749
0.834636
0.834524
0.834413
0.834302
0.834193
0.834086
0.833980
0.833876
0.833774
0.833672
0.833572
0.833472
0.833372
0.833273
0.833174
0.833074
0.832975
0.832876
0.832777
0.832677
0.832578
0.832479
0.832379
0.832280
0.832181
0.832082
0.831982
0.831883
0.831784
0.831685
0.831585
0.831486
0.831387
0.831287
0.831188
0.831089
0.830989
0.830890
0.830791
0.830691
0.830592
0.830493
0.830394
0.830294
0.830195
0.830096
0.829997
0.829897
0.829798
0.829699
0.829600
0.829501
0.829403
0.829307
0.829213
0.829121
0.829032
0.828944
0.828857
0.828771
0.828685
0.828600
0.828515
0.828430
0.828345
0.828259
0.828174
0.828089
0.828004
0.827918
0.827833
0.827748
0.827662
0.827577
0.827492
0.827407
0.827322
0.827237
0.827151
0.827066
0.826981
0.826896
0.826811
0.826725
0.826640
0.826555
0.826469
0.826384
0.826299
0.826214
0.826129
0.826043
0.825958
0.825873
0.825788
0.825703
0.825617
0.825532
0.825447
0.825362
0.825277
0.825191
0.825106
0.825021
0.824936
0.824851
0.824765
0.824681
0.824596
0.824513
0.824430
0.824349
0.824268
0.824190
0.824113
0.824037
0.823962
0.823887
0.823813
0.823739
0.823664
0.823590
0.823515
0.823441
0.823367
0.823292
0.823218
0.823144
0.823069
0.822995
0.822920
0.822846
0.822772
0.822697
0.822623
0.822549
0.822474
0.822400
0.822326
0.822251
0.822177
0.822102
0.822028
0.821954
0.821879
0.821805
0.821731
0.821656
0.821582
0.821507
0.821433
0.821359
0.821284
0.821210
0.821136
0.821061
0.820987
0.820913
0.820838
0.820764
0.820689
0.820615
0.820541
0.820466
0.820392
0.820318
0.820243
0.820169
0.820095
0.820020
0.819946
0.819872
0.819797
0.819724
0.819651
0.819580
0.819511
0.819445
0.819381
0.819318
0.819257
0.819198
0.819140
0.819082
0.819025
0.818967
0.818910
0.818853
0.818796
0.818738
0.818681
0.818624
0.818566
0.818509
0.818452
0.818395
0.818337
0.818280
0.818223
0.818166
0.818109
0.818051
0.817994
0.817937
0.817879
0.817822
0.817765
0.817708
0.817650
0.817593
0.817536
0.817479
0.817421
0.817364
0.817307
0.817250
0.817192
0.817135
0.817078
0.817021
0.816963
0.816906
0.816849
0.816792
0.816735
0.816677
0.816620
0.816563
0.816505
0.816448
0.816391
0.816334
0.816276
0.816219
0.816162
0.816105
0.816048
0.815990
0.815933
0.815876
0.815819
0.815761
0.815704
0.815647
0.815590
0.815532
0.815475
0.815418
0.815361
0.815303
0.815246
0.815189
0.815132
0.815074
0.815017
0.814960
0.814903
0.814846
0.814790
0.814735
0.814682
0.814631
0.814582
0.814535
0.814491
0.814449
0.814410
0.814371
0.814333
0.814296
0.814258
0.814221
0.814183
0.814146
0.814108
0.814071
0.814033
0.813996
0.813958
0.813921
0.813883
0.813846
0.813808
0.813771
0.813733
0.813696
0.813658
0.813621
0.813583
0.813546
0.813508
0.813471
0.813433
0.813396
0.813358
0.813321
0.813283
0.813246
0.813208
0.813171
0.813133
0.813096
0.813058
0.813021
0.812983
0.812946
0.812908
0.812871
0.812833
0.812796
0.812758
0.812721
0.812684
0.812646
0.812608
0.812571
0.812534
0.812496
0.812458
0.812421
0.812384
0.812346
0.812308
0.812271
0.812234
0.812196
0.812159
0.812121
0.812084
0.812046
0.812009
0.811971
0.811934
0.811896
0.811859
0.811821
0.811784
0.811746
0.811709
0.811671
0.811634
0.811596
0.811559
0.811521
0.811484
0.811446
0.811409
0.811371
0.811334
0.811296
0.811259
0.811221
0.811184
0.811146
0.811109
0.811071
0.811034
0.810996
0.810959
0.810921
0.810884
0.810846
0.810809
0.810771
0.810734
0.810696
0.810659
0.810621
0.810584
0.810546
0.810509
0.810471
0.810434
0.810396
0.810359
0.810321
0.810284
0.810246
0.810209
0.810172
0.810134
0.810096
0.810059
0.810021
0.809984
0.809947
0.809909
0.809872
0.809836
0.809800
0.809766
0.809734
0.809703
0.809674
0.809647
0.809621
0.809597
0.809574
0.809552
0.809529
0.809507
0.809485
0.809462
0.809440
0.809418
0.809395
0.809373
0.809351
0.809328
0.809306
0.809284
0.809261
0.809239
0.809217
0.809195
0.809172
0.809150
0.809128
0.809106
0.809083
0.809061
0.809039
0.809016
0.808994
0.808972
0.808949
0.808927
0.808905
0.808882
0.808860
0.808838
0.808816
0.808793
0.808771
0.808749
0.808726
0.808704
0.808682
0.808659
0.808637
0.808615
0.808592
0.808570
0.808548
0.808526
0.808503
0.808481
0.808459
0.808436
0.808414
0.808392
0.808369
0.808347
0.808325
0.808303
0.808280
0.808258
0.808236
0.808213
0.808191
0.808169
0.808146
0.808124
0.808102
0.808080
0.808057
0.808035
0.808013
0.807990
0.807968
0.807946
0.807924
0.807901
0.807879
0.807856
0.807834
0.807812
0.807790
0.807767
0.807745
0.807723
0.807700
0.807678
0.807656
0.807634
0.807611
0.807589
0.807567
0.807544
0.807522
0.807500
0.807477
0.807455
0.807433
0.807411
0.807388
0.807366
0.807344
0.807321
0.807299
0.807277
0.807254
0.807232
0.807210
0.807187
0.807165
0.807143
0.807121
0.807098
0.807076
0.807054
0.807031
0.807009
0.806987
0.806964
0.806942
0.806920
0.806898
0.806875
0.806853
0.806831
0.806808
0.806786
0.806764
0.806742
0.806719
0.806697
0.806674
0.806652
0.806630
0.806608
0.806585
0.806563
0.806541
0.806518
0.806496
0.806474
0.806451
0.806429
0.806407
0.806385
0.806362
0.806340
0.806318
0.806295
0.806273
0.806251
0.806229
0.806206
0.806184
0.806162
0.806139
0.806117
0.806095
0.806072
0.806050
0.806028
0.806006
0.805983
0.805961
0.805939
0.805916
0.805894
0.805872
0.805849
0.805827
0.805805
0.805782
0.805760
0.805738
0.805716
0.805693
0.805671
0.805649
0.805626
0.805604
0.805582
0.805559
0.805537
0.805515
0.805492
0.805470
0.805448
0.805426
0.805403
0.805381
0.805359
0.805336
0.805314
0.805292
0.805269
0.805247
0.805225
0.805203
0.805180
0.805158
0.805136
0.805113
0.805091
0.805069
0.805046
0.805024
0.805002
0.804980
0.804957
0.804935
0.804914
0.804893
0.804873
0.804855
0.804838
0.804823
0.804809
0.804797
0.804786
0.804776
0.804767
0.804758
0.804749
0.804740
0.804731
0.804722
0.804713
0.804704
0.804695
0.804686
0.804677
0.804668
0.804659
0.804650
0.804641
0.804632
0.804623
0.804614
0.804605
0.804596
0.804587
0.804578
0.804570
0.804561
0.804552
0.804543
0.804534
0.804525
0.804516
0.804507
0.804498
0.804489
0.804480
0.804471
0.804462
0.804453
0.804444
0.804435
0.804426
0.804417
0.804408
0.804399
0.804390
0.804381
0.804373
0.804364
0.804355
0.804346
0.804337
0.804328
0.804319
0.804310
0.804301
0.804292
0.804283
0.804274
0.804265
0.804256
0.804247
0.804238
0.804229
0.804220
0.804211
0.804202
0.804193
0.804184
0.804175
0.804167
0.804157
0.804149
0.804140
0.804131
0.804122
0.804113
0.804104
0.804095
0.804086
0.804077
0.804068
0.804059
0.804050
0.804041
0.804032
0.804023
0.804014
0.804005
0.803996
0.803987
0.803978
0.803970
0.803960
0.803952
0.803943
0.803934
0.803925
0.803916
0.803907
0.803898
0.803889
0.803880
0.803871
0.803862
0.803853
0.803844
0.803835
0.803826
0.803817
0.803808
0.803799
0.803790
0.803782
0.803773
0.803764
0.803755
0.803746
0.803737
0.803728
0.803719
0.803710
0.803701
0.803692
0.803683
0.803674
0.803665
0.803656
0.803647
0.803638
0.803629
0.803620
0.803611
0.803602
0.803593
0.803584
0.803575
0.803566
0.803558
0.803548
0.803539
0.803531
0.803522
0.803513
0.803504
0.803495
0.803486
0.803477
0.803468
0.803459
0.803450
0.803441
0.803432
0.803423
0.803414
0.803405
0.803396
0.803387
0.803378
0.803369
0.803360
0.803351
0.803342
0.803334
0.803325
0.803316
0.803307
0.803298
0.803289
0.803280
0.803271
0.803262
0.803253
0.803244
0.803235
0.803226
0.803217
0.803208
0.803199
0.803190
0.803181
0.803172
0.803164
0.803154
0.803146
0.803137
0.803128
0.803119
0.803110
0.803101
0.803092
0.803083
0.803074
0.803065
0.803056
0.803047
0.803038
0.803029
0.803020
0.803011
0.803002
0.802993
0.802984
0.802975
0.802966
0.802957
0.802948
0.802940
0.802931
0.802922
0.802913
0.802904
0.802895
0.802886
0.802877
0.802868
0.802859
0.802850
0.802841
0.802832
0.802823
0.802814
0.802805
0.802796
0.802787
0.802778
0.802769
0.802760
0.802751
0.802743
0.802734
0.802725
0.802716
0.802707
0.802698
0.802689
0.802680
0.802671
0.802662
0.802653
0.802644
0.802635
0.802626
0.802617
0.802608
0.802599
0.802590
0.802581
0.802572
0.802563
0.802554
0.802546
0.802536
0.802528
0.802519
0.802510
0.802501
0.802492
0.802483
0.802474
0.802465
0.802456
0.802447
0.802438
0.802429
0.802420
0.802411
0.802402
0.802393
0.802384
0.802375
0.802366
0.802357
0.802348
0.802339
0.802330
0.802322
0.802313
0.802304
0.802295
0.802286
0.802277
0.802268
0.802259
0.802250
0.802241
0.802232
0.802223
0.802214
0.802205
0.802196
0.802187
0.802178
0.802169
0.802160
0.802151
0.802142
0.802134
0.802125
0.802116
0.802107
0.802098
0.802089
0.802080
0.802071
0.802062
0.802053
0.802044
0.802035
0.802026
0.802017
0.802008
0.801999
0.801990
0.801981
0.801972
0.801963
0.801954
0.801945
0.801937
0.801928
0.801919
0.801910
0.801901
0.801892
0.801883
0.801874
0.801865
0.801856
0.801847
0.801838
0.801829
0.801820
0.801811
0.801802
0.801793
0.801784
0.801775
0.801766
0.801757
0.801748
0.801740
0.801731
0.801722
0.801713
0.801704
0.801695
0.801686
0.801677
0.801668
0.801659
0.801650
0.801641
0.801632
0.801623
0.801614
0.801605
0.801596
0.801587
0.801578
0.801569
0.801560
0.801551
0.801543
0.801534
0.801525
0.801516
0.801507
0.801498
0.801489
0.801480
0.801471
0.801462
0.801453
0.801444
0.801435
0.801426
0.801417
0.801408
0.801399
0.801390
0.801381
0.801372
0.801363
0.801354
0.801345
0.801336
0.801327
0.801319
0.801310
0.801301
0.801292
0.801283
0.801274
0.801265
0.801256
0.801247
0.801238
0.801229
0.801220
0.801211
0.801202
0.801193
0.801184
0.801175
0.801166
0.801157
0.801148
0.801139
0.801130
0.801122
0.801113
0.801104
0.801095
0.801086
0.801077
0.801068
0.801059
0.801050
0.801041
0.801032
0.801023
0.801014
0.801005
0.800996
0.800987
0.800978
0.800969
0.800960
0.800951
0.800942
0.800933
0.800925
0.800916
0.800907
0.800898
0.800889
0.800880
0.800871
0.800862
0.800853
0.800844
0.800835
0.800826
0.800817
0.800808
0.800799
0.800790
0.800781
0.800772
0.800763
0.800754
0.800745
0.800736
0.800728
0.800718
0.800710
0.800701
0.800692
0.800683
0.800674
0.800665
0.800656
0.800647
0.800638
0.800629
0.800620
0.800611
0.800602
0.800593
0.800584
0.800575
0.800566
0.800557
0.800548
0.800539
0.800531
0.800521
0.800512
0.800504
0.800495
0.800486
0.800477
0.800468
0.800459
0.800450
0.800441
0.800432
0.800423
0.800414
0.800405
0.800396
0.800387
0.800378
0.800369
0.800360
0.800351
0.800342
0.800333
0.800324
0.800315
0.800307
0.800298
0.800289
0.800280
0.800271
0.800262
0.800253
0.800244
0.800235
0.800226
0.800217
0.800208
0.800199
0.800190
0.800181
0.800172
0.800163
0.800154
0.800145
0.800136
0.800127
0.800118
0.800110
0.800101
0.800092
0.800083
0.800074
0.800065
0.800056
0.800047
0.800038
0.800029
0.800021
0.800014
0.800008
0.800004
0.800002
0.800001
0.800000
0.800000
