0 0
0.0151283 0
0.0302566 0.002
0.0453849 0.002
0.0605131 0.004
0.0756414 0.004
0.0907697 0.006
0.105898 0.006
0.121026 0.008
0.136155 0.01
0.151283 0.01
0.166411 0.012
0.181539 0.014
0.196668 0.016
0.211796 0.018
0.226924 0.02
0.242052 0.022
0.25718 0.024
0.27231 0.028
0.287438 0.03
0.302566 0.034
0.317694 0.036
0.332823 0.04
0.347951 0.044
0.363079 0.048
0.378207 0.052
0.393335 0.058
0.408465 0.062
0.423593 0.068
0.438721 0.074
0.453849 0.082
0.468977 0.088
0.484106 0.096
0.499234 0.104
0.514362 0.114
0.52949 0.124
0.544618 0.134
0.559747 0.144
0.574875 0.156
0.590003 0.17
0.605131 0.184
0.620259 0.2
0.635389 0.216
0.650517 0.232
0.665645 0.252
0.680773 0.272
0.695902 0.294
0.71103 0.318
0.726158 0.342
0.741286 0.37
0.756414 0.398
0.771544 0.43
0.786672 0.464
0.8018 0.5
0.816928 0.538
0.832057 0.58
0.847185 0.624
0.862313 0.672
0.877441 0.724
0.892569 0.778
0.907698 0.838
0.922826 0.9
0.937954 0.966
0.953082 1.038
0.968212 1.114
0.98334 1.196
0.998468 1.284
1.0136 1.376
1.02873 1.474
1.04385 1.578
1.05898 1.69
1.07411 1.808
1.08924 1.932
1.10437 2.064
1.11949 2.204
1.13462 2.352
1.14975 2.508
1.16488 2.67
1.18001 2.844
1.19514 3.024
1.21026 3.214
1.22539 3.412
1.24052 3.62
1.25565 3.836
1.27078 4.062
1.28591 4.298
1.30103 4.542
1.31616 4.796
1.33129 5.058
1.34642 5.328
1.36155 5.608
1.37668 5.896
1.3918 6.19
1.40693 6.494
1.42206 6.804
1.4372 7.12
1.45232 7.444
1.46745 7.772
1.48257 8.106
1.49771 8.444
1.51283 8.786
1.52796 9.13
1.54308 9.478
1.55822 9.828
1.57334 10.178
1.58848 10.528
1.6036 10.88
1.61873 11.228
1.63385 11.576
1.64899 11.922
1.66411 12.264
1.67924 12.602
1.69436 12.934
1.7095 13.264
1.72462 13.586
1.73976 13.904
1.75489 14.214
1.77001 14.516
1.78515 14.812
1.80027 15.1
1.8154 15.378
1.83052 15.65
1.84566 15.912
1.86078 16.164
1.87591 16.408
1.89104 16.644
1.90617 16.87
1.92129 17.086
1.93643 17.294
1.95155 17.494
1.96668 17.684
1.9818 17.864
1.99694 18.036
2.01206 18.2
2.02719 18.356
2.04232 18.504
2.05745 18.642
2.07259 18.774
2.08771 18.9
2.10284 19.018
2.11796 19.128
2.1331 19.234
2.14822 19.332
2.16335 19.424
2.17847 19.512
2.19361 19.592
2.20873 19.67
2.22387 19.74
2.23899 19.808
2.25412 19.87
2.26924 19.93
2.28438 19.984
2.2995 20.036
2.31463 20.082
2.32975 20.128
2.34489 20.17
2.36001 20.208
2.37515 20.244
2.39027 20.278
2.4054 20.308
2.42052 20.338
2.43566 20.366
2.45078 20.39
2.46591 20.414
2.48105 20.436
2.49617 20.456
2.5113 20.474
2.52643 20.492
2.54156 20.508
2.55668 20.524
2.57182 20.538
2.58694 20.55
2.60207 20.562
2.61719 20.574
2.63233 20.584
2.64745 20.594
2.66258 20.604
2.67771 20.612
2.69284 20.62
2.70796 20.626
2.7231 20.632
2.73822 20.64
2.75335 20.644
2.76847 20.65
2.78361 20.654
2.79873 20.66
2.81386 20.664
2.82899 20.668
2.84412 20.672
2.85924 20.674
2.87438 20.678
2.8895 20.68
2.90463 20.684
2.91975 20.686
2.93489 20.688
2.95001 20.69
2.96514 20.692
2.98027 20.694
2.9954 20.696
3.01052 20.698
3.02566 20.698
