0 0
0.0115702 0.0006
0.0231405 0.0012
0.0347107 0.002
0.046281 0.0026
0.0578512 0.0036
0.0694214 0.0044
0.0809917 0.0054
0.0925618 0.0066
0.104132 0.0076
0.115702 0.009
0.127273 0.0104
0.138843 0.0118
0.150413 0.0134
0.161983 0.0152
0.173553 0.0172
0.185124 0.0192
0.196694 0.0214
0.208264 0.0238
0.219835 0.0266
0.231405 0.0294
0.242975 0.0326
0.254546 0.036
0.266116 0.0396
0.277686 0.0436
0.289255 0.048
0.300827 0.0526
0.312396 0.0578
0.323966 0.0632
0.335537 0.0692
0.347107 0.0758
0.358677 0.0828
0.370248 0.0904
0.381818 0.0988
0.393388 0.1076
0.404958 0.1174
0.416529 0.128
0.428099 0.1394
0.439669 0.1518
0.45124 0.1652
0.46281 0.1798
0.474379 0.1956
0.485949 0.2126
0.497521 0.231
0.50909 0.251
0.52066 0.2728
0.532231 0.2962
0.543801 0.3216
0.555371 0.349
0.566942 0.3786
0.578512 0.4108
0.590082 0.4454
0.601652 0.4828
0.613223 0.5232
0.624793 0.5668
0.636363 0.6138
0.647934 0.6646
0.659504 0.7194
0.671073 0.7782
0.682643 0.8416
0.694214 0.9098
0.705784 0.9832
0.717354 1.062
0.728924 1.1466
0.740495 1.2374
0.752065 1.3348
0.763635 1.439
0.775206 1.5506
0.786776 1.6698
0.798346 1.7972
0.809915 1.933
0.821487 2.0776
0.833057 2.2316
0.844626 2.3954
0.856196 2.5692
0.867767 2.7536
0.879337 2.9486
0.890907 3.155
0.902478 3.373
0.914048 3.6026
0.925618 3.8446
0.937188 4.0988
0.948759 4.3656
0.960329 4.645
0.971899 4.9376
0.983468 5.243
0.99504 5.5614
1.00661 5.893
1.01818 6.2374
1.02975 6.5948
1.04132 6.9648
1.05289 7.3472
1.06446 7.742
1.07603 8.1486
1.0876 8.5666
1.09917 8.9958
1.11074 9.4356
1.12231 9.8852
1.13388 10.3444
1.14545 10.8122
1.15702 11.288
1.16859 11.772
1.18016 12.262
1.19173 12.756
1.2033 13.256
1.21487 13.76
1.22644 14.268
1.23801 14.778
1.24958 15.288
1.26115 15.798
1.27272 16.308
1.28429 16.814
1.29586 17.32
1.30743 17.82
1.31901 18.318
1.33058 18.808
1.34215 19.294
1.35372 19.772
1.36529 20.242
1.37686 20.702
1.38843 21.154
1.4 21.596
1.41157 22.028
1.42314 22.45
1.43471 22.858
1.44628 23.256
1.45784 23.642
1.46942 24.016
1.48099 24.376
1.49255 24.724
1.50413 25.058
1.5157 25.38
1.52726 25.688
1.53884 25.984
1.55041 26.266
1.56197 26.536
1.57355 26.794
1.58512 27.038
1.59669 27.27
1.60827 27.492
1.61983 27.7
1.6314 27.898
1.64298 28.086
1.65454 28.262
1.66611 28.428
1.67769 28.584
1.68925 28.732
1.70082 28.87
1.7124 28.998
1.72396 29.12
1.73553 29.234
1.74711 29.34
1.75867 29.438
1.77024 29.53
1.78182 29.616
1.79339 29.696
1.80495 29.772
1.81653 29.84
1.8281 29.906
1.83966 29.966
1.85124 30.022
1.86281 30.072
1.87437 30.12
1.88595 30.166
1.89752 30.206
1.90908 30.244
1.92065 30.28
1.93223 30.312
1.94379 30.342
1.95536 30.37
1.96694 30.396
1.97851 30.42
1.99007 30.442
2.00165 30.462
2.01322 30.482
2.02478 30.498
2.03636 30.516
2.04793 30.53
2.05949 30.544
2.07107 30.556
2.08264 30.568
2.0942 30.578
2.10578 30.588
2.11735 30.598
2.12891 30.606
2.14049 30.614
2.15206 30.622
2.16362 30.628
2.1752 30.634
2.18677 30.64
2.19834 30.644
2.20992 30.65
2.22148 30.654
2.23305 30.658
2.24463 30.662
2.25619 30.666
2.26776 30.668
2.27934 30.672
2.2909 30.674
2.30247 30.676
2.31405 30.678
