0 0
0.0103349 0.0004
0.0206699 0.001
0.0310049 0.0018
0.0413398 0.0024
0.0516748 0.0032
0.0620097 0.0042
0.0723447 0.005
0.0826795 0.006
0.0930146 0.0072
0.10335 0.0084
0.113684 0.0096
0.124019 0.011
0.134354 0.0126
0.144689 0.0142
0.155024 0.0162
0.165359 0.018
0.175695 0.0202
0.186029 0.0226
0.196364 0.0252
0.206699 0.0278
0.217034 0.0308
0.227368 0.0342
0.237704 0.0378
0.248039 0.0416
0.258374 0.0458
0.268709 0.0504
0.279043 0.0552
0.289378 0.0606
0.299713 0.0666
0.310049 0.0728
0.320384 0.0798
0.330718 0.0872
0.341053 0.0954
0.351388 0.1042
0.361723 0.114
0.372057 0.1244
0.382394 0.1358
0.392728 0.148
0.403063 0.1614
0.413398 0.176
0.423732 0.1918
0.434067 0.2088
0.444403 0.2274
0.454738 0.2476
0.465073 0.2694
0.475408 0.293
0.485742 0.3186
0.496077 0.3466
0.506412 0.3766
0.516748 0.4092
0.527083 0.4446
0.537417 0.4828
0.547752 0.5242
0.558087 0.5688
0.568421 0.6172
0.578756 0.6694
0.589092 0.7258
0.599427 0.7866
0.609762 0.8522
0.620097 0.923
0.630431 0.999
0.640766 1.081
0.651102 1.1692
0.661437 1.264
0.671772 1.3656
0.682106 1.4748
0.692441 1.5916
0.702776 1.7168
0.713111 1.8508
0.723447 1.9938
0.733781 2.1464
0.744116 2.309
0.754451 2.4822
0.764786 2.6662
0.77512 2.8618
0.785455 3.069
0.795791 3.2884
0.806126 3.5204
0.816461 3.7652
0.826795 4.0234
0.83713 4.295
0.847465 4.5806
0.857801 4.8802
0.868136 5.194
0.87847 5.5222
0.888805 5.8648
0.89914 6.222
0.909475 6.594
0.919809 6.9802
0.930146 7.381
0.94048 7.7962
0.950815 8.2254
0.96115 8.6684
0.971484 9.125
0.981819 9.5948
0.992154 10.0772
1.00249 10.572
1.01282 11.0786
1.02316 11.5964
1.03349 12.1246
1.04383 12.6628
1.05416 13.21
1.0645 13.7654
1.07483 14.3282
1.08517 14.8974
1.0955 15.4722
1.10584 16.0514
1.11617 16.634
1.12651 17.2192
1.13684 17.8056
1.14718 18.392
1.15751 18.9778
1.16785 19.5614
1.17818 20.142
1.18852 20.7184
1.19885 21.2896
1.20919 21.8548
1.21952 22.413
1.22986 22.963
1.24019 23.5044
1.25053 24.0362
1.26086 24.5582
1.2712 25.0682
1.28153 25.5682
1.29187 26.0542
1.3022 26.5282
1.31254 26.9902
1.32287 27.4382
1.33321 27.8722
1.34354 28.2922
1.35388 28.6982
1.36421 29.0882
1.37455 29.4662
1.38488 29.8282
1.39522 30.1762
1.40555 30.5102
1.41589 30.8282
1.42622 31.1322
1.43655 31.4222
1.44689 31.7002
1.45723 31.9622
1.46757 32.2122
1.4779 32.4482
1.48824 32.6722
1.49856 32.8842
1.5089 33.0822
1.51924 33.2702
1.52958 33.4482
1.53991 33.6142
1.55024 33.7702
1.56058 33.9162
1.57091 34.0542
1.58125 34.1822
1.59159 34.3022
1.60193 34.4142
1.61225 34.5182
1.62259 34.6142
1.63292 34.7062
1.64326 34.7902
1.6536 34.8682
1.66392 34.9402
1.67426 35.0082
1.6846 35.0702
1.69494 35.1282
1.70527 35.1822
1.71561 35.2302
1.72593 35.2762
1.73627 35.3202
1.74661 35.3582
1.75695 35.3942
1.76728 35.4282
1.77761 35.4602
1.78795 35.4882
1.79828 35.5142
1.80862 35.5382
1.81896 35.5622
1.8293 35.5822
1.83962 35.6022
1.84996 35.6182
1.86029 35.6342
1.87063 35.6502
1.88097 35.6642
1.89129 35.6762
1.90163 35.6882
1.91197 35.6982
1.92231 35.7082
1.93264 35.7182
1.94298 35.7262
1.9533 35.7342
1.96364 35.7402
1.97398 35.7482
1.98432 35.7542
1.99465 35.7602
2.00499 35.7642
2.01531 35.7682
2.02565 35.7742
2.03599 35.7782
2.04633 35.7802
2.05667 35.7842
2.06699 35.7882
