0 0
0.0108267 0.0004
0.0216535 0.0012
0.0324803 0.0018
0.0433071 0.0026
0.0541337 0.0034
0.0649604 0.0042
0.0757872 0.0052
0.086614 0.0064
0.0974407 0.0074
0.108267 0.0088
0.119094 0.01
0.129921 0.0116
0.140748 0.0132
0.151574 0.0148
0.162401 0.0168
0.173227 0.0188
0.184055 0.021
0.194882 0.0234
0.205708 0.026
0.216535 0.0288
0.227361 0.032
0.238189 0.0352
0.249016 0.039
0.259842 0.0428
0.270669 0.0472
0.281495 0.0518
0.292322 0.0568
0.30315 0.0624
0.313976 0.0684
0.324803 0.0748
0.335629 0.0818
0.346456 0.0894
0.357282 0.0978
0.368109 0.1068
0.378937 0.1164
0.389763 0.127
0.40059 0.1386
0.411416 0.151
0.422243 0.1644
0.433071 0.1792
0.443896 0.195
0.454724 0.2122
0.46555 0.231
0.476377 0.2512
0.487204 0.273
0.49803 0.2968
0.508858 0.3226
0.519683 0.3504
0.530511 0.3806
0.541338 0.4132
0.552164 0.4486
0.562991 0.4866
0.573817 0.528
0.584645 0.5724
0.595471 0.6206
0.606298 0.6726
0.617125 0.7286
0.627951 0.789
0.638778 0.854
0.649604 0.9242
0.660432 0.9996
0.671258 1.0808
0.682085 1.168
0.692912 1.2616
0.703738 1.362
0.714566 1.4696
0.725391 1.5848
0.736219 1.7082
0.747045 1.84
0.757872 1.9806
0.768699 2.1306
0.779525 2.2904
0.790353 2.4604
0.801178 2.6408
0.812006 2.8324
0.822832 3.0354
0.833659 3.2502
0.844486 3.477
0.855312 3.7164
0.86614 3.9686
0.876966 4.2338
0.887793 4.5124
0.898619 4.8044
0.909446 5.11
0.920273 5.4296
0.931099 5.763
0.941927 6.1102
0.952753 6.4714
0.96358 6.8462
0.974406 7.235
0.985233 7.637
0.996061 8.0524
1.00689 8.4808
1.01771 8.9218
1.02854 9.375
1.03937 9.84
1.05019 10.3162
1.06102 10.8032
1.07185 11.3002
1.08267 11.8066
1.0935 12.3216
1.10433 12.8444
1.11515 13.3744
1.12598 13.9106
1.13681 14.452
1.14763 14.9976
1.15846 15.5466
1.16929 16.098
1.18011 16.6508
1.19094 17.2038
1.20177 17.756
1.21259 18.3064
1.22342 18.8542
1.23425 19.398
1.24507 19.938
1.2559 20.472
1.26673 20.998
1.27755 21.518
1.28838 22.03
1.29921 22.532
1.31003 23.024
1.32086 23.506
1.33169 23.978
1.34252 24.438
1.35334 24.886
1.36417 25.322
1.375 25.746
1.38582 26.154
1.39665 26.552
1.40747 26.934
1.4183 27.304
1.42913 27.658
1.43995 28
1.45079 28.328
1.46161 28.64
1.47243 28.94
1.48326 29.226
1.4941 29.5
1.50492 29.76
1.51574 30.006
1.52656 30.24
1.5374 30.462
1.54822 30.672
1.55905 30.87
1.56987 31.056
1.58071 31.232
1.59153 31.398
1.60235 31.554
1.61318 31.7
1.62401 31.836
1.63484 31.964
1.64566 32.084
1.65648 32.196
1.66732 32.3
1.67814 32.398
1.68897 32.49
1.69979 32.574
1.71063 32.652
1.72145 32.726
1.73227 32.794
1.7431 32.856
1.75393 32.914
1.76476 32.97
1.77558 33.02
1.78642 33.066
1.79724 33.11
1.80806 33.15
1.81889 33.186
1.82972 33.22
1.84055 33.252
1.85137 33.28
1.86219 33.308
1.87303 33.332
1.88385 33.356
1.89468 33.376
1.9055 33.396
1.91634 33.414
1.92716 33.432
1.93798 33.446
1.94881 33.46
1.95964 33.474
1.97047 33.486
1.98129 33.496
1.99211 33.506
2.00295 33.516
2.01377 33.526
2.0246 33.534
2.03542 33.54
2.04626 33.548
2.05708 33.554
2.0679 33.56
2.07873 33.564
2.08956 33.57
2.10039 33.574
2.11121 33.578
2.12203 33.582
2.13287 33.586
2.14369 33.588
2.15452 33.592
2.16535 33.594
