0 0
0.0106398 0.0006
0.0212797 0.0012
0.0319196 0.0018
0.0425594 0.0026
0.0531992 0.0034
0.063839 0.0042
0.0744789 0.0052
0.0851187 0.0062
0.0957586 0.0074
0.106398 0.0086
0.117038 0.01
0.127678 0.0114
0.138318 0.013
0.148958 0.0148
0.159597 0.0166
0.170237 0.0186
0.180878 0.0208
0.191517 0.0232
0.202157 0.0258
0.212797 0.0286
0.223436 0.0318
0.234076 0.0352
0.244717 0.0388
0.255357 0.0426
0.265996 0.047
0.276636 0.0516
0.287276 0.0566
0.297915 0.0622
0.308555 0.0682
0.319196 0.0746
0.329835 0.0816
0.340475 0.0892
0.351115 0.0976
0.361755 0.1066
0.372394 0.1164
0.383035 0.127
0.393675 0.1384
0.404314 0.151
0.414954 0.1644
0.425594 0.1792
0.436233 0.195
0.446873 0.2124
0.457514 0.231
0.468154 0.2514
0.478793 0.2734
0.489433 0.2972
0.500073 0.323
0.510712 0.351
0.521353 0.3814
0.531993 0.414
0.542632 0.4496
0.553272 0.4878
0.563912 0.5294
0.574553 0.574
0.585192 0.6224
0.595832 0.6746
0.606472 0.731
0.617111 0.7918
0.627751 0.8574
0.638392 0.9278
0.64903 1.0038
0.659671 1.0854
0.670311 1.1732
0.68095 1.2674
0.69159 1.3686
0.70223 1.477
0.712869 1.5932
0.72351 1.7174
0.73415 1.8502
0.744789 1.992
0.755429 2.1432
0.766069 2.3042
0.776708 2.4756
0.787348 2.6576
0.797989 2.8508
0.808628 3.0554
0.819268 3.2722
0.829908 3.501
0.840547 3.7426
0.851187 3.997
0.861828 4.2646
0.872466 4.5458
0.883107 4.8406
0.893747 5.1492
0.904387 5.4718
0.915026 5.8086
0.925666 6.1594
0.936307 6.5242
0.946946 6.9032
0.957586 7.296
0.968226 7.7024
0.978865 8.1226
0.989505 8.5558
1.00015 9.002
1.01078 9.4608
1.02142 9.9316
1.03206 10.414
1.0427 10.9076
1.05334 11.4114
1.06398 11.925
1.07462 12.4476
1.08526 12.9784
1.0959 13.5166
1.10654 14.0616
1.11718 14.612
1.12782 15.1672
1.13846 15.7262
1.1491 16.2878
1.15974 16.851
1.17038 17.415
1.18102 17.9786
1.19166 18.5406
1.2023 19.1002
1.21294 19.6562
1.22358 20.2078
1.23422 20.7538
1.24486 21.2942
1.2555 21.8262
1.26614 22.3502
1.27678 22.8662
1.28742 23.3722
1.29806 23.8682
1.3087 24.3522
1.31934 24.8262
1.32998 25.2862
1.34062 25.7362
1.35126 26.1722
1.3619 26.5942
1.37254 27.0042
1.38318 27.4002
1.39382 27.7822
1.40446 28.1502
1.4151 28.5022
1.42574 28.8422
1.43638 29.1682
1.44702 29.4802
1.45766 29.7782
1.46829 30.0622
1.47895 30.3322
1.48958 30.5902
1.50022 30.8342
1.51086 31.0642
1.5215 31.2842
1.53213 31.4922
1.54278 31.6862
1.55342 31.8702
1.56406 32.0442
1.5747 32.2082
1.58533 32.3602
1.59597 32.5042
1.60662 32.6402
1.61726 32.7662
1.6279 32.8842
1.63854 32.9942
1.64917 33.0962
1.65981 33.1922
1.67046 33.2802
1.6811 33.3642
1.69174 33.4402
1.70237 33.5122
1.71301 33.5782
1.72366 33.6402
1.7343 33.6982
1.74494 33.7502
1.75558 33.8002
1.76621 33.8462
1.77685 33.8882
1.7875 33.9262
1.79814 33.9622
1.80878 33.9962
1.81941 34.0262
1.83005 34.0542
1.84069 34.0822
1.85134 34.1062
1.86198 34.1282
1.87262 34.1482
1.88325 34.1682
1.89389 34.1862
1.90453 34.2022
1.91518 34.2162
1.92582 34.2302
1.93646 34.2422
1.94709 34.2542
1.95773 34.2662
1.96837 34.2762
1.97902 34.2842
1.98966 34.2922
2.00029 34.3002
2.01093 34.3082
2.02157 34.3142
2.03222 34.3202
2.04286 34.3262
2.0535 34.3302
2.06413 34.3362
2.07477 34.3402
2.08541 34.3442
2.09606 34.3482
2.1067 34.3522
2.11733 34.3542
2.12797 34.3582
