0 0
0.0118357 0.0006
0.0236714 0.0012
0.035507 0.002
0.0473429 0.0026
0.0591785 0.0036
0.0710142 0.0044
0.0828499 0.0054
0.0946856 0.0066
0.106521 0.0076
0.118357 0.009
0.130193 0.0104
0.142028 0.0118
0.153864 0.0134
0.1657 0.0152
0.177535 0.0172
0.189371 0.0192
0.201207 0.0214
0.213043 0.0238
0.224878 0.0266
0.236714 0.0294
0.24855 0.0324
0.260386 0.0358
0.272221 0.0396
0.284057 0.0436
0.295892 0.0478
0.307729 0.0524
0.319564 0.0576
0.3314 0.063
0.343235 0.069
0.35507 0.0754
0.366907 0.0824
0.378743 0.09
0.390578 0.0982
0.402413 0.1072
0.41425 0.1168
0.426086 0.1272
0.437921 0.1386
0.449756 0.151
0.461592 0.1642
0.473429 0.1786
0.485264 0.1942
0.497099 0.2112
0.508935 0.2296
0.520772 0.2494
0.532607 0.2708
0.544442 0.294
0.556278 0.3192
0.568113 0.3462
0.57995 0.3756
0.591785 0.4074
0.603621 0.4416
0.615456 0.4786
0.627291 0.5186
0.639128 0.5616
0.650964 0.6082
0.662799 0.6582
0.674634 0.7122
0.68647 0.7704
0.698307 0.833
0.710142 0.9004
0.721977 0.9728
0.733813 1.0506
0.745648 1.1342
0.757485 1.2236
0.76932 1.3196
0.781156 1.4224
0.792991 1.5324
0.804827 1.65
0.816662 1.7756
0.828499 1.9094
0.840334 2.052
0.85217 2.2038
0.864005 2.3652
0.87584 2.5364
0.887677 2.718
0.899513 2.9104
0.911348 3.1136
0.923183 3.3282
0.935019 3.5546
0.946856 3.7928
0.958691 4.043
0.970526 4.3058
0.982362 4.581
0.994197 4.869
1.00603 5.1696
1.01787 5.483
1.0297 5.8092
1.04154 6.148
1.05338 6.4996
1.06521 6.8634
1.07705 7.2396
1.08888 7.6276
1.10072 8.0262
1.11255 8.4382
1.12439 8.8602
1.13623 9.2902
1.14806 9.7322
1.1599 10.1822
1.17173 10.6422
1.18357 11.1082
1.1954 11.5822
1.20724 12.0602
1.21908 12.5462
1.23091 13.0342
1.24275 13.5282
1.25458 14.0222
1.26642 14.5202
1.27826 15.0182
1.29009 15.5142
1.30193 16.0102
1.31376 16.5062
1.3256 16.9962
1.33743 17.4842
1.34927 17.9662
1.3611 18.4422
1.37294 18.9122
1.38478 19.3762
1.39661 19.8302
1.40845 20.2762
1.42028 20.7142
1.43211 21.1402
1.44395 21.5562
1.45579 21.9622
1.46762 22.3562
1.47946 22.7382
1.4913 23.1082
1.50313 23.4662
1.51497 23.8122
1.52681 24.1442
1.53864 24.4642
1.55048 24.7722
1.56232 25.0662
1.57415 25.3482
1.58598 25.6182
1.59781 25.8742
1.60965 26.1182
1.62149 26.3502
1.63332 26.5722
1.64516 26.7802
1.657 26.9782
1.66883 27.1662
1.68067 27.3422
1.69251 27.5082
1.70434 27.6662
1.71618 27.8122
1.72802 27.9502
1.73986 28.0802
1.75168 28.2022
1.76351 28.3162
1.77535 28.4222
1.78719 28.5222
1.79903 28.6162
1.81086 28.7022
1.8227 28.7822
1.83454 28.8582
1.84637 28.9282
1.85821 28.9922
1.87005 29.0522
1.88188 29.1102
1.89372 29.1622
1.90554 29.2102
1.91738 29.2542
1.92922 29.2962
1.94105 29.3342
1.95289 29.3702
1.96473 29.4042
1.97656 29.4342
1.9884 29.4622
2.00024 29.4882
2.01207 29.5122
2.02391 29.5342
2.03575 29.5562
2.04758 29.5742
2.05941 29.5922
2.07124 29.6082
2.08308 29.6242
2.09492 29.6382
2.10675 29.6502
2.11859 29.6622
2.13043 29.6722
2.14226 29.6822
2.1541 29.6922
2.16594 29.7002
2.17777 29.7082
2.18961 29.7162
2.20145 29.7222
2.21327 29.7282
2.22511 29.7342
2.23694 29.7402
2.24878 29.7442
2.26062 29.7502
2.27246 29.7542
2.28429 29.7582
2.29613 29.7602
2.30797 29.7642
2.3198 29.7662
2.33164 29.7702
2.34348 29.7722
2.35531 29.7742
2.36714 29.7762
