0 0
0.0161865 0
0.0323729 0.002
0.0485594 0.002
0.0647457 0.004
0.0809321 0.004
0.0971186 0.006
0.113305 0.006
0.129492 0.008
0.145679 0.01
0.161865 0.01
0.178051 0.012
0.194237 0.014
0.210424 0.016
0.22661 0.018
0.242796 0.02
0.258984 0.022
0.27517 0.026
0.291356 0.028
0.307542 0.03
0.323729 0.034
0.339915 0.038
0.356101 0.042
0.372289 0.046
0.388475 0.05
0.404661 0.054
0.420847 0.058
0.437034 0.064
0.45322 0.07
0.469406 0.076
0.485594 0.082
0.50178 0.09
0.517966 0.098
0.534152 0.106
0.550339 0.114
0.566525 0.124
0.582711 0.134
0.598899 0.146
0.615085 0.158
0.631271 0.17
0.647457 0.184
0.663644 0.2
0.67983 0.216
0.696016 0.232
0.712202 0.25
0.72839 0.27
0.744576 0.292
0.760762 0.314
0.776949 0.34
0.793135 0.366
0.809321 0.394
0.825508 0.424
0.841695 0.456
0.857881 0.492
0.874067 0.528
0.890254 0.568
0.906441 0.612
0.922627 0.658
0.938813 0.706
0.955 0.76
0.971186 0.816
0.987372 0.874
1.00356 0.938
1.01975 1.006
1.03593 1.08
1.05212 1.156
1.06831 1.238
1.08449 1.326
1.10068 1.42
1.11686 1.518
1.13305 1.622
1.14924 1.734
1.16542 1.85
1.18161 1.974
1.1978 2.104
1.21398 2.242
1.23017 2.388
1.24636 2.54
1.26254 2.702
1.27873 2.87
1.29492 3.046
1.3111 3.23
1.32729 3.424
1.34347 3.624
1.35966 3.834
1.37585 4.05
1.39203 4.276
1.40822 4.51
1.42441 4.752
1.44059 5
1.45679 5.258
1.47296 5.522
1.48915 5.792
1.50535 6.07
1.52152 6.354
1.53772 6.644
1.55389 6.938
1.57008 7.238
1.58628 7.542
1.60245 7.85
1.61865 8.16
1.63484 8.474
1.65102 8.788
1.66721 9.104
1.68338 9.422
1.69958 9.738
1.71577 10.054
1.73195 10.37
1.74814 10.682
1.76433 10.992
1.78051 11.298
1.7967 11.602
1.81289 11.9
1.82907 12.194
1.84526 12.482
1.86144 12.764
1.87763 13.038
1.89382 13.308
1.91 13.57
1.92619 13.824
1.94238 14.072
1.95856 14.312
1.97475 14.542
1.99094 14.766
2.00712 14.98
2.02331 15.188
2.03949 15.386
2.05568 15.576
2.07187 15.758
2.08805 15.932
2.10424 16.098
2.12043 16.256
2.13661 16.408
2.1528 16.55
2.16898 16.686
2.18517 16.816
2.20136 16.938
2.21754 17.052
2.23373 17.162
2.24992 17.264
2.2661 17.362
2.28229 17.452
2.29848 17.538
2.31466 17.62
2.33085 17.696
2.34703 17.766
2.36322 17.834
2.37941 17.896
2.39559 17.954
2.41178 18.01
2.42798 18.062
2.44415 18.11
2.46035 18.154
2.47652 18.196
2.49271 18.236
2.50891 18.272
2.52508 18.306
2.54128 18.338
2.55747 18.368
2.57364 18.396
2.58984 18.422
2.60603 18.446
2.62221 18.468
2.6384 18.488
2.65457 18.508
2.67077 18.526
2.68696 18.544
2.70314 18.558
2.71933 18.574
2.73552 18.586
2.7517 18.6
2.76789 18.612
2.78407 18.622
2.80026 18.632
2.81645 18.642
2.83263 18.65
2.84882 18.658
2.86501 18.666
2.88119 18.674
2.89738 18.68
2.91357 18.686
2.92975 18.692
2.94594 18.696
2.96212 18.702
2.97831 18.706
2.9945 18.71
3.01068 18.714
3.02687 18.718
3.04306 18.72
3.05924 18.724
3.07543 18.726
3.09162 18.73
3.1078 18.732
3.12399 18.734
3.14017 18.736
3.15636 18.738
3.17255 18.74
3.18873 18.742
3.20492 18.744
3.22111 18.744
3.23729 18.746
