0 0
0.0123812 0.0006
0.0247625 0.0012
0.0371438 0.002
0.049525 0.0028
0.0619063 0.0036
0.0742875 0.0046
0.0866688 0.0056
0.09905 0.0068
0.111431 0.008
0.123812 0.0092
0.136194 0.0106
0.148576 0.0122
0.160956 0.0138
0.173337 0.0156
0.185718 0.0176
0.1981 0.0196
0.210481 0.022
0.222862 0.0244
0.235244 0.0272
0.247625 0.03
0.260006 0.0332
0.272387 0.0366
0.284769 0.0404
0.29715 0.0444
0.309531 0.0486
0.321913 0.0534
0.334294 0.0586
0.346675 0.064
0.359055 0.07
0.371438 0.0766
0.383819 0.0836
0.396199 0.0912
0.408582 0.0994
0.420962 0.1084
0.433343 0.118
0.445724 0.1286
0.458106 0.1398
0.470487 0.1522
0.482868 0.1654
0.49525 0.1798
0.507631 0.1954
0.520012 0.2122
0.532393 0.2304
0.544775 0.2502
0.557156 0.2714
0.569537 0.2944
0.581919 0.3194
0.5943 0.3462
0.606681 0.3752
0.619061 0.4064
0.631444 0.4402
0.643824 0.4768
0.656205 0.5162
0.668588 0.5586
0.680968 0.6042
0.693349 0.6534
0.70573 0.7064
0.718112 0.7634
0.730493 0.8248
0.742874 0.8908
0.755256 0.9616
0.767637 1.0376
0.780018 1.119
0.792399 1.2064
0.804781 1.3
0.817162 1.4002
0.829543 1.5072
0.841925 1.6216
0.854306 1.7434
0.866686 1.8736
0.879067 2.012
0.89145 2.16
0.90383 2.316
0.916211 2.482
0.928593 2.658
0.940974 2.844
0.953355 3.04
0.965736 3.246
0.978118 3.466
0.990499 3.696
1.00288 3.936
1.01526 4.19
1.02764 4.454
1.04002 4.732
1.0524 5.022
1.06479 5.322
1.07717 5.636
1.08955 5.962
1.10193 6.298
1.11431 6.648
1.12669 7.008
1.13907 7.38
1.15146 7.762
1.16384 8.154
1.17622 8.558
1.1886 8.97
1.20098 9.39
1.21336 9.82
1.22574 10.256
1.23812 10.7
1.25051 11.148
1.26289 11.604
1.27527 12.062
1.28765 12.526
1.30003 12.99
1.31241 13.458
1.32479 13.926
1.33717 14.396
1.34955 14.862
1.36194 15.328
1.37432 15.792
1.3867 16.252
1.39908 16.706
1.41146 17.156
1.42384 17.6
1.43622 18.038
1.4486 18.468
1.46098 18.888
1.47336 19.302
1.48574 19.704
1.49814 20.098
1.51052 20.482
1.52289 20.854
1.53527 21.216
1.54765 21.566
1.56003 21.904
1.57241 22.23
1.58479 22.546
1.59719 22.848
1.60956 23.138
1.62194 23.416
1.63432 23.682
1.6467 23.936
1.65908 24.178
1.67146 24.41
1.68384 24.63
1.69623 24.838
1.70861 25.034
1.72099 25.222
1.73337 25.398
1.74575 25.566
1.75813 25.722
1.77051 25.87
1.7829 26.01
1.79528 26.14
1.80766 26.262
1.82004 26.378
1.83242 26.486
1.8448 26.586
1.85718 26.68
1.86956 26.768
1.88195 26.85
1.89433 26.926
1.90671 26.998
1.91909 27.064
1.93147 27.126
1.94385 27.184
1.95623 27.238
1.96861 27.286
1.981 27.332
1.99338 27.376
2.00576 27.414
2.01814 27.452
2.03052 27.486
2.0429 27.518
2.05528 27.546
2.06766 27.574
2.08005 27.598
2.09243 27.622
2.10481 27.644
2.11719 27.662
2.12957 27.682
2.14195 27.698
2.15433 27.714
2.16671 27.728
2.1791 27.742
2.19148 27.754
2.20386 27.766
2.21624 27.776
2.22862 27.786
2.241 27.794
2.25338 27.804
2.26577 27.81
2.27815 27.818
2.29053 27.824
2.30291 27.83
2.31529 27.836
2.32767 27.842
2.34005 27.846
2.35243 27.85
2.36482 27.854
2.3772 27.858
2.38958 27.862
2.40196 27.864
2.41434 27.868
2.42672 27.87
2.4391 27.872
2.45149 27.876
2.46387 27.878
2.47625 27.88
