0 0
0.0105155 0.0004
0.0210308 0.001
0.0315463 0.0018
0.0420618 0.0024
0.0525773 0.0032
0.0630927 0.0042
0.0736082 0.005
0.0841237 0.006
0.0946392 0.0072
0.105155 0.0084
0.11567 0.0096
0.126185 0.011
0.136701 0.0126
0.147216 0.0142
0.157732 0.016
0.168247 0.018
0.178763 0.0202
0.189278 0.0224
0.199794 0.025
0.210308 0.0278
0.220825 0.0308
0.231341 0.034
0.241855 0.0376
0.252371 0.0414
0.262886 0.0456
0.273402 0.05
0.283917 0.055
0.294433 0.0604
0.304949 0.0662
0.315463 0.0724
0.325979 0.0794
0.336494 0.0868
0.34701 0.095
0.357526 0.1038
0.368041 0.1132
0.378557 0.1236
0.389072 0.135
0.399588 0.1472
0.410102 0.1604
0.420618 0.175
0.431134 0.1906
0.441649 0.2076
0.452165 0.226
0.46268 0.246
0.473196 0.2678
0.483712 0.2912
0.494226 0.3168
0.504743 0.3444
0.515257 0.3742
0.525773 0.4066
0.536288 0.4418
0.546804 0.4796
0.55732 0.5208
0.567835 0.5652
0.578351 0.6132
0.588865 0.665
0.599381 0.721
0.609896 0.7814
0.620412 0.8466
0.630928 0.9168
0.641443 0.9924
0.651959 1.0738
0.662474 1.1614
0.67299 1.2554
0.683504 1.3564
0.69402 1.4648
0.704535 1.5808
0.715051 1.7052
0.725567 1.838
0.736082 1.9802
0.746598 2.1316
0.757112 2.2932
0.767628 2.4652
0.778143 2.648
0.788659 2.8422
0.799174 3.048
0.80969 3.2658
0.820206 3.4962
0.830721 3.7394
0.841237 3.9958
0.851751 4.2658
0.862267 4.5492
0.872782 4.8468
0.883298 5.1584
0.893814 5.4844
0.904329 5.8246
0.914845 6.1794
0.925359 6.5484
0.935875 6.932
0.94639 7.3298
0.956906 7.7416
0.967421 8.1674
0.977937 8.607
0.988453 9.0596
0.998968 9.5254
1.00948 10.0036
1.02 10.4938
1.03051 10.9956
1.04103 11.5082
1.05155 12.031
1.06206 12.5632
1.07258 13.1042
1.08309 13.653
1.09361 14.209
1.10412 14.7708
1.11464 15.338
1.12515 15.909
1.13567 16.4834
1.14618 17.0596
1.1567 17.6368
1.16721 18.2138
1.17773 18.7896
1.18825 19.363
1.19876 19.9332
1.20928 20.499
1.21979 21.0594
1.23031 21.6134
1.24082 22.16
1.25134 22.698
1.26185 23.228
1.27237 23.748
1.28288 24.258
1.2934 24.758
1.30391 25.244
1.31443 25.72
1.32495 26.182
1.33546 26.63
1.34598 27.066
1.35649 27.488
1.36701 27.896
1.37752 28.29
1.38804 28.67
1.39855 29.036
1.40907 29.386
1.41959 29.722
1.4301 30.044
1.44062 30.352
1.45113 30.646
1.46164 30.926
1.47216 31.192
1.48267 31.444
1.4932 31.684
1.5037 31.912
1.51423 32.126
1.52474 32.328
1.53526 32.52
1.54577 32.7
1.55629 32.868
1.5668 33.028
1.57731 33.176
1.58783 33.316
1.59834 33.446
1.60887 33.568
1.61937 33.682
1.6299 33.788
1.64041 33.888
1.65093 33.98
1.66144 34.066
1.67196 34.146
1.68247 34.22
1.69299 34.288
1.7035 34.352
1.71401 34.412
1.72453 34.466
1.73504 34.518
1.74557 34.564
1.75608 34.608
1.7666 34.648
1.77711 34.686
1.78763 34.72
1.79814 34.752
1.80866 34.78
1.81917 34.808
1.82968 34.832
1.8402 34.856
1.85071 34.876
1.86124 34.896
1.87175 34.914
1.88227 34.93
1.89278 34.946
1.9033 34.96
1.91381 34.974
1.92433 34.986
1.93484 34.996
1.94535 35.006
1.95587 35.016
1.96638 35.024
1.97691 35.032
1.98741 35.04
1.99794 35.046
2.00845 35.052
2.01897 35.058
2.02948 35.064
2.04 35.068
2.05051 35.072
2.06102 35.076
2.07154 35.08
2.08205 35.084
2.09258 35.088
2.10308 35.09
