0 0
0.0125522 0
0.0251045 0.002
0.0376566 0.002
0.0502088 0.002
0.0627611 0.004
0.0753133 0.004
0.0878655 0.006
0.100418 0.006
0.11297 0.008
0.125522 0.01
0.138074 0.01
0.150626 0.012
0.163178 0.014
0.17573 0.016
0.188283 0.018
0.200835 0.02
0.213388 0.022
0.22594 0.024
0.238493 0.028
0.251045 0.03
0.263597 0.034
0.276149 0.036
0.288701 0.04
0.301253 0.044
0.313806 0.048
0.326358 0.054
0.33891 0.058
0.351462 0.064
0.364014 0.07
0.376566 0.076
0.389119 0.084
0.401671 0.09
0.414223 0.098
0.426775 0.108
0.439327 0.118
0.45188 0.128
0.464432 0.14
0.476984 0.152
0.489536 0.164
0.502088 0.178
0.51464 0.194
0.527193 0.212
0.539746 0.23
0.552298 0.248
0.56485 0.27
0.577403 0.292
0.589955 0.318
0.602507 0.344
0.615059 0.372
0.627611 0.404
0.640163 0.438
0.652716 0.474
0.665268 0.512
0.67782 0.554
0.690372 0.6
0.702924 0.648
0.715476 0.702
0.728029 0.758
0.740581 0.818
0.753133 0.884
0.765685 0.954
0.778237 1.03
0.790789 1.11
0.803342 1.196
0.815894 1.29
0.828446 1.388
0.840998 1.494
0.85355 1.608
0.866103 1.728
0.878655 1.858
0.891207 1.994
0.903759 2.14
0.916311 2.294
0.928863 2.46
0.941416 2.632
0.953968 2.818
0.96652 3.012
0.979072 3.216
0.991624 3.434
1.00418 3.66
1.01673 3.9
1.02928 4.15
1.04183 4.412
1.05439 4.686
1.06694 4.974
1.07949 5.272
1.09204 5.582
1.10459 5.904
1.11715 6.238
1.1297 6.582
1.14225 6.938
1.1548 7.306
1.16736 7.684
1.17991 8.072
1.19246 8.47
1.20501 8.878
1.21756 9.294
1.23012 9.718
1.24267 10.148
1.25522 10.586
1.26777 11.03
1.28033 11.478
1.29288 11.932
1.30543 12.388
1.31798 12.848
1.33053 13.308
1.34309 13.77
1.35564 14.23
1.36819 14.69
1.38074 15.15
1.3933 15.604
1.40585 16.056
1.4184 16.504
1.43096 16.946
1.44351 17.382
1.45606 17.81
1.46861 18.232
1.48116 18.646
1.49371 19.05
1.50626 19.444
1.51883 19.83
1.53138 20.206
1.54393 20.57
1.55648 20.922
1.56903 21.264
1.58158 21.594
1.59413 21.912
1.60668 22.22
1.61923 22.514
1.63178 22.796
1.64435 23.068
1.6569 23.326
1.66945 23.574
1.682 23.808
1.69455 24.032
1.7071 24.246
1.71965 24.448
1.7322 24.638
1.74475 24.82
1.75732 24.992
1.76987 25.152
1.78242 25.304
1.79497 25.448
1.80752 25.582
1.82007 25.708
1.83262 25.826
1.84517 25.938
1.85772 26.042
1.87029 26.138
1.88284 26.23
1.89539 26.314
1.90794 26.394
1.92049 26.468
1.93304 26.536
1.94559 26.6
1.95814 26.66
1.97069 26.714
1.98325 26.766
1.99581 26.814
2.00836 26.858
2.02091 26.9
2.03346 26.938
2.04601 26.972
2.05856 27.006
2.07112 27.036
2.08367 27.064
2.09622 27.09
2.10878 27.114
2.12133 27.136
2.13388 27.158
2.14643 27.176
2.15898 27.194
2.17154 27.21
2.18409 27.226
2.19664 27.24
2.20919 27.252
2.22175 27.264
2.2343 27.274
2.24685 27.286
2.2594 27.294
2.27196 27.304
2.28451 27.312
2.29706 27.318
2.30961 27.326
2.32216 27.332
2.33471 27.338
2.34727 27.342
2.35982 27.348
2.37238 27.352
2.38493 27.356
2.39748 27.36
2.41003 27.364
2.42258 27.368
2.43513 27.37
2.44768 27.374
2.46023 27.376
2.47278 27.378
2.48535 27.38
2.4979 27.382
2.51045 27.384
