0 0
0.0145479 0
0.0290959 0.002
0.0436437 0.002
0.0581917 0.004
0.0727396 0.004
0.0872876 0.006
0.101835 0.006
0.116383 0.008
0.130931 0.008
0.145479 0.01
0.160027 0.012
0.174575 0.014
0.189124 0.016
0.20367 0.018
0.218219 0.02
0.232767 0.022
0.247315 0.024
0.261862 0.026
0.27641 0.03
0.290959 0.032
0.305507 0.036
0.320054 0.04
0.334602 0.044
0.34915 0.048
0.363699 0.052
0.378246 0.056
0.392794 0.062
0.407342 0.068
0.421891 0.074
0.436437 0.08
0.450986 0.088
0.465534 0.096
0.480082 0.104
0.494629 0.112
0.509177 0.122
0.523726 0.132
0.538274 0.144
0.552821 0.156
0.567369 0.17
0.581917 0.184
0.596466 0.198
0.611013 0.216
0.625561 0.232
0.640109 0.252
0.654658 0.272
0.669206 0.294
0.683753 0.318
0.698301 0.344
0.712849 0.372
0.727398 0.402
0.741944 0.434
0.756493 0.468
0.771041 0.504
0.785589 0.544
0.800136 0.586
0.814684 0.632
0.829233 0.68
0.843781 0.732
0.858329 0.79
0.872876 0.85
0.887424 0.914
0.901973 0.982
0.916521 1.056
0.931068 1.134
0.945616 1.218
0.960165 1.308
0.974713 1.404
0.98926 1.506
1.00381 1.614
1.01836 1.728
1.0329 1.85
1.04745 1.98
1.062 2.116
1.07655 2.262
1.0911 2.414
1.10564 2.576
1.12019 2.746
1.13474 2.926
1.14929 3.114
1.16384 3.31
1.17838 3.518
1.19293 3.734
1.20748 3.96
1.22203 4.196
1.23658 4.442
1.25112 4.698
1.26567 4.962
1.28022 5.236
1.29477 5.52
1.30932 5.812
1.32386 6.114
1.33841 6.424
1.35296 6.742
1.36751 7.068
1.38206 7.4
1.3966 7.74
1.41115 8.086
1.4257 8.438
1.44025 8.794
1.4548 9.154
1.46934 9.518
1.48389 9.886
1.49844 10.256
1.51299 10.626
1.52754 10.998
1.54208 11.37
1.55663 11.74
1.57118 12.11
1.58573 12.476
1.60027 12.84
1.61482 13.2
1.62937 13.556
1.64392 13.906
1.65847 14.25
1.67302 14.59
1.68757 14.922
1.70212 15.246
1.71665 15.562
1.7312 15.87
1.74575 16.17
1.7603 16.462
1.77485 16.744
1.7894 17.016
1.80395 17.28
1.8185 17.534
1.83304 17.778
1.84759 18.012
1.86214 18.236
1.87669 18.452
1.89124 18.658
1.90579 18.854
1.92033 19.04
1.93488 19.218
1.94942 19.386
1.96397 19.546
1.97852 19.698
1.99307 19.842
2.00762 19.978
2.02217 20.106
2.03672 20.226
2.05127 20.34
2.0658 20.446
2.08035 20.548
2.0949 20.642
2.10945 20.73
2.124 20.814
2.13855 20.89
2.1531 20.964
2.16765 21.032
2.18219 21.096
2.19674 21.156
2.21129 21.21
2.22584 21.262
2.24039 21.31
2.25494 21.356
2.26949 21.398
2.28403 21.436
2.29857 21.474
2.31312 21.508
2.32767 21.538
2.34222 21.568
2.35677 21.596
2.37132 21.62
2.38587 21.644
2.40042 21.666
2.41495 21.686
2.4295 21.704
2.44405 21.722
2.4586 21.738
2.47315 21.754
2.4877 21.768
2.50225 21.78
2.51679 21.792
2.53134 21.804
2.54589 21.814
2.56044 21.824
2.57499 21.832
2.58954 21.84
2.60409 21.848
2.61864 21.856
2.63317 21.862
2.64772 21.868
2.66227 21.874
2.67682 21.878
2.69137 21.884
2.70592 21.888
2.72047 21.892
2.73502 21.896
2.74955 21.9
2.7641 21.902
2.77865 21.906
2.7932 21.908
2.80775 21.912
2.8223 21.914
2.83685 21.916
2.85139 21.918
2.86594 21.92
2.88049 21.922
2.89504 21.924
2.90959 21.924
