0 0
0.0128356 0
0.0256712 0.002
0.0385068 0.002
0.0513424 0.002
0.064178 0.004
0.0770136 0.004
0.0898492 0.006
0.102685 0.006
0.11552 0.008
0.128356 0.01
0.141192 0.01
0.154027 0.012
0.166863 0.014
0.179698 0.016
0.192535 0.018
0.20537 0.02
0.218206 0.022
0.231041 0.026
0.243877 0.028
0.256712 0.03
0.269548 0.034
0.282383 0.038
0.295219 0.042
0.308054 0.046
0.320891 0.05
0.333725 0.054
0.346562 0.06
0.359397 0.066
0.372233 0.072
0.385068 0.078
0.397904 0.086
0.410739 0.092
0.423575 0.102
0.43641 0.11
0.449247 0.12
0.462081 0.13
0.474918 0.142
0.487753 0.154
0.500589 0.168
0.513424 0.182
0.52626 0.198
0.539095 0.214
0.551931 0.232
0.564766 0.252
0.577603 0.274
0.590437 0.296
0.603274 0.322
0.616109 0.348
0.628945 0.376
0.64178 0.408
0.654616 0.442
0.667451 0.478
0.680287 0.516
0.693122 0.558
0.705958 0.604
0.718793 0.652
0.73163 0.704
0.744465 0.76
0.757301 0.822
0.770136 0.886
0.782972 0.956
0.795807 1.03
0.808643 1.11
0.82148 1.196
0.834314 1.288
0.847151 1.386
0.859986 1.49
0.872822 1.602
0.885657 1.72
0.898493 1.848
0.911328 1.982
0.924164 2.126
0.936999 2.278
0.949836 2.44
0.96267 2.61
0.975507 2.79
0.988342 2.982
1.00118 3.182
1.01401 3.394
1.02685 3.616
1.03968 3.85
1.05252 4.094
1.06536 4.35
1.07819 4.618
1.09103 4.898
1.10386 5.188
1.1167 5.49
1.12953 5.804
1.14237 6.128
1.15521 6.464
1.16804 6.81
1.18088 7.168
1.19371 7.534
1.20655 7.912
1.21938 8.298
1.23222 8.692
1.24505 9.094
1.25789 9.504
1.27073 9.922
1.28356 10.346
1.2964 10.774
1.30923 11.208
1.32207 11.644
1.3349 12.084
1.34774 12.526
1.36058 12.97
1.37341 13.414
1.38625 13.858
1.39908 14.3
1.41192 14.74
1.42475 15.178
1.4376 15.61
1.45043 16.04
1.46325 16.462
1.47609 16.88
1.48893 17.29
1.50176 17.692
1.5146 18.088
1.52744 18.472
1.54027 18.85
1.55311 19.216
1.56594 19.574
1.57878 19.92
1.59162 20.256
1.60445 20.58
1.61729 20.894
1.63013 21.196
1.64296 21.486
1.6558 21.766
1.66863 22.034
1.68147 22.29
1.69431 22.534
1.70714 22.768
1.71998 22.99
1.7328 23.202
1.74564 23.402
1.75847 23.594
1.77131 23.774
1.78415 23.944
1.79698 24.106
1.80982 24.258
1.82266 24.402
1.83549 24.536
1.84833 24.662
1.86116 24.782
1.874 24.894
1.88684 24.998
1.89967 25.096
1.91251 25.188
1.92535 25.274
1.93818 25.354
1.95102 25.428
1.96386 25.498
1.97669 25.562
1.98953 25.622
2.00235 25.678
2.01519 25.73
2.02802 25.78
2.04086 25.824
2.0537 25.866
2.06653 25.906
2.07937 25.942
2.0922 25.976
2.10504 26.006
2.11788 26.036
2.13071 26.062
2.14355 26.086
2.15639 26.11
2.16922 26.13
2.18206 26.15
2.19489 26.168
2.20773 26.186
2.22057 26.202
2.2334 26.216
2.24624 26.228
2.25908 26.242
2.2719 26.252
2.28473 26.264
2.29757 26.272
2.31041 26.282
2.32324 26.29
2.33608 26.298
2.34892 26.304
2.36175 26.312
2.37459 26.318
2.38743 26.324
2.40026 26.328
2.4131 26.334
2.42593 26.338
2.43877 26.342
2.45161 26.346
2.46444 26.35
2.47728 26.352
2.49012 26.356
2.50295 26.358
2.51579 26.36
2.52862 26.362
2.54145 26.366
2.55428 26.368
2.56712 26.368
