0 0
0.0140431 0
0.0280861 0.002
0.0421292 0.002
0.0561722 0.004
0.0702153 0.004
0.0842583 0.006
0.0983014 0.006
0.112344 0.008
0.126388 0.008
0.140431 0.01
0.154474 0.012
0.168517 0.014
0.18256 0.014
0.196603 0.016
0.210645 0.018
0.224688 0.022
0.238733 0.024
0.252775 0.026
0.266818 0.03
0.280861 0.032
0.294904 0.036
0.308947 0.038
0.32299 0.042
0.337034 0.048
0.351077 0.052
0.365119 0.056
0.379162 0.062
0.393205 0.068
0.407248 0.074
0.421292 0.08
0.435335 0.088
0.449378 0.094
0.463421 0.104
0.477464 0.112
0.491506 0.122
0.505549 0.132
0.519594 0.144
0.533636 0.156
0.547679 0.17
0.561722 0.184
0.575765 0.198
0.589808 0.216
0.603851 0.232
0.617895 0.252
0.631938 0.272
0.645981 0.296
0.660023 0.32
0.674066 0.346
0.688109 0.374
0.702152 0.404
0.716196 0.436
0.730239 0.47
0.744282 0.508
0.758325 0.548
0.772367 0.592
0.78641 0.638
0.800455 0.688
0.814497 0.742
0.82854 0.798
0.842583 0.86
0.856626 0.926
0.870669 0.996
0.884712 1.072
0.898756 1.152
0.912799 1.238
0.926842 1.33
0.940884 1.428
0.954927 1.534
0.96897 1.644
0.983013 1.762
0.997057 1.888
1.0111 2.022
1.02514 2.162
1.03919 2.312
1.05323 2.47
1.06727 2.638
1.08131 2.814
1.09536 2.998
1.1094 3.194
1.12344 3.398
1.13749 3.612
1.15153 3.838
1.16557 4.072
1.17962 4.318
1.19366 4.572
1.2077 4.838
1.22175 5.112
1.23579 5.398
1.24983 5.694
1.26387 5.998
1.27792 6.312
1.29196 6.636
1.306 6.968
1.32005 7.308
1.33409 7.656
1.34813 8.01
1.36218 8.372
1.37622 8.74
1.39026 9.114
1.40431 9.492
1.41835 9.874
1.4324 10.26
1.44643 10.648
1.46048 11.038
1.47452 11.428
1.48857 11.82
1.5026 12.21
1.51665 12.6
1.53069 12.986
1.54474 13.372
1.55878 13.752
1.57283 14.128
1.58686 14.5
1.60091 14.866
1.61495 15.226
1.629 15.578
1.64303 15.924
1.65708 16.26
1.67112 16.59
1.68517 16.91
1.6992 17.22
1.71325 17.522
1.72729 17.814
1.74134 18.096
1.75538 18.368
1.76943 18.63
1.78346 18.88
1.79751 19.122
1.81155 19.354
1.8256 19.574
1.83963 19.786
1.85368 19.986
1.86772 20.178
1.88177 20.36
1.89582 20.532
1.90985 20.696
1.9239 20.852
1.93794 20.998
1.95199 21.136
1.96603 21.268
1.98008 21.39
1.99411 21.506
2.00816 21.614
2.0222 21.718
2.03625 21.812
2.05028 21.902
2.06433 21.988
2.07837 22.066
2.09242 22.14
2.10645 22.208
2.1205 22.272
2.13454 22.332
2.14859 22.388
2.16263 22.442
2.17668 22.49
2.19071 22.534
2.20476 22.578
2.2188 22.616
2.23285 22.652
2.24688 22.686
2.26093 22.718
2.27497 22.748
2.28902 22.774
2.30305 22.8
2.3171 22.824
2.33114 22.846
2.34519 22.866
2.35924 22.884
2.37328 22.902
2.38733 22.918
2.40136 22.932
2.41541 22.946
2.42945 22.96
2.4435 22.972
2.45753 22.982
2.47158 22.992
2.48562 23.002
2.49967 23.01
2.5137 23.018
2.52775 23.026
2.54179 23.034
2.55584 23.04
2.56987 23.046
2.58392 23.052
2.59796 23.056
2.61201 23.06
2.62606 23.066
2.6401 23.07
2.65415 23.074
2.66818 23.076
2.68223 23.08
2.69627 23.082
2.71032 23.086
2.72435 23.088
2.7384 23.09
2.75244 23.092
2.76649 23.094
2.78052 23.096
2.79457 23.098
2.80861 23.1
