0 0
0.0130111 0
0.0260222 0.002
0.0390332 0.002
0.0520443 0.002
0.0650554 0.004
0.0780665 0.004
0.0910775 0.006
0.104089 0.008
0.1171 0.008
0.130111 0.01
0.143121 0.012
0.156133 0.012
0.169144 0.014
0.182156 0.016
0.195166 0.018
0.208177 0.02
0.221189 0.022
0.234199 0.026
0.24721 0.028
0.260222 0.032
0.273232 0.034
0.286244 0.038
0.299255 0.042
0.312266 0.046
0.325277 0.05
0.338287 0.054
0.351299 0.06
0.36431 0.066
0.377322 0.072
0.390332 0.078
0.403343 0.086
0.416355 0.094
0.429365 0.102
0.442377 0.11
0.455388 0.12
0.468398 0.13
0.48141 0.142
0.494421 0.154
0.507433 0.168
0.520443 0.182
0.533454 0.198
0.546466 0.214
0.559476 0.232
0.572488 0.252
0.585498 0.274
0.598509 0.296
0.611521 0.322
0.624531 0.348
0.637543 0.376
0.650554 0.408
0.663564 0.44
0.676576 0.476
0.689587 0.516
0.702599 0.558
0.715609 0.602
0.72862 0.65
0.741632 0.702
0.754642 0.758
0.767654 0.818
0.780665 0.882
0.793677 0.952
0.806687 1.026
0.819698 1.104
0.83271 1.19
0.84572 1.28
0.858732 1.378
0.871742 1.482
0.884753 1.592
0.897765 1.71
0.910775 1.836
0.923787 1.968
0.936798 2.11
0.949808 2.262
0.96282 2.42
0.975831 2.59
0.988843 2.768
1.00185 2.956
1.01486 3.156
1.02788 3.364
1.04089 3.584
1.0539 3.814
1.06691 4.056
1.07992 4.31
1.09293 4.574
1.10594 4.85
1.11895 5.136
1.13196 5.434
1.14497 5.744
1.15799 6.064
1.171 6.396
1.18401 6.736
1.19702 7.088
1.21003 7.45
1.22304 7.822
1.23605 8.202
1.24906 8.59
1.26207 8.986
1.27509 9.39
1.2881 9.802
1.30111 10.218
1.31412 10.638
1.32713 11.064
1.34014 11.494
1.35315 11.926
1.36616 12.362
1.37917 12.796
1.39218 13.232
1.4052 13.668
1.41821 14.102
1.43121 14.532
1.44423 14.962
1.45724 15.386
1.47025 15.806
1.48326 16.22
1.49628 16.628
1.50929 17.028
1.52229 17.422
1.5353 17.808
1.54831 18.184
1.56133 18.552
1.57434 18.91
1.58735 19.258
1.60036 19.596
1.61338 19.922
1.62638 20.238
1.63939 20.544
1.6524 20.838
1.66542 21.12
1.67843 21.39
1.69144 21.65
1.70444 21.9
1.71747 22.138
1.73047 22.364
1.74348 22.58
1.75649 22.784
1.7695 22.98
1.78252 23.164
1.79553 23.338
1.80853 23.504
1.82154 23.66
1.83456 23.808
1.84757 23.946
1.86058 24.076
1.87359 24.198
1.88661 24.314
1.89962 24.422
1.91262 24.522
1.92563 24.618
1.93865 24.706
1.95166 24.788
1.96467 24.866
1.97768 24.938
1.99068 25.006
2.00371 25.068
2.01671 25.126
2.02972 25.18
2.04273 25.23
2.05575 25.278
2.06876 25.322
2.08177 25.362
2.09477 25.4
2.1078 25.434
2.1208 25.466
2.13381 25.496
2.14682 25.524
2.15984 25.55
2.17285 25.574
2.18586 25.596
2.19886 25.618
2.21187 25.636
2.22489 25.654
2.2379 25.67
2.25091 25.686
2.26392 25.7
2.27694 25.712
2.28995 25.724
2.30295 25.736
2.31596 25.746
2.32898 25.756
2.34199 25.764
2.355 25.772
2.36801 25.78
2.38103 25.786
2.39404 25.792
2.40704 25.798
2.42005 25.804
2.43306 25.81
2.44608 25.814
2.45909 25.818
2.4721 25.822
2.4851 25.826
2.49813 25.83
2.51113 25.832
2.52414 25.836
2.53715 25.838
2.55017 25.84
2.56318 25.842
2.57619 25.844
2.58919 25.846
2.60222 25.848
