0 0
0.0112717 0.0004
0.0225434 0.0012
0.0338152 0.0018
0.0450869 0.0026
0.0563585 0.0034
0.0676302 0.0042
0.0789019 0.0052
0.0901736 0.0062
0.101445 0.0074
0.112717 0.0086
0.123989 0.01
0.13526 0.0114
0.146532 0.013
0.157804 0.0146
0.169075 0.0166
0.180347 0.0186
0.191619 0.0208
0.202891 0.0232
0.214162 0.0256
0.225434 0.0284
0.236706 0.0316
0.247978 0.0348
0.259249 0.0384
0.270521 0.0422
0.281792 0.0466
0.293065 0.0512
0.304336 0.0562
0.315608 0.0616
0.326879 0.0674
0.338152 0.0738
0.349423 0.0806
0.360695 0.0882
0.371966 0.0964
0.383239 0.1052
0.39451 0.1148
0.405782 0.1252
0.417053 0.1366
0.428324 0.1488
0.439597 0.162
0.450869 0.1764
0.46214 0.192
0.473411 0.209
0.484684 0.2272
0.495956 0.2472
0.507227 0.2686
0.518498 0.292
0.529771 0.3172
0.541043 0.3446
0.552314 0.374
0.563585 0.406
0.574857 0.4406
0.58613 0.478
0.597401 0.5184
0.608672 0.5622
0.619944 0.6092
0.631217 0.6602
0.642488 0.715
0.653759 0.7742
0.665031 0.838
0.676304 0.9066
0.687575 0.9804
0.698846 1.0598
0.710118 1.1452
0.721389 1.2368
0.732662 1.335
0.743933 1.4404
0.755205 1.553
0.766476 1.6738
0.777749 1.8026
0.78902 1.9404
0.800292 2.087
0.811563 2.2434
0.822835 2.4096
0.834107 2.5862
0.845379 2.7736
0.85665 2.9722
0.867922 3.1824
0.879194 3.4044
0.890466 3.6386
0.901737 3.8852
0.913009 4.1446
0.924281 4.417
0.935553 4.7028
0.946824 5.0018
0.958096 5.3142
0.969367 5.6402
0.98064 5.9796
0.991911 6.3326
1.00318 6.699
1.01445 7.0786
1.02573 7.4712
1.037 7.8768
1.04827 8.2946
1.05954 8.7248
1.07081 9.1664
1.08209 9.6194
1.09336 10.0828
1.10463 10.5566
1.1159 11.0396
1.12717 11.5312
1.13844 12.0308
1.14971 12.5376
1.16099 13.0508
1.17226 13.5694
1.18353 14.0922
1.1948 14.6182
1.20607 15.1482
1.21735 15.6782
1.22862 16.2102
1.23989 16.7422
1.25116 17.2702
1.26243 17.7982
1.2737 18.3222
1.28498 18.8422
1.29625 19.3562
1.30752 19.8642
1.31879 20.3642
1.33006 20.8582
1.34133 21.3442
1.35261 21.8182
1.36388 22.2842
1.37515 22.7402
1.38642 23.1842
1.39769 23.6162
1.40896 24.0362
1.42024 24.4442
1.43151 24.8402
1.44278 25.2222
1.45406 25.5902
1.46532 25.9462
1.47659 26.2882
1.48787 26.6182
1.49914 26.9322
1.51042 27.2342
1.52168 27.5222
1.53295 27.7982
1.54423 28.0602
1.55549 28.3102
1.56677 28.5462
1.57804 28.7702
1.58932 28.9822
1.60058 29.1842
1.61185 29.3742
1.62313 29.5522
1.63439 29.7202
1.64567 29.8782
1.65694 30.0282
1.66822 30.1662
1.67949 30.2982
1.69075 30.4202
1.70203 30.5342
1.7133 30.6402
1.72458 30.7402
1.73584 30.8342
1.74712 30.9202
1.75839 31.0002
1.76965 31.0762
1.78093 31.1462
1.7922 31.2102
1.80348 31.2702
1.81475 31.3262
1.82601 31.3782
1.83729 31.4262
1.84856 31.4702
1.85984 31.5102
1.8711 31.5482
1.88238 31.5842
1.89365 31.6162
1.90491 31.6462
1.91619 31.6742
1.92746 31.7002
1.93874 31.7242
1.95001 31.7462
1.96129 31.7662
1.97255 31.7842
1.98382 31.8022
1.9951 31.8182
2.00636 31.8322
2.01764 31.8462
2.02891 31.8582
2.04019 31.8702
2.05145 31.8802
2.06272 31.8902
2.074 31.8982
2.08526 31.9062
2.09654 31.9142
2.10781 31.9222
2.11908 31.9282
2.13036 31.9342
2.14162 31.9402
2.1529 31.9442
2.16417 31.9502
2.17545 31.9542
2.18671 31.9582
2.19798 31.9602
2.20926 31.9642
2.22052 31.9682
2.2318 31.9702
2.24307 31.9722
2.25435 31.9762
