0 0
0.012106 0.0006
0.0242119 0.0012
0.0363179 0.002
0.0484237 0.0026
0.0605297 0.0036
0.0726357 0.0044
0.0847416 0.0054
0.0968476 0.0066
0.108954 0.0078
0.12106 0.009
0.133165 0.0104
0.145272 0.012
0.157377 0.0136
0.169484 0.0154
0.181589 0.0172
0.193695 0.0194
0.205801 0.0216
0.217907 0.024
0.230013 0.0266
0.242119 0.0296
0.254225 0.0328
0.266331 0.036
0.278437 0.0398
0.290543 0.0438
0.302648 0.048
0.314755 0.0528
0.32686 0.0578
0.338967 0.0632
0.351072 0.0692
0.363179 0.0756
0.375284 0.0826
0.38739 0.0902
0.399496 0.0984
0.411601 0.1074
0.423708 0.117
0.435813 0.1274
0.44792 0.1388
0.460025 0.151
0.472132 0.1644
0.484237 0.1786
0.496344 0.1942
0.508449 0.211
0.520556 0.2294
0.532661 0.249
0.544768 0.2704
0.556873 0.2934
0.56898 0.3184
0.581085 0.3452
0.593192 0.3744
0.605297 0.4058
0.617404 0.4398
0.629509 0.4766
0.641616 0.5162
0.653721 0.5588
0.665828 0.605
0.677933 0.6546
0.690039 0.708
0.702145 0.7656
0.714251 0.8274
0.726357 0.894
0.738463 0.9656
0.750569 1.0424
0.762675 1.125
0.774781 1.2134
0.786887 1.3082
0.798992 1.4096
0.811099 1.518
0.823204 1.634
0.835311 1.7576
0.847416 1.8896
0.859523 2.0302
0.871628 2.1796
0.883735 2.3386
0.89584 2.5072
0.907947 2.686
0.920052 2.8752
0.932159 3.0752
0.944264 3.2862
0.956371 3.5088
0.968476 3.743
0.980583 3.989
0.992688 4.2472
1.00479 4.5176
1.0169 4.8006
1.02901 5.0962
1.04111 5.4042
1.05322 5.7242
1.06532 6.0562
1.07743 6.4002
1.08954 6.7582
1.10164 7.1262
1.11375 7.5062
1.12585 7.8982
1.13796 8.3002
1.15006 8.7142
1.16217 9.1362
1.17428 9.5682
1.18638 10.0082
1.19849 10.4562
1.2106 10.9122
1.2227 11.3742
1.23481 11.8422
1.24691 12.3142
1.25902 12.7922
1.27112 13.2722
1.28323 13.7542
1.29534 14.2362
1.30744 14.7202
1.31955 15.2042
1.33165 15.6862
1.34376 16.1642
1.35587 16.6402
1.36797 17.1122
1.38008 17.5802
1.39218 18.0402
1.40429 18.4942
1.41639 18.9422
1.4285 19.3802
1.44061 19.8102
1.45272 20.2302
1.46482 20.6422
1.47692 21.0422
1.48903 21.4302
1.50113 21.8082
1.51324 22.1762
1.52535 22.5302
1.53746 22.8722
1.54957 23.2022
1.56166 23.5202
1.57377 23.8262
1.58588 24.1182
1.59798 24.3982
1.61009 24.6662
1.6222 24.9222
1.63429 25.1662
1.6464 25.3982
1.65851 25.6182
1.67062 25.8262
1.68273 26.0242
1.69484 26.2122
1.70694 26.3882
1.71904 26.5542
1.73115 26.7122
1.74325 26.8602
1.75536 26.9982
1.76747 27.1282
1.77958 27.2502
1.79167 27.3662
1.80378 27.4722
1.81589 27.5722
1.828 27.6662
1.8401 27.7542
1.85221 27.8342
1.86432 27.9102
1.87641 27.9802
1.88852 28.0462
1.90063 28.1082
1.91274 28.1642
1.92485 28.2162
1.93695 28.2662
1.94905 28.3122
1.96116 28.3542
1.97326 28.3922
1.98537 28.4282
1.99748 28.4622
2.00959 28.4922
2.02168 28.5222
2.03379 28.5482
2.0459 28.5722
2.05801 28.5962
2.07012 28.6162
2.08222 28.6362
2.09433 28.6542
2.10643 28.6702
2.11853 28.6862
2.13064 28.7002
2.14275 28.7122
2.15486 28.7242
2.16697 28.7362
2.17906 28.7462
2.19117 28.7562
2.20328 28.7642
2.21538 28.7722
2.22749 28.7802
2.2396 28.7862
2.25171 28.7942
2.2638 28.7982
2.27591 28.8042
2.28802 28.8102
2.30013 28.8142
2.31223 28.8182
2.32434 28.8222
2.33645 28.8262
2.34854 28.8302
2.36065 28.8322
2.37276 28.8342
2.38487 28.8382
2.39698 28.8402
2.40909 28.8422
2.42118 28.8442
