  0.11538462E+00 -0.99436281E-08 -0.66425647E-08 -0.40438222E-10 -0.57568894E-07 -0.35046460E-09  0.59604645E-07  0.20469008E-01  0.40937841E-01
  0.23076923E+00 -0.29741221E-07 -0.19930571E-07 -0.30927139E-09 -0.11516273E-06 -0.23298872E-08  0.59604645E-07  0.20469006E-01  0.40937841E-01
  0.34615386E+00 -0.59010546E-07 -0.39671530E-07 -0.99349706E-09 -0.17108832E-06 -0.59299556E-08  0.59604645E-07  0.20469002E-01  0.40937841E-01
  0.46153846E+00 -0.12327149E-06 -0.78765069E-07  0.10247770E-07 -0.33881068E-06  0.97424312E-07  0.59604645E-07  0.20468993E-01  0.40937845E-01
  0.57692307E+00 -0.21956407E-06 -0.13566815E-06  0.32123697E-07 -0.49315997E-06  0.18959138E-06  0.59604645E-07  0.20468980E-01  0.40937852E-01
  0.69230771E+00 -0.34527619E-06 -0.20944080E-06  0.62230029E-07 -0.63936301E-06  0.26092150E-06  0.00000000E+00  0.20468961E-01  0.40937863E-01
  0.80769229E+00 -0.48471333E-06 -0.29096321E-06  0.96537029E-07 -0.70652754E-06  0.29732732E-06  0.00000000E+00  0.20468941E-01  0.40937874E-01
  0.92307693E+00 -0.63289264E-06 -0.37814297E-06  0.13135636E-06 -0.75555789E-06  0.30176753E-06  0.00000000E+00  0.20468919E-01  0.40937886E-01
  0.10384616E+01 -0.78375859E-06 -0.46830783E-06  0.16259369E-06 -0.78142881E-06  0.27072358E-06  0.00000000E+00  0.20468898E-01  0.40937893E-01
  0.11538461E+01 -0.93232126E-06 -0.55936562E-06  0.18654568E-06 -0.78916753E-06  0.20758385E-06  0.00000000E+00  0.20468878E-01  0.40937897E-01
  0.12692307E+01 -0.10738352E-05 -0.64921630E-06  0.20002125E-06 -0.77870607E-06  0.11678833E-06  0.00000000E+00  0.20468859E-01  0.40937893E-01
  0.13846154E+01 -0.12040368E-05 -0.73553969E-06  0.20145467E-06 -0.74813579E-06  0.12422982E-07 -0.11920929E-06  0.20468844E-01  0.40937886E-01
  0.15000000E+01 -0.12998250E-05 -0.80331091E-06  0.18971744E-06 -0.58735066E-06 -0.10172267E-06 -0.11920929E-06  0.20468835E-01  0.40937874E-01
  0.16153846E+01 -0.13598751E-05 -0.85154875E-06  0.16510386E-06 -0.41806123E-06 -0.21331768E-06 -0.11920929E-06  0.20468831E-01  0.40937856E-01
  0.17307693E+01 -0.13839755E-05 -0.87964571E-06  0.12901386E-06 -0.24350695E-06 -0.31278000E-06 -0.11920929E-06  0.20468833E-01  0.40937837E-01
  0.18461539E+01 -0.13740181E-05 -0.88815534E-06  0.83570150E-07 -0.73750208E-07 -0.39384545E-06 -0.11920929E-06  0.20468839E-01  0.40937815E-01
  0.19615384E+01 -0.13322323E-05 -0.87741563E-06  0.32217631E-07  0.93077446E-07 -0.44505515E-06 -0.11920929E-06  0.20468850E-01  0.40937793E-01
  0.20769231E+01 -0.12628836E-05 -0.84892775E-06 -0.21016056E-07  0.24689504E-06 -0.46135864E-06 -0.11920929E-06  0.20468865E-01  0.40937774E-01
  0.21923077E+01 -0.11700927E-05 -0.80419750E-06 -0.72407055E-07  0.38766228E-06 -0.44538865E-06  0.00000000E+00  0.20468881E-01  0.40937759E-01
  0.23076923E+01 -0.10790247E-05 -0.75859293E-06 -0.11772947E-06  0.39523954E-06 -0.39279425E-06  0.00000000E+00  0.20468898E-01  0.40937752E-01
  0.24230769E+01 -0.99387682E-06 -0.71402695E-06 -0.15432730E-06  0.38623870E-06 -0.31718108E-06  0.00000000E+00  0.20468913E-01  0.40937748E-01
  0.25384614E+01 -0.91809625E-06 -0.67202694E-06 -0.17988829E-06  0.36400024E-06 -0.22152861E-06  0.00000000E+00  0.20468924E-01  0.40937752E-01
  0.26538463E+01 -0.85470595E-06 -0.63413393E-06 -0.19298992E-06  0.32840617E-06 -0.11354737E-06  0.00000000E+00  0.20468934E-01  0.40937763E-01
  0.27692308E+01 -0.80485876E-06 -0.60112995E-06 -0.19367229E-06  0.28603461E-06 -0.59139182E-08  0.00000000E+00  0.20468939E-01  0.40937778E-01
  0.28846154E+01 -0.76914478E-06 -0.57361035E-06 -0.18254150E-06  0.23850347E-06  0.96466884E-07  0.00000000E+00  0.20468943E-01  0.40937800E-01
  0.30000000E+01 -0.74705895E-06 -0.55200081E-06 -0.16188463E-06  0.18728285E-06  0.17902624E-06  0.00000000E+00  0.20468943E-01  0.40937822E-01
  0.31153846E+01 -0.73705206E-06 -0.53614627E-06 -0.13433471E-06  0.13740596E-06  0.23876595E-06  0.00000000E+00  0.20468941E-01  0.40937845E-01
  0.32307692E+01 -0.73850890E-06 -0.52647601E-06 -0.10241021E-06  0.83808871E-07  0.27667900E-06  0.00000000E+00  0.20468937E-01  0.40937867E-01
  0.33461540E+01 -0.74855825E-06 -0.52226318E-06 -0.69673014E-07  0.36511416E-07  0.28372239E-06  0.00000000E+00  0.20468932E-01  0.40937886E-01
  0.34615386E+01 -0.76480762E-06 -0.52276545E-06 -0.38681119E-07 -0.43532191E-08  0.26859644E-06  0.00000000E+00  0.20468926E-01  0.40937901E-01
  0.35769231E+01 -0.78468156E-06 -0.52724653E-06 -0.12376464E-07 -0.38835967E-07  0.22797367E-06  0.00000000E+00  0.20468920E-01  0.40937912E-01
  0.36923077E+01 -0.80726244E-06 -0.53553106E-06  0.79317140E-08 -0.71799356E-07  0.17600421E-06  0.00000000E+00  0.20468915E-01  0.40937919E-01
  0.38076923E+01 -0.83065345E-06 -0.54686092E-06  0.20724205E-07 -0.98192110E-07  0.11086824E-06  0.00000000E+00  0.20468911E-01  0.40937919E-01
  0.39230769E+01 -0.85352116E-06 -0.56066460E-06  0.25048543E-07 -0.11963209E-06  0.37477594E-07  0.00000000E+00  0.20468907E-01  0.40937915E-01
  0.40384617E+01 -0.87599392E-06 -0.57693802E-06  0.21173687E-07 -0.14103638E-06 -0.33582090E-07  0.00000000E+00  0.20468906E-01  0.40937908E-01
  0.41538463E+01 -0.89770685E-06 -0.59528338E-06  0.95635970E-08 -0.15899303E-06 -0.10062078E-06  0.00000000E+00  0.20468904E-01  0.40937897E-01
  0.42692308E+01 -0.91876672E-06 -0.61549247E-06 -0.89439256E-08 -0.17514549E-06 -0.16039853E-06  0.00000000E+00  0.20468904E-01  0.40937882E-01
  0.43846154E+01 -0.93953832E-06 -0.63734888E-06 -0.32969993E-07 -0.18942197E-06 -0.20822593E-06  0.00000000E+00  0.20468904E-01  0.40937863E-01
  0.45000000E+01 -0.96132953E-06 -0.66101535E-06 -0.60386924E-07 -0.20510923E-06 -0.23761339E-06  0.00000000E+00  0.20468904E-01  0.40937845E-01
  0.46153846E+01 -0.98505211E-06 -0.68625786E-06 -0.88669253E-07 -0.21876839E-06 -0.24511354E-06  0.00000000E+00  0.20468904E-01  0.40937830E-01
  0.47307692E+01 -0.10113702E-05 -0.71305510E-06 -0.11642499E-06 -0.23224290E-06 -0.24054972E-06  0.00000000E+00  0.20468904E-01  0.40937819E-01
  0.48461537E+01 -0.10410870E-05 -0.74138131E-06 -0.14197003E-06 -0.24549399E-06 -0.22139038E-06  0.00000000E+00  0.20468904E-01  0.40937807E-01
  0.49615383E+01 -0.10748962E-05 -0.77121427E-06 -0.16385032E-06 -0.25855218E-06 -0.18962906E-06  0.00000000E+00  0.20468902E-01  0.40937800E-01
  0.50769229E+01 -0.11124667E-05 -0.80215506E-06 -0.18153163E-06 -0.26815340E-06 -0.15323806E-06  0.00000000E+00  0.20468900E-01  0.40937796E-01
  0.51923079E+01 -0.11541714E-05 -0.83439647E-06 -0.19484662E-06 -0.27942545E-06 -0.11539652E-06  0.00000000E+00  0.20468896E-01  0.40937796E-01
  0.53076925E+01 -0.12115506E-05 -0.87371080E-06 -0.19803113E-06 -0.34072420E-06 -0.27599057E-07 -0.11920929E-06  0.20468891E-01  0.40937804E-01
  0.54230771E+01 -0.12629704E-05 -0.90625474E-06 -0.19282348E-06 -0.28204732E-06  0.45133014E-07 -0.11920929E-06  0.20468883E-01  0.40937819E-01
  0.55384617E+01 -0.13059478E-05 -0.93108417E-06 -0.18135694E-06 -0.21518821E-06  0.99376734E-07 -0.11920929E-06  0.20468878E-01  0.40937837E-01
  0.56538463E+01 -0.13383827E-05 -0.94785696E-06 -0.16680541E-06 -0.14536407E-06  0.12611332E-06 -0.11920929E-06  0.20468872E-01  0.40937860E-01
  0.57692308E+01 -0.13577705E-05 -0.95583448E-06 -0.15196225E-06 -0.69138324E-07  0.12864065E-06 -0.11920929E-06  0.20468868E-01  0.40937882E-01
  0.58846154E+01 -0.13616429E-05 -0.95448161E-06 -0.14015903E-06  0.11724584E-07  0.10229455E-06 -0.11920929E-06  0.20468866E-01  0.40937901E-01
  0.60000000E+01 -0.13494686E-05 -0.94402026E-06 -0.13312371E-06  0.90665218E-07  0.60972809E-07 -0.11920929E-06  0.20468866E-01  0.40937912E-01
  0.61153846E+01 -0.13199133E-05 -0.92408368E-06 -0.13242460E-06  0.17278387E-06  0.60589351E-08 -0.11920929E-06  0.20468870E-01  0.40937919E-01
  0.62307692E+01 -0.12735097E-05 -0.89526901E-06 -0.13878757E-06  0.24972712E-06 -0.55145676E-07 -0.11920929E-06  0.20468876E-01  0.40937919E-01
  0.63461537E+01 -0.12118593E-05 -0.85834392E-06 -0.15131319E-06  0.32001748E-06 -0.10855536E-06 -0.11920929E-06  0.20468885E-01  0.40937912E-01
  0.64615383E+01 -0.11373478E-05 -0.81425560E-06 -0.16807124E-06  0.38209865E-06 -0.14523641E-06  0.00000000E+00  0.20468896E-01  0.40937901E-01
  0.65769229E+01 -0.10602714E-05 -0.77106858E-06 -0.19266280E-06  0.37428723E-06 -0.21312681E-06  0.00000000E+00  0.20468907E-01  0.40937886E-01
  0.66923079E+01 -0.98372630E-06 -0.72991213E-06 -0.22228384E-06  0.35668953E-06 -0.25671574E-06  0.00000000E+00  0.20468920E-01  0.40937867E-01
  0.68076925E+01 -0.91138213E-06 -0.69210165E-06 -0.25354061E-06  0.32769071E-06 -0.27089189E-06  0.00000000E+00  0.20468934E-01  0.40937848E-01
  0.69230771E+01 -0.84766509E-06 -0.65933796E-06 -0.28268369E-06  0.28395195E-06 -0.25257347E-06  0.00000000E+00  0.20468945E-01  0.40937833E-01
  0.70384617E+01 -0.79007640E-06 -0.63292975E-06 -0.31863649E-06  0.22887107E-06 -0.31159095E-06  0.00000000E+00  0.20468956E-01  0.40937815E-01
  0.71538463E+01 -0.74230661E-06 -0.61419189E-06 -0.35796239E-06  0.16239480E-06 -0.34082444E-06  0.00000000E+00  0.20468965E-01  0.40937796E-01
  0.72692308E+01 -0.70699400E-06 -0.60385872E-06 -0.39758822E-06  0.89554057E-07 -0.34342395E-06  0.00000000E+00  0.20468974E-01  0.40937778E-01
  0.73846154E+01 -0.70074066E-06 -0.60979244E-06 -0.42789603E-06 -0.51425545E-07 -0.26266758E-06  0.00000000E+00  0.20468978E-01  0.40937763E-01
  0.75000000E+01 -0.72498113E-06 -0.63215174E-06 -0.44649295E-06 -0.19378075E-06 -0.16117345E-06  0.00000000E+00  0.20468978E-01  0.40937755E-01
  0.76153846E+01 -0.78073646E-06 -0.67131339E-06 -0.45246728E-06 -0.33940108E-06 -0.51777519E-07  0.00000000E+00  0.20468973E-01  0.40937752E-01
  0.77307692E+01 -0.86705791E-06 -0.72669360E-06 -0.44596499E-06 -0.47996161E-06  0.56353201E-07  0.00000000E+00  0.20468961E-01  0.40937755E-01
  0.78461537E+01 -0.98075429E-06 -0.79675669E-06 -0.42876138E-06 -0.60721334E-06  0.14909793E-06  0.00000000E+00  0.20468947E-01  0.40937763E-01
  0.79615383E+01 -0.11181003E-05 -0.87998421E-06 -0.40375227E-06 -0.72130490E-06  0.21674576E-06  0.00000000E+00  0.20468928E-01  0.40937774E-01
  0.80769234E+01 -0.12745124E-05 -0.97447560E-06 -0.37440196E-06 -0.81892563E-06  0.25436933E-06 -0.11920929E-06  0.20468906E-01  0.40937785E-01
  0.81923075E+01 -0.14238999E-05 -0.10642783E-05 -0.34503512E-06 -0.77829043E-06  0.25451254E-06 -0.11920929E-06  0.20468885E-01  0.40937796E-01
  0.83076925E+01 -0.15610633E-05 -0.11471021E-05 -0.31917992E-06 -0.71780670E-06  0.22407831E-06 -0.11920929E-06  0.20468866E-01  0.40937804E-01
  0.84230766E+01 -0.16869812E-05 -0.12206634E-05 -0.28802762E-06 -0.63753083E-06  0.26998666E-06 -0.23841858E-06  0.20468848E-01  0.40937815E-01
  0.85384617E+01 -0.17767106E-05 -0.12693821E-05 -0.25472488E-06 -0.42222874E-06  0.28862368E-06 -0.23841858E-06  0.20468833E-01  0.40937830E-01
  0.86538458E+01 -0.18261217E-05 -0.12917527E-05 -0.22301491E-06 -0.19387885E-06  0.27481977E-06 -0.23841858E-06  0.20468824E-01  0.40937848E-01
  0.87692308E+01 -0.18317833E-05 -0.12866568E-05 -0.19640402E-06  0.44164189E-07  0.23062778E-06 -0.23841858E-06  0.20468820E-01  0.40937867E-01
  0.88846159E+01 -0.17917964E-05 -0.12537458E-05 -0.17764464E-06  0.28522814E-06  0.16258132E-06 -0.23841858E-06  0.20468822E-01  0.40937886E-01
  0.90000000E+01 -0.17055618E-05 -0.11930391E-05 -0.16799380E-06  0.52612535E-06  0.83640501E-07 -0.23841858E-06  0.20468831E-01  0.40937904E-01
  0.91153851E+01 -0.15745252E-05 -0.11059234E-05 -0.16871991E-06  0.75500293E-06 -0.62929466E-08 -0.11920929E-06  0.20468846E-01  0.40937919E-01
  0.92307692E+01 -0.14150793E-05 -0.10074340E-05 -0.19214337E-06  0.85357453E-06 -0.20300334E-06 -0.11920929E-06  0.20468868E-01  0.40937923E-01
  0.93461542E+01 -0.12324969E-05 -0.90026833E-06 -0.23581123E-06  0.92876888E-06 -0.37845473E-06 -0.11920929E-06  0.20468894E-01  0.40937915E-01
  0.94615383E+01 -0.10330282E-05 -0.78729715E-06 -0.29583521E-06  0.97908332E-06 -0.52020772E-06  0.00000000E+00  0.20468924E-01  0.40937901E-01
  0.95769234E+01 -0.84462090E-06 -0.68523252E-06 -0.36645574E-06  0.88455994E-06 -0.61204457E-06  0.00000000E+00  0.20468954E-01  0.40937878E-01
  0.96923075E+01 -0.67578662E-06 -0.59748692E-06 -0.44088753E-06  0.76046194E-06 -0.64507549E-06  0.00000000E+00  0.20468982E-01  0.40937852E-01
  0.98076925E+01 -0.53338033E-06 -0.52650216E-06 -0.51274583E-06  0.61520143E-06 -0.62277201E-06  0.00000000E+00  0.20469008E-01  0.40937822E-01
  0.99230766E+01 -0.42546895E-06 -0.47550017E-06 -0.57556258E-06  0.44201727E-06 -0.54441171E-06  0.00000000E+00  0.20469029E-01  0.40937793E-01
  0.10038462E+02 -0.35840080E-06 -0.44673430E-06 -0.62340132E-06  0.24930418E-06 -0.41460234E-06  0.00000000E+00  0.20469042E-01  0.40937763E-01
  0.10153846E+02 -0.33630300E-06 -0.44130064E-06 -0.65129592E-06  0.47091703E-07 -0.24175330E-06  0.00000000E+00  0.20469047E-01  0.40937737E-01
  0.10269231E+02 -0.36227061E-06 -0.45991888E-06 -0.65521544E-06 -0.16135814E-06 -0.33969073E-07  0.00000000E+00  0.20469045E-01  0.40937718E-01
  0.10384616E+02 -0.43714562E-06 -0.50256199E-06 -0.63339473E-06 -0.36957383E-06  0.18911305E-06  0.00000000E+00  0.20469034E-01  0.40937707E-01
  0.10500000E+02 -0.55874227E-06 -0.56786689E-06 -0.58611619E-06 -0.56597571E-06  0.40974763E-06  0.00000000E+00  0.20469014E-01  0.40937707E-01
  0.10615385E+02 -0.72246780E-06 -0.65372865E-06 -0.51625034E-06 -0.74413498E-06  0.60550377E-06  0.00000000E+00  0.20468986E-01  0.40937714E-01
  0.10730769E+02 -0.92133530E-06 -0.75689059E-06 -0.42800121E-06 -0.89407030E-06  0.76482581E-06  0.00000000E+00  0.20468952E-01  0.40937729E-01
  0.10846154E+02 -0.11527334E-05 -0.87354624E-06 -0.31517209E-06 -0.10110157E-05  0.97785255E-06  0.00000000E+00  0.20468911E-01  0.40937755E-01
  0.10961538E+02 -0.14059001E-05 -0.99912688E-06 -0.18558039E-06 -0.10883653E-05  0.11231281E-05 -0.11920929E-06  0.20468866E-01  0.40937793E-01
  0.11076923E+02 -0.16486052E-05 -0.11154198E-05 -0.49048836E-07 -0.10078716E-05  0.11832734E-05 -0.11920929E-06  0.20468822E-01  0.40937833E-01
  0.11192307E+02 -0.18681978E-05 -0.12173025E-05  0.84488278E-07 -0.88298356E-06  0.11573217E-05 -0.23841858E-06  0.20468781E-01  0.40937874E-01
  0.11307693E+02 -0.20328482E-05 -0.12869590E-05  0.20481927E-06 -0.60368995E-06  0.10428686E-05 -0.23841858E-06  0.20468747E-01  0.40937912E-01
  0.11423077E+02 -0.21326589E-05 -0.13206118E-05  0.30348235E-06 -0.29165787E-06  0.85507992E-06 -0.23841858E-06  0.20468723E-01  0.40937938E-01
  0.11538462E+02 -0.21605310E-05 -0.13154174E-05  0.37480996E-06  0.45018123E-07  0.61817258E-06 -0.35762787E-06  0.20468712E-01  0.40937953E-01
  0.11653846E+02 -0.20799505E-05 -0.12502293E-05  0.40921310E-06  0.56496413E-06  0.29816050E-06 -0.23841858E-06  0.20468717E-01  0.40937949E-01
  0.11769231E+02 -0.19156366E-05 -0.11389965E-05  0.41428387E-06  0.96401800E-06  0.43946766E-07 -0.23841858E-06  0.20468736E-01  0.40937934E-01
  0.11884616E+02 -0.16728566E-05 -0.98400699E-06  0.39369218E-06  0.13432420E-05 -0.17846141E-06 -0.23841858E-06  0.20468768E-01  0.40937908E-01
  0.12000000E+02 -0.13597440E-05 -0.78848075E-06  0.35404574E-06  0.16945609E-05 -0.34360255E-06 -0.11920929E-06  0.20468809E-01  0.40937874E-01
  0.12115385E+02 -0.10084035E-05 -0.57063443E-06  0.30490364E-06  0.18880014E-05 -0.42589815E-06  0.00000000E+00  0.20468855E-01  0.40937837E-01
  0.12230769E+02 -0.65098789E-06 -0.34868322E-06  0.25592612E-06  0.19235772E-05 -0.42447169E-06  0.00000000E+00  0.20468904E-01  0.40937804E-01
  0.12346154E+02 -0.30102623E-06 -0.12833564E-06  0.21704554E-06  0.19096790E-05 -0.33696503E-06  0.00000000E+00  0.20468950E-01  0.40937774E-01
  0.12461538E+02  0.55380596E-07  0.98561969E-07  0.18492472E-06  0.19664460E-05 -0.27838044E-06  0.59604645E-07  0.20468997E-01  0.40937752E-01
  0.12576923E+02  0.39659275E-06  0.32021404E-06  0.16745661E-06  0.19209847E-05 -0.15139024E-06  0.11920929E-06  0.20469040E-01  0.40937740E-01
  0.12692307E+02  0.70162923E-06  0.52500855E-06  0.17176716E-06  0.17748860E-05  0.37358081E-07  0.11920929E-06  0.20469075E-01  0.40937737E-01
  0.12807693E+02  0.96201802E-06  0.70871283E-06  0.20210256E-06  0.15921037E-05  0.26290681E-06  0.23841858E-06  0.20469103E-01  0.40937752E-01
  0.12923077E+02  0.11654718E-05  0.86148339E-06  0.25350670E-06  0.13240116E-05  0.44550251E-06  0.23841858E-06  0.20469122E-01  0.40937778E-01
  0.13038462E+02  0.13087986E-05  0.98096564E-06  0.32529960E-06  0.10355129E-05  0.62220522E-06  0.29802322E-06  0.20469131E-01  0.40937819E-01
  0.13153846E+02  0.13818869E-05  0.10592939E-05  0.41410809E-06  0.67884497E-06  0.76967359E-06  0.29802322E-06  0.20469129E-01  0.40937871E-01
  0.13269231E+02  0.13881208E-05  0.10967691E-05  0.51406545E-06  0.32478474E-06  0.86629723E-06  0.29802322E-06  0.20469118E-01  0.40937927E-01
  0.13384616E+02  0.13333305E-05  0.10946374E-05  0.61725103E-06 -0.18475024E-07  0.89427488E-06  0.29802322E-06  0.20469099E-01  0.40937986E-01
  0.13500000E+02  0.12247085E-05  0.10547154E-05  0.71472942E-06 -0.34598986E-06  0.84481275E-06  0.29802322E-06  0.20469075E-01  0.40938038E-01
  0.13615385E+02  0.10705646E-05  0.97960321E-06  0.79768046E-06 -0.65097225E-06  0.71890906E-06  0.23841858E-06  0.20469047E-01  0.40938079E-01
  0.13730769E+02  0.88970967E-06  0.87913963E-06  0.85799951E-06 -0.87068457E-06  0.52276505E-06  0.23841858E-06  0.20469019E-01  0.40938105E-01
  0.13846154E+02  0.68920770E-06  0.75596449E-06  0.88947809E-06 -0.10675179E-05  0.27281439E-06  0.11920929E-06  0.20468991E-01  0.40938113E-01
  0.13961538E+02  0.49706443E-06  0.62719749E-06  0.88746356E-06 -0.11159807E-05 -0.17459440E-07  0.11920929E-06  0.20468969E-01  0.40938098E-01
  0.14076923E+02  0.31735777E-06  0.49516484E-06  0.85077897E-06 -0.11442829E-05 -0.31793323E-06  0.11920929E-06  0.20468952E-01  0.40938064E-01
  0.14192307E+02  0.15189337E-06  0.36165142E-06  0.78116750E-06 -0.11571165E-05 -0.60329955E-06  0.59604645E-07  0.20468941E-01  0.40938012E-01
  0.14307693E+02  0.10756352E-07  0.23472850E-06  0.68267281E-06 -0.10999986E-05 -0.85362058E-06  0.59604645E-07  0.20468935E-01  0.40937949E-01
  0.14423077E+02 -0.10762214E-06  0.11547021E-06  0.56165493E-06 -0.10335718E-05 -0.10488217E-05  0.59604645E-07  0.20468935E-01  0.40937882E-01
  0.14538462E+02 -0.21994528E-06 -0.27538576E-08  0.43162899E-06 -0.10246087E-05 -0.11268914E-05  0.59604645E-07  0.20468937E-01  0.40937819E-01
  0.14653846E+02 -0.32985187E-06 -0.11982695E-06  0.30022289E-06 -0.10146335E-05 -0.11388528E-05  0.00000000E+00  0.20468939E-01  0.40937763E-01
  0.14769231E+02 -0.43048925E-06 -0.22900733E-06  0.17395654E-06 -0.94622987E-06 -0.10943085E-05  0.00000000E+00  0.20468943E-01  0.40937722E-01
  0.14884616E+02 -0.55178600E-06 -0.34428166E-06  0.70727062E-07 -0.99904423E-06 -0.89465544E-06  0.00000000E+00  0.20468941E-01  0.40937703E-01
  0.15000000E+02 -0.69442899E-06 -0.46542317E-06 -0.74114865E-08 -0.10498929E-05 -0.67720072E-06  0.00000000E+00  0.20468934E-01  0.40937703E-01
  0.15115385E+02 -0.85406162E-06 -0.59175261E-06 -0.67134586E-07 -0.10948551E-05 -0.51760020E-06  0.00000000E+00  0.20468922E-01  0.40937714E-01
  0.15230769E+02 -0.10280766E-05 -0.72212515E-06 -0.11022237E-06 -0.11298952E-05 -0.37342750E-06  0.00000000E+00  0.20468907E-01  0.40937737E-01
  0.15346154E+02 -0.12120541E-05 -0.85504456E-06 -0.14102551E-06 -0.11519681E-05 -0.26696046E-06 -0.11920929E-06  0.20468889E-01  0.40937763E-01
  0.15461538E+02 -0.13799144E-05 -0.97476266E-06 -0.16445922E-06 -0.10375564E-05 -0.20309218E-06 -0.11920929E-06  0.20468872E-01  0.40937785E-01
  0.15576923E+02 -0.15396563E-05 -0.10859368E-05 -0.17849770E-06 -0.96350914E-06 -0.12166684E-06 -0.11920929E-06  0.20468855E-01  0.40937807E-01
  0.15692307E+02 -0.16867092E-05 -0.11870757E-05 -0.18780864E-06 -0.87653660E-06 -0.80694761E-07 -0.23841858E-06  0.20468839E-01  0.40937822E-01
  0.15807693E+02 -0.17960519E-05 -0.12626018E-05 -0.19570165E-06 -0.65455953E-06 -0.68406102E-07 -0.23841858E-06  0.20468827E-01  0.40937830E-01
  0.15923077E+02 -0.18647860E-05 -0.13115844E-05 -0.20518115E-06 -0.42451578E-06 -0.82155758E-07 -0.23841858E-06  0.20468820E-01  0.40937830E-01
  0.16038462E+02 -0.18905671E-05 -0.13328702E-05 -0.21747628E-06 -0.18447679E-06 -0.10655776E-06 -0.23841858E-06  0.20468818E-01  0.40937822E-01
  0.16153847E+02 -0.18731100E-05 -0.13262636E-05 -0.23257068E-06  0.57257427E-07 -0.13081809E-06 -0.23841858E-06  0.20468822E-01  0.40937815E-01
  0.16269232E+02 -0.18139287E-05 -0.12923302E-05 -0.24913339E-06  0.29408909E-06 -0.14354337E-06 -0.23841858E-06  0.20468831E-01  0.40937811E-01
  0.16384615E+02 -0.17148811E-05 -0.12320343E-05 -0.26634046E-06  0.52256479E-06 -0.14912806E-06 -0.23841858E-06  0.20468844E-01  0.40937815E-01
  0.16500000E+02 -0.15786659E-05 -0.11467224E-05 -0.28283540E-06  0.73936906E-06 -0.14295605E-06 -0.11920929E-06  0.20468863E-01  0.40937822E-01
  0.16615385E+02 -0.14294260E-05 -0.10520004E-05 -0.29714897E-06  0.82092458E-06 -0.12405096E-06 -0.11920929E-06  0.20468881E-01  0.40937837E-01
  0.16730770E+02 -0.12651569E-05 -0.95038939E-06 -0.32085435E-06  0.88062825E-06 -0.20544675E-06 -0.11920929E-06  0.20468904E-01  0.40937852E-01
  0.16846153E+02 -0.10902877E-05 -0.84440921E-06 -0.35265211E-06  0.91849466E-06 -0.27558048E-06  0.00000000E+00  0.20468928E-01  0.40937860E-01
  0.16961538E+02 -0.93006304E-06 -0.75003965E-06 -0.38999283E-06  0.81786953E-06 -0.32361953E-06  0.00000000E+00  0.20468950E-01  0.40937860E-01
  0.17076923E+02 -0.78950848E-06 -0.66957642E-06 -0.42971234E-06  0.69734773E-06 -0.34423576E-06  0.00000000E+00  0.20468971E-01  0.40937852E-01
  0.17192308E+02 -0.67396388E-06 -0.60530527E-06 -0.46798803E-06  0.55701645E-06 -0.33172270E-06  0.00000000E+00  0.20468989E-01  0.40937837E-01
  0.17307692E+02 -0.58875048E-06 -0.55930775E-06 -0.50042223E-06  0.39864517E-06 -0.28109653E-06  0.00000000E+00  0.20469002E-01  0.40937811E-01
  0.17423077E+02 -0.53794963E-06 -0.53288613E-06 -0.52275914E-06  0.22898720E-06 -0.19358650E-06  0.00000000E+00  0.20469012E-01  0.40937781E-01
  0.17538462E+02 -0.52562109E-06 -0.52713870E-06 -0.53017385E-06  0.49811074E-07 -0.64260711E-07  0.00000000E+00  0.20469014E-01  0.40937748E-01
  0.17653847E+02 -0.55367479E-06 -0.54220891E-06 -0.51927719E-06 -0.13060844E-06  0.94437880E-07  0.00000000E+00  0.20469010E-01  0.40937714E-01
  0.17769232E+02 -0.62330571E-06 -0.57764890E-06 -0.48633530E-06 -0.30714654E-06  0.28549644E-06  0.00000000E+00  0.20468999E-01  0.40937684E-01
  0.17884615E+02 -0.73950866E-06 -0.63227463E-06 -0.41780663E-06 -0.47342289E-06  0.59391499E-06  0.00000000E+00  0.20468976E-01  0.40937673E-01
  0.18000000E+02 -0.89728451E-06 -0.70337995E-06 -0.31557084E-06 -0.61624610E-06  0.88604355E-06  0.00000000E+00  0.20468947E-01  0.40937681E-01
  0.18115385E+02 -0.10892982E-05 -0.78771944E-06 -0.18456190E-06 -0.73094213E-06  0.11354108E-05  0.00000000E+00  0.20468909E-01  0.40937707E-01
  0.18230770E+02 -0.12926306E-05 -0.87476707E-06 -0.39039975E-07 -0.75441255E-06  0.12611901E-05 -0.11920929E-06  0.20468868E-01  0.40937744E-01
  0.18346153E+02 -0.14752866E-05 -0.94630258E-06  0.11166547E-06 -0.61997434E-06  0.13061139E-05 -0.11920929E-06  0.20468829E-01  0.40937793E-01
  0.18461538E+02 -0.16261861E-05 -0.99838167E-06  0.25722724E-06 -0.45135221E-06  0.12615353E-05 -0.11920929E-06  0.20468794E-01  0.40937845E-01
  0.18576923E+02 -0.17365319E-05 -0.10265773E-05  0.39333202E-06 -0.24436221E-06  0.11795747E-05 -0.23841858E-06  0.20468764E-01  0.40937897E-01
  0.18692308E+02 -0.17772161E-05 -0.10144194E-05  0.51117428E-06  0.10536863E-06  0.10212998E-05 -0.23841858E-06  0.20468745E-01  0.40937942E-01
  0.18807692E+02 -0.17412031E-05 -0.95967653E-06  0.60337646E-06  0.47443737E-06  0.79908557E-06 -0.23841858E-06  0.20468738E-01  0.40937975E-01
  0.18923077E+02 -0.16251768E-05 -0.86163629E-06  0.66544447E-06  0.84968207E-06  0.53792297E-06 -0.11920929E-06  0.20468744E-01  0.40937994E-01
  0.19038462E+02 -0.14497587E-05 -0.73437917E-06  0.69637969E-06  0.11028950E-05  0.26810540E-06 -0.11920929E-06  0.20468760E-01  0.40937994E-01
  0.19153847E+02 -0.12185584E-05 -0.57963217E-06  0.69822039E-06  0.13411408E-05  0.15952745E-07 -0.11920929E-06  0.20468786E-01  0.40937975E-01
  0.19269232E+02 -0.91236768E-06 -0.38715964E-06  0.66325646E-06  0.16680953E-05 -0.30302056E-06  0.00000000E+00  0.20468827E-01  0.40937938E-01
  0.19384615E+02 -0.56276707E-06 -0.17499040E-06  0.60056294E-06  0.18388001E-05 -0.54334402E-06  0.00000000E+00  0.20468876E-01  0.40937889E-01
  0.19500000E+02 -0.18304175E-06  0.51773497E-07  0.52140399E-06  0.19652871E-05 -0.68604436E-06  0.59604645E-07  0.20468930E-01  0.40937837E-01
  0.19615385E+02  0.20167947E-06  0.28042459E-06  0.43791482E-06  0.19816428E-05 -0.72357267E-06  0.59604645E-07  0.20468986E-01  0.40937789E-01
  0.19730770E+02  0.57617882E-06  0.50489905E-06  0.36233951E-06  0.19454453E-05 -0.65498591E-06  0.11920929E-06  0.20469038E-01  0.40937752E-01
  0.19846153E+02  0.91668358E-06  0.71285547E-06  0.30519922E-06  0.18022890E-05 -0.49521583E-06  0.23841858E-06  0.20469084E-01  0.40937733E-01
  0.19961538E+02  0.12042874E-05  0.89220583E-06  0.26804267E-06  0.15543696E-05 -0.32202348E-06  0.29802322E-06  0.20469122E-01  0.40937733E-01
  0.20076923E+02  0.14201141E-05  0.10320896E-05  0.25604058E-06  0.12123257E-05 -0.10401802E-06  0.29802322E-06  0.20469148E-01  0.40937752E-01
  0.20192308E+02  0.15594237E-05  0.11297923E-05  0.27052943E-06  0.84675662E-06  0.12556998E-06  0.29802322E-06  0.20469163E-01  0.40937789E-01
  0.20307692E+02  0.16204742E-05  0.11835270E-05  0.30963264E-06  0.46570119E-06  0.33889458E-06  0.29802322E-06  0.20469164E-01  0.40937837E-01
  0.20423077E+02  0.16048759E-05  0.11928327E-05  0.36874604E-06  0.80648839E-07  0.51231621E-06  0.29802322E-06  0.20469155E-01  0.40937893E-01
  0.20538462E+02  0.15174644E-05  0.11585778E-05  0.44080448E-06 -0.29687564E-06  0.62450647E-06  0.29802322E-06  0.20469137E-01  0.40937945E-01
  0.20653847E+02  0.13659956E-05  0.10831753E-05  0.51753489E-06 -0.65348820E-06  0.66499695E-06  0.29802322E-06  0.20469110E-01  0.40937990E-01
  0.20769232E+02  0.11586579E-05  0.96943381E-06  0.59098562E-06 -0.98576015E-06  0.63657308E-06  0.23841858E-06  0.20469077E-01  0.40938023E-01
  0.20884615E+02  0.91504705E-06  0.82778109E-06  0.65324917E-06 -0.12276568E-05  0.53961730E-06  0.23841858E-06  0.20469042E-01  0.40938042E-01
  0.21000000E+02  0.64439638E-06  0.66201602E-06  0.69725530E-06 -0.14366306E-05  0.38138649E-06  0.11920929E-06  0.20469004E-01  0.40938042E-01
  0.21115385E+02  0.37535764E-06  0.48964705E-06  0.71822586E-06 -0.14938641E-05  0.18174477E-06  0.11920929E-06  0.20468971E-01  0.40938023E-01
  0.21230770E+02  0.11482723E-06  0.31434325E-06  0.71337530E-06 -0.15192994E-05 -0.42038302E-07  0.59604645E-07  0.20468941E-01  0.40937994E-01
  0.21346153E+02 -0.12225496E-06  0.14586296E-06  0.68209880E-06 -0.14601626E-05 -0.27106313E-06  0.59604645E-07  0.20468917E-01  0.40937953E-01
  0.21461538E+02 -0.34471896E-06 -0.19196108E-07  0.63184956E-06 -0.14305118E-05 -0.43549343E-06  0.00000000E+00  0.20468896E-01  0.40937912E-01
  0.21576923E+02 -0.53965601E-06 -0.17162468E-06  0.56443793E-06 -0.13210476E-05 -0.58423416E-06  0.00000000E+00  0.20468881E-01  0.40937871E-01
  0.21692308E+02 -0.70650077E-06 -0.31021239E-06  0.48236438E-06 -0.12010935E-05 -0.71130427E-06  0.00000000E+00  0.20468872E-01  0.40937833E-01
  0.21807692E+02 -0.84467490E-06 -0.43354453E-06  0.38871622E-06 -0.10688784E-05 -0.81161744E-06  0.00000000E+00  0.20468866E-01  0.40937804E-01
  0.21923077E+02 -0.98124292E-06 -0.55426642E-06  0.29968652E-06 -0.10462561E-05 -0.77159081E-06  0.00000000E+00  0.20468861E-01  0.40937785E-01
  0.22038462E+02 -0.11158976E-05 -0.67177359E-06  0.21647440E-06 -0.10183956E-05 -0.72117166E-06  0.00000000E+00  0.20468855E-01  0.40937778E-01
  0.22153847E+02 -0.12481487E-05 -0.78546759E-06  0.13989464E-06 -0.98534781E-06 -0.66369125E-06 -0.11920929E-06  0.20468848E-01  0.40937778E-01
  0.22269232E+02 -0.13556229E-05 -0.88070971E-06  0.69116702E-07 -0.82543181E-06 -0.61340876E-06 -0.11920929E-06  0.20468844E-01  0.40937781E-01
  0.22384615E+02 -0.14350433E-05 -0.95740040E-06 -0.21145610E-08 -0.66465259E-06 -0.61733761E-06 -0.11920929E-06  0.20468842E-01  0.40937781E-01
  0.22500000E+02 -0.14859556E-05 -0.10151447E-05 -0.73522656E-07 -0.50045060E-06 -0.61887016E-06 -0.11920929E-06  0.20468844E-01  0.40937778E-01
  0.22615385E+02 -0.15220337E-05 -0.10606702E-05 -0.13794332E-06 -0.39455475E-06 -0.55831237E-06 -0.11920929E-06  0.20468848E-01  0.40937770E-01
  0.22730770E+02 -0.15440916E-05 -0.10943604E-05 -0.19489804E-06 -0.29198156E-06 -0.49360750E-06 -0.11920929E-06  0.20468852E-01  0.40937763E-01
  0.22846153E+02 -0.15538703E-05 -0.11167737E-05 -0.24258009E-06 -0.19424780E-06 -0.41324444E-06 -0.11920929E-06  0.20468855E-01  0.40937755E-01
  0.22961538E+02 -0.15523458E-05 -0.11282881E-05 -0.28017266E-06 -0.99791777E-07 -0.32580235E-06 -0.11920929E-06  0.20468859E-01  0.40937752E-01
  0.23076923E+02 -0.15403889E-05 -0.11292854E-05 -0.30707838E-06 -0.86425924E-08 -0.23318293E-06 -0.11920929E-06  0.20468863E-01  0.40937752E-01
  0.23192308E+02 -0.15185750E-05 -0.11201564E-05 -0.32331926E-06  0.79117584E-07 -0.14075420E-06 -0.11920929E-06  0.20468866E-01  0.40937763E-01
  0.23307692E+02 -0.14868749E-05 -0.11011070E-05 -0.32957146E-06  0.16509500E-06 -0.54185854E-07 -0.11920929E-06  0.20468870E-01  0.40937785E-01
  0.23423077E+02 -0.14444465E-05 -0.10723689E-05 -0.32821376E-06  0.24906379E-06  0.11766730E-07 -0.11920929E-06  0.20468876E-01  0.40937815E-01
  0.23538462E+02 -0.13853169E-05 -0.10349528E-05 -0.33422469E-06  0.32427332E-06 -0.52094734E-07 -0.11920929E-06  0.20468883E-01  0.40937841E-01
  0.23653847E+02 -0.13101937E-05 -0.98985970E-06 -0.34919174E-06  0.39080697E-06 -0.12971437E-06 -0.11920929E-06  0.20468894E-01  0.40937863E-01
  0.23769232E+02 -0.12204782E-05 -0.93827322E-06 -0.37386312E-06  0.44708307E-06 -0.21381871E-06 -0.11920929E-06  0.20468907E-01  0.40937878E-01
  0.23884615E+02 -0.11184105E-05 -0.88175949E-06 -0.40845737E-06  0.48978580E-06 -0.29981695E-06  0.00000000E+00  0.20468924E-01  0.40937882E-01
  0.24000000E+02 -0.10284904E-05 -0.83591266E-06 -0.45075734E-06  0.39733905E-06 -0.36659964E-06  0.00000000E+00  0.20468939E-01  0.40937874E-01
  0.24115385E+02 -0.95416272E-06 -0.80205552E-06 -0.49784120E-06  0.29342863E-06 -0.40805995E-06  0.00000000E+00  0.20468954E-01  0.40937856E-01
  0.24230770E+02 -0.90037071E-06 -0.78207700E-06 -0.54548957E-06  0.17314750E-06 -0.41295274E-06  0.00000000E+00  0.20468965E-01  0.40937830E-01
  0.24346153E+02 -0.87044680E-06 -0.77689384E-06 -0.58978799E-06  0.44920483E-07 -0.38391948E-06  0.00000000E+00  0.20468974E-01  0.40937800E-01
  0.24461538E+02 -0.86802459E-06 -0.78761803E-06 -0.62680493E-06 -0.92943225E-07 -0.32081363E-06  0.00000000E+00  0.20468978E-01  0.40937766E-01
  0.24576923E+02 -0.89571279E-06 -0.81457540E-06 -0.65230063E-06 -0.23363053E-06 -0.22096287E-06  0.00000000E+00  0.20468978E-01  0.40937737E-01
  0.24692308E+02 -0.95491203E-06 -0.85772098E-06 -0.66333899E-06 -0.37392832E-06 -0.95666003E-07  0.00000000E+00  0.20468973E-01  0.40937714E-01
  0.24807692E+02 -0.10454137E-05 -0.91624241E-06 -0.65789988E-06 -0.50718592E-06  0.47139096E-07  0.00000000E+00  0.20468961E-01  0.40937703E-01
  0.24923077E+02 -0.11651487E-05 -0.98897760E-06 -0.63663543E-06 -0.63037186E-06  0.18429168E-06  0.00000000E+00  0.20468945E-01  0.40937703E-01
  0.25038462E+02 -0.13100392E-05 -0.10740099E-05 -0.60195123E-06 -0.73694645E-06  0.30059621E-06 -0.11920929E-06  0.20468924E-01  0.40937718E-01
  0.25153847E+02 -0.14549300E-05 -0.11559708E-05 -0.55805253E-06 -0.71032832E-06  0.38045516E-06 -0.11920929E-06  0.20468902E-01  0.40937744E-01
  0.25269232E+02 -0.15929809E-05 -0.12322134E-05 -0.51067849E-06 -0.66076899E-06  0.41057501E-06 -0.11920929E-06  0.20468879E-01  0.40937778E-01
  0.25384615E+02 -0.17176162E-05 -0.13004916E-05 -0.46624231E-06 -0.59174391E-06  0.38511348E-06 -0.23841858E-06  0.20468859E-01  0.40937811E-01
  0.25500000E+02 -0.18016243E-05 -0.13446838E-05 -0.43080294E-06 -0.38299979E-06  0.30714128E-06 -0.23841858E-06  0.20468844E-01  0.40937845E-01
  0.25615385E+02 -0.18399655E-05 -0.13631092E-05 -0.40939634E-06 -0.15968632E-06  0.18552383E-06 -0.23841858E-06  0.20468837E-01  0.40937871E-01
  0.25730770E+02 -0.18296711E-05 -0.13550439E-05 -0.40578954E-06  0.69899585E-07  0.31259034E-07 -0.23841858E-06  0.20468837E-01  0.40937886E-01
  0.25846153E+02 -0.17700304E-05 -0.13205107E-05 -0.42147153E-06  0.29928793E-06 -0.13591062E-06 -0.23841858E-06  0.20468846E-01  0.40937886E-01
  0.25961538E+02 -0.16631459E-05 -0.12604659E-05 -0.45510569E-06  0.52038837E-06 -0.29149601E-06 -0.11920929E-06  0.20468863E-01  0.40937874E-01
  0.26076923E+02 -0.15333683E-05 -0.11900989E-05 -0.50356022E-06  0.60984667E-06 -0.41993920E-06 -0.11920929E-06  0.20468883E-01  0.40937852E-01
  0.26192308E+02 -0.13869551E-05 -0.11118709E-05 -0.56170262E-06  0.67797629E-06 -0.50390076E-06 -0.11920929E-06  0.20468907E-01  0.40937826E-01
  0.26307692E+02 -0.12302600E-05 -0.10282397E-05 -0.62419923E-06  0.72480390E-06 -0.54163712E-06 -0.11920929E-06  0.20468934E-01  0.40937800E-01
  0.26423077E+02 -0.10707299E-05 -0.94224242E-06 -0.68526754E-06  0.74530988E-06 -0.52925878E-06  0.00000000E+00  0.20468960E-01  0.40937778E-01
  0.26538462E+02 -0.93558185E-06 -0.87020504E-06 -0.73945148E-06  0.62432389E-06 -0.46959440E-06  0.00000000E+00  0.20468982E-01  0.40937766E-01
  0.26653847E+02 -0.83059768E-06 -0.81460388E-06 -0.78261627E-06  0.48187690E-06 -0.37409504E-06  0.00000000E+00  0.20468999E-01  0.40937766E-01
  0.26769232E+02 -0.75940108E-06 -0.77716538E-06 -0.81269400E-06  0.32446690E-06 -0.26067374E-06  0.00000000E+00  0.20469010E-01  0.40937778E-01
  0.26884615E+02 -0.72347427E-06 -0.75886578E-06 -0.82964880E-06  0.15859642E-06 -0.14694153E-06  0.00000000E+00  0.20469015E-01  0.40937800E-01
  0.27000000E+02 -0.72013768E-06 -0.76040533E-06 -0.84094063E-06 -0.13342877E-07 -0.97862490E-07  0.00000000E+00  0.20469017E-01  0.40937826E-01
  0.27115385E+02 -0.74886168E-06 -0.78221058E-06 -0.84890843E-06 -0.18897858E-06 -0.69054074E-07  0.00000000E+00  0.20469015E-01  0.40937852E-01
  0.27230770E+02 -0.80797190E-06 -0.82413044E-06 -0.85644751E-06 -0.36330536E-06 -0.65338938E-07  0.00000000E+00  0.20469010E-01  0.40937871E-01
  0.27346153E+02 -0.89535683E-06 -0.88561842E-06 -0.86614165E-06 -0.53289574E-06 -0.84015788E-07  0.00000000E+00  0.20469001E-01  0.40937882E-01
  0.27461538E+02 -0.10082681E-05 -0.96553413E-06 -0.88006607E-06 -0.69260324E-06 -0.12067812E-06  0.00000000E+00  0.20468989E-01  0.40937882E-01
  0.27576923E+02 -0.11443440E-05 -0.10627249E-05 -0.89948685E-06 -0.84232039E-06 -0.16831319E-06  0.00000000E+00  0.20468976E-01  0.40937867E-01
  0.27692308E+02 -0.13281413E-05 -0.11893023E-05 -0.91162445E-06 -0.10970041E-05 -0.10519274E-06 -0.11920929E-06  0.20468956E-01  0.40937841E-01
  0.27807692E+02 -0.15361962E-05 -0.13294341E-05 -0.91590988E-06 -0.12144756E-05 -0.37140374E-07 -0.11920929E-06  0.20468932E-01  0.40937807E-01
  0.27923077E+02 -0.17648483E-05 -0.14803712E-05 -0.91141726E-06 -0.13081216E-05  0.38935841E-07 -0.23841858E-06  0.20468904E-01  0.40937766E-01
  0.28038462E+02 -0.19898530E-05 -0.16254875E-05 -0.89675638E-06 -0.12576743E-05  0.12706109E-06 -0.23841858E-06  0.20468876E-01  0.40937718E-01
  0.28153847E+02 -0.22100066E-05 -0.17613407E-05 -0.86400900E-06 -0.11773948E-05  0.28381078E-06 -0.35762787E-06  0.20468846E-01  0.40937666E-01
  0.28269232E+02 -0.24009760E-05 -0.18708981E-05 -0.81074279E-06 -0.94949763E-06  0.46164030E-06 -0.35762787E-06  0.20468818E-01  0.40937617E-01
  0.28384615E+02 -0.25594302E-05 -0.19511954E-05 -0.73472569E-06 -0.69590868E-06  0.65881477E-06 -0.35762787E-06  0.20468790E-01  0.40937573E-01
  0.28500000E+02 -0.26814669E-05 -0.19990814E-05 -0.63431060E-06 -0.41501249E-06  0.87026439E-06 -0.35762787E-06  0.20468764E-01  0.40937528E-01
  0.28615385E+02 -0.27694587E-05 -0.20112041E-05 -0.49469480E-06 -0.10506378E-06  0.12100037E-05 -0.35762787E-06  0.20468738E-01  0.40937491E-01
  0.28730770E+02 -0.28200843E-05 -0.19848035E-05 -0.31424202E-06  0.22880464E-06  0.15639240E-05 -0.35762787E-06  0.20468710E-01  0.40937457E-01
  0.28846153E+02 -0.28314639E-05 -0.19162544E-05 -0.85835552E-07  0.59409200E-06  0.19795227E-05 -0.35762787E-06  0.20468682E-01  0.40937431E-01
  0.28961538E+02 -0.27996166E-05 -0.18026133E-05  0.19139310E-06  0.98489033E-06  0.24026483E-05 -0.35762787E-06  0.20468654E-01  0.40937405E-01
  0.29076923E+02 -0.26997277E-05 -0.16274769E-05  0.51702443E-06  0.15178490E-05  0.28221382E-05 -0.35762787E-06  0.20468628E-01  0.40937375E-01
  0.29192308E+02 -0.25305108E-05 -0.13876104E-05  0.89819059E-06  0.20788425E-05  0.33034401E-05 -0.35762787E-06  0.20468604E-01  0.40937338E-01
  0.29307692E+02 -0.22763129E-05 -0.10738928E-05  0.13309473E-05  0.27188858E-05  0.37505579E-05 -0.35762787E-06  0.20468583E-01  0.40937286E-01
  0.29423077E+02 -0.19128147E-05 -0.67072403E-06  0.18134572E-05  0.34941293E-05  0.41817525E-05 -0.23841858E-06  0.20468568E-01  0.40937215E-01
  0.29538462E+02 -0.14567202E-05 -0.18289171E-06  0.23647654E-05  0.42278803E-05  0.47780040E-05 -0.11920929E-06  0.20468557E-01  0.40937129E-01
  0.29653847E+02 -0.92329719E-06  0.38456568E-06  0.30002914E-05  0.49179639E-05  0.55078917E-05  0.00000000E+00  0.20468546E-01  0.40937036E-01
  0.29769232E+02 -0.31546847E-06  0.10329704E-05  0.37298482E-05  0.56195081E-05  0.63228254E-05  0.00000000E+00  0.20468531E-01  0.40936932E-01
  0.29884615E+02  0.39451993E-06  0.17843645E-05  0.45640536E-05  0.65120821E-05  0.72297780E-05  0.11920929E-06  0.20468516E-01  0.40936820E-01
  0.30000000E+02  0.11882768E-05  0.26344239E-05  0.55267183E-05  0.73671818E-05  0.83430941E-05  0.23841858E-06  0.20468496E-01  0.40936712E-01
