 -7.47058948E-07  0.
  0.116084471  5.21540642E-08
  0.232169524 -1.86264515E-08
  0.348254472 -8.94069672E-08
  0.464339405 -4.47034836E-08
  0.580424249  3.7252903E-08
  0.696509063  4.47034836E-08
  0.812593818  4.47034836E-08
  0.928678632  4.47034836E-08
  1.04476345  2.98023224E-08
  1.16084826  2.98023224E-08
  1.27693295  7.4505806E-08
  1.39301789 -2.98023224E-08
  1.50910282  0.
  1.62518764  0.
  1.74127245  0.
  1.85735738  0.
  1.9734422  0.
  2.08952689  5.96046448E-08
  2.20561171  5.96046448E-08
  2.32169652  5.96046448E-08
  2.43778133  5.96046448E-08
  2.55386591  1.1920929E-07
  2.66995072  1.1920929E-07
  2.78603578  5.96046448E-08
  2.90212083 -5.96046448E-08
  3.01820564  0.
  3.13429046  0.
  3.25037527  0.
  3.36646008  0.
  3.4825449  0.
  3.59862971  0.
  3.71471453  0.
  3.83079934 -5.96046448E-08
  3.94688416  0.
  4.06296921 -5.96046448E-08
  4.17905378  0.
  4.29513884 -1.1920929E-07
  4.41122341  0.
  4.52730846  0.
  4.64339304  0.
  4.75947809  0.
  4.87556267  5.96046448E-08
  4.99164772  0.
  5.1077323  0.
  5.22381735  0.
  5.33990192  0.
  5.45598698  0.
  5.57207203  0.
  5.6881566  0.
  5.80424166 -1.1920929E-07
  5.92032623  0.
  6.03641129  0.
  6.15249586  0.
  6.26858091  0.
  6.38466549  0.
  6.50075054  0.
  6.61683512  1.1920929E-07
  6.73292017  0.
  6.84900475  0.
  6.9650898  0.
  7.08117437  0.
  7.19725943  0.
  7.313344  0.
  7.42942905  0.
  7.54551411  0.
  7.66159868  0.
  7.77768373  0.
  7.89376831  0.
  8.00985336  0.
  8.12593842  0.
  8.24202251  0.
  8.35810757  0.
  8.47419262  0.
  8.59027767  0.
  8.70636177  0.
  8.82244682  0.
  8.93853188  0.
  9.05461693  0.
  9.17070103  0.
  9.28678608  0.
  9.40287113  0.
  9.51895618  0.
  9.63504124  0.
  9.75112534  0.
  9.86721039  0.
  9.98329544  0.
  10.0993805  0.
  10.2154646  0.
  10.3315496  0.
  10.4476347  0.
  10.5637197  0.
  10.6798038  0.
  10.7958889  0.
  10.911974  0.
  11.028059  0.
  11.1441441  0.
  11.2602282  0.
  11.3763132  0.
  11.4923983  0.
  11.6084833  0.
  11.7245674  0.
  11.8406525  0.
  11.9567375  0.
  12.0728226  0.
  12.1889067  0.
  12.3049917  0.
  12.4210768  0.
  12.5371618  0.
  12.6532459  0.
  12.769331  0.
  12.885416  0.
  13.0015011  0.
  13.1175861  0.
  13.2336702  0.
  13.3497553  0.
  13.4658403  0.
  13.5819254  0.
  13.6980095  0.
  13.8140945  0.
  13.9301796  0.
  14.0462646  0.
  14.1623487  0.
  14.2784338  0.
  14.3945189  0.
  14.5106039  0.
  14.626688  0.
  14.7427731  0.
  14.8588581  0.
  14.9749432  0.
  15.0910282  0.
  15.2071123  0.
  15.3231974  0.
  15.4392824  0.
  15.5553675  0.
  15.6714516  0.
  15.7875366  0.
  15.9036217  0.
  16.0197067  0.
  16.1357918  0.
  16.2518768  0.
  16.36796  0.
  16.484045  0.
  16.6001301  0.
  16.7162151  0.
  16.8323002  0.
  16.9483852  0.
  17.0644703  0.
  17.1805553  0.
  17.2966404  0.
  17.4127235  0.
  17.5288086  0.
  17.6448936  0.
  17.7609787  0.
  17.8770638  0.
  17.9931488  0.
  18.1092339  0.
  18.2253189  0.
  18.3414021  0.
  18.4574871  0.
  18.5735722  0.
  18.6896572  0.
  18.8057423  0.
  18.9218273  0.
  19.0379124  0.
  19.1539974  0.
  19.2700825  0.
  19.3861656  0.
  19.5022507  0.
  19.6183357  0.
  19.7344208  0.
  19.8505058  0.
  19.9665909  0.
  20.0826759  0.
  20.198761  0.
  20.3148441  0.
  20.4309292  0.
  20.5470142  0.
  20.6630993  0.
  20.7791843  0.
  20.8952694  0.
  21.0113544  0.
  21.1274395  0.
  21.2435246  0.
  21.3596077  0.
  21.4756927  0.
  21.5917778  0.
  21.7078629  0.
  21.8239479  0.
  21.940033  0.
  22.056118  0.
  22.1722031  0.
  22.2882881  0.
  22.4043713  0.
  22.5204563  0.
  22.6365414  0.
  22.7526264  0.
  22.8687115  0.
  22.9847965  0.
  23.1008816  0.
  23.2169666  0.
  23.3330498  0.
  23.4491348  0.
  23.5652199  0.
  23.6813049  0.
  23.79739  0.
  23.913475  0.
  24.0295601  0.
  24.1456451  0.
  24.2617302  0.
  24.3778133  0.
  24.4938984  0.
  24.6099834  0.
  24.7260685  0.
  24.8421535  0.
  24.9582386  0.
  25.0743237  0.
  25.1904087  0.
  25.3064919  0.
  25.4225769  0.
  25.538662  0.
  25.654747  0.
  25.7708321  0.
  25.8869171  0.
  26.0030022  0.
  26.1190872  0.
  26.2351723  0.
  26.3512554  0.
  26.4673405  0.
  26.5834255  0.
  26.6995106  0.
  26.8155956  0.
  26.9316807  0.
  27.0477657  0.
  27.1638508  0.
  27.2799339  0.
  27.396019  0.
  27.512104  0.
  27.6281891 -5.96046448E-08
  27.7442741 -5.96046448E-08
  27.8603592 -1.1920929E-07
  27.9764442 -1.1920929E-07
  28.0925293 -1.78813934E-07
  28.2086143 -2.38418579E-07
  28.3246975 -2.38418579E-07
  28.4407825 -3.57627869E-07
  28.5568676 -4.17232513E-07
  28.6729527 -4.76837158E-07
  28.7890377 -5.96046448E-07
  28.9051228 -7.15255737E-07
  29.0212078 -8.34465027E-07
  29.1372929 -1.01327896E-06
  29.253376 -1.25169754E-06
  29.369463 -1.37090683E-06
  29.485548 -1.60932541E-06
  29.6016331 -2.02655792E-06
  29.7177181 -2.38418579E-06
  29.8338032 -2.74181366E-06
  29.9498882 -3.33786011E-06
  30.0659733 -3.81469727E-06
  30.1820602 -4.47034836E-06
  30.2981434 -5.30481339E-06
  30.4142284 -6.19888306E-06
  30.5303154 -7.27176666E-06
  30.6464005 -8.46385956E-06
  30.7624874 -9.95397568E-06
  30.8785725 -1.15633011E-05
  30.9946594 -1.34706497E-05
  31.1107464 -1.59740448E-05
  31.2268314 -1.85370445E-05
  31.3429184 -2.15768814E-05
  31.4590073 -2.5331974E-05
  31.5750961 -2.94446945E-05
  31.6911831 -3.439188E-05
  31.8072739 -4.00543213E-05
  31.9233627 -4.66704369E-05
  32.0394554 -5.42998314E-05
  32.1555481 -6.32405281E-05
  32.2716408 -7.3492527E-05
  32.3877335 -8.54730606E-05
  32.50383 -9.94801521E-05
  32.6199265 -0.000115454197
  32.7360229 -0.000134170055
  32.8521233 -0.000155687332
  32.9682274 -0.00018042326
  33.0843353 -0.000209033489
  33.2004471 -0.000242233276
  33.3165627 -0.000280678272
  33.432682 -0.0003246665
  33.5488091 -0.000375330448
  33.6649399 -0.000433921814
  33.7810822 -0.000500977039
  33.8972282 -0.000578224659
  34.0133858 -0.000666797161
  34.1295547 -0.00076842308
  34.2457352 -0.000884711742
  34.3619308 -0.00101822615
  34.4781418 -0.00117057562
  34.5943756 -0.0013448
  34.7106247 -0.0015437007
  34.8269005 -0.00177049637
  34.9432068 -0.0020288229
  35.0595436 -0.0023226738
  35.1759186 -0.00265657902
  35.2923355 -0.00303554535
  35.4087982 -0.00346529484
  35.5253181 -0.00395148993
  35.6418953 -0.00450122356
  35.7585411 -0.00512194633
  35.8752632 -0.00582170486
  35.9920769 -0.00660938025
  36.1089859 -0.00749444962
  36.2260056 -0.00848770142
  36.3431511 -0.00959980488
  36.460434 -0.0108434558
  36.5778732 -0.0122311115
  36.6954842 -0.0137764215
  36.8132935 -0.015494287
  36.9313202 -0.0173996091
  37.0495872 -0.0195077062
