 -1.70556177E-06  2.38418579E-07
  0.116084151  0.
  0.23216939  6.33299351E-08
  0.348254085  1.08033419E-07
  0.464338928 -7.4505806E-09
  0.580423832 -6.70552254E-08
  0.696508706  1.41561031E-07
  0.812593579 -4.47034836E-08
  0.928678453  7.4505806E-08
  1.04476333 -5.96046448E-08
  1.16084814 -7.4505806E-08
  1.27693295 -4.47034836E-08
  1.39301789 -1.49011612E-08
  1.50910282 -5.96046448E-08
  1.62518764  5.96046448E-08
  1.74127245  2.98023224E-08
  1.85735714  8.94069672E-08
  1.97344196  5.96046448E-08
  2.08952665  0.
  2.20561171  2.98023224E-08
  2.32169628  8.94069672E-08
  2.4377811  8.94069672E-08
  2.55386591  8.94069672E-08
  2.66995072  1.1920929E-07
  2.78603578  5.96046448E-08
  2.90212059  0.
  3.01820564  5.96046448E-08
  3.13429046 -5.96046448E-08
  3.25037551 -5.96046448E-08
  3.36646032  0.
  3.48254514 -5.96046448E-08
  3.59862995  0.
  3.71471477 -5.96046448E-08
  3.83079958 -5.96046448E-08
  3.94688439  0.
  4.06296921 -1.1920929E-07
  4.17905426 -1.1920929E-07
  4.29513931 -5.96046448E-08
  4.41122341  0.
  4.52730846 -5.96046448E-08
  4.64339304  5.96046448E-08
  4.75947809 -1.1920929E-07
  4.87556267  5.96046448E-08
  4.9916482 -1.1920929E-07
  5.1077323  5.96046448E-08
  5.22381735  0.
  5.33990192  5.96046448E-08
  5.45598698  0.
  5.57207203  5.96046448E-08
  5.6881566  0.
  5.80424166 -5.96046448E-08
  5.92032623  0.
  6.03641176 -5.96046448E-08
  6.15249634  0.
  6.26858091  0.
  6.38466549  0.
  6.50075054  0.
  6.61683512  1.1920929E-07
  6.73292017  0.
  6.84900475  0.
  6.9650898  0.
  7.08117437  0.
  7.19725943  0.
  7.313344  0.
  7.42942905  0.
  7.54551411  0.
  7.66159868  0.
  7.77768373  0.
  7.89376831  0.
  8.00985336  0.
  8.12593842  0.
  8.24202251  0.
  8.35810757  0.
  8.47419262  0.
  8.59027767  0.
  8.70636177  0.
  8.82244682  0.
  8.93853188  0.
  9.05461693  0.
  9.17070103  0.
  9.28678608  0.
  9.40287113  0.
  9.51895618  0.
  9.63504124  0.
  9.75112534  0.
  9.86721039  0.
  9.98329544  0.
  10.0993805  0.
  10.2154646  0.
  10.3315496  0.
  10.4476347  0.
  10.5637197  0.
  10.6798038  0.
  10.7958889  0.
  10.911974  0.
  11.028059  0.
  11.1441441  0.
  11.2602282  0.
  11.3763132  0.
  11.4923983  0.
  11.6084833  0.
  11.7245674  0.
  11.8406525  0.
  11.9567375  0.
  12.0728226  0.
  12.1889067  0.
  12.3049917  0.
  12.4210768  0.
  12.5371618  0.
  12.6532459  0.
  12.769331  0.
  12.885416  0.
  13.0015011  0.
  13.1175861  0.
  13.2336702  0.
  13.3497553  0.
  13.4658403  0.
  13.5819254  0.
  13.6980095  0.
  13.8140945  0.
  13.9301796  0.
  14.0462646  0.
  14.1623487  0.
  14.2784338  0.
  14.3945189  0.
  14.5106039  0.
  14.626688  0.
  14.7427731  0.
  14.8588581  0.
  14.9749432  0.
  15.0910282  0.
  15.2071123  0.
  15.3231974  0.
  15.4392824  0.
  15.5553675  0.
  15.6714516  0.
  15.7875366  0.
  15.9036217  0.
  16.0197067  0.
  16.1357918  0.
  16.2518768  0.
  16.36796  0.
  16.484045  0.
  16.6001301  0.
  16.7162151  0.
  16.8323002  0.
  16.9483852  0.
  17.0644703  0.
  17.1805553  0.
  17.2966404  0.
  17.4127235  0.
  17.5288086  0.
  17.6448936  0.
  17.7609787  0.
  17.8770638  0.
  17.9931488  0.
  18.1092339  0.
  18.2253189  0.
  18.3414021  0.
  18.4574871  0.
  18.5735722  0.
  18.6896572  0.
  18.8057423  0.
  18.9218273  0.
  19.0379124  0.
  19.1539974  0.
  19.2700825  0.
  19.3861656  0.
  19.5022507 -5.96046448E-08
  19.6183357 -1.1920929E-07
  19.7344208 -1.78813934E-07
  19.8505058 -2.38418579E-07
  19.9665909 -2.38418579E-07
  20.0826759 -2.98023224E-07
  20.198761 -3.57627869E-07
  20.3148441 -4.17232513E-07
  20.4309292 -5.36441803E-07
  20.5470142 -5.96046448E-07
  20.6630993 -7.15255737E-07
  20.7791843 -8.34465027E-07
  20.8952694 -9.53674316E-07
  21.0113544 -1.13248825E-06
  21.1274414 -1.31130219E-06
  21.2435265 -1.49011612E-06
  21.3596096 -1.66893005E-06
  21.4756947 -2.02655792E-06
  21.5917797 -2.2649765E-06
  21.7078648 -2.62260437E-06
  21.8239498 -3.03983688E-06
  21.9400368 -3.51667404E-06
  22.0561218 -3.9935112E-06
  22.1722069 -4.529953E-06
  22.2882919 -5.06639481E-06
  22.404377 -5.90085983E-06
  22.520462 -6.67572021E-06
  22.6365471 -7.62939453E-06
  22.752634 -8.58306885E-06
  22.868721 -9.77516174E-06
  22.9848061 -1.10864639E-05
  23.100893 -1.257658E-05
  23.21698 -1.42455101E-05
  23.333065 -1.62124634E-05
  23.449152 -1.83582306E-05
  23.565239 -2.07424164E-05
  23.6813259 -2.348423E-05
  23.7974148 -2.65240669E-05
  23.9135017 -3.01599503E-05
  24.0295906 -3.39746475E-05
  24.1456814 -3.83853912E-05
  24.2617702 -4.33325768E-05
  24.3778591 -4.89354134E-05
  24.4939499 -5.52535057E-05
  24.6100426 -6.22272491E-05
  24.7261353 -7.00354576E-05
  24.8422279 -7.89165497E-05
  24.9583225 -8.88109207E-05
  25.074419 -9.98973846E-05
  25.1905174 -0.000112235546
  25.3066139 -0.000126242638
  25.4227142 -0.000141620636
  25.5388165 -0.000158965588
  25.6549206 -0.000178396702
  25.7710285 -0.000199735165
  25.8871384 -0.000223815441
  26.0032501 -0.000250577927
  26.1193657 -0.00028026104
  26.235487 -0.000313341618
  26.3516083 -0.000350058079
  26.4677353 -0.000390768051
  26.583868 -0.000436007977
  26.7000084 -0.000485956669
  26.8161526 -0.000541567802
  26.9323044 -0.000602602959
  27.0484619 -0.000670492649
  27.1646309 -0.000745356083
  27.2808037 -0.000827550888
  27.3969917 -0.000918567181
  27.5131893 -0.00101852417
  27.6293983 -0.00112819672
  27.7456226 -0.00124889612
  27.8618603 -0.00138145685
  27.9781132 -0.00152641535
  28.0943851 -0.0016849041
  28.2106762 -0.00185841322
  28.3269863 -0.00204783678
  28.4433231 -0.00225406885
  28.5596828 -0.00247895718
  28.6760712 -0.00272315741
  28.7924881 -0.00298815966
  28.9089375 -0.00327545404
  29.025423 -0.00358664989
  29.1419449 -0.00392276049
  29.2585068 -0.00428533554
  29.3751144 -0.00467592478
  29.4917698 -0.00509572029
  29.6084747 -0.00554597378
  29.725235 -0.00602817535
  29.8420544 -0.00654363632
  29.9589367 -0.00709313154
  30.0758858 -0.0076777935
  30.1929054 -0.00829821825
  30.3099995 -0.00895518064
  30.4271736 -0.00964850187
  30.5444336 -0.0103785992
  30.6617813 -0.0111444592
  30.7792225 -0.0119459629
  30.8967609 -0.0127811432
  31.0144005 -0.01364851
  31.1321449 -0.0145448446
  31.2499962 -0.0154677033
  31.3679619 -0.0164119601
  31.486042 -0.0173734426
  31.6042385 -0.0183455944
  31.7225513 -0.0193215013
  31.8409824 -0.0202926993
  31.9595299 -0.0212494731
  32.0781898 -0.0221809745
  32.1969643 -0.0230743289
  32.3158417 -0.0239152908
  32.4348183 -0.0246885419
  32.5538826 -0.025375843
  32.673027 -0.0259583592
  32.7922287 -0.0264151692
  32.9114838 -0.0267233253
  33.0307655 -0.0268593431
  33.1500511 -0.0267974138
  33.2693138 -0.0265107751
  33.3885269 -0.0259723663
  33.5076561 -0.0251556635
  33.6266708 -0.0240336061
  33.7455254 -0.0225811601
  33.8641815 -0.0207755566
  33.9825974 -0.0185977817
  34.1007309 -0.0160333514
  34.2185287 -0.013073802
  34.3359528 -0.009719491
  34.4529572 -0.00597894192
  34.5695 -0.00187271833
  34.6855469  0.00256562233
  34.8010597  0.00729012489
  34.9160194  0.0122394562
  35.0304146  0.0173355341
  35.1442337  0.0224869251
  35.2574844  0.027585268
  35.3701859  0.0325102806
  35.4823647  0.0371296406
  35.5940704  0.041302681
  35.7053566  0.044885397
  35.8163071  0.0477339029
  35.9269981  0.0497106314
  36.0375328  0.0506923199
  36.1480255  0.0505768061
  36.2585869  0.049292922
  36.3693504  0.0468087196
  36.480442  0.0431441069
  36.59198  0.0383820534
  36.7040787  0.032682538
  36.8168373  0.0262955427
  36.9303207  0.0195755959
  37.044548  0.0129954815
