 -1.35974403E-06  1.1920929E-07
  0.116084613 -8.19563866E-08
  0.232169956 -2.60770321E-08
  0.34825477 -2.23517418E-08
  0.464339525  3.7252903E-08
  0.580424249  0.
  0.696509123 -4.47034836E-08
  0.812593877  2.68220901E-07
  0.928678691 -1.04308128E-07
  1.04476357  4.47034836E-08
  1.16084826  7.4505806E-08
  1.27693295  4.47034836E-08
  1.39301789  4.47034836E-08
  1.5091027  5.96046448E-08
  1.62518752  0.
  1.74127233  0.
  1.85735703  1.49011612E-07
  1.97344172  1.1920929E-07
  2.08952665  5.96046448E-08
  2.20561147 -1.49011612E-07
  2.32169628  2.98023224E-08
  2.4377811 -2.98023224E-08
  2.55386591 -2.98023224E-08
  2.66995072  2.98023224E-08
  2.78603578 -2.98023224E-08
  2.90212059  5.96046448E-08
  3.0182054 -5.96046448E-08
  3.13429046 -5.96046448E-08
  3.25037527 -1.1920929E-07
  3.36646032 -5.96046448E-08
  3.48254514 -5.96046448E-08
  3.59862971 -5.96046448E-08
  3.71471477 -5.96046448E-08
  3.83079958 -1.1920929E-07
  3.94688439  5.96046448E-08
  4.06296921  0.
  4.17905378  1.1920929E-07
  4.29513884 -5.96046448E-08
  4.41122341  0.
  4.52730846  0.
  4.64339304 -5.96046448E-08
  4.75947809  0.
  4.87556267  0.
  4.9916482 -1.1920929E-07
  5.10773277 -1.1920929E-07
  5.22381783 -5.96046448E-08
  5.3399024 -1.1920929E-07
  5.45598745 -5.96046448E-08
  5.57207251 -5.96046448E-08
  5.68815708 -5.96046448E-08
  5.80424213 -2.38418579E-07
  5.92032671  0.
  6.03641176 -1.78813934E-07
  6.15249634  0.
  6.26858139  0.
  6.38466549  0.
  6.50075054  0.
  6.61683512  0.
  6.73292017  0.
  6.84900475  0.
  6.9650898  0.
  7.08117437  0.
  7.19725943  0.
  7.313344  0.
  7.42942905  0.
  7.54551411  0.
  7.66159868  0.
  7.77768373  0.
  7.89376831  0.
  8.00985336  0.
  8.12593842  0.
  8.24202251  0.
  8.35810757  0.
  8.47419262  0.
  8.59027767  0.
  8.70636177  0.
  8.82244682  0.
  8.93853188  0.
  9.05461693  0.
  9.17070103  0.
  9.28678608  0.
  9.40287113  0.
  9.51895618  0.
  9.63504124  0.
  9.75112534  0.
  9.86721039  0.
  9.98329544  0.
  10.0993805  0.
  10.2154646  0.
  10.3315496  0.
  10.4476347  0.
  10.5637197  0.
  10.6798038  0.
  10.7958889  0.
  10.911974  0.
  11.028059  0.
  11.1441441  0.
  11.2602282  0.
  11.3763132  0.
  11.4923983  0.
  11.6084833  0.
  11.7245674  0.
  11.8406525  0.
  11.9567375  0.
  12.0728226  0.
  12.1889067  0.
  12.3049917  0.
  12.4210768  0.
  12.5371618  0.
  12.6532459  0.
  12.769331  0.
  12.885416  0.
  13.0015011  0.
  13.1175861  0.
  13.2336702  0.
  13.3497553  0.
  13.4658403  0.
  13.5819254  0.
  13.6980095  0.
  13.8140945  0.
  13.9301796  0.
  14.0462646  0.
  14.1623487  0.
  14.2784338  0.
  14.3945189  0.
  14.5106039  0.
  14.626688  0.
  14.7427731  0.
  14.8588581  0.
  14.9749432  0.
  15.0910282  0.
  15.2071123  0.
  15.3231974  0.
  15.4392824  0.
  15.5553675  0.
  15.6714516 -5.96046448E-08
  15.7875366 -5.96046448E-08
  15.9036217 -1.1920929E-07
  16.0197067 -1.78813934E-07
  16.1357918 -2.38418579E-07
  16.2518768 -2.98023224E-07
  16.36796 -3.57627869E-07
  16.484045 -3.57627869E-07
  16.6001301 -4.76837158E-07
  16.7162151 -5.36441803E-07
  16.8323002 -6.55651093E-07
  16.9483852 -7.74860382E-07
  17.0644703 -8.94069672E-07
  17.1805553 -1.01327896E-06
  17.2966423 -1.13248825E-06
  17.4127254 -1.31130219E-06
  17.5288105 -1.49011612E-06
  17.6448956 -1.78813934E-06
  17.7609806 -1.96695328E-06
  17.8770657 -2.2649765E-06
  17.9931507 -2.56299973E-06
  18.1092358 -2.86102295E-06
  18.2253227 -3.39746475E-06
  18.3414059 -3.81469727E-06
  18.4574909 -4.35113907E-06
  18.573576 -4.88758087E-06
  18.6896629 -5.42402267E-06
  18.805748 -6.19888306E-06
  18.921833 -7.03334808E-06
  19.03792 -7.92741776E-06
  19.1540051 -8.94069672E-06
  19.270092 -1.00135803E-05
  19.3861771 -1.13844872E-05
  19.5022621 -1.28746033E-05
  19.6183491 -1.43051147E-05
  19.734436 -1.62124634E-05
  19.850523 -1.80006027E-05
  19.96661 -2.02655792E-05
  20.0826988 -2.28881836E-05
  20.1987858 -2.56299973E-05
  20.3148727 -2.87294388E-05
  20.4309616 -3.22461128E-05
  20.5470505 -3.60608101E-05
  20.6631393 -4.04715538E-05
  20.7792301 -4.529953E-05
  20.8953209 -5.06639481E-05
  21.0114117 -5.65052032E-05
  21.1275043 -6.32405281E-05
  21.243597 -7.05718994E-05
  21.3596878 -7.86781311E-05
  21.4757824 -8.79764557E-05
  21.5918789 -9.81092453E-05
  21.7079754 -0.000109255314
  21.8240738 -0.000121712685
  21.9401741 -0.000135600567
  22.0562763 -0.000150799751
  22.1723804 -0.000167489052
  22.2884846 -0.000186264515
  22.4045906 -0.000206947327
  22.5207024 -0.000229597092
  22.6368141 -0.000254809856
  22.7529316 -0.000282347202
  22.869051 -0.000312805176
  22.9851742 -0.000346422195
  23.1013012 -0.000383377075
  23.2174339 -0.00042372942
  23.3335686 -0.000468373299
  23.4497108 -0.000517070293
  23.5658588 -0.000570595264
  23.6820126 -0.000629246235
  23.7981758 -0.000693261623
  23.9143448 -0.000763297081
  24.0305233 -0.000839948654
  24.1467113 -0.000923395157
  24.2629089 -0.00101435184
  24.3791142 -0.00111341476
  24.4953365 -0.00122135878
  24.6115704 -0.00133836269
  24.7278175 -0.00146526098
  24.8440819 -0.00160324574
  24.9603615 -0.00175261497
  25.0766602 -0.00191402435
  25.1929779 -0.00208836794
  25.3093147 -0.00227671862
  25.4256763 -0.00247961283
  25.5420628 -0.00269794464
  25.6584759 -0.00293278694
  25.7749157 -0.00318437815
  25.8913879 -0.00345438719
  26.0078926 -0.00374335051
  26.1244316 -0.00405216217
  26.2410088 -0.00438159704
  26.3576241 -0.00473254919
  26.4742813 -0.00510531664
  26.5909863 -0.00550127029
  26.707737 -0.00592064857
  26.8245411 -0.00636416674
  26.9413967 -0.00683176517
  27.0583096 -0.00732451677
  27.1752815 -0.00784224272
  27.2923145 -0.00838428736
  27.4094143 -0.00895118713
  27.5265827 -0.00954246521
  27.6438217 -0.0101566911
  27.761137 -0.0107938647
  27.8785267 -0.0114519
  27.9959965 -0.012129426
  28.1135483 -0.0128239989
  28.231184 -0.0135335922
  28.3489037 -0.0142549872
  28.466711 -0.0149843693
  28.5846062 -0.0157184005
  28.702589 -0.0164516568
  28.8206577 -0.0171785951
  28.9388161 -0.0178937316
  29.0570583 -0.0185905099
  29.1753826 -0.0192608237
  29.2937832 -0.0198964477
  29.4122601 -0.0204883814
  29.5308075 -0.0210262537
  29.6494141 -0.0214996338
  29.768074 -0.0218961835
  29.886776 -0.0222040415
  30.0055103 -0.0224092603
  30.1242619 -0.0224981308
  30.2430153 -0.0224564075
  30.3617535 -0.0222680569
  30.4804611 -0.0219179392
  30.5991154 -0.0213908553
  30.7176952 -0.020670712
  30.836174 -0.0197431445
  30.9545269 -0.0185936689
  31.0727291 -0.0172098279
  31.1907482 -0.0155801177
  31.3085575 -0.0136963725
  31.4261265 -0.0115522146
  31.5434246 -0.00914514065
  31.6604252 -0.00647723675
  31.7770958 -0.00355470181
  31.8934097 -0.000389695168
  32.0093422  0.00299990177
  32.1248741  0.00659012794
  32.2399864  0.0103502274
  32.35466  0.0142413378
  32.4688911  0.0182191133
  32.5826759  0.022231698
  32.6960182  0.0262210369
  32.808918  0.0301237106
  32.921402  0.0338722467
  33.033493  0.0373945236
  33.1452217  0.0406185389
  33.2566223  0.0434719324
  33.3677444  0.0458849669
  33.4786339  0.0477913618
  33.5893555  0.0491325855
  33.6999626  0.0498608351
  33.8105316  0.0499379635
  33.9211273  0.0493408442
  34.0318222  0.0480630398
  34.1426849  0.0461169481
  34.2537918  0.0435351133
  34.3652039  0.0403710604
  34.4769783  0.036700964
  34.5891762  0.0326235294
  34.701828  0.0282603502
  34.8149719  0.023753047
  34.9286156  0.019259572
  35.0427475  0.0149546862
  35.1573448  0.0110198259
  35.2723579  0.00763976574
  35.3877144  0.00499355793
  35.5033226  0.0032428503
  35.619072  0.00252318382
  35.7348442  0.00293111801
  35.8504982  0.00450861454
  35.9659042  0.00723385811
  36.0809402  0.0110093355
  36.1954994  0.0156519413
  36.3095016  0.0208939314
  36.4229088  0.0263825655
  36.535717  0.0316910744
  36.6479797  0.0363405943
  36.7598076  0.0398290157
  36.8713455  0.0416748524
  36.9827995  0.0414731503
