 -1.02849037E-06  0.
  0.116084188  1.08033419E-07
  0.232169151  1.52736902E-07
  0.348254114 -1.2293458E-07
  0.464339018  2.5331974E-07
  0.580424011 -4.32133675E-07
  0.696509123  9.68575478E-08
  0.812593877  1.04308128E-07
  0.928678691  1.04308128E-07
  1.04476345  7.4505806E-08
  1.16084814 -1.49011612E-08
  1.27693284  2.5331974E-07
  1.39301777 -8.94069672E-08
  1.5091027 -2.98023224E-08
  1.62518764  0.
  1.74127245  2.98023224E-08
  1.85735714 -8.94069672E-08
  1.97344196 -1.49011612E-07
  2.08952689 -2.38418579E-07
  2.20561171 -8.94069672E-08
  2.32169652  0.
  2.43778133 -1.1920929E-07
  2.55386615 -2.38418579E-07
  2.6699512 -3.57627869E-07
  2.78603649 -7.15255737E-07
  2.90212131 -4.76837158E-07
  3.01820636 -7.74860382E-07
  3.13429117 -1.13248825E-06
  3.25037622 -1.07288361E-06
  3.36646128 -1.25169754E-06
  3.48254633 -1.37090683E-06
  3.59863138 -1.66893005E-06
  3.71471643 -2.02655792E-06
  3.83080125 -2.14576721E-06
  3.9468863 -2.56299973E-06
  4.06297207 -2.98023224E-06
  4.17905712 -3.27825546E-06
  4.29514265 -3.51667404E-06
  4.4112277 -4.11272049E-06
  4.52731323 -4.47034836E-06
  4.64339828 -5.06639481E-06
  4.75948429 -5.7220459E-06
  4.87556934 -6.13927841E-06
  4.99165535 -7.03334808E-06
  5.1077404 -7.80820847E-06
  5.22382641 -8.5234642E-06
  5.33991194 -9.29832458E-06
  5.45599842 -1.02519989E-05
  5.57208443 -1.12056732E-05
  5.68816996 -1.20997429E-05
  5.80425644 -1.32918358E-05
  5.92034245 -1.47223473E-05
  6.03642941 -1.61528587E-05
  6.15251589 -1.78217888E-05
  6.26860285 -1.97291374E-05
  6.38468981 -2.13980675E-05
  6.50077724 -2.36034393E-05
  6.61686468 -2.58088112E-05
  6.73295307 -2.84910202E-05
  6.84904099 -3.12328339E-05
  6.96512985 -3.41534615E-05
  7.08121872 -3.74913216E-05
  7.19730854 -4.11272049E-05
  7.31339788 -4.51207161E-05
  7.42948866 -4.94718552E-05
  7.54557991 -5.42998314E-05
  7.66167116 -5.94258308E-05
  7.77776337 -6.50882721E-05
  7.89385557 -7.12275505E-05
  8.00994968 -7.802248E-05
  8.12604427 -8.53538513E-05
  8.24213886 -9.31620598E-05
  8.35823536 -0.000102102757
  8.47433281 -0.000111281872
  8.59043121 -0.000121355057
  8.70652962 -0.000132441521
  8.82263088 -0.000144600868
  8.9387331 -0.000157535076
  9.05483723 -0.000171422958
  9.17094231 -0.000186800957
  9.28705025 -0.000203251839
  9.4031601 -0.000221133232
  9.51927185 -0.000240623951
  9.63538647 -0.000261187553
  9.75150204 -0.000283837318
  9.86762142 -0.000308275223
  9.98374367 -0.000334441662
  10.0998688 -0.000362575054
  10.2159967 -0.000393211842
  10.3321295 -0.000426054001
  10.448266 -0.000461041927
  10.5644073 -0.000498950481
  10.6805515 -0.000539660454
  10.7967014 -0.000583469868
  10.9128571 -0.000630319118
  11.0290184 -0.000680446625
  11.1451855 -0.000734329224
  11.2613583 -0.000791728497
  11.3775396 -0.000853478909
  11.4937277 -0.000919044018
  11.6099234 -0.000989377499
  11.7261267 -0.00106436014
  11.8423405 -0.00114423037
  11.9585629 -0.00122916698
  12.0747957 -0.00131982565
  12.1910391 -0.00141596794
  12.3072948 -0.00151836872
  12.423563 -0.00162690878
  12.5398436 -0.00174212456
  12.6561375 -0.00186389685
  12.7724466 -0.00199300051
  12.888772 -0.00212919712
  13.0051126 -0.00227326155
  13.1214714 -0.00242519379
  13.2378473 -0.00258558989
  13.3542423 -0.00275444984
  13.4706593 -0.00293147564
  13.5870962 -0.00311762094
  13.7035542 -0.00331318378
  13.8200378 -0.00351780653
  13.9365444 -0.00373202562
  14.0530777 -0.00395590067
  14.1696367 -0.00418967009
  14.2862244 -0.00443297625
  14.4028416 -0.0046865344
  14.5194883 -0.00494992733
  14.6361656 -0.00522339344
  14.7528772 -0.00550633669
  14.8696222 -0.00579851866
  14.9864016 -0.006100595
  15.1032181 -0.00641173124
  15.2200699 -0.00673168898
  15.3369608 -0.00706005096
  15.4538908 -0.00739616156
  15.5708618 -0.00773948431
  15.6878719 -0.00808906555
  15.804924 -0.00844436884
  15.922019 -0.00880426168
  16.0391579 -0.00916779041
  16.1563377 -0.00953394175
  16.2735615 -0.00990110636
  16.3908272 -0.0102673769
  16.5081387 -0.0106322765
  16.6254921 -0.0109930634
  16.7428894 -0.0113479495
  16.8603268 -0.0116949677
  16.9778061 -0.012031436
  17.0953236 -0.0123551488
  17.2128792 -0.0126633048
  17.330471 -0.0129531622
  17.4480934 -0.0132213831
  17.5657482 -0.0134647489
  17.6834297 -0.0136796832
  17.801136 -0.0138624907
  17.9188614 -0.0140087008
  18.036602 -0.0141151547
  18.1543541 -0.0141771436
  18.2721081 -0.0141901374
  18.3898602 -0.0141493082
  18.5076065 -0.0140498281
  18.6253357 -0.013886869
  18.743042 -0.013655901
  18.8607159 -0.0133512616
  18.9783478 -0.0129677057
  19.0959301 -0.0125007629
  19.2134514 -0.0119453073
  19.3309021 -0.0112967491
  19.448267 -0.0105499029
  19.5655403 -0.00970083475
  19.6827049 -0.00874602795
  19.7997513 -0.00768172741
  19.916666 -0.00650495291
  20.0334358 -0.00521373749
  20.1500473 -0.0038074851
  20.2664871 -0.00228464603
  20.38274 -0.000646829605
  20.4987984  0.00110435486
  20.6146488  0.00296640396
  20.7302761  0.00493335724
  20.8456745  0.00700008869
  20.9608288  0.00915920734
  21.0757332  0.0114005804
  21.1903782  0.0137135983
  21.3047581  0.0160856247
  21.418869  0.0185016394
  21.5327091  0.0209462643
  21.6462765  0.0234012604
  21.7595711  0.0258470774
  21.8725986  0.0282635689
  21.985363  0.0306288004
  22.0978737  0.0329203606
  22.2101402  0.0351151228
  22.3221741  0.037189126
  22.4339905  0.039118886
  22.5456123  0.0408815145
  22.657053  0.0424548388
  22.7683372  0.0438171625
  22.8794899  0.0449490547
  22.9905338  0.04583323
  23.1014996  0.046454668
  23.2124119  0.0467998981
  23.3233032  0.0468600988
  23.4342041  0.0466288328
  23.545145  0.0461032391
  23.6561584  0.0452851057
  23.7672729  0.0441778898
  23.8785191  0.0427911282
  23.9899292  0.0411384106
  24.1015301  0.0392348766
  24.2133465  0.0371012688
  24.3254032  0.0347610712
  24.437727  0.0322413445
  24.5503311  0.02957201
  24.6632347  0.0267846584
  24.7764511  0.0239133835
  24.889986  0.0209943056
  25.003849  0.018063426
  25.1180363  0.0151586533
  25.2325478  0.0123169422
  25.3473759  0.00957369804
  25.4625092  0.00696504116
  25.5779305  0.00452291965
  25.6936226  0.00227928162
  25.8095608  0.000261068344
  25.9257183 -0.00150740147
  26.0420666 -0.00300693512
  26.1585732 -0.00422114134
  26.2752018 -0.00514030457
  26.391922 -0.00576090813
  26.5086994 -0.00608313084
  26.6254959 -0.00611525774
  26.742281 -0.00587135553
  26.8590221 -0.00537157059
  26.9756927 -0.00464439392
  27.0922661 -0.00372296572
  27.2087193 -0.00264745951
  27.3250427 -0.0014629364
  27.441227 -0.000219464302
  27.5572643  0.00102829933
  27.6731606  0.00222313404
  27.7889252  0.00330674648
  27.9045753  0.00422000885
  28.020134  0.00490522385
  28.1356297  0.00530934334
  28.2510948  0.00538098812
  28.3665752  0.00507795811
  28.4821148  0.00436449051
  28.5977631  0.00321567059
  28.7135677  0.00161719322
  28.8295841 -0.00043451786
  28.9458656 -0.00292736292
  29.0624619 -0.00583714247
  29.1794205 -0.00912725925
  29.2967892 -0.0127434731
  29.4146042 -0.0166223645
  29.532896 -0.0206862688
  29.6516857 -0.0248456001
  29.7709846 -0.0290035605
  29.8907871 -0.0330559015
  30.0110798 -0.0368918777
  30.1318321 -0.0404000878
  30.2529964 -0.0434706807
  30.3745174 -0.0459958911
  30.4963188 -0.0478767157
  30.6183147 -0.0490258932
  30.7404079 -0.0493712425
  30.8624878 -0.0488563776
  30.9844456 -0.0474502444
  31.1061668 -0.0451440811
  31.2275352 -0.0419598818
  31.3484516 -0.0379462242
  31.4688187 -0.0331839919
  31.5885544 -0.0277839899
  31.7075977 -0.021884501
  31.8259029 -0.0156489015
  31.9434547 -0.00926077366
  32.0602531 -0.00291615725
  32.1763229  0.00318312645
  32.2917137  0.00883936882
  32.406498  0.013864398
  32.5207558  0.0180959702
  32.634594  0.0213962793
  32.7481194  0.0236680508
  32.861454  0.0248556137
  32.9747162  0.0249525309
  33.088028  0.023999691
  33.2014999  0.0220890045
  33.3152275  0.0193557739
  33.4292984  0.0159749985
  33.5437737  0.0121545792
  33.6586952  0.00811731815
  33.7740746  0.00409770012
  33.889904  0.000316500664
  34.0061493 -0.00302457809
  34.1227455 -0.00576245785
  34.2396202 -0.00778353214
  34.3566895 -0.00902754068
  34.4738617 -0.00949734449
  34.5910454 -0.00925213099
  34.7081604 -0.00840455294
  34.8251534 -0.00710254908
  34.9419746 -0.00551992655
  35.0586052 -0.00383287668
  35.1750412 -0.0022033453
  35.2912979 -0.000759840012
  35.4074059  0.000414609909
  35.5233917  0.0012871027
  35.6392937  0.00187397003
  35.7551384  0.00222921371
  35.8709564  0.00242102146
  35.9867554  0.00251328945
  36.1025467  0.00252962112
  36.2183456  0.00244605541
  36.3341637  0.00217795372
  36.4500275  0.00161409378
  36.565979  0.000673651695
  36.6820564 -0.000591874123
  36.7982826 -0.00186240673
  36.9146156 -0.00240081549
  37.0308952 -0.000928282738
