  0.11538462E+00 -0.19123182E+00  0.00000000E+00  0.14190876E+02  0.16473454E+01  0.65898824E+01
  0.23076923E+00 -0.19123182E+00  0.00000000E+00  0.14190876E+02  0.16473454E+01  0.65898824E+01
  0.34615386E+00 -0.19123182E+00  0.00000000E+00  0.14190876E+02  0.16473454E+01  0.65898824E+01
  0.46153846E+00 -0.19123182E+00  0.00000000E+00  0.14190876E+02  0.16473454E+01  0.65898824E+01
  0.57692307E+00 -0.19123182E+00  0.00000000E+00  0.14190876E+02  0.16473454E+01  0.65898824E+01
  0.69230771E+00 -0.19123182E+00  0.00000000E+00  0.14190876E+02  0.16473454E+01  0.65898824E+01
  0.80769229E+00 -0.19123183E+00  0.00000000E+00  0.14190877E+02  0.16473455E+01  0.65898829E+01
  0.92307693E+00 -0.19123183E+00  0.00000000E+00  0.14190877E+02  0.16473455E+01  0.65898829E+01
  0.10384616E+01 -0.19123185E+00  0.00000000E+00  0.14190879E+02  0.16473458E+01  0.65898833E+01
  0.11538461E+01 -0.19123188E+00  0.00000000E+00  0.14190881E+02  0.16473460E+01  0.65898843E+01
  0.12692307E+01 -0.19123188E+00  0.00000000E+00  0.14190881E+02  0.16473460E+01  0.65898843E+01
  0.13846154E+01 -0.19123192E+00  0.00000000E+00  0.14190885E+02  0.16473464E+01  0.65898857E+01
  0.15000000E+01 -0.19123194E+00  0.00000000E+00  0.14190886E+02  0.16473465E+01  0.65898862E+01
  0.16153846E+01 -0.19123195E+00  0.00000000E+00  0.14190886E+02  0.16473466E+01  0.65898867E+01
  0.17307693E+01 -0.19123197E+00  0.00000000E+00  0.14190887E+02  0.16473467E+01  0.65898871E+01
  0.18461539E+01 -0.19123197E+00  0.00000000E+00  0.14190887E+02  0.16473467E+01  0.65898871E+01
  0.19615384E+01 -0.19123197E+00  0.00000000E+00  0.14190887E+02  0.16473467E+01  0.65898871E+01
  0.20769231E+01 -0.19123197E+00  0.00000000E+00  0.14190887E+02  0.16473467E+01  0.65898871E+01
  0.21923077E+01 -0.19123194E+00  0.00000000E+00  0.14190886E+02  0.16473465E+01  0.65898862E+01
  0.23076923E+01 -0.19123192E+00  0.00000000E+00  0.14190885E+02  0.16473464E+01  0.65898857E+01
  0.24230769E+01 -0.19123189E+00  0.00000000E+00  0.14190883E+02  0.16473461E+01  0.65898848E+01
  0.25384614E+01 -0.19123185E+00  0.00000000E+00  0.14190879E+02  0.16473458E+01  0.65898833E+01
  0.26538463E+01 -0.19123180E+00  0.00000000E+00  0.14190875E+02  0.16473453E+01  0.65898819E+01
  0.27692308E+01 -0.19123176E+00  0.00000000E+00  0.14190872E+02  0.16473449E+01  0.65898800E+01
  0.28846154E+01 -0.19123173E+00  0.00000000E+00  0.14190870E+02  0.16473447E+01  0.65898790E+01
  0.30000000E+01 -0.19123168E+00  0.00000000E+00  0.14190866E+02  0.16473444E+01  0.65898776E+01
  0.31153846E+01 -0.19123167E+00  0.00000000E+00  0.14190866E+02  0.16473442E+01  0.65898771E+01
  0.32307692E+01 -0.19123164E+00  0.00000000E+00  0.14190863E+02  0.16473439E+01  0.65898762E+01
  0.33461540E+01 -0.19123162E+00  0.00000000E+00  0.14190862E+02  0.16473438E+01  0.65898757E+01
  0.34615386E+01 -0.19123164E+00  0.00000000E+00  0.14190863E+02  0.16473439E+01  0.65898762E+01
  0.35769231E+01 -0.19123162E+00  0.00000000E+00  0.14190862E+02  0.16473438E+01  0.65898757E+01
  0.36923077E+01 -0.19123162E+00  0.00000000E+00  0.14190862E+02  0.16473438E+01  0.65898757E+01
  0.38076923E+01 -0.19123165E+00  0.00000000E+00  0.14190865E+02  0.16473441E+01  0.65898767E+01
  0.39230769E+01 -0.19123165E+00  0.00000000E+00  0.14190865E+02  0.16473441E+01  0.65898767E+01
  0.40384617E+01 -0.19123167E+00  0.00000000E+00  0.14190866E+02  0.16473442E+01  0.65898771E+01
  0.41538463E+01 -0.19123170E+00  0.00000000E+00  0.14190867E+02  0.16473445E+01  0.65898781E+01
  0.42692308E+01 -0.19123171E+00  0.00000000E+00  0.14190869E+02  0.16473446E+01  0.65898786E+01
  0.43846154E+01 -0.19123173E+00  0.00000000E+00  0.14190870E+02  0.16473447E+01  0.65898790E+01
  0.45000000E+01 -0.19123174E+00  0.00000000E+00  0.14190871E+02  0.16473448E+01  0.65898795E+01
  0.46153846E+01 -0.19123176E+00  0.00000000E+00  0.14190872E+02  0.16473449E+01  0.65898800E+01
  0.47307692E+01 -0.19123176E+00  0.00000000E+00  0.14190872E+02  0.16473449E+01  0.65898800E+01
  0.48461537E+01 -0.19123174E+00  0.00000000E+00  0.14190871E+02  0.16473448E+01  0.65898795E+01
  0.49615383E+01 -0.19123174E+00  0.00000000E+00  0.14190871E+02  0.16473448E+01  0.65898795E+01
  0.50769229E+01 -0.19123174E+00  0.00000000E+00  0.14190871E+02  0.16473448E+01  0.65898795E+01
  0.51923079E+01 -0.19123171E+00  0.00000000E+00  0.14190869E+02  0.16473446E+01  0.65898786E+01
  0.53076925E+01 -0.19123170E+00  0.00000000E+00  0.14190867E+02  0.16473445E+01  0.65898781E+01
  0.54230771E+01 -0.19123167E+00  0.00000000E+00  0.14190866E+02  0.16473442E+01  0.65898771E+01
  0.55384617E+01 -0.19123164E+00  0.00000000E+00  0.14190863E+02  0.16473439E+01  0.65898762E+01
  0.56538463E+01 -0.19123159E+00  0.00000000E+00  0.14190860E+02  0.16473435E+01  0.65898747E+01
  0.57692308E+01 -0.19123156E+00  0.00000000E+00  0.14190858E+02  0.16473433E+01  0.65898733E+01
  0.58846154E+01 -0.19123152E+00  0.00000000E+00  0.14190854E+02  0.16473429E+01  0.65898719E+01
  0.60000000E+01 -0.19123150E+00  0.00000000E+00  0.14190853E+02  0.16473428E+01  0.65898714E+01
  0.61153846E+01 -0.19123150E+00  0.00000000E+00  0.14190853E+02  0.16473428E+01  0.65898714E+01
  0.62307692E+01 -0.19123150E+00  0.00000000E+00  0.14190853E+02  0.16473428E+01  0.65898714E+01
  0.63461537E+01 -0.19123149E+00  0.00000000E+00  0.14190852E+02  0.16473427E+01  0.65898709E+01
  0.64615383E+01 -0.19123149E+00  0.00000000E+00  0.14190852E+02  0.16473427E+01  0.65898709E+01
  0.65769229E+01 -0.19123150E+00  0.00000000E+00  0.14190853E+02  0.16473428E+01  0.65898714E+01
  0.66923079E+01 -0.19123152E+00  0.00000000E+00  0.14190854E+02  0.16473429E+01  0.65898719E+01
  0.68076925E+01 -0.19123155E+00  0.00000000E+00  0.14190857E+02  0.16473432E+01  0.65898728E+01
  0.69230771E+01 -0.19123152E+00  0.00000000E+00  0.14190854E+02  0.16473429E+01  0.65898719E+01
  0.70384617E+01 -0.19123155E+00  0.00000000E+00  0.14190857E+02  0.16473432E+01  0.65898728E+01
  0.71538463E+01 -0.19123155E+00  0.00000000E+00  0.14190857E+02  0.16473432E+01  0.65898728E+01
  0.72692308E+01 -0.19123155E+00  0.00000000E+00  0.14190857E+02  0.16473432E+01  0.65898728E+01
  0.73846154E+01 -0.19123156E+00  0.00000000E+00  0.14190858E+02  0.16473433E+01  0.65898733E+01
  0.75000000E+01 -0.19123156E+00  0.00000000E+00  0.14190858E+02  0.16473433E+01  0.65898733E+01
  0.76153846E+01 -0.19123156E+00  0.00000000E+00  0.14190858E+02  0.16473433E+01  0.65898733E+01
  0.77307692E+01 -0.19123156E+00  0.00000000E+00  0.14190858E+02  0.16473433E+01  0.65898733E+01
  0.78461537E+01 -0.19123156E+00  0.00000000E+00  0.14190858E+02  0.16473433E+01  0.65898733E+01
  0.79615383E+01 -0.19123155E+00  0.00000000E+00  0.14190857E+02  0.16473432E+01  0.65898728E+01
  0.80769234E+01 -0.19123158E+00  0.00000000E+00  0.14190859E+02  0.16473434E+01  0.65898738E+01
  0.81923075E+01 -0.19123156E+00  0.00000000E+00  0.14190858E+02  0.16473433E+01  0.65898733E+01
  0.83076925E+01 -0.19123158E+00  0.00000000E+00  0.14190859E+02  0.16473434E+01  0.65898738E+01
  0.84230766E+01 -0.19123158E+00  0.00000000E+00  0.14190859E+02  0.16473434E+01  0.65898738E+01
  0.85384617E+01 -0.19123156E+00  0.00000000E+00  0.14190858E+02  0.16473433E+01  0.65898733E+01
  0.86538458E+01 -0.19123158E+00  0.00000000E+00  0.14190859E+02  0.16473434E+01  0.65898738E+01
  0.87692308E+01 -0.19123155E+00  0.00000000E+00  0.14190857E+02  0.16473432E+01  0.65898728E+01
  0.88846159E+01 -0.19123150E+00  0.00000000E+00  0.14190853E+02  0.16473428E+01  0.65898714E+01
  0.90000000E+01 -0.19123149E+00  0.00000000E+00  0.14190852E+02  0.16473427E+01  0.65898709E+01
  0.91153851E+01 -0.19123144E+00  0.00000000E+00  0.14190848E+02  0.16473422E+01  0.65898695E+01
  0.92307692E+01 -0.19123140E+00  0.00000000E+00  0.14190845E+02  0.16473418E+01  0.65898681E+01
  0.93461542E+01 -0.19123138E+00  0.00000000E+00  0.14190845E+02  0.16473417E+01  0.65898671E+01
  0.94615383E+01 -0.19123136E+00  0.00000000E+00  0.14190843E+02  0.16473415E+01  0.65898662E+01
  0.95769234E+01 -0.19123134E+00  0.00000000E+00  0.14190841E+02  0.16473414E+01  0.65898657E+01
  0.96923075E+01 -0.19123133E+00  0.00000000E+00  0.14190840E+02  0.16473413E+01  0.65898652E+01
  0.98076925E+01 -0.19123134E+00  0.00000000E+00  0.14190841E+02  0.16473414E+01  0.65898657E+01
  0.99230766E+01 -0.19123136E+00  0.00000000E+00  0.14190843E+02  0.16473415E+01  0.65898662E+01
  0.10038462E+02 -0.19123137E+00  0.00000000E+00  0.14190844E+02  0.16473416E+01  0.65898666E+01
  0.10153846E+02 -0.19123140E+00  0.00000000E+00  0.14190845E+02  0.16473418E+01  0.65898681E+01
  0.10269231E+02 -0.19123144E+00  0.00000000E+00  0.14190848E+02  0.16473422E+01  0.65898695E+01
  0.10384616E+02 -0.19123150E+00  0.00000000E+00  0.14190853E+02  0.16473428E+01  0.65898714E+01
  0.10500000E+02 -0.19123156E+00  0.00000000E+00  0.14190858E+02  0.16473433E+01  0.65898733E+01
  0.10615385E+02 -0.19123158E+00  0.00000000E+00  0.14190859E+02  0.16473434E+01  0.65898738E+01
  0.10730769E+02 -0.19123167E+00  0.00000000E+00  0.14190866E+02  0.16473442E+01  0.65898771E+01
  0.10846154E+02 -0.19123170E+00  0.00000000E+00  0.14190867E+02  0.16473445E+01  0.65898781E+01
  0.10961538E+02 -0.19123174E+00  0.00000000E+00  0.14190871E+02  0.16473448E+01  0.65898795E+01
  0.11076923E+02 -0.19123176E+00  0.00000000E+00  0.14190872E+02  0.16473449E+01  0.65898800E+01
  0.11192307E+02 -0.19123182E+00  0.00000000E+00  0.14190876E+02  0.16473454E+01  0.65898824E+01
  0.11307693E+02 -0.19123185E+00  0.00000000E+00  0.14190879E+02  0.16473458E+01  0.65898833E+01
  0.11423077E+02 -0.19123188E+00  0.00000000E+00  0.14190881E+02  0.16473460E+01  0.65898843E+01
  0.11538462E+02 -0.19123191E+00  0.00000000E+00  0.14190884E+02  0.16473463E+01  0.65898852E+01
  0.11653846E+02 -0.19123195E+00  0.00000000E+00  0.14190886E+02  0.16473466E+01  0.65898867E+01
  0.11769231E+02 -0.19123201E+00  0.00000000E+00  0.14190890E+02  0.16473471E+01  0.65898890E+01
  0.11884616E+02 -0.19123206E+00  0.00000000E+00  0.14190894E+02  0.16473476E+01  0.65898905E+01
  0.12000000E+02 -0.19123209E+00  0.00000000E+00  0.14190897E+02  0.16473478E+01  0.65898914E+01
  0.12115385E+02 -0.19123212E+00  0.00000000E+00  0.14190899E+02  0.16473480E+01  0.65898924E+01
  0.12230769E+02 -0.19123214E+00  0.00000000E+00  0.14190901E+02  0.16473483E+01  0.65898933E+01
  0.12346154E+02 -0.19123217E+00  0.00000000E+00  0.14190903E+02  0.16473485E+01  0.65898948E+01
  0.12461538E+02 -0.19123220E+00  0.00000000E+00  0.14190905E+02  0.16473488E+01  0.65898957E+01
  0.12576923E+02 -0.19123222E+00  0.00000000E+00  0.14190906E+02  0.16473489E+01  0.65898962E+01
  0.12692307E+02 -0.19123223E+00  0.00000000E+00  0.14190907E+02  0.16473491E+01  0.65898967E+01
  0.12807693E+02 -0.19123223E+00  0.00000000E+00  0.14190907E+02  0.16473491E+01  0.65898967E+01
  0.12923077E+02 -0.19123220E+00  0.00000000E+00  0.14190905E+02  0.16473488E+01  0.65898957E+01
  0.13038462E+02 -0.19123220E+00  0.00000000E+00  0.14190905E+02  0.16473488E+01  0.65898957E+01
  0.13153846E+02 -0.19123216E+00  0.00000000E+00  0.14190902E+02  0.16473484E+01  0.65898938E+01
  0.13269231E+02 -0.19123212E+00  0.00000000E+00  0.14190899E+02  0.16473480E+01  0.65898924E+01
  0.13384616E+02 -0.19123209E+00  0.00000000E+00  0.14190897E+02  0.16473478E+01  0.65898914E+01
  0.13500000E+02 -0.19123206E+00  0.00000000E+00  0.14190894E+02  0.16473476E+01  0.65898905E+01
  0.13615385E+02 -0.19123204E+00  0.00000000E+00  0.14190893E+02  0.16473475E+01  0.65898900E+01
  0.13730769E+02 -0.19123203E+00  0.00000000E+00  0.14190891E+02  0.16473472E+01  0.65898895E+01
  0.13846154E+02 -0.19123206E+00  0.00000000E+00  0.14190894E+02  0.16473476E+01  0.65898905E+01
  0.13961538E+02 -0.19123209E+00  0.00000000E+00  0.14190897E+02  0.16473478E+01  0.65898914E+01
  0.14076923E+02 -0.19123213E+00  0.00000000E+00  0.14190900E+02  0.16473482E+01  0.65898929E+01
  0.14192307E+02 -0.19123217E+00  0.00000000E+00  0.14190903E+02  0.16473485E+01  0.65898948E+01
  0.14307693E+02 -0.19123223E+00  0.00000000E+00  0.14190907E+02  0.16473491E+01  0.65898967E+01
  0.14423077E+02 -0.19123228E+00  0.00000000E+00  0.14190911E+02  0.16473495E+01  0.65898981E+01
  0.14538462E+02 -0.19123229E+00  0.00000000E+00  0.14190912E+02  0.16473496E+01  0.65898986E+01
  0.14653846E+02 -0.19123229E+00  0.00000000E+00  0.14190912E+02  0.16473496E+01  0.65898986E+01
  0.14769231E+02 -0.19123228E+00  0.00000000E+00  0.14190911E+02  0.16473495E+01  0.65898981E+01
  0.14884616E+02 -0.19123222E+00  0.00000000E+00  0.14190906E+02  0.16473489E+01  0.65898962E+01
  0.15000000E+02 -0.19123214E+00  0.00000000E+00  0.14190901E+02  0.16473483E+01  0.65898933E+01
  0.15115385E+02 -0.19123203E+00  0.00000000E+00  0.14190891E+02  0.16473472E+01  0.65898895E+01
  0.15230769E+02 -0.19123195E+00  0.00000000E+00  0.14190886E+02  0.16473466E+01  0.65898867E+01
  0.15346154E+02 -0.19123186E+00  0.00000000E+00  0.14190880E+02  0.16473459E+01  0.65898838E+01
  0.15461538E+02 -0.19123179E+00  0.00000000E+00  0.14190874E+02  0.16473452E+01  0.65898814E+01
  0.15576923E+02 -0.19123171E+00  0.00000000E+00  0.14190869E+02  0.16473446E+01  0.65898786E+01
  0.15692307E+02 -0.19123165E+00  0.00000000E+00  0.14190865E+02  0.16473441E+01  0.65898767E+01
  0.15807693E+02 -0.19123165E+00  0.00000000E+00  0.14190865E+02  0.16473441E+01  0.65898767E+01
  0.15923077E+02 -0.19123164E+00  0.00000000E+00  0.14190863E+02  0.16473439E+01  0.65898762E+01
  0.16038462E+02 -0.19123162E+00  0.00000000E+00  0.14190862E+02  0.16473438E+01  0.65898757E+01
  0.16153847E+02 -0.19123164E+00  0.00000000E+00  0.14190863E+02  0.16473439E+01  0.65898762E+01
  0.16269232E+02 -0.19123164E+00  0.00000000E+00  0.14190863E+02  0.16473439E+01  0.65898762E+01
  0.16384615E+02 -0.19123161E+00  0.00000000E+00  0.14190861E+02  0.16473436E+01  0.65898752E+01
  0.16500000E+02 -0.19123156E+00  0.00000000E+00  0.14190858E+02  0.16473433E+01  0.65898733E+01
  0.16615385E+02 -0.19123152E+00  0.00000000E+00  0.14190854E+02  0.16473429E+01  0.65898719E+01
  0.16730770E+02 -0.19123146E+00  0.00000000E+00  0.14190850E+02  0.16473424E+01  0.65898700E+01
  0.16846153E+02 -0.19123141E+00  0.00000000E+00  0.14190846E+02  0.16473420E+01  0.65898685E+01
  0.16961538E+02 -0.19123138E+00  0.00000000E+00  0.14190845E+02  0.16473417E+01  0.65898671E+01
  0.17076923E+02 -0.19123136E+00  0.00000000E+00  0.14190843E+02  0.16473415E+01  0.65898662E+01
  0.17192308E+02 -0.19123134E+00  0.00000000E+00  0.14190841E+02  0.16473414E+01  0.65898657E+01
  0.17307692E+02 -0.19123138E+00  0.00000000E+00  0.14190845E+02  0.16473417E+01  0.65898671E+01
  0.17423077E+02 -0.19123143E+00  0.00000000E+00  0.14190847E+02  0.16473421E+01  0.65898690E+01
  0.17538462E+02 -0.19123150E+00  0.00000000E+00  0.14190853E+02  0.16473428E+01  0.65898714E+01
  0.17653847E+02 -0.19123158E+00  0.00000000E+00  0.14190859E+02  0.16473434E+01  0.65898738E+01
  0.17769232E+02 -0.19123170E+00  0.00000000E+00  0.14190867E+02  0.16473445E+01  0.65898781E+01
  0.17884615E+02 -0.19123180E+00  0.00000000E+00  0.14190875E+02  0.16473453E+01  0.65898819E+01
  0.18000000E+02 -0.19123189E+00  0.00000000E+00  0.14190883E+02  0.16473461E+01  0.65898848E+01
  0.18115385E+02 -0.19123197E+00  0.00000000E+00  0.14190887E+02  0.16473467E+01  0.65898871E+01
  0.18230770E+02 -0.19123200E+00  0.00000000E+00  0.14190889E+02  0.16473470E+01  0.65898886E+01
  0.18346153E+02 -0.19123204E+00  0.00000000E+00  0.14190893E+02  0.16473475E+01  0.65898900E+01
  0.18461538E+02 -0.19123209E+00  0.00000000E+00  0.14190897E+02  0.16473478E+01  0.65898914E+01
  0.18576923E+02 -0.19123207E+00  0.00000000E+00  0.14190896E+02  0.16473477E+01  0.65898910E+01
  0.18692308E+02 -0.19123209E+00  0.00000000E+00  0.14190897E+02  0.16473478E+01  0.65898914E+01
  0.18807692E+02 -0.19123210E+00  0.00000000E+00  0.14190898E+02  0.16473479E+01  0.65898919E+01
  0.18923077E+02 -0.19123212E+00  0.00000000E+00  0.14190899E+02  0.16473480E+01  0.65898924E+01
  0.19038462E+02 -0.19123214E+00  0.00000000E+00  0.14190901E+02  0.16473483E+01  0.65898933E+01
  0.19153847E+02 -0.19123219E+00  0.00000000E+00  0.14190904E+02  0.16473486E+01  0.65898952E+01
  0.19269232E+02 -0.19123226E+00  0.00000000E+00  0.14190910E+02  0.16473494E+01  0.65898976E+01
  0.19384615E+02 -0.19123231E+00  0.00000000E+00  0.14190913E+02  0.16473497E+01  0.65898991E+01
  0.19500000E+02 -0.19123235E+00  0.00000000E+00  0.14190916E+02  0.16473501E+01  0.65899005E+01
  0.19615385E+02 -0.19123238E+00  0.00000000E+00  0.14190918E+02  0.16473503E+01  0.65899019E+01
  0.19730770E+02 -0.19123240E+00  0.00000000E+00  0.14190919E+02  0.16473504E+01  0.65899024E+01
  0.19846153E+02 -0.19123238E+00  0.00000000E+00  0.14190918E+02  0.16473503E+01  0.65899019E+01
  0.19961538E+02 -0.19123234E+00  0.00000000E+00  0.14190915E+02  0.16473500E+01  0.65899000E+01
  0.20076923E+02 -0.19123229E+00  0.00000000E+00  0.14190912E+02  0.16473496E+01  0.65898986E+01
  0.20192308E+02 -0.19123220E+00  0.00000000E+00  0.14190905E+02  0.16473488E+01  0.65898957E+01
  0.20307692E+02 -0.19123214E+00  0.00000000E+00  0.14190901E+02  0.16473483E+01  0.65898933E+01
  0.20423077E+02 -0.19123206E+00  0.00000000E+00  0.14190894E+02  0.16473476E+01  0.65898905E+01
  0.20538462E+02 -0.19123201E+00  0.00000000E+00  0.14190890E+02  0.16473471E+01  0.65898890E+01
  0.20653847E+02 -0.19123197E+00  0.00000000E+00  0.14190887E+02  0.16473467E+01  0.65898871E+01
  0.20769232E+02 -0.19123197E+00  0.00000000E+00  0.14190887E+02  0.16473467E+01  0.65898871E+01
  0.20884615E+02 -0.19123200E+00  0.00000000E+00  0.14190889E+02  0.16473470E+01  0.65898886E+01
  0.21000000E+02 -0.19123203E+00  0.00000000E+00  0.14190891E+02  0.16473472E+01  0.65898895E+01
  0.21115385E+02 -0.19123210E+00  0.00000000E+00  0.14190898E+02  0.16473479E+01  0.65898919E+01
  0.21230770E+02 -0.19123216E+00  0.00000000E+00  0.14190902E+02  0.16473484E+01  0.65898938E+01
  0.21346153E+02 -0.19123223E+00  0.00000000E+00  0.14190907E+02  0.16473491E+01  0.65898967E+01
  0.21461538E+02 -0.19123226E+00  0.00000000E+00  0.14190910E+02  0.16473494E+01  0.65898976E+01
  0.21576923E+02 -0.19123231E+00  0.00000000E+00  0.14190913E+02  0.16473497E+01  0.65898991E+01
  0.21692308E+02 -0.19123232E+00  0.00000000E+00  0.14190914E+02  0.16473498E+01  0.65898995E+01
  0.21807692E+02 -0.19123229E+00  0.00000000E+00  0.14190912E+02  0.16473496E+01  0.65898986E+01
  0.21923077E+02 -0.19123225E+00  0.00000000E+00  0.14190909E+02  0.16473492E+01  0.65898972E+01
  0.22038462E+02 -0.19123217E+00  0.00000000E+00  0.14190903E+02  0.16473485E+01  0.65898948E+01
  0.22153847E+02 -0.19123212E+00  0.00000000E+00  0.14190899E+02  0.16473480E+01  0.65898924E+01
  0.22269232E+02 -0.19123203E+00  0.00000000E+00  0.14190891E+02  0.16473472E+01  0.65898895E+01
  0.22384615E+02 -0.19123195E+00  0.00000000E+00  0.14190886E+02  0.16473466E+01  0.65898867E+01
  0.22500000E+02 -0.19123188E+00  0.00000000E+00  0.14190881E+02  0.16473460E+01  0.65898843E+01
  0.22615385E+02 -0.19123186E+00  0.00000000E+00  0.14190880E+02  0.16473459E+01  0.65898838E+01
  0.22730770E+02 -0.19123180E+00  0.00000000E+00  0.14190875E+02  0.16473453E+01  0.65898819E+01
  0.22846153E+02 -0.19123179E+00  0.00000000E+00  0.14190874E+02  0.16473452E+01  0.65898814E+01
  0.22961538E+02 -0.19123176E+00  0.00000000E+00  0.14190872E+02  0.16473449E+01  0.65898800E+01
  0.23076923E+02 -0.19123173E+00  0.00000000E+00  0.14190870E+02  0.16473447E+01  0.65898790E+01
  0.23192308E+02 -0.19123167E+00  0.00000000E+00  0.14190866E+02  0.16473442E+01  0.65898771E+01
  0.23307692E+02 -0.19123162E+00  0.00000000E+00  0.14190862E+02  0.16473438E+01  0.65898757E+01
  0.23423077E+02 -0.19123156E+00  0.00000000E+00  0.14190858E+02  0.16473433E+01  0.65898733E+01
  0.23538462E+02 -0.19123149E+00  0.00000000E+00  0.14190852E+02  0.16473427E+01  0.65898709E+01
  0.23653847E+02 -0.19123140E+00  0.00000000E+00  0.14190845E+02  0.16473418E+01  0.65898681E+01
  0.23769232E+02 -0.19123137E+00  0.00000000E+00  0.14190844E+02  0.16473416E+01  0.65898666E+01
  0.23884615E+02 -0.19123130E+00  0.00000000E+00  0.14190838E+02  0.16473410E+01  0.65898643E+01
  0.24000000E+02 -0.19123128E+00  0.00000000E+00  0.14190837E+02  0.16473409E+01  0.65898638E+01
  0.24115385E+02 -0.19123127E+00  0.00000000E+00  0.14190836E+02  0.16473408E+01  0.65898633E+01
  0.24230770E+02 -0.19123130E+00  0.00000000E+00  0.14190838E+02  0.16473410E+01  0.65898643E+01
  0.24346153E+02 -0.19123133E+00  0.00000000E+00  0.14190840E+02  0.16473413E+01  0.65898652E+01
  0.24461538E+02 -0.19123137E+00  0.00000000E+00  0.14190844E+02  0.16473416E+01  0.65898666E+01
  0.24576923E+02 -0.19123141E+00  0.00000000E+00  0.14190846E+02  0.16473420E+01  0.65898685E+01
  0.24692308E+02 -0.19123143E+00  0.00000000E+00  0.14190847E+02  0.16473421E+01  0.65898690E+01
  0.24807692E+02 -0.19123149E+00  0.00000000E+00  0.14190852E+02  0.16473427E+01  0.65898709E+01
  0.24923077E+02 -0.19123150E+00  0.00000000E+00  0.14190853E+02  0.16473428E+01  0.65898714E+01
  0.25038462E+02 -0.19123150E+00  0.00000000E+00  0.14190853E+02  0.16473428E+01  0.65898714E+01
  0.25153847E+02 -0.19123149E+00  0.00000000E+00  0.14190852E+02  0.16473427E+01  0.65898709E+01
  0.25269232E+02 -0.19123146E+00  0.00000000E+00  0.14190850E+02  0.16473424E+01  0.65898700E+01
  0.25384615E+02 -0.19123143E+00  0.00000000E+00  0.14190847E+02  0.16473421E+01  0.65898690E+01
  0.25500000E+02 -0.19123137E+00  0.00000000E+00  0.14190844E+02  0.16473416E+01  0.65898666E+01
  0.25615385E+02 -0.19123134E+00  0.00000000E+00  0.14190841E+02  0.16473414E+01  0.65898657E+01
  0.25730770E+02 -0.19123130E+00  0.00000000E+00  0.14190838E+02  0.16473410E+01  0.65898643E+01
  0.25846153E+02 -0.19123128E+00  0.00000000E+00  0.14190837E+02  0.16473409E+01  0.65898638E+01
  0.25961538E+02 -0.19123128E+00  0.00000000E+00  0.14190837E+02  0.16473409E+01  0.65898638E+01
  0.26076923E+02 -0.19123128E+00  0.00000000E+00  0.14190837E+02  0.16473409E+01  0.65898638E+01
  0.26192308E+02 -0.19123128E+00  0.00000000E+00  0.14190837E+02  0.16473409E+01  0.65898638E+01
  0.26307692E+02 -0.19123130E+00  0.00000000E+00  0.14190838E+02  0.16473410E+01  0.65898643E+01
  0.26423077E+02 -0.19123128E+00  0.00000000E+00  0.14190837E+02  0.16473409E+01  0.65898638E+01
  0.26538462E+02 -0.19123125E+00  0.00000000E+00  0.14190834E+02  0.16473405E+01  0.65898628E+01
  0.26653847E+02 -0.19123121E+00  0.00000000E+00  0.14190831E+02  0.16473402E+01  0.65898614E+01
  0.26769232E+02 -0.19123116E+00  0.00000000E+00  0.14190827E+02  0.16473398E+01  0.65898595E+01
  0.26884615E+02 -0.19123109E+00  0.00000000E+00  0.14190823E+02  0.16473392E+01  0.65898571E+01
  0.27000000E+02 -0.19123101E+00  0.00000000E+00  0.14190817E+02  0.16473385E+01  0.65898547E+01
  0.27115385E+02 -0.19123094E+00  0.00000000E+00  0.14190811E+02  0.16473379E+01  0.65898519E+01
  0.27230770E+02 -0.19123089E+00  0.00000000E+00  0.14190808E+02  0.16473376E+01  0.65898504E+01
  0.27346153E+02 -0.19123085E+00  0.00000000E+00  0.14190804E+02  0.16473371E+01  0.65898490E+01
  0.27461538E+02 -0.19123085E+00  0.00000000E+00  0.14190804E+02  0.16473371E+01  0.65898490E+01
  0.27576923E+02 -0.19123086E+00  0.00000000E+00  0.14190805E+02  0.16473372E+01  0.65898495E+01
  0.27692308E+02 -0.19123092E+00  0.00000000E+00  0.14190810E+02  0.16473378E+01  0.65898514E+01
  0.27807692E+02 -0.19123098E+00  0.00000000E+00  0.14190814E+02  0.16473383E+01  0.65898533E+01
  0.27923077E+02 -0.19123109E+00  0.00000000E+00  0.14190823E+02  0.16473392E+01  0.65898571E+01
  0.28038462E+02 -0.19123122E+00  0.00000000E+00  0.14190832E+02  0.16473403E+01  0.65898619E+01
  0.28153847E+02 -0.19123138E+00  0.00000000E+00  0.14190845E+02  0.16473417E+01  0.65898671E+01
  0.28269232E+02 -0.19123155E+00  0.00000000E+00  0.14190857E+02  0.16473432E+01  0.65898728E+01
  0.28384615E+02 -0.19123173E+00  0.00000000E+00  0.14190870E+02  0.16473447E+01  0.65898790E+01
  0.28500000E+02 -0.19123195E+00  0.00000000E+00  0.14190886E+02  0.16473466E+01  0.65898867E+01
  0.28615385E+02 -0.19123217E+00  0.00000000E+00  0.14190903E+02  0.16473485E+01  0.65898948E+01
  0.28730770E+02 -0.19123244E+00  0.00000000E+00  0.14190924E+02  0.16473509E+01  0.65899038E+01
  0.28846153E+02 -0.19123271E+00  0.00000000E+00  0.14190943E+02  0.16473532E+01  0.65899129E+01
  0.28961538E+02 -0.19123305E+00  0.00000000E+00  0.14190969E+02  0.16473562E+01  0.65899248E+01
  0.29076923E+02 -0.19123347E+00  0.00000000E+00  0.14190999E+02  0.16473597E+01  0.65899391E+01
  0.29192308E+02 -0.19123393E+00  0.00000000E+00  0.14191033E+02  0.16473637E+01  0.65899553E+01
  0.29307692E+02 -0.19123448E+00  0.00000000E+00  0.14191074E+02  0.16473684E+01  0.65899739E+01
  0.29423077E+02 -0.19123515E+00  0.00000000E+00  0.14191125E+02  0.16473743E+01  0.65899973E+01
  0.29538462E+02 -0.19123590E+00  0.00000000E+00  0.14191179E+02  0.16473806E+01  0.65900230E+01
  0.29653847E+02 -0.19123676E+00  0.00000000E+00  0.14191244E+02  0.16473881E+01  0.65900526E+01
  0.29769232E+02 -0.19123775E+00  0.00000000E+00  0.14191317E+02  0.16473966E+01  0.65900865E+01
  0.29884615E+02 -0.19123885E+00  0.00000000E+00  0.14191399E+02  0.16474061E+01  0.65901246E+01
  0.30000000E+02 -0.19124007E+00  0.00000000E+00  0.14191489E+02  0.16474166E+01  0.65901666E+01
