 -0.058043357  0.
  0.0580418631  0.0204689428
  0.174127087  0.0409378223
  0.290211946  0.0614066422
  0.406296968  0.081875518
  0.522381842  0.10234455
  0.638466597  0.122813389
  0.754551411  0.143282339
  0.870636284  0.16375117
  0.986721039  0.184220105
  1.10280585  0.204688936
  1.21889055  0.225157872
  1.33497536  0.245626599
  1.45106041  0.266095579
  1.56714523  0.28656441
  1.68323004  0.30703336
  1.79931498  0.327502251
  1.91539979  0.347971141
  2.0314846  0.368440032
  2.14756942  0.388908923
  2.26365423  0.409377813
  2.37973905  0.429846704
  2.49582386  0.450315595
  2.61190844  0.470784485
  2.72799325  0.491253376
  2.84407806  0.511722147
  2.96016312  0.532191038
  3.07624793  0.552659988
  3.19233274  0.573128819
  3.30841756  0.59359771
  3.42450237  0.614066601
  3.54058719  0.634535491
  3.656672  0.655004382
  3.77275705  0.675473154
  3.88884187  0.695942163
  4.00492668  0.716410995
  4.12101126  0.736879945
  4.23709631  0.757348657
  4.35318089  0.777806461
  4.46926594  0.798190057
  4.58535051  0.818378806
  4.70143557  0.838212073
  4.81752062  0.857504189
  4.93360519  0.876059055
  5.04969025  0.893683016
  5.16577482  0.910194933
  5.28185987  0.925435483
  5.39794445  0.939274848
  5.5140295  0.951617956
  5.63011408  0.962408602
  5.74619913  0.971632004
  5.86228371  0.979315341
  5.97836876  0.985526085
  6.09445333  0.990369976
  6.21053839  0.99398613
  6.32662296  0.996540964
  6.44270802  0.998220265
  6.55879307  0.999219894
  6.67487764  0.999733746
  6.7909627  0.999942124
  6.90704727  0.999995649
  7.02313232  1.
  7.1392169  1.
  7.25530195  1.
  7.37138653  1.
  7.48747158  1.
  7.60355616  1.
  7.71964121  1.
  7.83572578  1.
  7.95181084  1.
  8.06789589  1.
  8.18397999  1.
  8.30006504  1.
  8.41615009  1.
  8.53223515  1.
  8.6483202  1.
  8.7644043  1.
  8.88048935  1.
  8.9965744  1.
  9.11265945  1.
  9.22874355  1.
  9.34482861  1.
  9.46091366  1.
  9.57699871  1.
  9.69308281  1.
  9.80916786  1.
  9.92525291  1.
  10.041338  1.
  10.1574221  1.
  10.2735071  1.
  10.3895922  1.
  10.5056772  1.
  10.6217623  1.
  10.7378464  1.
  10.8539314  1.
  10.9700165  1.
  11.0861015  1.
  11.2021856  1.
  11.3182707  1.
  11.4343557  1.
  11.5504408  1.
  11.6665249  1.
  11.7826099  1.
  11.898695  1.
  12.01478  1.
  12.1308651  1.
  12.2469492  1.
  12.3630342  1.
  12.4791193  1.
  12.5952044  1.
  12.7112885  1.
  12.8273735  1.
  12.9434586  1.
  13.0595436  1.
  13.1756277  1.
  13.2917128  1.
  13.4077978  1.
  13.5238829  1.
  13.639967  1.
  13.756052  1.
  13.8721371  1.
  13.9882221  1.
  14.1043072  1.
  14.2203913  1.
  14.3364763  1.
  14.4525614  1.
  14.5686464  1.
  14.6847305  1.
  14.8008156  1.
  14.9169006  1.
  15.0329857  1.
  15.1490698  1.
  15.2651548  1.
  15.3812399  1.
  15.4973249  1.
  15.613409  1.
  15.7294941  1.
  15.8455791  1.
  15.9616642  1.
  16.0777493  1.
  16.1938343  1.
  16.3099194  1.
  16.4260025  1.
  16.5420876  1.
  16.6581726  1.
  16.7742577  1.
  16.8903427  1.
  17.0064278  1.
  17.1225128  1.
  17.2385979  1.
  17.354681  1.
  17.4707661  1.
  17.5868511  1.
  17.7029362  1.
  17.8190212  1.
  17.9351063  1.
  18.0511913  1.
  18.1672764  1.
  18.2833614  1.
  18.3994446  1.
  18.5155296  1.
  18.6316147  1.
  18.7476997  1.
  18.8637848  1.
  18.9798698  1.
  19.0959549  1.
  19.2120399  1.
  19.3281231  1.
  19.4442081  1.
  19.5602932  1.
  19.6763783  1.
  19.7924633  1.
  19.9085484  1.
  20.0246334  1.
  20.1407185  1.
  20.2568035  1.
  20.3728867  1.
  20.4889717  1.
  20.6050568  1.
  20.7211418  1.
  20.8372269  1.
  20.9533119  1.
  21.069397  1.
  21.185482  1.
  21.3015652  1.
  21.4176502  1.
  21.5337353  1.
  21.6498203  1.
  21.7659054  1.
  21.8819904  1.
  21.9980755  1.
  22.1141605  1.
  22.2302456  1.
  22.3463287  1.
  22.4624138  1.
  22.5784988  1.
  22.6945839  1.
  22.8106689  1.
  22.926754  1.
  23.0428391  1.
  23.1589241  1.
  23.2750092  1.
  23.3910923  1.
  23.5071774  1.
  23.6232624  1.
  23.7393475  1.
  23.8554325  1.
  23.9715176  1.
  24.0876026  1.
  24.2036877  1.
  24.3197708  1.
  24.4358559  1.
  24.5519409  1.
  24.668026  1.
  24.784111  1.
  24.9001961  1.
  25.0162811  1.
  25.1323662  1.
  25.2484512  1.
  25.3645344  1.
  25.4806194  1.
  25.5967045  1.
  25.7127895  1.
  25.8288746  1.
  25.9449596  1.
  26.0610447  1.
  26.1771297  1.
  26.2932129  1.
  26.4092979  1.
  26.525383  1.
  26.641468  1.
  26.7575531  1.
  26.8736382  1.
  26.9897232  1.
  27.1058083  1.
  27.2218933  1.
  27.3379765  1.
  27.4540615  1.
  27.5701466  0.99999994
  27.6862316  0.99999994
  27.8023167  0.999999881
  27.9184017  0.999999881
  28.0344868  0.999999821
  28.1505718  0.999999762
  28.266655  0.999999762
  28.38274  0.999999642
  28.4988251  0.999999583
  28.6149101  0.999999523
  28.7309952  0.999999404
  28.8470802  0.999999285
  28.9631653  0.999999166
  29.0792503  0.999998987
  29.1953354  0.999998748
  29.3114185  0.999998629
  29.4275055  0.999998391
  29.5435905  0.999997973
  29.6596756  0.999997616
  29.7757607  0.999997258
  29.8918457  0.999996662
  30.0079308  0.999996185
  30.1240177  0.99999553
  30.2401009  0.999994695
  30.3561859  0.999993801
  30.4722729  0.999992728
  30.5883579  0.999991536
  30.7044449  0.999990046
  30.8205299  0.999988437
  30.9366169  0.999986529
  31.0527039  0.999984026
  31.1687908  0.999981463
  31.2848759  0.999978423
  31.4009628  0.999974668
  31.5170517  0.999970555
  31.6331387  0.999965608
  31.7492294  0.999959946
  31.8653183  0.99995333
  31.9814091  0.9999457
  32.0974998  0.999936759
  32.2135887  0.999926507
  32.3296852  0.999914527
  32.4457779  0.99990052
  32.5618744  0.999884546
  32.6779747  0.99986583
  32.794075  0.999844313
  32.9101791  0.999819577
  33.0262833  0.999790967
  33.142395  0.999757767
  33.2585068  0.999719322
  33.3746223  0.999675333
  33.4907455  0.99962467
  33.6068764  0.999566078
  33.7230072  0.999499023
  33.8391495  0.999421775
  33.9553032  0.999333203
  34.0714645  0.999231577
  34.1876411  0.999115288
  34.3038254  0.998981774
  34.4200287  0.998829424
  34.5362511  0.9986552
  34.6524925  0.998456299
  34.7687569  0.998229504
  34.8850479  0.997971177
  35.0013695  0.997677326
  35.1177254  0.997343421
  35.2341194  0.996964455
  35.3505592  0.996534705
  35.4670448  0.99604851
  35.5835915  0.995498776
  35.7001991  0.994878054
  35.8168793  0.994178295
  35.9336472  0.99339062
  36.0505028  0.99250555
  36.1674652  0.991512299
  36.2845421  0.990400195
  36.4017525  0.989156544
  36.5191116  0.987768888
  36.6366348  0.986223578
  36.7543411  0.984505713
  36.8722534  0.982600391
  36.9903946  0.980492294
