 -0.0580441691  0.
  0.058041472  0.0204688665
  0.174127117  0.0409379117
  0.290211707  0.061406631
  0.40629676  0.0818755925
  0.522381544  0.102344461
  0.638466418  0.122813433
  0.754551172  0.143282235
  0.870636165  0.163751245
  0.98672086  0.184220001
  1.10280573  0.204688922
  1.21889055  0.225157738
  1.33497536  0.245626584
  1.4510603  0.266095638
  1.56714523  0.28656444
  1.68323004  0.30703339
  1.79931474  0.327502191
  1.91539955  0.347971141
  2.03148437  0.368440002
  2.14756918  0.388908863
  2.26365399  0.409377694
  2.37973881  0.429846615
  2.49582362  0.450315505
  2.61190867  0.470784426
  2.72799349  0.491253287
  2.8440783  0.511722207
  2.96016312  0.532190979
  3.07624793  0.552659929
  3.19233298  0.573128819
  3.3084178  0.59359777
  3.42450261  0.614066601
  3.54058743  0.634535491
  3.65667224  0.655004382
  3.77275729  0.675473332
  3.88884211  0.695942163
  4.00492668  0.716410995
  4.12101173  0.736879945
  4.23709631  0.757348776
  4.35318089  0.77780658
  4.46926594  0.798190176
  4.58535051  0.818378866
  4.70143557  0.838212013
  4.81752062  0.857504189
  4.93360519  0.876059055
  5.04969025  0.893683076
  5.16577482  0.910194933
  5.28185987  0.925435543
  5.39794445  0.939274848
  5.5140295  0.951617897
  5.63011408  0.962408602
  5.74619913  0.971632183
  5.86228371  0.979315341
  5.97836876  0.985526085
  6.09445333  0.990369976
  6.21053839  0.99398613
  6.32662296  0.996540964
  6.44270802  0.998220265
  6.55879307  0.999219775
  6.67487764  0.999733746
  6.7909627  0.999942124
  6.90704727  0.999995649
  7.02313232  1.
  7.1392169  1.
  7.25530195  1.
  7.37138653  1.
  7.48747158  1.
  7.60355616  1.
  7.71964121  1.
  7.83572578  1.
  7.95181084  1.
  8.06789589  1.
  8.18397999  1.
  8.30006504  1.
  8.41615009  1.
  8.53223515  1.
  8.6483202  1.
  8.7644043  1.
  8.88048935  1.
  8.9965744  1.
  9.11265945  1.
  9.22874355  1.
  9.34482861  1.
  9.46091366  1.
  9.57699871  1.
  9.69308281  1.
  9.80916786  1.
  9.92525291  1.
  10.041338  1.
  10.1574221  1.
  10.2735071  1.
  10.3895922  1.
  10.5056772  1.
  10.6217623  1.
  10.7378464  1.
  10.8539314  1.
  10.9700165  1.
  11.0861015  1.
  11.2021856  1.
  11.3182707  1.
  11.4343557  1.
  11.5504408  1.
  11.6665249  1.
  11.7826099  1.
  11.898695  1.
  12.01478  1.
  12.1308651  1.
  12.2469492  1.
  12.3630342  1.
  12.4791193  1.
  12.5952044  1.
  12.7112885  1.
  12.8273735  1.
  12.9434586  1.
  13.0595436  1.
  13.1756277  1.
  13.2917128  1.
  13.4077978  1.
  13.5238829  1.
  13.639967  1.
  13.756052  1.
  13.8721371  1.
  13.9882221  1.
  14.1043072  1.
  14.2203913  1.
  14.3364763  1.
  14.4525614  1.
  14.5686464  1.
  14.6847305  1.
  14.8008156  1.
  14.9169006  1.
  15.0329857  1.
  15.1490698  1.
  15.2651548  1.
  15.3812399  1.
  15.4973249  1.
  15.613409  1.
  15.7294941  1.
  15.8455791  1.
  15.9616642  1.
  16.0777493  1.
  16.1938343  1.
  16.3099194  1.
  16.4260025  1.
  16.5420876  1.
  16.6581726  1.
  16.7742577  1.
  16.8903427  1.
  17.0064278  1.
  17.1225128  1.
  17.2385979  1.
  17.354681  1.
  17.4707661  1.
  17.5868511  1.
  17.7029362  1.
  17.8190212  1.
  17.9351063  1.
  18.0511913  1.
  18.1672764  1.
  18.2833614  1.
  18.3994446  1.
  18.5155296  1.
  18.6316147  1.
  18.7476997  1.
  18.8637848  1.
  18.9798698  1.
  19.0959549  1.
  19.2120399  1.
  19.3281231  1.
  19.4442081  1.
  19.5602932  1.
  19.6763783  1.
  19.7924633  1.
  19.9085484  1.
  20.0246334  1.
  20.1407185  1.
  20.2568035  1.
  20.3728867  1.
  20.4889717  1.
  20.6050568  1.
  20.7211418  1.
  20.8372269  1.
  20.9533119  1.
  21.069397  1.
  21.185482  1.
  21.3015652  1.
  21.4176502  1.
  21.5337353  1.
  21.6498203  1.
  21.7659054  1.
  21.8819904  1.
  21.9980755  1.
  22.1141605  1.
  22.2302456  1.
  22.3463287  1.
  22.4624138  1.
  22.5784988  1.
  22.6945839  1.
  22.8106689  1.
  22.926754  1.
  23.0428391  1.
  23.1589241  1.
  23.2750092  1.
  23.3910923  0.99999994
  23.5071774  0.999999881
  23.6232624  0.999999821
  23.7393475  0.999999821
  23.8554325  0.999999762
  23.9715176  0.999999702
  24.0876026  0.999999642
  24.2036877  0.999999583
  24.3197708  0.999999464
  24.4358559  0.999999404
  24.5519409  0.999999285
  24.668026  0.999999166
  24.784111  0.999998987
  24.9001961  0.999998808
  25.016283  0.999998629
  25.1323681  0.99999845
  25.2484531  0.999998152
  25.3645363  0.999997914
  25.4806213  0.999997556
  25.5967064  0.999997139
  25.7127914  0.999996662
  25.8288765  0.999996126
  25.9449635  0.999995589
  26.0610485  0.999994934
  26.1771336  0.999994099
  26.2932186  0.999993265
  26.4093037  0.999992192
  26.5253906  0.999991
  26.6414757  0.999989688
  26.7575626  0.999988258
  26.8736477  0.99998641
  26.9897346  0.999984443
  27.1058216  0.999982178
  27.2219086  0.999979556
  27.3379955  0.999976456
  27.4540825  0.999973118
  27.5701714  0.999969363
  27.6862602  0.999964893
  27.8023491  0.999959886
  27.918438  0.999953985
  28.0345287  0.999947488
  28.1506195  0.999940157
  28.2667103  0.999931693
  28.382803  0.999922156
  28.4988976  0.999911189
  28.6149921  0.999899089
  28.7310886  0.999884963
  28.847187  0.999869227
  28.9632874  0.999851406
  29.0793896  0.99983108
  29.1954956  0.999808192
  29.3115997  0.999782383
  29.4277096  0.999753237
  29.5438232  0.999720335
  29.6599426  0.999683201
  29.7760639  0.999641538
  29.8921909  0.99959451
  30.0083218  0.999541819
  30.1244602  0.999482572
  30.2406044  0.999416113
  30.3567562  0.999341667
  30.4729176  0.999258339
  30.5890903  0.999165118
  30.7052708  0.99906075
  30.8214664  0.998944521
  30.9376736  0.998814642
  31.053896  0.99867028
  31.1701355  0.998509645
  31.2863922  0.998331249
  31.4026718  0.998133123
  31.5189743  0.997913778
  31.6353016  0.997670889
  31.7516575  0.997402489
  31.8680439  0.997106612
  31.9844666  0.996780336
  32.1009254  0.996421516
  32.2174263  0.996027589
  32.3339729  0.995595515
  32.450573  0.99512279
  32.5672264  0.994606674
  32.6839409  0.994043767
  32.800724  0.993431747
  32.9175758  0.992767274
  33.0345078  0.992047846
  33.1515198  0.991270721
  33.2686272  0.990433395
  33.3858337  0.98953414
  33.5031471  0.988571107
  33.620575  0.987542689
  33.738121  0.986448884
  33.8558006  0.985289812
  33.9736176  0.984066844
  34.0915833  0.982782602
  34.2097015  0.981440783
  34.3279839  0.980047286
  34.4464302  0.978610158
  34.565052  0.977138817
  34.6838531  0.975646555
  34.8028374  0.974149048
  34.9220009  0.972665906
  35.0413475  0.971220851
  35.1608734  0.969841838
  35.280571  0.968561888
  35.4004211  0.967419803
  35.5204163  0.966460407
  35.6405296  0.965734661
  35.7607307  0.965299845
  35.8809891  0.965220213
  36.001255  0.965566039
  36.1214828  0.966413558
  36.2416  0.967842877
  36.3615417  0.969936371
  36.4812241  0.9727754
  36.6005592  0.976438105
  36.7194443  0.980991006
  36.83778  0.98648566
  36.9554558  0.992949069
  37.0723648  1.00037646
