 -0.0580443442  0.
  0.0580416247  0.0204688087
  0.174127609  0.0409378745
  0.290212303  0.0614067093
  0.406297207  0.0818757191
  0.522381842  0.102344513
  0.638466656  0.122813299
  0.75455153  0.143282562
  0.870636225  0.163751021
  0.986721158  0.18422012
  1.10280597  0.204688981
  1.21889067  0.225157842
  1.33497536  0.245626673
  1.4510603  0.266095638
  1.56714511  0.28656441
  1.68322992  0.30703336
  1.79931474  0.32750234
  1.91539943  0.347971141
  2.03148413  0.368440032
  2.14756918  0.388908714
  2.26365399  0.409377724
  2.37973881  0.429846555
  2.49582362  0.450315446
  2.61190844  0.470784396
  2.72799325  0.491253287
  2.84407806  0.511722207
  2.96016288  0.532190979
  3.07624793  0.552659929
  3.19233274  0.5731287
  3.3084178  0.59359771
  3.42450261  0.614066601
  3.54058719  0.634535432
  3.65667224  0.655004323
  3.77275729  0.675473213
  3.88884211  0.695942223
  4.00492668  0.716411054
  4.12101126  0.736880064
  4.23709631  0.757348716
  4.35318089  0.777806461
  4.46926594  0.798190057
  4.58535051  0.818378747
  4.70143557  0.838212073
  4.8175211  0.857504129
  4.93360519  0.876059055
  5.04969072  0.893682957
  5.16577482  0.910194933
  5.28186035  0.925435424
  5.39794493  0.939274848
  5.5140295  0.951617897
  5.63011456  0.962408602
  5.74619961  0.971631885
  5.86228418  0.9793154
  5.97836876  0.985525966
  6.09445381  0.990369976
  6.21053886  0.99398613
  6.32662296  0.996540964
  6.44270802  0.998220265
  6.55879307  0.999219775
  6.67487764  0.999733746
  6.7909627  0.999942124
  6.90704727  0.999995649
  7.02313232  1.
  7.1392169  1.
  7.25530195  1.
  7.37138653  1.
  7.48747158  1.
  7.60355616  1.
  7.71964121  1.
  7.83572578  1.
  7.95181084  1.
  8.06789589  1.
  8.18397999  1.
  8.30006504  1.
  8.41615009  1.
  8.53223515  1.
  8.6483202  1.
  8.7644043  1.
  8.88048935  1.
  8.9965744  1.
  9.11265945  1.
  9.22874355  1.
  9.34482861  1.
  9.46091366  1.
  9.57699871  1.
  9.69308281  1.
  9.80916786  1.
  9.92525291  1.
  10.041338  1.
  10.1574221  1.
  10.2735071  1.
  10.3895922  1.
  10.5056772  1.
  10.6217623  1.
  10.7378464  1.
  10.8539314  1.
  10.9700165  1.
  11.0861015  1.
  11.2021856  1.
  11.3182707  1.
  11.4343557  1.
  11.5504408  1.
  11.6665249  1.
  11.7826099  1.
  11.898695  1.
  12.01478  1.
  12.1308651  1.
  12.2469492  1.
  12.3630342  1.
  12.4791193  1.
  12.5952044  1.
  12.7112885  1.
  12.8273735  1.
  12.9434586  1.
  13.0595436  1.
  13.1756277  1.
  13.2917128  1.
  13.4077978  1.
  13.5238829  1.
  13.639967  1.
  13.756052  1.
  13.8721371  1.
  13.9882221  1.
  14.1043072  1.
  14.2203913  1.
  14.3364763  1.
  14.4525614  1.
  14.5686464  1.
  14.6847305  1.
  14.8008156  1.
  14.9169006  1.
  15.0329857  1.
  15.1490698  1.
  15.2651548  1.
  15.3812399  1.
  15.4973249  1.
  15.613409  0.99999994
  15.7294941  0.99999994
  15.8455791  0.999999881
  15.9616642  0.999999821
  16.0777493  0.999999762
  16.1938343  0.999999702
  16.3099194  0.999999642
  16.4260025  0.999999642
  16.5420876  0.999999523
  16.6581726  0.999999464
  16.7742577  0.999999344
  16.8903427  0.999999225
  17.0064278  0.999999106
  17.1225128  0.999998987
  17.2385979  0.999998868
  17.3546829  0.999998689
  17.470768  0.99999851
  17.586853  0.999998212
  17.7029381  0.999998033
  17.8190231  0.999997735
  17.9351082  0.999997437
  18.0511932  0.999997139
  18.1672783  0.999996603
  18.2833652  0.999996185
  18.3994484  0.999995649
  18.5155334  0.999995112
  18.6316185  0.999994576
  18.7477055  0.999993801
  18.8637905  0.999992967
  18.9798775  0.999992073
  19.0959625  0.999991059
  19.2120495  0.999989986
  19.3281326  0.999988616
  19.4442196  0.999987125
  19.5603065  0.999985695
  19.6763935  0.999983788
  19.7924805  0.999981999
  19.9085674  0.999979734
  20.0246544  0.999977112
  20.1407413  0.99997437
  20.2568302  0.999971271
  20.3729172  0.999967754
  20.489006  0.999963939
  20.6050949  0.999959528
  20.7211838  0.9999547
  20.8372746  0.999949336
  20.9533653  0.999943495
  21.069458  0.999936759
  21.1855488  0.999929428
  21.3016415  0.999921322
  21.4177361  0.999912024
  21.5338306  0.999901891
  21.6499271  0.999890745
  21.7660255  0.999878287
  21.8821239  0.999864399
  21.9982243  0.9998492
  22.1143265  0.999832511
  22.2304325  0.999813735
  22.3465366  0.999793053
  22.4626465  0.999770403
  22.5787582  0.99974519
  22.6948719  0.999717653
  22.8109894  0.999687195
  22.9271107  0.999653578
  23.0432358  0.999616623
  23.1593666  0.999576271
  23.2755013  0.999531627
  23.3916378  0.99948293
  23.5077839  0.999429405
  23.6239338  0.999370754
  23.7400932  0.999306738
  23.8562584  0.999236703
  23.9724312  0.999160051
  24.0886154  0.999076605
  24.2048073  0.998985648
  24.3210087  0.998886585
  24.4372215  0.998778641
  24.5534496  0.998661637
  24.6696892  0.998534739
  24.7859459  0.998396754
  24.902216  0.998247385
  25.0185051  0.998085976
  25.1348133  0.997911632
  25.2511406  0.997723281
  25.3674889  0.997520387
  25.4838638  0.997302055
  25.6002617  0.997067213
  25.7166882  0.996815622
  25.8331451  0.996545613
  25.9496326  0.996256649
  26.0661526  0.995947838
  26.1827106  0.995618403
  26.299305  0.995267451
  26.4159412  0.994894683
  26.5326233  0.99449873
  26.6493492  0.994079351
  26.7661266  0.993635833
  26.8829556  0.993168235
  26.9998379  0.992675483
  27.1167793  0.992157757
  27.2337818  0.991615713
  27.3508472  0.991048813
  27.4679813  0.990457535
  27.5851841  0.989843309
  27.7024612  0.989206135
  27.8198128  0.9885481
  27.9372425  0.987870574
  28.0547523  0.987176001
  28.1723461  0.986466408
  28.2900219  0.985745013
  28.4077854  0.985015631
  28.5256367  0.9842816
  28.6435757  0.983548343
  28.7616024  0.982821405
  28.879715  0.982106268
  28.9979153  0.98140949
  29.1161995  0.980739176
  29.2345638  0.980103552
  29.3530045  0.979511619
  29.4715176  0.978973746
  29.5900955  0.978500366
  29.7087307  0.978103817
  29.8274155  0.977795959
  29.9461365  0.97759074
  30.0648823  0.977501869
  30.1836395  0.977543592
  30.3023891  0.977731943
  30.4211178  0.978082061
  30.5398045  0.978609145
  30.6584263  0.979329288
  30.7769623  0.980256855
  30.8953857  0.981406331
  31.01367  0.982790172
  31.1317883  0.984419882
  31.2497101  0.986303627
  31.3674049  0.988447785
  31.4848461  0.990854859
  31.6020031  0.993522763
  31.7188454  0.996445298
  31.8353443  0.999610305
  31.9514751  1.0029999
  32.0672112  1.00659013
  32.1825371  1.01035023
  32.2974319  1.01424134
  32.4118881  1.01821911
  32.5258942  1.0222317
  32.6394539  1.02622104
  32.7525749  1.03012371
  32.8652649  1.03387225
  32.9775467  1.03739452
  33.089447  1.04061854
  33.2010002  1.04347193
  33.3122482  1.04588497
  33.4232407  1.04779136
  33.5340309  1.04913259
  33.64468  1.04986084
  33.755249  1.04993796
  33.8658104  1.04934084
  33.9764404  1.04806304
  34.0872002  1.04611695
  34.1981697  1.04353511
  34.3094101  1.04037106
  34.42099  1.03670096
  34.5329666  1.03262353
  34.6453819  1.02826035
  34.7582779  1.02375305
  34.8716698  1.01925957
  34.9855614  1.01495469
  35.0999374  1.01101983
  35.214756  1.00763977
  35.3299599  1.00499356
  35.4454689  1.00324285
  35.5611801  1.00252318
  35.6769676  1.00293112
  35.7927132  1.00450861
  35.9082794  1.00723386
  36.0235291  1.01100934
  36.1383514  1.01565194
  36.2526474  1.02089393
  36.3663559  1.02638257
  36.4794579  1.03169107
  36.5919762  1.03634059
  36.7039909  1.03982902
  36.8156281  1.04167485
  36.9270706  1.04147315
