 -0.0580436364  0.
  0.05804158  0.0204689391
  0.174126804  0.0409378745
  0.290211499  0.0614065491
  0.4062967  0.0818757564
  0.522381306  0.102344021
  0.638466716  0.122813441
  0.75455147  0.143282399
  0.870636284  0.16375123
  0.986721039  0.18422015
  1.10280573  0.204688892
  1.21889055  0.225157991
  1.33497512  0.245626539
  1.45106018  0.266095549
  1.56714511  0.28656441
  1.68323016  0.30703339
  1.79931474  0.327502102
  1.91539955  0.347970992
  2.03148437  0.368439734
  2.14756942  0.388908774
  2.26365423  0.409377754
  2.37973905  0.429846525
  2.49582386  0.450315297
  2.61190867  0.470784068
  2.72799373  0.49125272
  2.84407878  0.51172179
  2.96016359  0.532190382
  3.07624865  0.552658975
  3.19233346  0.573127925
  3.30841851  0.593596637
  3.4245038  0.614065468
  3.54058862  0.634534121
  3.65667367  0.655002713
  3.77275896  0.675471425
  3.88884401  0.695939958
  4.00492907  0.71640861
  4.12101412  0.736877203
  4.23709965  0.757345915
  4.3531847  0.777803123
  4.46927023  0.798186421
  4.58535528  0.818374693
  4.70144129  0.838207424
  4.81752682  0.857499063
  4.93361235  0.876053274
  5.04969788  0.8936764
  5.16578341  0.910187662
  5.28186941  0.925427437
  5.39795494  0.939265907
  5.51404142  0.951607943
  5.63012695  0.962397635
  5.74621344  0.971619904
  5.86229944  0.979301572
  5.97838593  0.985510826
  6.09447241  0.990352869
  6.21055937  0.993966997
  6.32664633  0.996519983
  6.44273329  0.998196959
  6.5588212  0.999194145
  6.67490911  0.999705374
  6.79099751  0.999910891
  6.90708542  0.999961495
  7.02317476  0.999962509
  7.13926363  0.999958873
  7.25535345  0.999954879
  7.37144327  0.999950528
  7.48753405  0.9999457
  7.60362482  0.999940574
  7.71971703  0.999934912
  7.83580923  0.999928772
  7.95190239  0.999921978
  8.06799698  0.999914646
  8.18409061  0.999906838
  8.30018616  0.999897897
  8.41628361  0.999888718
  8.53238106  0.999878645
  8.64848042  0.999867558
  8.76457977  0.999855399
  8.88068199  0.999842465
  8.99678516  0.999828577
  9.11289024  0.999813199
  9.22899628  0.999796748
  9.34510422  0.999778867
  9.46121502  0.999759376
  9.57732868  0.999738812
  9.69344234  0.999716163
  9.80956078  0.999691725
  9.92568207  0.999665558
  10.0418053  0.999637425
  10.1579313  0.999606788
  10.2740622  0.999573946
  10.3901968  0.999538958
  10.5063353  0.99950105
  10.6224785  0.99946034
  10.7386255  0.99941653
  10.8547783  0.999369681
  10.9709368  0.999319553
  11.087101  0.999265671
  11.20327  0.999208272
  11.3194475  0.999146521
  11.4356318  0.999080956
  11.5518236  0.999010623
  11.6680222  0.99893564
  11.7842312  0.99885577
  11.9004488  0.998770833
  12.0166769  0.998680174
  12.1329155  0.998584032
  12.2491646  0.998481631
  12.3654261  0.998373091
  12.4816999  0.998257875
  12.5979872  0.998136103
  12.7142887  0.998006999
  12.8306055  0.997870803
  12.9469385  0.997726738
  13.0632877  0.997574806
  13.1796541  0.99741441
  13.2960396  0.99724555
  13.412446  0.997068524
  13.5288715  0.996882379
  13.645319  0.996686816
  13.7617903  0.996482193
  13.8782845  0.996267974
  13.9948044  0.996044099
  14.111351  0.99581033
  14.2279234  0.995567024
  14.3445253  0.995313466
  14.4611568  0.995050073
  14.5778198  0.994776607
  14.6945133  0.994493663
  14.8112411  0.994201481
  14.9280033  0.993899405
  15.0448008  0.993588269
  15.1616335  0.993268311
  15.2785053  0.992939949
  15.3954163  0.992603838
  15.5123663  0.992260516
  15.6293554  0.991910934
  15.7463875  0.991555631
  15.8634615  0.991195738
  15.9805775  0.99083221
  16.0977364  0.990466058
  16.2149391  0.990098894
  16.3321857  0.989732623
  16.4494724  0.989367723
  16.5668049  0.989006937
  16.6841793  0.98865205
  16.8015976  0.988305032
  16.9190559  0.987968564
  17.0365543  0.987644851
  17.1540928  0.987336695
  17.2716656  0.987046838
  17.3892727  0.986778617
  17.5069141  0.986535251
  17.6245823  0.986320317
  17.7422771  0.986137509
  17.8599949  0.985991299
  17.9777298  0.985884845
  18.0954762  0.985822856
  18.2132301  0.985809863
  18.330986  0.985850692
  18.4487362  0.985950172
  18.5664749  0.986113131
  18.6841946  0.986344099
  18.8018875  0.986648738
  18.9195423  0.987032294
  19.0371532  0.987499237
  19.1547089  0.988054693
  19.2721958  0.988703251
  19.3896065  0.989450097
  19.5069294  0.990299165
  19.6241512  0.991253972
  19.7412605  0.992318273
  19.8582439  0.993495047
  19.97509  0.994786263
  20.0917835  0.996192515
  20.2083111  0.997715354
  20.3246632  0.99935317
  20.4408207  1.00110435
  20.556778  1.0029664
  20.6725197  1.00493336
  20.7880344  1.00700009
  20.9033127  1.00915921
  21.0183449  1.01140058
  21.1331215  1.0137136
  21.2476349  1.01608562
  21.3618813  1.01850164
  21.4758568  1.02094626
  21.5895596  1.02340126
  21.7029915  1.02584708
  21.8161507  1.02826357
  21.9290447  1.0306288
  22.0416813  1.03292036
  22.1540661  1.03511512
  22.2662125  1.03718913
  22.3781338  1.03911889
  22.4898491  1.04088151
  22.6013737  1.04245484
  22.7127323  1.04381716
  22.8239441  1.04494905
  22.9350357  1.04583323
  23.0460339  1.04645467
  23.1569653  1.0467999
  23.2678604  1.0468601
  23.3787479  1.04662883
  23.4896603  1.04610324
  23.6006298  1.04528511
  23.7116852  1.04417789
  23.8228588  1.04279113
  23.9341812  1.04113841
  24.0456791  1.03923488
  24.1573811  1.03710127
  24.2693119  1.03476107
  24.3814964  1.03224134
  24.4939556  1.02957201
  24.6067066  1.02678466
  24.7197647  1.02391338
  24.8331375  1.02099431
  24.9468365  1.01806343
  25.0608616  1.01515865
  25.1752129  1.01231694
  25.2898827  1.0095737
  25.4048672  1.00696504
  25.5201492  1.00452292
  25.6357117  1.00227928
  25.7515335  1.00026107
  25.867588  0.998492599
  25.9838486  0.996993065
  26.1002846  0.995778859
  26.2168579  0.994859695
  26.3335438  0.994239092
  26.4503021  0.993916869
  26.5670967  0.993884742
  26.683897  0.994128644
  26.8006668  0.994628429
  26.9173794  0.995355606
  27.0340061  0.996277034
  27.1505241  0.99735254
  27.2669163  0.998537064
  27.3831711  0.999780536
  27.4992809  1.0010283
  27.6152477  1.00222313
  27.7310753  1.00330675
  27.846777  1.00422001
  27.9623737  1.00490522
  28.0778923  1.00530934
  28.1933632  1.00538099
  28.3088264  1.00507796
  28.4243259  1.00436449
  28.5399055  1.00321567
  28.6556187  1.00161719
  28.7715168  0.999565482
  28.8876514  0.997072637
  29.0040779  0.994162858
  29.1208439  0.990872741
  29.2379971  0.987256527
  29.3555794  0.983377635
  29.4736271  0.979313731
  29.592165  0.9751544
  29.7112083  0.970996439
  29.830759  0.966944098
  29.9508133  0.963108122
  30.0713444  0.959599912
  30.1923161  0.956529319
  30.3136768  0.954004109
  30.435358  0.952123284
  30.5572796  0.950974107
  30.6793499  0.950628757
  30.8014641  0.951143622
  30.9235115  0.952549756
  31.0453796  0.954855919
  31.1669521  0.958040118
  31.2881203  0.962053776
  31.4087849  0.966816008
  31.5288544  0.97221601
  31.6482563  0.978115499
  31.7669392  0.984351099
  31.8848686  0.990739226
  32.0020409  0.997083843
  32.1184616  1.00318313
  32.2341766  1.00883937
  32.349247  1.0138644
  32.4637451  1.01809597
  32.5777664  1.02139628
  32.6914177  1.02366805
  32.804821  1.02485561
  32.9180908  1.02495253
  33.0313492  1.02399969
  33.1447144  1.022089
  33.2582893  1.01935577
  33.3721695  1.015975
  33.4864311  1.01215458
  33.60112  1.00811732
  33.7162666  1.0040977
  33.8318787  1.0003165
  33.9479256  0.996975422
  34.0643654  0.994237542
  34.1811218  0.992216468
  34.2981186  0.990972459
  34.4152603  0.990502656
  34.5324593  0.990747869
  34.6496277  0.991595447
  34.7666969  0.992897451
  34.8836136  0.994480073
  35.0003395  0.996167123
  35.1168747  0.997796655
  35.2332153  0.99924016
  35.3493881  1.00041461
  35.4654236  1.0012871
  35.5813599  1.00187397
  35.6972237  1.00222921
  35.8130531  1.00242102
  35.9288559  1.00251329
  36.044651  1.00252962
  36.1604424  1.00244606
  36.2762451  1.00217795
  36.3920784  1.00161409
  36.5079765  1.00067365
  36.6239815  0.999408126
  36.7401352  0.998137593
  36.8564377  0.997599185
  36.9728012  0.999071717
