 -0.0580430962  0.
  0.0580416545  0.0204690173
  0.174126416  0.040937826
  0.29021126  0.0614067428
  0.406296134  0.0818754509
  0.522381186  0.102344282
  0.638466239  0.122813314
  0.754551113  0.143281475
  0.870636702  0.163750648
  0.986721873  0.184219539
  1.10280704  0.204688191
  1.2188921  0.225156531
  1.33497751  0.245625377
  1.45106304  0.266093671
  1.5671488  0.286562294
  1.68323469  0.307030648
  1.79932046  0.32749927
  1.91540611  0.347967565
  2.03149223  0.368435681
  2.14757848  0.388903826
  2.26366496  0.409371942
  2.37975121  0.429839909
  2.49583793  0.450307757
  2.61192465  0.470775455
  2.72801185  0.491242856
  2.84409904  0.511710584
  2.96018648  0.532177627
  3.07627439  0.55264467
  3.19236231  0.573111892
  3.30845046  0.593578577
  3.42453909  0.614045262
  3.54062796  0.634511471
  3.65671706  0.65497762
  3.77280688  0.67544347
  3.88889647  0.695909142
  4.00498676  0.716374457
  4.12107754  0.736839592
  4.23716879  0.757304549
  4.35326052  0.777757645
  4.46935272  0.798136652
  4.5854454  0.818319976
  4.70153856  0.838147283
  4.81763268  0.857432842
  4.93372679  0.875980556
  5.04982233  0.893596232
  5.16591835  0.910099387
  5.2820158  0.925330043
  5.39811325  0.939158678
  5.51421261  0.951489687
  5.63031292  0.962267339
  5.74641514  0.971476674
  5.86251831  0.979144216
  5.97862339  0.985338032
  6.09473038  0.990163565
  6.21083927  0.99375999
  6.32695055  0.996294022
  6.44306421  0.997950852
  6.55918026  0.998926818
  6.67529917  0.999415636
  6.79142094  0.99959749
  6.90754557  0.999623179
  7.02367401  0.999597669
  7.13980532  0.999565542
  7.25594091  0.999531388
  7.37207985  0.999494612
  7.48822355  0.999455273
  7.60437155  0.999413192
  7.72052479  0.99936825
  7.8366828  0.999320269
  7.952847  0.99926883
  8.06901646  0.999214053
  8.18519211  0.99915576
  8.30137539  0.999093354
  8.41756535  0.999027371
  8.53376389  0.99895668
  8.64997005  0.998881817
  8.76618385  0.998802125
  8.88240814  0.998717666
  8.99864292  0.998628318
  9.11488724  0.998533368
  9.23114204  0.998433113
  9.34740925  0.998327017
  9.46368885  0.998214781
  9.57998085  0.998096466
  9.69628716  0.997971773
  9.81260777  0.997840226
  9.92894363  0.997701883
  10.0452967  0.997556448
  10.161665  0.997403562
  10.2780523  0.997243166
  10.3944578  0.997075379
  10.5108833  0.996899605
  10.6273298  0.996715546
  10.7437963  0.996523559
  10.8602867  0.996323347
  10.9768  0.996114671
  11.093338  0.995897591
  11.2098999  0.995672047
  11.3264894  0.995438159
  11.4431067  0.995195866
  11.5597525  0.99494493
  11.6764259  0.994686007
  11.7931318  0.994419158
  11.9098682  0.994144499
  12.0266371  0.993862331
  12.1434383  0.993572652
  12.2602739  0.993276715
  12.3771448  0.992974579
  12.494051  0.992666721
  12.6109934  0.992354035
  12.727972  0.992036641
  12.8449888  0.991716206
  12.9620438  0.991393328
  13.0791368  0.991069019
  13.1962671  0.990744293
  13.3134365  0.990420759
  13.430644  0.990099907
  13.5478897  0.989782989
  13.6651726  0.989471436
  13.7824926  0.989167869
  13.8998489  0.98887372
  14.0172396  0.988591135
  14.1346645  0.988322496
  14.25212  0.988069952
  14.369607  0.987836599
  14.4871216  0.987624824
  14.604661  0.987437606
  14.7222223  0.987278283
  14.8398027  0.987149954
  14.9573994  0.987055719
  15.0750065  0.987000048
  15.1926193  0.986985505
  15.310235  0.98701638
  15.4278479  0.987096906
  15.5454502  0.987230897
  15.6630354  0.987422824
  15.7805996  0.987676501
  15.8981323  0.987996459
  16.0156288  0.988386869
  16.1330776  0.988851666
  16.2504711  0.98939532
  16.3677998  0.990022004
  16.485054  0.990734816
  16.6022243  0.991537869
  16.7192993  0.992434263
  16.8362694  0.9934268
  16.9531231  0.994517982
  17.0698471  0.995709121
  17.1864338  0.997001708
  17.3028679  0.998396158
  17.419136  0.999892056
  17.5352345  1.00148773
  17.6511478  1.00318098
  17.7668648  1.00496817
  17.8823757  1.00684524
  17.9976711  1.00880563
  18.1127434  1.01084137
  18.2275829  1.01294458
  18.3421841  1.01510537
  18.4565411  1.01731122
  18.5706501  1.01955056
  18.6845093  1.02180815
  18.7981167  1.02406859
  18.9114723  1.02631521
  19.0245819  1.02853072
  19.1374474  1.03069568
  19.2500744  1.03279066
  19.3624725  1.03479695
  19.4746532  1.03669333
  19.5866299  1.03846025
  19.6984158  1.04007792
  19.8100281  1.04152775
  19.921484  1.04279065
  20.0328064  1.04385006
  20.1440144  1.04469144
  20.2551327  1.04529989
  20.3661861  1.04566562
  20.4772015  1.04577887
  20.5882053  1.0456332
  20.6992245  1.04522491
  20.8102856  1.04455423
  20.9214191  1.04362261
  21.0326519  1.042436
  21.1440125  1.04100311
  21.2555218  1.03933549
  21.3672142  1.03744769
  21.4791088  1.03535712
  21.5912304  1.03308451
  21.703598  1.03065145
  21.8162308  1.02808356
  21.9291439  1.02540636
  22.0423527  1.02264881
  22.1558666  1.01983917
  22.2696915  1.01700687
  22.3838367  1.01418293
  22.4982967  1.011397
  22.6130753  1.00867856
  22.7281609  1.00605583
  22.8435478  1.00355625
  22.9592209  1.00120616
  23.0751667  0.999028087
  23.1913643  0.997044027
  23.3077908  0.995271623
  23.424427  0.993726552
  23.5412464  0.992420256
  23.6582165  0.991361141
  23.7753143  0.990553677
  23.8925056  0.989997327
  24.0097637  0.9896878
  24.127058  0.989616394
  24.24436  0.989770114
  24.3616447  0.99012965
  24.4788876  0.990674496
  24.5960655  0.991376758
  24.7131596  0.992205262
  24.8301563  0.993125618
  24.9470444  0.994100392
  25.0638199  0.995089233
  25.1804771  0.996050358
  25.29702  0.996939003
  25.4134617  0.997713447
  25.5298138  0.998330891
  25.6460915  0.998750985
  25.7623234  0.998936296
  25.8785305  0.998854339
  25.9947491  0.998476863
  26.1110115  0.997782826
  26.2273521  0.996759117
  26.3438148  0.995399237
  26.4604378  0.993705094
  26.5772572  0.991690397
  26.694315  0.989375889
  26.8116474  0.986793816
  26.929285  0.983983636
  27.0472603  0.98099488
  27.1655941  0.977886438
  27.2843018  0.974723637
  27.4033966  0.971577525
  27.5228786  0.968525648
  27.6427364  0.965647042
  27.7629509  0.963025689
  27.8834934  0.96074152
  28.0043221  0.95887506
  28.1253853  0.957502067
  28.2466202  0.956690133
  28.36796  0.956499696
  28.4893246  0.95697844
  28.6106281  0.958160579
  28.7317829  0.960065663
  28.8526974  0.962691963
  28.97328  0.966019452
  29.0934486  0.970007241
  29.2131233  0.974590123
  29.3322334  0.979683459
  29.4507256  0.985180199
  29.5685558  0.990952611
  29.6857014  0.996860743
  29.8021526  1.00274932
  29.9179192  1.00845766
  30.0330296  1.01382327
  30.1475334  1.01868677
  30.2614861  1.02290261
  30.3749714  1.02634048
  30.4880772  1.0288924
  30.6009026  1.03047955
  30.7135544  1.03105521
  30.8261433  1.03060877
  30.9387817  1.02916658
  31.0515766  1.02679348
  31.1646328  1.02358961
  31.2780399  1.01969063
  31.3918839  1.01525998
  31.5062237  1.01048589
  31.6211033  1.00556958
  31.7365456  1.00071979
  31.8525467  0.996142924
  31.9690819  0.992030501
  32.0860977  0.988552392
  32.2035255  0.985845327
  32.3212776  0.984005392
  32.4392509  0.983084023
  32.5573349  0.983081639
  32.675415  0.98395139
  32.793396  0.985596955
  32.9111748  0.98788166
  33.0286865  0.990634203
  33.1458664  0.993662715
  33.2626915  0.996765196
  33.3791542  0.999742806
  33.4952698  1.0024147
  33.6110764  1.00463033
  33.7266197  1.00627887
  33.8419838  1.00729609
  33.9572258  1.00767076
  34.0724258  1.00744224
  34.1876564  1.00669456
  34.3029671  1.0055511
  34.4184113  1.00415516
  34.5340157  1.00266266
  34.6497955  1.00121832
  34.7657394  0.999946773
  34.8818283  0.998930454
  34.9980392  0.998215079
  35.1143303  0.997796535
  35.2306709  0.997635961
  35.3470306  0.997669518
  35.4633904  0.997825146
  35.5797272  0.998045325
  35.6960335  0.998302579
  35.8123169  0.998602331
  35.928566  0.998987079
  36.0447693  0.999509156
  36.1609116  1.00019979
  36.2769737  1.00102031
  36.3929405  1.00182712
  36.508812  1.00235379
  36.6246262  1.00225222
  36.740448  1.00121939
  36.8563919  0.999248624
  36.9725647  0.997038126
