  0.  0.
  0.116084829  0.0204690099
  0.232169658  0.0409378409
  0.348254502  0.0614067316
  0.464339316  0.0818755627
  0.58042413  0.102344513
  0.696509004  0.122813344
  0.812593818  0.143282294
  0.928678632  0.163751125
  1.04476345  0.184220076
  1.16084826  0.204688907
  1.27693307  0.225157797
  1.39301801  0.245626748
  1.50910282  0.266095579
  1.62518764  0.28656441
  1.74127245  0.30703336
  1.85735726  0.327502251
  1.97344208  0.347971141
  2.08952689  0.368439972
  2.20561171  0.388908863
  2.32169652  0.409377754
  2.43778133  0.429846644
  2.55386615  0.450315535
  2.66995096  0.470784426
  2.78603601  0.491253316
  2.90212083  0.511722207
  3.01820564  0.532191038
  3.13429046  0.552659988
  3.25037527  0.573128819
  3.36646008  0.59359771
  3.4825449  0.614066601
  3.59862971  0.634535491
  3.71471453  0.655004382
  3.83079934  0.675473213
  3.94688416  0.695942163
  4.06296921  0.716411054
  4.17905378  0.736879945
  4.29513884  0.757348776
  4.41122341  0.777806461
  4.52730846  0.798190057
  4.64339304  0.818378806
  4.75947809  0.838212073
  4.87556267  0.857504129
  4.99164772  0.876059055
  5.1077323  0.893683016
  5.22381735  0.910194933
  5.33990192  0.925435483
  5.45598698  0.939274848
  5.57207203  0.951617956
  5.6881566  0.962408602
  5.80424166  0.971632123
  5.92032623  0.979315341
  6.03641129  0.985526085
  6.15249586  0.990369976
  6.26858091  0.99398613
  6.38466549  0.996540964
  6.50075054  0.998220265
  6.61683512  0.999219775
  6.73292017  0.999733746
  6.84900475  0.999942124
  6.9650898  0.999995649
  7.08117437  1.
  7.19725943  1.
  7.313344  1.
  7.42942905  1.
  7.54551411  1.
  7.66159868  1.
  7.77768373  1.
  7.89376831  1.
  8.00985336  1.
  8.12593842  1.
  8.24202251  1.
  8.35810757  1.
  8.47419262  1.
  8.59027767  1.
  8.70636177  1.
  8.82244682  1.
  8.93853188  1.
  9.05461693  1.
  9.17070103  1.
  9.28678608  1.
  9.40287113  1.
  9.51895618  1.
  9.63504124  1.
  9.75112534  1.
  9.86721039  1.
  9.98329544  1.
  10.0993805  1.
  10.2154646  1.
  10.3315496  1.
  10.4476347  1.
  10.5637197  1.
  10.6798038  1.
  10.7958889  1.
  10.911974  1.
  11.028059  1.
  11.1441441  1.
  11.2602282  1.
  11.3763132  1.
  11.4923983  1.
  11.6084833  1.
  11.7245674  1.
  11.8406525  1.
  11.9567375  1.
  12.0728226  1.
  12.1889067  1.
  12.3049917  1.
  12.4210768  1.
  12.5371618  1.
  12.6532459  1.
  12.769331  1.
  12.885416  1.
  13.0015011  1.
  13.1175861  1.
  13.2336702  1.
  13.3497553  1.
  13.4658403  1.
  13.5819254  1.
  13.6980095  1.
  13.8140945  1.
  13.9301796  1.
  14.0462646  1.
  14.1623487  1.
  14.2784338  1.
  14.3945189  1.
  14.5106039  1.
  14.626688  1.
  14.7427731  1.
  14.8588581  1.
  14.9749432  1.
  15.0910282  1.
  15.2071123  1.
  15.3231974  1.
  15.4392824  1.
  15.5553675  1.
  15.6714516  1.
  15.7875366  1.
  15.9036217  1.
  16.0197067  1.
  16.1357918  1.
  16.2518768  1.
  16.36796  1.
  16.484045  1.
  16.6001301  1.
  16.7162151  1.
  16.8323002  1.
  16.9483852  1.
  17.0644703  1.
  17.1805553  1.
  17.2966404  1.
  17.4127235  1.
  17.5288086  1.
  17.6448936  1.
  17.7609787  1.
  17.8770638  1.
  17.9931488  1.
  18.1092339  1.
  18.2253189  1.
  18.3414021  1.
  18.4574871  1.
  18.5735722  1.
  18.6896572  1.
  18.8057423  1.
  18.9218273  1.
  19.0379124  1.
  19.1539974  1.
  19.2700825  1.
  19.3861656  1.
  19.5022507  1.
  19.6183357  1.
  19.7344208  1.
  19.8505058  1.
  19.9665909  1.
  20.0826759  1.
  20.198761  1.
  20.3148441  1.
  20.4309292  1.
  20.5470142  1.
  20.6630993  1.
  20.7791843  1.
  20.8952694  1.
  21.0113544  1.
  21.1274395  1.
  21.2435246  1.
  21.3596077  1.
  21.4756927  1.
  21.5917778  1.
  21.7078629  1.
  21.8239479  1.
  21.940033  1.
  22.056118  1.
  22.1722031  1.
  22.2882881  1.
  22.4043713  1.
  22.5204563  1.
  22.6365414  1.
  22.7526264  1.
  22.8687115  1.
  22.9847965  1.
  23.1008816  1.
  23.2169666  1.
  23.3330498  1.
  23.4491348  1.
  23.5652199  1.
  23.6813049  1.
  23.79739  1.
  23.913475  1.
  24.0295601  1.
  24.1456451  1.
  24.2617302  1.
  24.3778133  1.
  24.4938984  1.
  24.6099834  1.
  24.7260685  1.
  24.8421535  1.
  24.9582386  1.
  25.0743237  1.
  25.1904087  1.
  25.3064919  1.
  25.4225769  1.
  25.538662  1.
  25.654747  1.
  25.7708321  1.
  25.8869171  1.
  26.0030022  1.
  26.1190872  1.
  26.2351723  1.
  26.3512554  1.
  26.4673405  1.
  26.5834255  1.
  26.6995106  1.
  26.8155956  1.
  26.9316807  1.
  27.0477657  1.
  27.1638508  1.
  27.2799339  1.
  27.396019  1.
  27.512104  1.
  27.6281891  1.
  27.7442741  1.
  27.8603592  1.
  27.9764442  1.
  28.0925293  1.
  28.2086143  1.
  28.3246975  1.
  28.4407825  1.
  28.5568676  1.
  28.6729527  1.
  28.7890377  1.
  28.9051228  1.
  29.0212078  1.
  29.1372929  1.
  29.253376  1.
  29.3694611  1.
  29.4855461  1.
  29.6016312  1.
  29.7177162  1.
  29.8338013  1.
  29.9498863  1.
  30.0659714  1.
  30.1820564  1.
  30.2981396  1.
  30.4142246  1.
  30.5303097  1.
  30.6463947  1.
  30.7624798  1.
  30.8785648  1.
  30.9946499  1.
  31.1107349  1.
  31.2268181  1.
  31.3429031  1.
  31.4589882  1.
  31.5750732  1.
  31.6911583  1.
  31.8072433  1.
  31.9233284  1.
  32.0394135  1.
  32.1554985  1.
  32.2715836  1.
  32.3876686  1.
  32.5037537  1.
  32.6198387  1.
  32.73592  1.
  32.852005  1.
  32.9680901  1.
  33.0841751  1.
  33.2002602  1.
  33.3163452  1.
  33.4324303  1.
  33.5485153  1.
  33.6646004  1.
  33.7806854  1.
  33.8967705  1.
  34.0128555  1.
  34.1289406  1.
  34.2450256  1.
  34.3611107  1.
  34.4771957  1.
  34.5932808  1.
  34.709362  1.
  34.8254471  1.
  34.9415321  1.
  35.0576172  1.
  35.1737022  1.
  35.2897873  1.
  35.4058723  1.
  35.5219574  1.
  35.6380424  1.
  35.7541275  1.
  35.8702126  1.
  35.9862976  1.
  36.1023827  1.
  36.2184677  1.
  36.3345528  1.
  36.4506378  1.
  36.5667229  1.
  36.6828041  1.
  36.7988892  1.
  36.9149742  1.
  37.0310593  1.
