  0.058041878 -4.32266376E-07
  0.174127117  5.17744127E-07
  0.290211916  5.39482471E-07
  0.406296939 -3.84914017E-07
  0.522381842 -5.16953833E-07
  0.638466597 -1.49807249E-07
  0.75455147 -5.05613045E-08
  0.870636284  1.05545683E-09
  0.986721039  7.9379717E-08
  1.10280585  7.25781177E-08
  1.21889055 -3.00034344E-08
  1.33497536  1.76959205E-07
  1.45106041 -3.87056041E-08
  1.56714523 -2.47510918E-08
  1.68323004 -3.24279767E-08
  1.79931498 -5.83107003E-08
  1.91539979 -4.648399E-08
  2.0314846 -6.13676718E-08
  2.14756942 -4.41913066E-08
  2.26365423 -6.17010709E-09
  2.37973905 -1.36014107E-08
  2.49582386  5.73362513E-09
  2.61190844  2.07621618E-08
  2.72799325  3.49599176E-08
  2.84407806  7.51997362E-08
  2.96016312  1.84339299E-08
  3.07624793  1.64625895E-08
  3.19233274  3.42682469E-08
  3.30841756  3.45582905E-08
  3.42450237  5.2161532E-08
  3.54058719  5.4707634E-08
  3.656672  7.42002868E-08
  3.77275705  8.22147257E-08
  3.88884187 -9.94769334E-09
  4.00492668 -6.51274035E-10
  4.12101126 -6.06739103E-09
  4.23709631 -1.64124014E-09
  4.35318089 -2.56569699E-08
  4.46926594 -2.88629671E-08
  4.58535051 -1.30323778E-08
  4.70143557 -2.15211085E-08
  4.81752062 -1.1761605E-08
  4.93360519  5.78609161E-09
  5.04969025  1.13913838E-08
  5.16577482  5.68091263E-09
  5.28185987  1.03048592E-08
  5.39794445  6.14325812E-10
  5.5140295  2.41327314E-09
  5.63011408  1.4006333E-08
  5.74619913  1.66375393E-08
  5.86228371 -1.1243098E-08
  5.97836876 -1.09218945E-08
  6.09445333 -6.69267797E-09
  6.21053839 -6.82584567E-09
  6.32662296 -1.01033688E-08
  6.44270802 -1.20552199E-08
  6.55879307 -1.33347529E-08
  6.67487764  6.74612988E-09
  6.7909627  5.61929747E-09
  6.90704727  4.56569982E-09
  7.02313232  3.73288467E-09
  7.1392169  3.05400349E-09
  7.25530195  2.498588E-09
  7.37138653  2.04418349E-09
  7.48747158  1.67241831E-09
  7.60355616  1.36826372E-09
  7.71964121  1.11942511E-09
  7.83572578  9.15840626E-10
  7.95181084  7.49282081E-10
  8.06789589  6.13013862E-10
  8.18397999  5.01528263E-10
  8.30006504  4.10317919E-10
  8.41615009  3.35695721E-10
  8.53223515  2.74644446E-10
  8.6483202  2.24696248E-10
  8.7644043  1.83831936E-10
  8.88048935  1.50399374E-10
  8.9965744  1.23047003E-10
  9.11265945  1.00669098E-10
  9.22874355  8.23609375E-11
  9.34482861  6.73823428E-11
  9.46091366  5.51279161E-11
  9.57699871  4.51020749E-11
  9.69308281  3.68995771E-11
  9.80916786  3.01888445E-11
  9.92525291  2.46985488E-11
  10.041338  2.02067633E-11
  10.1574221  1.65318679E-11
  10.2735071  1.35252989E-11
  10.3895922  1.10655226E-11
  10.5056772  9.05309855E-12
  10.6217623  7.40665515E-12
  10.7378464  6.05964411E-12
  10.8539314  4.95760941E-12
  10.9700165  4.05599556E-12
  11.0861015  3.31835167E-12
  11.2021856  2.71486176E-12
  11.3182707  2.22112346E-12
  11.4343557  1.817179E-12
  11.5504408  1.48669813E-12
  11.6665249  1.21632077E-12
  11.7826099  9.95114473E-13
  11.898695  8.14138633E-13
  12.01478  6.66075864E-13
  12.1308651  5.44940395E-13
  12.2469492  4.45835372E-13
  12.3630342  3.64754071E-13
  12.4791193  2.98418733E-13
  12.5952044  2.44147693E-13
  12.7112885  1.9974674E-13
  12.8273735  1.63421089E-13
  12.9434586  1.33701942E-13
  13.0595436  1.0938799E-13
  13.1756277  8.94963289E-14
  13.2917128  7.32227186E-14
  13.4077978  5.99092851E-14
  13.5238829  4.90177933E-14
  13.639967  4.01079621E-14
  13.756052  3.28195723E-14
  13.8721371  2.68579934E-14
  13.9882221  2.1982199E-14
  14.1043072  1.79950794E-14
  14.2203913  1.47354527E-14
  14.3364763  1.20715248E-14
  14.4525614  9.89561572E-15
  14.5686464  8.11976625E-15
  14.6847305  6.67216408E-15
  14.8008156  5.4943042E-15
  14.9169006  4.53856135E-15
  15.0329857  3.76629812E-15
  15.1490698  3.14629838E-15
  15.2651548  2.65349186E-15
  15.3812399  2.26795782E-15
  15.4973249  1.97411193E-15
  15.613409  1.76007411E-15
  15.7294941  1.61718887E-15
  15.8455791  1.53968355E-15
  15.9616642  1.52442224E-15
  16.0777493  1.57078861E-15
  16.1938343  1.68065789E-15
  16.3099194  1.85847414E-15
  16.4260025  2.11141385E-15
  16.5420876  2.44972177E-15
  16.6581726  2.88706077E-15
  16.7742577  3.44111561E-15
  16.8903427  4.13428142E-15
  17.0064278  4.99458568E-15
  17.1225128  6.05681454E-15
  17.2385979  7.36388591E-15
  17.354681  8.96869147E-15
  17.4707661  1.09360373E-14
  17.5868511  1.33454996E-14
  17.7029362  1.62944778E-14
  17.8190212  1.99022029E-14
  17.9351063  2.43144975E-14
  18.0511913  2.97097755E-14
  18.1672764  3.63060886E-14
  18.2833614  4.43703031E-14
  18.3994446  5.42282046E-14
  18.5155296  6.62782885E-14
  18.6316147  8.10078187E-14
  18.7476997  9.90123036E-14
  18.8637848  1.21019541E-13
  18.9798698  1.47919491E-13
  19.0959549  1.80798613E-13
  19.2120399  2.2098828E-13
  19.3281231  2.7011016E-13
  19.4442081  3.30153521E-13
  19.5602932  4.0354238E-13
  19.6763783  4.93247153E-13
  19.7924633  6.02889754E-13
  19.9085484  7.36907605E-13
  20.0246334  9.00719115E-13
  20.1407185  1.10093803E-12
  20.2568035  1.34566685E-12
  20.3728867  1.64479996E-12
  20.4889717  2.01041831E-12
  20.6050568  2.45732514E-12
  20.7211418  3.00356159E-12
  20.8372269  3.67124126E-12
  20.9533119  4.48731243E-12
  21.069397  5.48481746E-12
  21.185482  6.70404444E-12
  21.3015652  8.19430114E-12
  21.4176502  1.00158163E-11
  21.5337353  1.22422567E-11
  21.6498203  1.49636397E-11
  21.7659054  1.82899425E-11
  21.8819904  2.23555688E-11
  21.9980755  2.73250571E-11
  22.1141605  3.33992348E-11
  22.2302456  4.08235772E-11
  22.3463287  4.9898384E-11
  22.4624138  6.099031E-11
  22.5784988  7.45480344E-11
  22.6945839  9.11194661E-11
  22.8106689  1.11374597E-10
  22.926754  1.36132189E-10
  23.0428391  1.66392816E-10
  23.1589241  2.03381215E-10
  23.2750092  2.48591314E-10
  23.3910923  3.03850556E-10
  23.5071774  3.7139411E-10
  23.6232624  4.53952237E-10
  23.7393475  5.54862711E-10
  23.8554325  6.78203882E-10
  23.9715176  8.28962288E-10
  24.0876026  1.01323194E-09
  24.2036877  1.23846888E-09
  24.3197708  1.51376878E-09
  24.4358559  1.85026894E-09
  24.5519409  2.26156427E-09
  24.668026  2.76430057E-09
  24.784111  3.37878037E-09
  24.9001961  4.12984535E-09
  25.0162811  5.04787412E-09
  25.1323662  6.16998408E-09
  25.2484512  7.54152474E-09
  25.3645344  9.21792775E-09
  25.4806194  1.1267022E-08
  25.5967045  1.37715732E-08
  25.7127895  1.68328871E-08
  25.8288746  2.05746797E-08
  25.9449596  2.51482852E-08
  26.0610447  3.07385832E-08
  26.1771297  3.75714464E-08
  26.2932129  4.59231941E-08
  26.4092979  5.61317428E-08
  26.525383  6.86094666E-08
  26.641468  8.38603995E-08
  26.7575531  1.02502007E-07
  26.8736382  1.25287727E-07
  26.9897232  1.53137449E-07
  27.1058083  1.87178955E-07
  27.2218933  2.2878784E-07
  27.3379765  2.79645093E-07
  27.4540615  3.41807521E-07
  27.5701466  4.17789835E-07
  27.6862316  4.8990438E-07
  27.8023167  5.81824679E-07
  27.9184017  6.76508193E-07
  28.0344868  7.98535837E-07
  28.1505718  9.32091382E-07
  28.266655  1.08257314E-06
  28.38274  1.27681824E-06
  28.4988251  1.4811626E-06
  28.6149101  1.72462489E-06
  28.7309952  2.01706166E-06
  28.8470802  2.34951494E-06
  28.9631653  2.7354572E-06
  29.0792503  3.19047035E-06
  29.1953373  3.71218698E-06
  29.3114204  4.30095861E-06
  29.4275055  5.0220815E-06
  29.5435905  5.86320039E-06
  29.6596756  6.79603772E-06
  29.7757607  7.87911085E-06
  29.8918457  9.156136E-06
  30.0079327  1.0595797E-05
  30.1240177  1.22977399E-05
  30.2401009  1.42685012E-05
  30.3561878  1.65255788E-05
  30.4722729  1.9139361E-05
  30.5883598  2.21533901E-05
  30.7044449  2.56478925E-05
  30.8205318  2.9660323E-05
  30.9366188  3.43117572E-05
  31.0527058  3.96858049E-05
  31.1687927  4.57926872E-05
  31.2848797  5.28581186E-05
  31.4009666  6.10024108E-05
  31.5170555  7.03057158E-05
  31.6331463  8.10191996E-05
  31.7492352  9.32860567E-05
  31.8653259  0.00010735348
  31.9814186  0.000123457809
  32.0975075  0.000141898578
  32.213604  0.000162963581
  32.3296967  0.000187049838
  32.445797  0.000214529136
  32.5618935  0.000245810836
  32.6779976  0.000281472079
  32.7941017  0.000322003441
  32.9102058  0.000368074834
  33.0263176  0.000420421798
  33.1424332  0.000479825248
  33.2585526  0.000547090778
  33.3746758  0.000623120926
  33.4908066  0.00070907193
  33.606945  0.000806097989
  33.7230835  0.000915388635
  33.839241  0.00103844004
  33.9554062  0.00117670221
  34.0715828  0.00133185997
  34.1877747  0.00150569296
  34.3039818  0.00170015672
  34.4202042  0.0019172387
  34.5364532  0.0021592374
  34.6527214  0.00242842454
  34.7690163  0.00272727455
  34.8853455  0.0030583255
  35.0017052  0.00342426961
  35.1181068  0.00382781844
  35.2345505  0.00427168421
  35.3510475  0.0047586197
  35.4676018  0.00529121514
  35.5842209  0.00587203726
  35.7009048  0.00650319364
  35.8176804  0.00718666892
  35.9345436  0.00792365801
  36.0515137  0.00871483888
  36.168602  0.00955985673
  36.2858162  0.0104573872
  36.4031792  0.0114042982
  36.5207062  0.0123957647
  36.6384125  0.0134245213
  36.7563248  0.0144800106
  36.8744583  0.0155483168
  36.9928436  0.0166101009
  37.1114998  0.0176407304
