  0.0580414906  7.11695009E-07
  0.174127117 -4.75920245E-07
  0.290211707  8.60823263E-07
  0.40629676 -4.3212043E-07
  0.522381544  6.76492391E-08
  0.638466418 -3.29391099E-07
  0.754551232  3.59351759E-07
  0.870636106 -5.73904344E-07
  0.98672086  2.07438291E-07
  1.10280573  2.66740585E-07
  1.21889043  2.6750601E-07
  1.33497524 -5.07174711E-08
  1.4510603 -3.18789262E-07
  1.56714523 -4.94362915E-08
  1.68323004  3.64388306E-08
  1.79931474  1.21368728E-07
  1.91539955  6.68649562E-08
  2.03148437  3.34505508E-08
  2.14756918  3.22675007E-08
  2.26365399  6.68305944E-08
  2.37973881  1.75046821E-08
  2.49582362 -8.62343796E-09
  2.61190867 -4.1742009E-08
  2.72799349 -4.09337062E-08
  2.8440783 -3.47137181E-08
  2.96016312  2.19202114E-08
  3.07624793 -2.27443415E-08
  3.19233298 -6.94562559E-08
  3.3084178 -6.20791738E-08
  3.42450261 -2.37848035E-08
  3.54058743 -3.09888151E-08
  3.65667224 -5.8248645E-08
  3.77275729 -4.2812399E-08
  3.88884211 -3.24745315E-08
  4.00492668 -2.56934864E-08
  4.12101173 -6.42891678E-08
  4.23709631 -4.10117877E-08
  4.35318089 -2.76053722E-08
  4.46926594  5.57203839E-09
  4.58535051  5.81742405E-08
  4.70143557  5.76298689E-08
  4.81752062  2.0074463E-08
  4.93360519  2.24732641E-08
  5.04969025  1.47581058E-08
  5.16577482  2.36980977E-08
  5.28185987  1.83615434E-08
  5.39794445  2.51272549E-08
  5.5140295  1.92711926E-08
  5.63011408  2.62209227E-10
  5.74619913 -3.76317644E-09
  5.86228371  3.03848644E-08
  5.97836876  2.51521346E-08
  6.09445333  2.55058517E-08
  6.21053839  2.2941645E-08
  6.32662296  1.85263325E-08
  6.44270802  1.66526881E-08
  6.55879307  1.66474532E-08
  6.67487764 -3.2286589E-09
  6.7909627 -2.53758858E-09
  6.90704727 -2.10675699E-09
  7.02313232 -1.72600545E-09
  7.1392169 -1.41208412E-09
  7.25530195 -1.15527088E-09
  7.37138653 -9.45158618E-10
  7.48747158 -7.7326473E-10
  7.60355616 -6.32645936E-10
  7.71964121 -5.17590748E-10
  7.83572578 -4.23453578E-10
  7.95181084 -3.46443485E-10
  8.06789589 -2.8343905E-10
  8.18397999 -2.31890521E-10
  8.30006504 -1.89717589E-10
  8.41615009 -1.55216215E-10
  8.53223515 -1.26984506E-10
  8.6483202 -1.03893789E-10
  8.7644043 -8.49963086E-11
  8.88048935 -6.95410812E-11
  8.9965744 -5.68935281E-11
  9.11265945 -4.65461003E-11
  9.22874355 -3.80812049E-11
  9.34482861 -3.11553387E-11
  9.46091366 -2.5489463E-11
  9.57699871 -2.08536157E-11
  9.69308281 -1.70611303E-11
  9.80916786 -1.39582981E-11
  9.92525291 -1.14197913E-11
  10.041338 -9.34289712E-12
  10.1574221 -7.6437242E-12
  10.2735071 -6.2535953E-12
  10.3895922 -5.11622255E-12
  10.5056772 -4.1857815E-12
  10.6217623 -3.4244762E-12
  10.7378464 -2.80166645E-12
  10.8539314 -2.29206476E-12
  10.9700165 -1.87517948E-12
  11.0861015 -1.53403689E-12
  11.2021856 -1.25495567E-12
  11.3182707 -1.02660762E-12
  11.4343557 -8.3975421E-13
  11.5504408 -6.86848148E-13
  11.6665249 -5.617104E-13
  11.7826099 -4.59274437E-13
  11.898695 -3.75420777E-13
  12.01478 -3.06736705E-13
  12.1308651 -2.50455906E-13
  12.2469492 -2.04289426E-13
  12.3630342 -1.66393673E-13
  12.4791193 -1.35221044E-13
  12.5952044 -1.09515268E-13
  12.7112885 -8.82333147E-14
  12.8273735 -7.05224724E-14
  12.9434586 -5.56615673E-14
  13.0595436 -4.3052042E-14
  13.1756277 -3.21799167E-14
  13.2917128 -2.26110736E-14
  13.4077978 -1.39555615E-14
  13.5238829 -5.86430513E-15
  13.639967  1.98945678E-15
  13.756052  9.92408704E-15
  13.8721371  1.82598264E-14
  13.9882221  2.73336838E-14
  14.1043072  3.75126193E-14
  14.2203913  4.9208108E-14
  14.3364763  6.28928197E-14
  14.4525614  7.91203718E-14
  14.5686464  9.85463542E-14
  14.6847305  1.21955885E-13
  14.8008156  1.50296428E-13
  14.9169006  1.84712692E-13
  15.0329857  2.26595828E-13
  15.1490698  2.77640459E-13
  15.2651548  3.39909362E-13
  15.3812399  4.15919821E-13
  15.4973249  5.08742787E-13
  15.613409  6.22134072E-13
  15.7294941  7.60677708E-13
  15.8455791  9.29970185E-13
  15.9616642  1.13686339E-12
  16.0777493  1.38970974E-12
  16.1938343  1.69874108E-12
  16.3099194  2.07645077E-12
  16.4260025  2.53810428E-12
  16.5420876  3.10235561E-12
  16.6581726  3.79204914E-12
  16.7742577  4.63502067E-12
  16.8903427  5.66536401E-12
  17.0064278  6.92477759E-12
  17.1225128  8.4641287E-12
  17.2385979  1.03456532E-11
  17.354681  1.26454004E-11
  17.4707661  1.54564035E-11
  17.5868511  1.88922142E-11
  17.7029362  2.30918271E-11
  17.8190212  2.82248894E-11
  17.9351063  3.44992021E-11
  18.0511913  4.21680607E-11
  18.1672764  5.15416286E-11
  18.2833614  6.29987659E-11
  18.3994446  7.70030081E-11
  18.5155296  9.41200659E-11
  18.6316147  1.15042358E-10
  18.7476997  1.40615172E-10
  18.8637848  1.71872988E-10
  18.9798698  2.10079759E-10
  19.0959549  2.56777655E-10
  19.2120399  3.13856885E-10
  19.3281231  3.8362552E-10
  19.4442081  4.68902306E-10
  19.5602932  5.73135261E-10
  19.6763783  7.00539293E-10
  19.7924633  8.5626356E-10
  19.9085484  1.04660458E-09
  20.0246334  1.27925526E-09
  20.1407185  1.5636219E-09
  20.2568035  1.91120453E-09
  20.3728867  2.3360438E-09
  20.4889717  2.85533175E-09
  20.6050568  3.49005225E-09
  20.7211418  4.265857E-09
  20.8372269  5.21411003E-09
  20.9533119  6.37319131E-09
  21.069397  7.78987097E-09
  21.185482  9.52152668E-09
  21.3015652  1.16380594E-08
  21.4176502  1.42251126E-08
  21.5337353  1.7387233E-08
  21.6498203  2.12522799E-08
  21.7659054  2.59764796E-08
  21.8819904  3.17508402E-08
  21.9980755  3.88088139E-08
  22.1141605  4.743573E-08
  22.2302456  5.7980138E-08
  22.3463287  7.08689072E-08
  22.4624138  8.66222791E-08
  22.5784988  1.05877724E-07
  22.6945839  1.29413493E-07
  22.8106689  1.5818101E-07
  22.926754  1.93343155E-07
  23.0428391  2.36321824E-07
  23.1589241  2.8885529E-07
  23.2750092  3.53064905E-07
  23.3910923  4.31548358E-07
  23.5071774  5.06722245E-07
  23.6232624  5.81620213E-07
  23.7393475  6.59275543E-07
  23.8554325  7.63585774E-07
  23.9715176  8.78006063E-07
  24.0876026  1.00716522E-06
  24.2036877  1.1562804E-06
  24.3197708  1.33138144E-06
  24.4358559  1.51879465E-06
  24.5519409  1.74685681E-06
  24.668026  2.00401655E-06
  24.784111  2.30069008E-06
  24.900198  2.6280768E-06
  25.016283  2.99944691E-06
  25.1323681  3.42980024E-06
  25.2484531  3.93656046E-06
  25.3645363  4.4986582E-06
  25.4806213  5.15957981E-06
  25.5967064  5.90459013E-06
  25.7127934  6.74296598E-06
  25.8288784  7.68786322E-06
  25.9449635  8.75682781E-06
  26.0610485  9.99292752E-06
  26.1771355  1.14047243E-05
  26.2932186  1.2987015E-05
  26.4093056  1.48036461E-05
  26.5253906  1.68451734E-05
  26.6414776  1.91525396E-05
  26.7575645  2.17776251E-05
  26.8736515  2.47849712E-05
  26.9897385  2.81509911E-05
  27.1058254  3.19701176E-05
  27.2219124  3.62932042E-05
  27.3379974  4.11700712E-05
  27.4540863  4.66323072E-05
  27.5701752  5.28175697E-05
  27.686264  5.98305378E-05
  27.8023548  6.7705827E-05
  27.9184456  7.65751029E-05
  28.0345364  8.64858448E-05
  28.150629  9.76315278E-05
  28.2667198  0.00011017231
  28.3828144  0.000124220562
  28.4989109  0.000139971016
  28.6150074  0.000157564529
  28.7311058  0.000177315655
  28.8472061  0.000199321745
  28.9633102  0.000223907919
  29.0794144  0.000251347374
  29.1955223  0.00028187767
  29.3116322  0.000315843907
  29.4277458  0.000353603216
  29.5438633  0.00039552286
  29.6599865  0.000441990764
  29.7761135  0.000493421627
  29.8922482  0.000550320372
  30.0083866  0.000613128475
  30.1245327  0.00068242196
  30.2406845  0.000758730574
  30.3568478  0.000842638488
  30.4730206  0.000934778305
  30.5892048  0.00103580067
  30.7054005  0.00114637171
  30.8216095  0.00126710464
  30.9378338  0.00139878853
  31.0540752  0.0015420469
  31.1703358  0.00169767078
  31.2866154  0.00186636031
  31.4029198  0.00204881164
  31.5192509  0.00224561407
  31.6356087  0.00245747389
  31.7519989  0.00268483884
  31.8684235  0.00292820949
  31.9848843  0.00318798563
  32.101387  0.00346427993
  32.2179375  0.00375716086
  32.3345375  0.00406648358
  32.4511948  0.00439176336
  32.5679092  0.00473230658
  32.6846924  0.00508713629
  32.8015442  0.00545467017
  32.9184761  0.0058330847
  33.0354919  0.00621983688
  33.1525955  0.00661194837
  33.2698021  0.00700549688
  33.3871078  0.00739597809
  33.5045319  0.00777804898
  33.6220741  0.00814513862
  33.7397423  0.00848982297
  33.8575478  0.00880326983
  33.9754982  0.00907531008
  34.0936012  0.00929449871
  34.2118645  0.00944769569
  34.3302917  0.00951996725
  34.4488869  0.00949499384
  34.5676575  0.00935448613
  34.6866074  0.00907799043
  34.8057365  0.00864390656
  34.9250412  0.00802890956
  35.0445213  0.00720844558
  35.1641693  0.00615747645
  35.2839661  0.00485072285
  35.4039078  0.00326419645
  35.5239601  0.00137650722
  35.6441078 -0.000829294382
  35.7643013 -0.00336336228
  35.8845139 -0.00622619689
  36.0046883 -0.0094050616
  36.1247673 -0.0128700929
  36.2446785 -0.0165700987
  36.3643494 -0.0204286128
  36.4836922 -0.0243394952
  36.6026115 -0.0281666927
  36.7210159 -0.0317406729
  36.8388023 -0.034863811
  36.955864 -0.0373135321
  37.0721092 -0.0388549864
  37.1874542 -0.0392499976
