  0.0580413081  1.98360567E-06
  0.174127087 -7.7942326E-07
  0.290211648 -2.8108434E-07
  0.406296402  8.38566052E-07
  0.522381425  2.88655031E-07
  0.638466358 -9.13008591E-07
  0.754551053  5.58894726E-07
  0.870636106 -1.7263072E-07
  0.98672086  4.46171839E-07
  1.10280573  1.89964851E-07
  1.21889055 -5.49209318E-08
  1.33497536 -1.55691438E-07
  1.4510603 -1.03385197E-07
  1.56714523 -2.74758321E-07
  1.68323004 -6.09064372E-08
  1.79931486 -1.12892833E-08
  1.91539955  2.00161452E-08
  2.03148437  7.19370803E-08
  2.14756918 -6.64185578E-08
  2.26365423 -4.22363762E-08
  2.37973881 -3.49508014E-08
  2.49582362 -3.93114021E-08
  2.61190844 -2.46246987E-08
  2.72799325 -2.07402692E-10
  2.84407806  4.3255902E-08
  2.96016288 -1.54931907E-08
  3.07624793  5.11460705E-08
  3.19233274  1.10986309E-09
  3.3084178 -3.98067845E-09
  3.42450261  2.96450384E-08
  3.54058743  2.3859192E-08
  3.65667224  5.48386758E-08
  3.77275729  3.83212821E-08
  3.88884211  2.53031285E-08
  4.00492668  5.59334516E-08
  4.12101173  3.88017929E-09
  4.23709631 -2.06919903E-08
  4.35318136 -1.23875077E-09
  4.46926594 -8.93728291E-09
  4.58535051 -2.88033579E-08
  4.70143557 -9.5585051E-09
  4.8175211 -5.23248431E-08
  4.93360519 -2.98854488E-08
  5.04969072 -2.87852533E-08
  5.16577482 -1.37994229E-08
  5.28186035 -1.52984736E-08
  5.39794445 -6.52973631E-09
  5.5140295 -1.19823085E-08
  5.63011408  1.6688773E-08
  5.74619913  1.27394397E-08
  5.86228418 -7.29505745E-09
  5.97836876 -1.10127871E-08
  6.09445381 -1.07514406E-08
  6.21053886 -7.58627117E-09
  6.32662296 -7.63350272E-09
  6.44270802 -1.00415418E-08
  6.55879307 -1.16909105E-08
  6.67487764  8.08993672E-09
  6.7909627  6.71835698E-09
  6.90704727  5.46473444E-09
  7.02313232  4.46839898E-09
  7.1392169  3.65575925E-09
  7.25530195  2.99090863E-09
  7.37138653  2.44696929E-09
  7.48747158  2.00195194E-09
  7.60355616  1.63786373E-09
  7.71964121  1.33999656E-09
  7.83572578  1.0962985E-09
  7.95181084  8.96918151E-10
  8.06789589  7.33802297E-10
  8.18397999  6.00349437E-10
  8.30006504  4.91168883E-10
  8.41615009  4.01842254E-10
  8.53223515  3.28762212E-10
  8.6483202  2.68972955E-10
  8.7644043  2.20057708E-10
  8.88048935  1.80038637E-10
  8.9965744  1.47297841E-10
  9.11265945  1.20511531E-10
  9.22874355  9.85976925E-11
  9.34482861  8.06697487E-11
  9.46091366  6.60029462E-11
  9.57699871  5.40044537E-11
  9.69308281  4.41893293E-11
  9.80916786  3.6160519E-11
  9.92525291  2.95936227E-11
  10.041338  2.42230663E-11
  10.1574221  1.98318723E-11
  10.2735071  1.62423495E-11
  10.3895922  1.3309449E-11
  10.5056772  1.09146546E-11
  10.6217623  8.96106019E-12
  10.7378464  7.36978447E-12
  10.8539314  6.07642365E-12
  10.9700165  5.02871182E-12
  11.0861015  4.18429484E-12
  11.2021856  3.50904765E-12
  11.3182707  2.97565423E-12
  11.4343557  2.56255954E-12
  11.5504408  2.25305972E-12
  11.6665249  2.03464611E-12
  11.7826099  1.89848636E-12
  11.898695  1.83907794E-12
  12.01478  1.85401694E-12
  12.1308651  1.94390966E-12
  12.2469492  2.11238839E-12
  12.3630342  2.36626257E-12
  12.4791193  2.71579807E-12
  12.5952044  3.17513268E-12
  12.7112885  3.76282252E-12
  12.8273735  4.50262874E-12
  12.9434586  5.4244699E-12
  13.0595436  6.56557144E-12
  13.1756277  7.97216286E-12
  13.2917128  9.70099868E-12
  13.4077978  1.18220485E-11
  13.5238829  1.4420993E-11
  13.639967  1.76029365E-11
  13.756052  2.14965407E-11
  13.8721371  2.62592482E-11
  13.9882221  3.20833742E-11
  14.1043072  3.92046881E-11
  14.2203913  4.79108524E-11
  14.3364763  5.85540921E-11
  14.4525614  7.1564088E-11
  14.5686464  8.74676997E-11
  14.6847305  1.06907136E-10
  14.8008156  1.30668254E-10
  14.9169006  1.59712299E-10
  15.0329857  1.95212665E-10
  15.1490698  2.38604692E-10
  15.2651548  2.91643681E-10
  15.3812399  3.56472907E-10
  15.4973249  4.35710495E-10
  15.613409  5.32568212E-10
  15.7294941  6.50951681E-10
  15.8455791  7.95653043E-10
  15.9616642  9.72518621E-10
  16.0777493  1.18870325E-09
  16.1938343  1.45294465E-09
  16.3099194  1.7759183E-09
  16.4260025  2.17069274E-09
  16.5420876  2.65321343E-09
  16.6581726  3.2430072E-09
  16.7742577  3.9638941E-09
  16.8903427  4.84503593E-09
  17.0064278  5.92203797E-09
  17.1225128  7.23847249E-09
  17.2385979  8.84752893E-09
  17.354681  1.08142526E-08
  17.4707661  1.32181812E-08
  17.5868511  1.61564575E-08
  17.7029362  1.97479011E-08
  17.8190212  2.41377514E-08
  17.9351063  2.950331E-08
  18.0511913  3.6061774E-08
  18.1672764  4.40778756E-08
  18.2833614  5.38759295E-08
  18.3994446  6.58524471E-08
  18.5155296  8.04907216E-08
  18.6316147  9.83833885E-08
  18.7476997  1.20253048E-07
  18.8637848  1.4698422E-07
  18.9798698  1.79657292E-07
  19.0959549  2.19594625E-07
  19.2120399  2.68408144E-07
  19.3281231  3.28073128E-07
  19.4442081  4.0100204E-07
  19.5602932  4.69383338E-07
  19.6763783  5.35981769E-07
  19.7924633  6.03494527E-07
  19.9085484  6.74643047E-07
  20.0246334  7.730672E-07
  20.1407185  8.81987603E-07
  20.2568035  1.00580553E-06
  20.3728867  1.14952525E-06
  20.4889717  1.29820887E-06
  20.6050568  1.47862056E-06
  20.7211418  1.67728774E-06
  20.8372269  1.90225808E-06
  20.9533138  2.16261196E-06
  21.0693989  2.44812418E-06
  21.1854839  2.77033632E-06
  21.3015671  3.1422544E-06
  21.4176521  3.57891736E-06
  21.5337372  4.03573904E-06
  21.6498222  4.57268834E-06
  21.7659073  5.16996079E-06
  21.8819942  5.83094607E-06
  21.9980793  6.56158682E-06
  22.1141644  7.39143388E-06
  22.2302513  8.33331251E-06
  22.3463345  9.42527731E-06
  22.4624195  1.06076359E-05
  22.5785065  1.19489805E-05
  22.6945915  1.34413503E-05
  22.8106785  1.51450904E-05
  22.9267654  1.7045857E-05
  23.0428505  1.91791514E-05
  23.1589375  2.15689033E-05
  23.2750244  2.42493534E-05
  23.3911114  2.7225391E-05
  23.5071983  3.05548383E-05
  23.6232853  3.42892745E-05
  23.7393742  3.84552222E-05
  23.855463  4.31174376E-05
  23.9715519  4.82564355E-05
  24.0876408  5.40185174E-05
  24.2037315  6.04287707E-05
  24.3198204  6.75590272E-05
  24.4359131  7.54705688E-05
  24.5520039  8.42332811E-05
  24.6680984  9.3974144E-05
  24.784193  0.000104795334
  24.9002876  0.000116762028
  25.0163841  0.000130004279
  25.1324825  0.000144644146
  25.2485828  0.00016083676
  25.3646832  0.000178656774
  25.4807873  0.000198349124
  25.5968933  0.000220023023
  25.7130013  0.000243830305
  25.829113  0.000270074175
  25.9452286  0.000298858009
  26.0613461  0.000330415409
  26.1774673  0.000365007669
  26.2935925  0.000402853271
  26.4097233  0.000444214966
  26.5258598  0.000489387894
  26.6420021  0.000538620807
  26.7581501  0.000592270808
  26.8743057  0.00065054273
  26.9904709  0.00071391277
  27.1066418  0.000782565621
  27.2228241  0.000856860424
  27.339016  0.000937264296
  27.4552193  0.00102396996
  27.5714378  0.0011174113
  27.6876698  0.00121797563
  27.803915  0.00132592942
  27.9201794  0.00144156523
  28.0364609  0.00156525429
  28.1527634  0.00169733178
  28.2690868  0.00183796894
  28.3854351  0.00198736368
  28.5018101  0.00214573788
  28.6182137  0.00231313985
  28.7346478  0.00248965062
  28.8511162  0.0026752702
  28.9676189  0.0028699094
  29.0841618  0.00307318522
  29.2007484  0.00328476238
  29.3173771  0.00350416102
  29.4340572  0.0037306461
  29.5507889  0.00396339502
  29.6675777  0.00420138193
  29.7844276  0.00444330787
  29.9013405  0.00468755048
  30.018322  0.00493233372
  30.135376  0.00517554302
  30.2525063  0.00541480538
  30.3697186  0.00564713404
  30.4870167  0.00586955156
  30.6044044  0.00607827958
  30.7218876  0.00626949221
  30.839468  0.00643844437
  30.9571514  0.00658022752
  31.0749397  0.00668932172
  31.1928387  0.00675978558
  31.3108463  0.00678479066
  31.4289703  0.00675739627
  31.5472107  0.00666995021
  31.6655655  0.0065142354
  31.7840366  0.00628171256
  31.9026222  0.0059633418
  32.0213203  0.00554997008
  32.1401215  0.00503197592
  32.2590294  0.00440018997
  32.3780251  0.00364534697
  32.4971085  0.00275884196
  32.6162605  0.00173297536
  32.7354698  0.000561257242
  32.8547134 -0.000761042058
  32.9739761 -0.00223618257
  33.093235 -0.0038637768
  33.2124557 -0.00563954702
  33.3316193 -0.00755480817
  33.4506836 -0.00959579088
  33.5696144 -0.0117430091
  33.6883774 -0.0139705716
  33.8069229 -0.0162455626
  33.9252129 -0.0185281076
  34.0432091 -0.0207715221
  34.1608582 -0.0229223724
  34.2781181 -0.0249220282
  34.3949471 -0.0267077591
  34.5113106 -0.0282145403
  34.6271667 -0.0293778647
  34.7424927 -0.0301368404
  34.8572617 -0.0304359999
  34.9714661 -0.0302283373
  35.0851021 -0.0294800811
  35.1981773 -0.0281699207
  35.3107147 -0.0262931455
  35.4227524 -0.0238626003
  35.5343285 -0.0209082514
  35.6455154 -0.017479172
  35.7563744 -0.0136424508
  35.8670082 -0.00948416255
  35.9775124 -0.00510888081
  36.0879936 -0.000640777289
  36.1985703  0.00377518451
  36.3093643  0.00797234476
  36.4204979  0.0117604118
  36.5320892  0.014925587
  36.644249  0.0172329601
  36.757061  0.0184345096
  36.8705788  0.0182863176
  36.9848175  0.0165799465
  37.0997314  0.0131940972
