  0.0580418445  1.67648477E-06
  0.174127549 -7.1322853E-07
  0.290212363 -5.03835835E-08
  0.406297296 -4.60935013E-07
  0.522381783  1.72166153E-07
  0.638466656 -5.16954906E-08
  0.75455153 -1.15669559E-06
  0.870636284  1.08940651E-06
  0.986721158 -3.02154604E-07
  1.10280597 -1.23004881E-07
  1.21889067  1.68352244E-07
  1.33497536  6.09266166E-08
  1.4510603 -1.77040493E-09
  1.56714511  1.03617232E-07
  1.68322992 -1.06686144E-08
  1.79931474 -1.14183806E-07
  1.91539943  1.61824417E-07
  2.03148413  1.93078549E-07
  2.14756918  2.71034679E-07
  2.26365399  2.75854823E-08
  2.37973881  8.48730224E-08
  2.49582362  2.82222845E-09
  2.61190844 -5.05585334E-08
  2.72799325 -4.77754085E-08
  2.84407806 -3.60495207E-08
  2.96016288  5.90839058E-08
  3.07624793  1.67892733E-09
  3.19233274  1.26050095E-08
  3.3084178 -6.0757948E-08
  3.42450261 -4.12058903E-08
  3.54058719 -1.53175019E-08
  3.65667224 -4.7848502E-08
  3.77275729 -5.00645356E-08
  3.88884211 -1.04576898E-07
  4.00492668 -3.79942264E-08
  4.12101126 -2.15674785E-08
  4.23709631  4.0090022E-08
  4.35318089  3.74938267E-08
  4.46926594  2.57691699E-08
  4.58535051  3.7154642E-08
  4.70143557 -3.78891718E-09
  4.8175211  1.62976157E-08
  4.93360519  1.53029696E-08
  5.04969072  2.47585739E-08
  5.16577482 -3.65319397E-09
  5.28186035  8.24240942E-09
  5.39794493 -1.79739565E-08
  5.5140295 -6.17183149E-09
  5.63011456 -9.38952915E-09
  5.74619961 -4.73676209E-09
  5.86228418 -6.31371222E-08
  5.97836876 -2.82640364E-08
  6.09445381 -5.80491069E-08
  6.21053886 -4.23946389E-08
  6.32662296 -3.15680708E-08
  6.44270802 -2.41954208E-08
  6.55879307 -1.67038614E-08
  6.67487764 -3.04847489E-08
  6.7909627 -2.48255887E-08
  6.90704727 -2.03385184E-08
  7.02313232 -1.66417156E-08
  7.1392169 -1.36151206E-08
  7.25530195 -1.11389618E-08
  7.37138653 -9.11309073E-09
  7.48747158 -7.4556592E-09
  7.60355616 -6.09962925E-09
  7.71964121 -4.99018382E-09
  7.83572578 -4.08249212E-09
  7.95181084 -3.33982797E-09
  8.06789589 -2.73218781E-09
  8.18397999 -2.23500729E-09
  8.30006504 -1.82817406E-09
  8.41615009 -1.4952537E-09
  8.53223515 -1.22277932E-09
  8.6483202 -9.99738847E-10
  8.7644043 -8.17115875E-10
  8.88048935 -6.6752498E-10
  8.9965744 -5.4492183E-10
  9.11265945 -4.44346643E-10
  9.22874355 -3.61736086E-10
  9.34482861 -2.93749192E-10
  9.46091366 -2.37637826E-10
  9.57699871 -1.91133165E-10
  9.69308281 -1.52355559E-10
  9.80916786 -1.19737442E-10
  9.92525291 -9.19597939E-11
  10.041338 -6.78999218E-11
  10.1574221 -4.65849061E-11
  10.2735071 -2.71533369E-11
  10.3895922 -8.81935844E-12
  10.5056772  9.15797559E-12
  10.6217623  2.750568E-11
  10.7378464  4.69651366E-11
  10.8539314  6.83231804E-11
  10.9700165  9.24436847E-11
  11.0861015  1.20301588E-10
  11.2021856  1.53022414E-10
  11.3182707  1.91930152E-10
  11.4343557  2.38596032E-10
  11.5504408  2.94908875E-10
  11.6665249  3.63143793E-10
  11.7826099  4.46058385E-10
  11.898695  5.47005941E-10
  12.01478  6.70066613E-10
  12.1308651  8.20217838E-10
  12.2469492  1.00352726E-09
  12.3630342  1.22740462E-09
  12.4791193  1.50090806E-09
  12.5952044  1.8350893E-09
  12.7112885  2.24344987E-09
  12.8273735  2.74250889E-09
  12.9434586  3.35243544E-09
  13.0595436  4.09789669E-09
  13.1756277  5.00900921E-09
  13.2917128  6.12265172E-09
  13.4077978  7.48380913E-09
  13.5238829  9.14748721E-09
  13.639967  1.11810099E-08
  13.756052  1.36665168E-08
  13.8721371  1.67045684E-08
  13.9882221  2.04178345E-08
  14.1043072  2.49566465E-08
  14.2203913  3.05042995E-08
  14.3364763  3.72851297E-08
  14.4525614  4.55732305E-08
  14.5686464  5.57041275E-08
  14.6847305  6.80864645E-08
  14.8008156  8.32214369E-08
  14.9169006  1.01721291E-07
  15.0329857  1.24332871E-07
  15.1490698  1.5197125E-07
  15.2651548  1.85753251E-07
  15.3812399  2.27044367E-07
  15.4973249  2.77514175E-07
  15.613409  3.39204888E-07
  15.7294941  3.93849831E-07
  15.8455791  4.6441798E-07
  15.9616642  5.33000275E-07
  16.0777493  6.02372324E-07
  16.1938343  6.75343585E-07
  16.3099194  7.54861048E-07
  16.4260025  8.44130966E-07
  16.5420876  9.67533083E-07
  16.6581726  1.08853214E-06
  16.7742577  1.23277994E-06
  16.8903427  1.38534551E-06
  17.0064278  1.55240866E-06
  17.1225128  1.74071658E-06
  17.2385998  1.95787356E-06
  17.3546829  2.21267237E-06
  17.470768  2.49465734E-06
  17.586853  2.8152142E-06
  17.7029381  3.14577369E-06
  17.8190231  3.5412636E-06
  17.9351082  3.9761253E-06
  18.0511932  4.46793274E-06
  18.1672802  5.03658475E-06
  18.2833652  5.62206515E-06
  18.3994484  6.28949829E-06
  18.5155354  7.02441912E-06
  18.6316204  7.85646534E-06
  18.7477055  8.81938104E-06
  18.8637924  9.86892337E-06
  18.9798775  1.10268948E-05
  19.0959644  1.23192431E-05
  19.2120495  1.37567995E-05
  19.3281345  1.53767978E-05
  19.4442215  1.71411375E-05
  19.5603085  1.90794872E-05
  19.6763954  2.12909727E-05
  19.7924824  2.36990127E-05
  19.9085693  2.64425526E-05
  20.0246582  2.94663878E-05
  20.1407452  3.27683083E-05
  20.256834  3.64401931E-05
  20.372921  4.05060673E-05
  20.4890099  4.4985034E-05
  20.6051006  4.99541566E-05
  20.7211914  5.54073122E-05
  20.8372822  6.14195451E-05
  20.953373  6.80465891E-05
  21.0694656  7.53917484E-05
  21.1855602  8.34386155E-05
  21.301651  9.23078915E-05
  21.4177475  0.000102086851
  21.533844  0.000112755813
  21.6499424  0.000124455648
  21.7660408  0.000137306168
  21.882143  0.000151372456
  21.9982452  0.00016672464
  22.1143494  0.000183526892
  22.2304573  0.000201940682
  22.3465633  0.000221985902
  22.462677  0.00024380711
  22.5787907  0.000267606811
  22.69491  0.000293454155
  22.8110313  0.000321587257
  22.9271564  0.00035212512
  23.0432873  0.000385203486
  23.1594219  0.000421003468
  23.2755623  0.000459797942
  23.3917046  0.000501660572
  23.5078564  0.00054687995
  23.6240158  0.000595602323
  23.740181  0.000648020417
  23.8563557  0.000704400591
  23.9725399  0.000764927478
  24.0887318  0.000829762488
  24.204937  0.000899160921
  24.3211498  0.000973343733
  24.4373779  0.00105249858
  24.5536194  0.00113674044
  24.6698742  0.00122635183
  24.7861481  0.00132154662
  24.9024372  0.00142234506
  25.0187454  0.00152886612
  25.1350746  0.00164126337
  25.2514248  0.00175963936
  25.3677979  0.00188393181
  25.4841976  0.00201416085
  25.6006241  0.00215026992
  25.7170811  0.0022921057
  25.8335686  0.00243961578
  25.9500904  0.00259242463
  26.0666485  0.00275020557
  26.1832447  0.00291251065
  26.2998791  0.00307885138
  26.4165611  0.00324851344
  26.533287  0.00342087145
  26.6500626  0.00359498919
  26.7668896  0.00376981706
  26.8837719  0.00394417671
  27.0007133  0.00411684159
  27.1177139  0.00428616442
  27.2347775  0.00445040269
  27.3519058  0.00460778829
  27.4691067  0.00475613354
  27.5863781  0.00489309011
  27.7037258  0.00501617184
  27.8211498  0.00512238406
  27.9386559  0.00520876516
  28.056242  0.00527195632
  28.173912  0.00530839106
  28.291666  0.00531420251
  28.4095078  0.00528530683
  28.5274372  0.00521740969
  28.6454525  0.00510563608
  28.7635555  0.00494549796
  28.8817444  0.00473199179
  29.0000153  0.00445993524
  29.1183662  0.00412401697
  29.2367935  0.00371907162
  29.3552895  0.00323998206
  29.4738503  0.00268167886
  29.5924702  0.00203951332
  29.7111378  0.00130909437
  29.8298416  0.000486919045
  29.9485722 -0.000430063665
  30.0673122 -0.00144361332
  30.1860485 -0.00255431118
  30.30476 -0.00376149523
  30.4234333 -0.00506219547
  30.5420437 -0.00645158486
  30.6605682 -0.00792244729
  30.7789841 -0.00946471002
  30.8972626 -0.0110654589
  31.015379 -0.0127087114
  31.1333046 -0.0143749202
  31.2510071 -0.0160415806
  31.3684578 -0.017682638
  31.48563 -0.0192691963
  31.6024914 -0.0207693577
  31.719017 -0.0221499018
  31.8351784 -0.023375988
  31.9509544 -0.0244119763
  32.0663223 -0.0252235793
  32.181263 -0.025777217
  32.2957687 -0.0260431226
  32.409832 -0.025995275
  32.5234528 -0.0256128181
  32.636631 -0.0248808321
  32.749382 -0.023791831
  32.8617249 -0.0223456826
  32.9736862 -0.0205499437
  33.0852966 -0.0184210148
  33.1965942 -0.0159834977
  33.3076324 -0.0132694198
  33.418457 -0.0103192031
  33.5291328 -0.00718066376
  33.6397171 -0.00390923535
  33.7502747 -0.000566293835
  33.8608856  0.00277942419
  33.9716148  0.00605346775
  34.082531  0.00917547755
  34.1937065  0.0120607018
  34.3052025  0.0146207763
  34.4170761  0.0167655572
  34.5293808  0.0184050016
  34.6421471  0.0194533877
  34.7554016  0.0198341664
  34.8691559  0.0194848981
  34.9833908  0.0183650311
  35.0980797  0.0164634269
  35.2131691  0.0138059463
  35.3285828  0.0104630692
  35.4442329  0.00655465713
  35.5600014  0.00225030771
  35.6757622 -0.00223502028
  35.7913895 -0.00665167626
  35.9067535 -0.0107341409
  36.0217323 -0.0142228538
  36.1362152 -0.0168904066
  36.2501373 -0.0185675286
  36.3634567 -0.0191622972
  36.4761734 -0.0186752342
  36.5883446 -0.0172066148
  36.7000656 -0.014956614
  36.8114815 -0.0122237457
  36.9227791 -0.00940402877
  37.0341797 -0.00699372869
