  0.0580416285 -9.94032348E-07
  0.174127072  2.16118292E-06
  0.290212274 -1.82685619E-06
  0.406296849  2.42918259E-06
  0.52238214 -3.38441259E-06
  0.638466537  1.85805106E-06
  0.75455147  3.36562408E-07
  0.870636463  1.6309599E-07
  0.986721218  3.63032314E-07
  1.10280621 -6.34093453E-07
  1.21889091 -5.19144237E-07
  1.3349756 -3.31777201E-08
  1.45106053 -7.3330277E-08
  1.56714547  1.4152414E-07
  1.68323028  1.54131982E-07
  1.79931498  5.71776848E-09
  1.91539967 -7.63414363E-08
  2.0314846 -1.01846055E-07
  2.14756942 -1.26932548E-07
  2.26365447 -4.93751422E-08
  2.37973905 -5.06124174E-08
  2.49582386 -8.79739517E-08
  2.61190867 -1.27149304E-08
  2.72799349 -1.0308062E-08
  2.8440783  1.39279351E-07
  2.96016312 -7.71833584E-08
  3.07624793 -1.74838988E-08
  3.19233274 -1.67951235E-08
  3.3084178 -1.02891718E-07
  3.42450261  1.97764134E-08
  3.54058719  4.1524661E-08
  3.656672  7.71179174E-08
  3.77275681  1.04188942E-07
  3.88884163  1.05451015E-07
  4.0049262  2.82498736E-08
  4.12101126 -4.49547635E-08
  4.23709631 -9.1454055E-08
  4.35318089 -2.4581885E-08
  4.46926594 -4.31619291E-08
  4.58535051 -4.2454495E-08
  4.70143557 -4.04623091E-09
  4.81752062 -3.89682739E-08
  4.93360519 -3.738446E-08
  5.04969025 -4.90662551E-08
  5.16577482  6.09855055E-09
  5.28185987  4.43841763E-08
  5.39794445  9.46533447E-08
  5.5140295  8.53132036E-08
  5.63011408  9.0070408E-08
  5.74619913  8.95789967E-08
  5.86228371 -3.12804893E-08
  5.97836876 -7.77752689E-08
  6.09445333 -3.26393845E-08
  6.21053839 -1.55672719E-08
  6.32662296  1.97672989E-08
  6.44270754  1.41649634E-08
  6.55879259  1.03477191E-08
  6.67487717  4.8666724E-08
  6.7909627  4.63990872E-08
  6.90704727  4.61660647E-08
  7.02313232  4.78414215E-08
  7.1392169  5.14547125E-08
  7.25530195  5.71475702E-08
  7.37138653  6.51512977E-08
  7.48747158  7.57886909E-08
  7.60355616  8.94902001E-08
  7.71964121  1.0680894E-07
  7.83572578  1.28446317E-07
  7.95181084  1.55275643E-07
  8.06789589  1.88382728E-07
  8.18397999  2.29105837E-07
  8.30006504  2.79091608E-07
  8.41615009  3.40358156E-07
  8.53223515  3.94630689E-07
  8.6483202  4.44094979E-07
  8.7644043  4.90756179E-07
  8.88048935  5.57259E-07
  8.9965744  6.2553147E-07
  9.11265945  6.9833618E-07
  9.22874355  7.78613355E-07
  9.34482861  8.69608471E-07
  9.46091461  9.75007424E-07
  9.57699966  1.07829896E-06
  9.69308376  1.20443519E-06
  9.80916882  1.33774051E-06
  9.92525387  1.48362187E-06
  10.0413389  1.66871189E-06
  10.157423  1.85897841E-06
  10.2735081  2.08290635E-06
  10.3895941  2.30800083E-06
  10.5056791  2.56413978E-06
  10.6217642  2.84090652E-06
  10.7378492  3.14947852E-06
  10.8539343  3.50237633E-06
  10.9700193  3.89303841E-06
  11.0861053  4.31656917E-06
  11.2021894  4.76932019E-06
  11.3182755  5.29029194E-06
  11.4343605  5.85909356E-06
  11.5504465  6.47792422E-06
  11.6665316  7.15111082E-06
  11.7826176  7.94731659E-06
  11.8987036  8.79502477E-06
  12.0147896  9.72830367E-06
  12.1308756  1.07436999E-05
  12.2469606  1.18612033E-05
  12.3630466  1.30846138E-05
  12.4791336  1.4442684E-05
  12.5952206  1.59486426E-05
  12.7113066  1.75805289E-05
  12.8273935  1.93628402E-05
  12.9434805  2.13258754E-05
  13.0595684  2.34661384E-05
  13.1756554  2.58287128E-05
  13.2917433  2.84466714E-05
  13.4078321  3.13013843E-05
  13.523921  3.44252912E-05
  13.6400089  3.7840593E-05
  13.7560987  4.15823451E-05
  13.8721895  4.56144189E-05
  13.9882803  4.9975406E-05
  14.1043711  5.48003118E-05
  14.2204628  6.00346575E-05
  14.3365555  6.5745975E-05
  14.4526491  7.19367818E-05
  14.5687437  7.86688906E-05
  14.6848373  8.60508735E-05
  14.8009338  9.40682294E-05
  14.9170322  0.000102713901
  15.0331306  0.00011213078
  15.14923  0.000122261728
  15.2653313  0.000133227062
  15.3814354  0.000145160215
  15.4975405  0.000158024603
  15.6136465  0.000171964784
  15.7297554  0.000186965088
  15.8458672  0.000203158212
  15.9619818  0.000220552713
  16.0780983  0.000239272456
  16.1942177  0.000259433466
  16.3103409  0.00028110281
  16.426466  0.000304287067
  16.5425968  0.00032917544
  16.6587315  0.000355908618
  16.7748718  0.000384465966
  16.891016  0.000414987182
  17.0071659  0.000447551516
  17.1233215  0.000482292089
  17.2394829  0.000519285619
  17.3556499  0.000558667292
  17.4718246  0.000600482512
  17.5880089  0.000644903805
  17.7042007  0.000692032045
  17.8204021  0.000741937896
  17.9366131  0.000794589112
  18.0528336  0.000850177254
  18.1690674  0.000908802322
  18.2853107  0.000970540917
  18.4015675  0.00103536085
  18.5178394  0.00110345776
  18.6341248  0.00117477111
  18.7504272  0.00124931918
  18.8667469  0.0013270675
  18.9830837  0.00140805449
  19.0994415  0.00149221567
  19.2158184  0.00157946814
  19.3322144  0.00166982424
  19.448637  0.00176301727
  19.5650826  0.00185901124
  19.6815548  0.00195757579
  19.7980537  0.00205854187
  19.9145813  0.00216146908
  20.0311413  0.00226618024
  20.1477318  0.00237232796
  20.2643566  0.0024793637
  20.3810139  0.00258687953
  20.4977093  0.00269438326
  20.6144447  0.00280119712
  20.7312222  0.00290669501
  20.8480396  0.00301007438
  20.964901  0.00311056408
  21.08181  0.00320724421
  21.1987648  0.00329915388
  21.3157654  0.00338509888
  21.4328194  0.00346403779
  21.5499268  0.00353456615
  21.6670856  0.00359552191
  21.7842999  0.00364536303
  21.9015694  0.00368237076
  22.0188942  0.00370510807
  22.1362782  0.00371170253
  22.2537193  0.00370024098
  22.3712158  0.00366876228
  22.4887733  0.00361535349
  22.6063881  0.00353766559
  22.7240601  0.00343364058
  22.8417873  0.00330078439
  22.9595699  0.0031369417
  23.0774059  0.00293957023
  23.1952896  0.00270629674
  23.3132229  0.00243462762
  23.4311981  0.00212215702
  23.5492134  0.00176655257
  23.667263  0.00136551389
  23.7853413  0.000916902034
  23.9034424  0.000418812066
  24.0215588 -0.000130289554
  24.1396828 -0.00073196867
  24.257803 -0.00138708088
  24.3759117 -0.00209615892
  24.4939995 -0.00285921874
  24.6120529 -0.00367534044
  24.7300606 -0.00454330537
  24.8480072 -0.00546074798
  24.9658813 -0.00642434368
  25.0836639 -0.00742994295
  25.2013416 -0.00847196858
  25.3188992 -0.00954385847
  25.4363136 -0.0106375907
  25.5535736 -0.0117440587
  25.6706581 -0.0128526101
  25.78755 -0.0139509747
  25.904232 -0.0150265126
  26.0206833 -0.0160646327
  26.1368904 -0.0170496088
  26.2528343 -0.0179657191
  26.3684998 -0.018795725
  26.4838734 -0.0195227694
  26.5989437 -0.0201297756
  26.7136993 -0.0206003096
  26.8281345 -0.0209185183
  26.9422398 -0.0210701339
  27.0560131 -0.02104198
  27.1694565 -0.0208234694
  27.2825718 -0.0204059482
  27.3953648 -0.0197838657
  27.5078506 -0.0189543776
  27.620039 -0.0179180019
  27.7319469 -0.0166788381
  27.8435993 -0.0152438935
  27.9550171 -0.0136235636
  28.0662289 -0.0118322475
  28.1772671 -0.00988686364
  28.2881603 -0.00780781638
  28.3989525 -0.00561873894
  28.5096779 -0.00334520149
  28.6203747 -0.00101568061
  28.7310867  0.0013390556
  28.8418541  0.0036863985
  28.9527168  0.0059923185
  29.0637188  0.0082214307
  29.1748981  0.0103377355
  29.2862911  0.0123048155
  29.397934  0.0140864784
  29.5098591  0.0156476274
  29.6220913  0.0169550441
  29.7346535  0.0179776009
  29.8475609  0.018687889
  29.9608269  0.0190639552
  30.0744534  0.0190882981
  30.1884365  0.018751299
  30.3027668  0.0180510189
  30.4174252  0.0169944316
  30.5323849  0.0155996513
  30.6476154  0.0138946678
  30.7630749  0.011918935
  30.8787174  0.0097229965
  30.9944916  0.00736816367
  31.1103458  0.0049247304
  31.2262192  0.00247121952
  31.3420582  9.11873503E-05
  31.4578075 -0.0021293608
  31.5734138 -0.00410477445
  31.6888313 -0.00575364521
  31.804018 -0.00700207474
  31.9189434 -0.00778718572
  32.0335846 -0.00805954915
  32.1479416 -0.00778570073
  32.2620163 -0.00694965851
  32.375824 -0.00555287581
  32.489399 -0.00361533719
  32.6027832 -0.00117425248
  32.7160416  0.00171713915
  32.8292389  0.00499026245
  32.9424591  0.00856320839
  33.0557899  0.012341395
  33.1693306  0.0162193459
  33.2831764  0.0200811531
  33.3974304  0.0238023549
  33.512188  0.027250614
  33.6275368  0.0302891005
  33.7435684  0.0327780806
  33.8603401  0.0345827304
  33.9779015  0.035574615
  34.096283  0.0356462896
  34.215477  0.0347167812
  34.335453  0.0327443108
  34.4561539  0.0297381748
  34.5774918  0.0257659163
  34.6993446  0.0209587477
  34.8215752  0.0155075071
  34.9440231  0.00965679437
  35.0665283  0.00368433213
  35.1889229 -0.00212030858
  35.3110619 -0.00748444116
  35.4328079 -0.0121774804
  35.5540619 -0.0160319265
  35.6747513 -0.0189560875
  35.7948532 -0.0209365673
  35.9143639 -0.0220298618
  36.0333061 -0.0223472975
  36.1517334 -0.0220323168
  36.2697067 -0.0212369226
  36.3872833 -0.0200934857
  36.504509 -0.018692119
  36.621418 -0.017063072
  36.7380257 -0.0151756732
  36.854351 -0.0129633499
  36.9704247 -0.0103842756
  37.0863495 -0.00752700213
