  0.0580429025 -4.96024484E-07
  0.174127966 -1.73022829E-06
  0.290212274  1.85191345E-06
  0.406297117 -7.83488588E-07
  0.522382021  1.02771924E-06
  0.638466895 -1.39802523E-06
  0.754551649 -6.26992858E-08
  0.870636523  4.12637746E-09
  0.986721277  1.39272998E-07
  1.10280597  8.85901983E-08
  1.21889067  3.93251838E-07
  1.3349756 -6.23789219E-07
  1.45106041 -1.40307918E-07
  1.56714535  2.77422714E-07
  1.68323028  1.27472106E-07
  1.79931486  1.75977732E-07
  1.91539955  2.04011158E-07
  2.03148437 -1.1725691E-07
  2.14756942 -2.40504988E-07
  2.26365423 -2.17769198E-07
  2.37973905  2.05008455E-08
  2.49582362 -8.14227974E-09
  2.61190844  1.18337766E-08
  2.72799349 -1.64545213E-08
  2.8440783  1.46337138E-08
  2.96016312  2.63115698E-08
  3.07624793 -5.77052433E-08
  3.19233274 -5.69576564E-08
  3.30841756 -1.99319654E-08
  3.42450237  2.45927385E-08
  3.54058719  5.32620952E-08
  3.656672  4.62248124E-08
  3.77275681  7.72943309E-08
  3.88884163  1.24075953E-07
  4.0049262  9.00271786E-08
  4.12101126  6.11773885E-08
  4.23709631  8.62090701E-08
  4.35318089  1.75365258E-07
  4.46926594  1.90555284E-07
  4.58535051  2.3720365E-07
  4.70143557  2.72352878E-07
  4.81752062  2.49471441E-07
  4.93360519  3.35320891E-07
  5.04969072  3.95494283E-07
  5.16577482  4.33296009E-07
  5.28186035  4.77376489E-07
  5.39794493  5.79166851E-07
  5.51402998  6.41896065E-07
  5.63011456  7.20380967E-07
  5.74619961  8.36426977E-07
  5.86228418  8.85245925E-07
  5.97836924  9.4143877E-07
  6.09445381  1.08580684E-06
  6.21053886  1.18865682E-06
  6.32662344  1.29872615E-06
  6.44270849  1.43817067E-06
  6.55879402  1.59463809E-06
  6.6748786  1.77438972E-06
  6.79096365  1.98467728E-06
  6.9070487  2.19175286E-06
  7.02313375  2.42522219E-06
  7.13921881  2.65294943E-06
  7.25530434  2.94642268E-06
  7.37138939  3.25523115E-06
  7.48747444  3.61261004E-06
  7.60355949  3.99146438E-06
  7.71964502  4.38641428E-06
  7.83573008  4.83412032E-06
  7.95181561  5.3527433E-06
  8.06790161  5.90091713E-06
  8.18398666  6.48011564E-06
  8.30007172  7.13446343E-06
  8.41615772  7.82815187E-06
  8.53224373  8.6099808E-06
  8.64832973  9.51152469E-06
  8.76441574  1.04655337E-05
  8.88050175  1.15104885E-05
  8.99658775  1.26679242E-05
  9.11267471  1.39223903E-05
  9.22876072  1.53037763E-05
  9.34484768  1.67849212E-05
  9.46093464  1.84257933E-05
  9.5770216  2.02303017E-05
  9.69310856  2.22301642E-05
  9.80919647  2.43605245E-05
  9.92528439  2.66870939E-05
  10.0413733  2.92208388E-05
  10.1574612  3.19810279E-05
  10.27355  3.49967886E-05
  10.3896399  3.82647231E-05
  10.5057306  4.18137715E-05
  10.6218204  4.57042152E-05
  10.7379112  4.99476628E-05
  10.854003  5.45506009E-05
  10.9700956  5.95120291E-05
  11.0861883  6.48867426E-05
  11.202282  7.06843202E-05
  11.3183765  7.70160041E-05
  11.4344721  8.37840489E-05
  11.5505695  9.11376555E-05
  11.666666  9.91251291E-05
  11.7827654  0.000107737382
  11.8988657  0.000116992065
  12.0149679  0.000127012783
  12.1310711  0.000137811905
  12.2471762  0.000149451196
  12.3632832  0.000161966513
  12.4793921  0.000175367153
  12.5955038  0.000189758575
  12.7116165  0.000205140765
  12.827733  0.000221702896
  12.9438524  0.000239428846
  13.0599747  0.000258411921
  13.1760998  0.000278717693
  13.2922287  0.000300444546
  13.4083624  0.000323575863
  13.5244999  0.000348257367
  13.6406403  0.000374542607
  13.7567873  0.000402513746
  13.8729391  0.000432247005
  13.9890966  0.000463787263
  14.1052599  0.000497288886
  14.2214298  0.000532701379
  14.3376064  0.000570256903
  14.4537916  0.000609920069
  14.5699844  0.000651767594
  14.6861839  0.000695894239
  14.8023949  0.00074231124
  14.9186153  0.000791207131
  15.0348463  0.000842551759
  15.1510878  0.00089627743
  15.2673426  0.000952557719
  15.3836098  0.00101138256
  15.4998913  0.00107278011
  15.6161852  0.00113676663
  15.7324963  0.00120329764
  15.8488235  0.00127240759
  15.965169  0.00134391268
  16.0815315  0.00141785131
  16.197916  0.00149410439
  16.3143196  0.00157258322
  16.4307423  0.00165316067
  16.5471916  0.00173565908
  16.6636639  0.00181997358
  16.7801609  0.00190574094
  16.8966866  0.00199276744
  17.0132389  0.002080807
  17.1298218  0.00216949615
  17.2464352  0.0022585243
  17.3630791  0.00234732265
  17.4797592  0.00243555172
  17.5964737  0.00252265902
  17.7132244  0.0026081237
  17.8300114  0.00269128382
  17.9468403  0.00277145766
  18.0637093  0.00284788641
  18.1806183  0.00291978708
  18.2975712  0.00298632006
  18.4145679  0.00304650888
  18.5316105  0.00309944968
  18.6486988  0.00314404443
  18.7658367  0.00317906658
  18.8830204  0.00320327305
  19.0002537  0.00321557396
  19.1175365  0.00321446802
  19.234869  0.00319858338
  19.3522491  0.00316639431
  19.4696808  0.00311629474
  19.587162  0.00304675102
  19.7046909  0.00295591494
  19.8222675  0.0028422121
  19.9398918  0.00270368159
  20.0575581  0.00253864448
  20.1752682  0.0023452118
  20.2930183  0.00212147087
  20.4108028  0.00186572666
  20.5286236  0.00157604995
  20.6464729  0.00125084259
  20.764349  0.000888216018
  20.8822422  0.000486701116
  21.0001526  4.49580475E-05
  21.1180687 -0.000438401505
  21.2359848 -0.000964249193
  21.3538933 -0.0015332792
  21.4717884 -0.00214591948
  21.5896568 -0.00280195987
  21.7074928 -0.00350089208
  21.8252831 -0.00424185209
  21.9430161 -0.00502314558
  22.0606804 -0.00584239885
  22.1782646 -0.00669665029
  22.2957535 -0.00758191245
  22.4131317 -0.00849350356
  22.5303898 -0.00942567643
  22.6475105 -0.0103719262
  22.7644787 -0.0113246813
  22.881279 -0.0122755002
  22.9978981 -0.0132148247
  23.1143188 -0.0141319046
  23.2305279 -0.0150154708
  23.346508 -0.0158540308
  23.4622478 -0.0166344456
  23.5777359 -0.0173439905
  23.6929607 -0.0179690775
  23.8079109 -0.0184965953
  23.9225769 -0.0189136975
  24.036953 -0.0192074012
  24.1510334 -0.0193663128
  24.2648163 -0.0193802267
  24.3782997 -0.0192393325
  24.4914875 -0.0189368129
  24.6043873 -0.0184662789
  24.717001 -0.017824728
  24.8293438 -0.017011188
  24.9414272 -0.0160262436
  25.0532665 -0.0148738651
  25.1648827 -0.0135600576
  25.2762947 -0.0120937303
  25.3875294 -0.0104858633
  25.4986134 -0.00875020772
  25.6095753 -0.00690261787
  25.7204456 -0.0049610436
  25.8312588 -0.00294556725
  25.9420452 -0.000877820014
  26.0528431  0.00121879089
  26.1636848  0.00331959897
  26.2746048  0.00539896917
  26.385643  0.00743029779
  26.49683  0.00938640069
  26.6081982  0.0112402542
  26.7197819  0.0129647385
  26.8316078  0.0145333139
  26.9437008  0.0159209929
  27.0560837  0.017103849
  27.1687775  0.0180601552
  27.2817936  0.0187709928
  27.3951435  0.0192207359
  27.5088329  0.0193977915
  27.6228619  0.0192948636
  27.7372246  0.0189101454
  27.8519096  0.0182465743
  27.9668999  0.0173143204
  28.0821762  0.0161293335
  28.1977062  0.0147146638
  28.313467  0.0130995642
  28.4294167  0.0113198385
  28.5455208  0.00941766985
  28.6617374  0.00744020985
  28.7780209  0.00543910032
  28.8943329  0.00346910255
  29.0106277  0.00158720475
  29.1268654 -0.000149632804
  29.2430077 -0.00168636267
  29.3590221 -0.002970831
  29.4748821 -0.00395661499
  29.5905647 -0.00460351026
  29.7060566 -0.00488021597
  29.821352 -0.00476429379
  29.9364548 -0.00424455618
  30.0513744 -0.00332018011
  30.166132 -0.00200120616
  30.2807617 -0.00030965358
  30.3953037  0.00172223221
  30.5098019  0.00405239873
  30.6243134  0.00662903581
  30.7388973  0.00939101726
  30.8536243  0.0122702532
  30.9685612  0.0151908481
  31.0837822  0.0180708431
  31.1993542  0.0208223388
  31.3153496  0.0233540982
  31.4318352  0.0255715568
  31.5488644  0.0273791756
  31.6664886  0.0286835898
  31.7847404  0.029396655
  31.9036427  0.0294389483
  32.0231972  0.0287445448
  32.1433945  0.0272675958
  32.2641983  0.0249860846
  32.3855515  0.0219091773
  32.5073814  0.0180804953
  32.6295929  0.0135817537
  32.7520676  0.00853298884
  32.8746796  0.00309159607
  32.9972954 -0.00255403668
  33.1197701 -0.00819301885
  33.2419624 -0.0136041278
  33.3637466 -0.0185702723
  33.4849968 -0.0228930563
  33.6056175 -0.0264057573
  33.7255325 -0.0289865602
  33.844696 -0.0305635948
  33.9630928 -0.0311184581
  34.0807343 -0.0306848604
  34.1976585 -0.0293406062
  34.3139267 -0.0272031538
  34.4296341 -0.0244169496
  34.5448799 -0.0211456828
  34.6597786 -0.0175633412
  34.7744484 -0.0138466591
  34.8889999 -0.0101666367
  35.0035477 -0.00668175053
  35.1181755 -0.00353065948
  35.2329674 -0.000823967217
  35.3479652  0.00136245484
  35.4631996  0.00299404445
  35.5786743  0.00407928508
  35.6943703  0.00466698408
  35.8102646  0.00483554881
  35.9263191  0.004679834
  36.0424995  0.00429067668
  36.1587753  0.00373818493
  36.2751274  0.00306207081
  36.3915405  0.00227298844
  36.5080032  0.00137150288
  36.6244888  0.000385730149
  36.7409477 -0.000575843384
  36.8572807 -0.0012674497
  36.9733467 -0.00127230468
  37.0889931 -2.86758568E-05
