  0.0580416135 -9.0055704E-07
  0.174126759 -3.59322712E-07
  0.290211499  1.96259475E-06
  0.40629673 -2.06987261E-06
  0.522381306  3.44645537E-06
  0.638466597 -2.51403162E-06
  0.75455147 -5.59558657E-07
  0.870636284 -1.67744446E-07
  0.986721039 -1.22454296E-07
  1.10280585  5.11061444E-07
  1.21889055 -2.14645169E-07
  1.33497512  7.36087941E-07
  1.45106018  2.45666278E-08
  1.56714511  7.66526611E-08
  1.68323016  1.9727814E-07
  1.79931486  4.76153986E-07
  1.91539955  4.22454406E-07
  2.03148437  3.1655415E-07
  2.14756942  1.16138366E-07
  2.26365447  2.82571392E-07
  2.37973928  6.28527232E-07
  2.4958241  8.64239155E-07
  2.61190891  9.87902354E-07
  2.72799397  1.15543651E-06
  2.84407878  1.09635721E-06
  2.96016383  1.49420885E-06
  3.07624888  1.64812627E-06
  3.1923337  1.60857985E-06
  3.30841875  1.8541092E-06
  3.42450404  2.09767586E-06
  3.54058886  2.43359727E-06
  3.65667391  2.73557362E-06
  3.7727592  2.95698896E-06
  3.88884425  3.27259977E-06
  4.00492954  3.56316059E-06
  4.1210146  3.88635817E-06
  4.23710012  4.2367692E-06
  4.35318518  4.76091736E-06
  4.46927118  5.19606328E-06
  4.58535624  5.71655801E-06
  4.70144176  6.21698882E-06
  4.81752777  6.76370428E-06
  4.9336133  7.41475787E-06
  5.04969931  8.04331466E-06
  5.16578436  8.66536175E-06
  5.28187084  9.39697929E-06
  5.39795637  1.02124341E-05
  5.51404285  1.11181716E-05
  5.63012886  1.21258436E-05
  5.74621487  1.32756486E-05
  5.86230135  1.45449803E-05
  5.97838783  1.58737603E-05
  6.09447479  1.73412227E-05
  6.21056223  1.89110906E-05
  6.32664871  2.05694287E-05
  6.44273663  2.24742944E-05
  6.55882454  2.45148603E-05
  6.67491245  2.67569612E-05
  6.79100132  2.91662309E-05
  6.90709019  3.18004277E-05
  7.02317953  3.4703884E-05
  7.13926888  3.78478435E-05
  7.25535917  4.12560839E-05
  7.37144947  4.49412728E-05
  7.4875412  4.89285121E-05
  7.60363245  5.32132617E-05
  7.71972513  5.78639374E-05
  7.83581829  6.28822454E-05
  7.9519124  6.83056351E-05
  8.06800747  7.41245312E-05
  8.18410206  8.03869771E-05
  8.30019951  8.7180495E-05
  8.41629791  9.43867999E-05
  8.53239632  0.00010221322
  8.64849758  0.000110665555
  8.76459789  0.000119732584
  8.88070202  0.000129405977
  8.9968071  0.000139808573
  9.11291409  0.000151030938
  9.22902203  0.000163005199
  9.34513283  0.000175843626
  9.46124554  0.000189567378
  9.57736111  0.00020417168
  9.69347858  0.000219873706
  9.80959892  0.00023658415
  9.92572308  0.000254352984
  10.041851  0.000273301732
  10.1579809  0.00029351117
  10.2741156  0.000314930308
  10.390254  0.000337655511
  10.5063972  0.000361859798
  10.6225452  0.00038750688
  10.738698  0.000414664333
  10.8548565  0.000443348283
  10.9710207  0.000473666732
  11.0871906  0.000505709439
  11.2033672  0.000539460219
  11.3195515  0.000575068523
  11.4357443  0.000612455537
  11.5519447  0.000651818002
  11.6681528  0.000693097478
  11.7843704  0.000736339367
  11.9005985  0.000781604089
  12.0168371  0.000828965451
  12.1330872  0.000878358784
  12.2493486  0.000929866801
  12.3656225  0.000983410864
  12.4819107  0.00103903329
  12.5982132  0.00109667971
  12.714529  0.0011564045
  12.830862  0.00121808052
  12.9472113  0.0012817462
  13.0635786  0.00134725426
  13.1799641  0.00141454395
  13.2963696  0.00148340571
  13.412796  0.00155370811
  13.5292444  0.00162545533
  13.6457138  0.00169842143
  13.7622089  0.00177226716
  13.8787279  0.00184687984
  13.9952745  0.00192197261
  14.1118469  0.001997235
  14.2284479  0.00207230775
  14.3450785  0.00214692438
  14.4617405  0.0022205885
  14.5784349  0.0022928603
  14.6951609  0.00236320728
  14.8119221  0.00243117707
  14.9287176  0.00249634194
  15.0455513  0.00255792309
  15.1624203  0.00261528301
  15.2793293  0.00266769505
  15.3962774  0.00271437224
  15.5132656  0.0027545318
  15.6302948  0.00278726965
  15.747366  0.00281172618
  15.8644791  0.0028269086
  15.981636  0.00283180806
  16.098835  0.00282535888
  16.2160778  0.00280631031
  16.3333645  0.00277352403
  16.4506912  0.00272585405
  16.5680618  0.00266187964
  16.6854763  0.00258030929
  16.8029308  0.00247974694
  16.9204254  0.00235878816
  17.0379581  0.00221610069
  17.1555271  0.00205016765
  17.2731304  0.00185955199
  17.3907623  0.00164275256
  17.5084267  0.0013983082
  17.6261158  0.00112482288
  17.7438278  0.000820940419
  17.861557  0.000485369324
  17.9792976  0.000117100783
  18.0970459 -0.000285084068
  18.2147961 -0.000722145662
  18.3325424 -0.00119478628
  18.4502735 -0.00170344987
  18.5679874 -0.00224832213
  18.6856747 -0.0028292737
  18.8033257 -0.00344603835
  18.9209309 -0.00409763958
  19.0384808 -0.0047826888
  19.1559658 -0.00549944257
  19.2733746 -0.00624547992
  19.3906918 -0.00701796729
  19.5079136 -0.00781307928
  19.625021 -0.00862652063
  19.7420044 -0.00945329666
  19.8588505 -0.0102875475
  19.9755459 -0.0111227175
  20.0920773 -0.0119514307
  20.2084332 -0.0127657605
  20.3245983 -0.0135567645
  20.4405613 -0.0143151265
  20.5563107 -0.0150310649
  20.6718349 -0.0156941842
  20.7871246 -0.0162937641
  20.9021683 -0.0168191195
  21.0169563 -0.0172594339
  21.1314869 -0.0176041499
  21.2457504 -0.0178432595
  21.3597412 -0.0179669149
  21.4734612 -0.0179669783
  21.5869122 -0.0178357046
  21.7000904 -0.0175665691
  21.8130054 -0.0171549581
  21.9256592 -0.0165974125
  22.038065 -0.0158925485
  22.1502323 -0.0150405252
  22.2621746 -0.014043441
  22.3739071 -0.0129057197
  22.4854507 -0.0116335927
  22.5968246 -0.0102350991
  22.7080517 -0.00872011762
  22.8191566 -0.00710082101
  22.9301643 -0.00539060682
  23.0411053 -0.00360477972
  23.1520081 -0.00175999862
  23.2628994  0.000125914812
  23.3738117  0.00203365344
  23.4847775  0.0039434582
  23.595829  0.00583437597
  23.7069931  0.00768542057
  23.8183022  0.00947483163
  23.9297848  0.0111809773
  24.0414677  0.0127828075
  24.1533775  0.0142594976
  24.2655373  0.0155913541
  24.3779678  0.0167596489
  24.4906883  0.0177473053
  24.6037121  0.0185391493
  24.7170525  0.0191226508
  24.8307152  0.0194872227
  24.9447041  0.0196258575
  25.059021  0.0195349418
  25.1736584  0.0192142781
  25.2886066  0.0186679047
  25.4038582  0.0179037955
  25.5193901  0.0169339292
  25.6351852  0.0157749951
  25.7512188  0.0144481445
  25.8674641  0.0129781375
  25.9838867  0.0113940965
  26.1004601  0.00972824357
  26.217144  0.00801594742
  26.33391  0.0062950789
  26.4507198  0.00460468046
  26.5675411  0.00298498012
  26.6843395  0.0014757216
  26.8010864  0.000115583345
  26.9177551 -0.00105880236
  27.0343208 -0.00201450801
  27.1507645 -0.00272260117
  27.2670727 -0.0031594045
  27.3832397 -0.0033072012
  27.4992638 -0.00315468269
  27.6151485 -0.00269782171
  27.7309074 -0.00193996797
  27.8465557 -0.000891751319
  27.962122  0.000428643107
  28.0776329  0.00199571764
  28.1931267  0.00377760595
  28.3086472  0.00573533494
  28.4242382  0.00782429799
  28.5399494  0.00999414921
  28.6558323  0.0121900393
  28.7719383  0.0143528366
  28.8883209  0.0164194219
  29.0050297  0.0183246415
  29.1221123  0.0200021174
  29.2396088  0.0213836282
  29.3575611  0.0224044435
  29.4759903  0.0230006333
  29.5949192  0.0231151842
  29.7143536  0.0226981789
  29.8342857  0.0217099097
  29.9546967  0.0201249328
  30.0755539  0.0179336276
  30.1968079  0.0151461316
  30.3183994  0.0117946994
  30.4402485  0.00793550722
  30.5622654  0.00364923733
  30.6843529 -0.000958986639
  30.8064003 -0.00576270139
  30.928297 -0.0106163621
  31.0499287 -0.0153626082
  31.1711864 -0.019838009
  31.2919617 -0.0238836836
  31.4121704 -0.0273511522
  31.5317307 -0.0301141106
  31.6505871 -0.0320728943
  31.7686996 -0.0331622809
  31.8860531 -0.0333521888
  32.002655 -0.0326481611
  32.1185379 -0.0310916621
  32.2337532 -0.0287537146
  32.3483772 -0.025731178
  32.4624939 -0.0221409909
  32.57621 -0.0181142986
  32.68964 -0.013793936
  32.8028984 -0.00932835042
  32.9161148 -0.0048696748
  33.0293961 -0.000569619238
  33.1428642  0.00342343026
  33.2566071  0.00696948217
  33.3707123  0.0099414913
  33.4852371  0.0122326892
  33.6002197  0.0137645239
  33.7156677  0.0144941835
  33.8315773  0.0144232521
  33.9478989  0.0136006726
  34.0645714  0.0121243699
  34.1815224  0.0101359813
  34.2986565  0.00780899497
  34.4158821  0.00533438101
  34.5331078  0.00290055666
  34.6502571  0.000676025345
  34.7672691 -0.00120753516
  34.8840981 -0.00266372785
  35.0007248 -0.00365638873
  35.1171494 -0.00419619214
  35.2333832 -0.00433303555
  35.3494644 -0.00414332375
  35.4654198 -0.00371658569
  35.581295 -0.00314130029
  35.697113 -0.00249266136
  35.8129082 -0.00182361784
  35.9286957 -0.00116276881
  36.044487 -0.000517290959
  36.1602859  0.000112982314
  36.2761078  0.00071940542
  36.3919716  0.00126340985
  36.5079193  0.00166536879
  36.6239853  0.00181050983
  36.7401924  0.00158807647
  36.8565292  0.000981578603
  36.9728813  0.000223054361
  37.0889931 -1.65565639E-09
