  0.058041878 -4.91738376E-07
  0.174127117  5.66244069E-07
  0.290211916  6.40749931E-07
  0.406296939 -3.87430191E-07
  0.522381842 -6.85453472E-07
  0.638466597 -1.04308128E-07
  0.75455147 -1.34110479E-07
  0.870636284  5.9604659E-08
  0.986721039  1.34110465E-07
  1.10280585  1.78813949E-07
  1.21889055 -4.02331352E-07
  1.33497536  7.59959278E-07
  1.45106041 -3.72529058E-07
  1.56714523  1.49011568E-08
  1.68323004  1.49011568E-08
  1.79931498 -1.49011612E-07
  1.91539979  2.98023224E-08
  2.0314846 -1.63912787E-07
  2.14756942 -1.34110465E-07
  2.26365423  1.63912773E-07
  2.37973905 -1.34110479E-07
  2.49582386  1.49011568E-08
  2.61190844  1.49011568E-08
  2.72799325 -1.34110479E-07
  2.84407806  6.85453472E-07
  2.96016312 -3.27825575E-07
  3.07624793 -1.34110451E-07
  3.19233274  1.63912787E-07
  3.30841756 -1.1920929E-07
  3.42450237  1.78813949E-07
  3.54058719 -1.1920929E-07
  3.656672  1.78813949E-07
  3.77275705  1.22189522E-06
  3.88884187 -1.14738953E-06
  4.00492668  1.78813949E-07
  4.12101126 -1.34110479E-07
  4.23709631  4.02331352E-07
  4.35318089 -3.12924385E-07
  4.46926594 -3.27825546E-07
  4.58535051  3.72529058E-07
  4.70143557 -3.27825546E-07
  4.81752062 -1.63912773E-07
  4.93360519  2.08616257E-07
  5.04969025  2.23517418E-07
  5.16577482 -1.93715096E-07
  5.28185987  2.98023224E-07
  5.39794445 -2.30968027E-07
  5.5140295 -2.08616257E-07
  5.63011408  2.01165676E-07
  5.74619913  6.92903996E-07
  5.86228371 -6.33299408E-07
  5.97836876 -1.00582838E-07
  6.09445333  9.31322433E-08
  6.21053839  6.70552396E-08
  6.32662296 -4.09781933E-08
  6.44270802 -2.7939679E-08
  6.55879307 -5.29922545E-07
  6.67487764  5.22937626E-07
  6.7909627  3.84170606E-09
  6.90704727 -8.73114914E-10
  7.02313232 -7.27595553E-11
  7.1392169  0.
  7.25530195  0.
  7.37138653  0.
  7.48747158  0.
  7.60355616  0.
  7.71964121  0.
  7.83572578  0.
  7.95181084  0.
  8.06789589  0.
  8.18397999  0.
  8.30006504  0.
  8.41615009  0.
  8.53223515  0.
  8.6483202  0.
  8.7644043  0.
  8.88048935  0.
  8.9965744  0.
  9.11265945  0.
  9.22874355  0.
  9.34482861  0.
  9.46091366  0.
  9.57699871  0.
  9.69308281  0.
  9.80916786  0.
  9.92525291  0.
  10.041338  0.
  10.1574221  0.
  10.2735071  0.
  10.3895922  0.
  10.5056772  0.
  10.6217623  0.
  10.7378464  0.
  10.8539314  0.
  10.9700165  0.
  11.0861015  0.
  11.2021856  0.
  11.3182707  0.
  11.4343557  0.
  11.5504408  0.
  11.6665249  0.
  11.7826099  0.
  11.898695  0.
  12.01478  0.
  12.1308651  0.
  12.2469492  0.
  12.3630342  0.
  12.4791193  0.
  12.5952044  0.
  12.7112885  0.
  12.8273735  0.
  12.9434586  0.
  13.0595436  0.
  13.1756277  0.
  13.2917128  0.
  13.4077978  0.
  13.5238829  0.
  13.639967  0.
  13.756052  0.
  13.8721371  0.
  13.9882221  0.
  14.1043072  0.
  14.2203913  0.
  14.3364763  0.
  14.4525614  0.
  14.5686464  0.
  14.6847305  0.
  14.8008156  0.
  14.9169006  0.
  15.0329857  0.
  15.1490698  0.
  15.2651548  0.
  15.3812399  0.
  15.4973249  0.
  15.613409  0.
  15.7294941  0.
  15.8455791  0.
  15.9616642  0.
  16.0777493  0.
  16.1938343  0.
  16.3099194  0.
  16.4260025  0.
  16.5420876  0.
  16.6581726  0.
  16.7742577  0.
  16.8903427  0.
  17.0064278  0.
  17.1225128  0.
  17.2385979  0.
  17.354681  0.
  17.4707661  0.
  17.5868511  0.
  17.7029362  0.
  17.8190212  0.
  17.9351063  0.
  18.0511913  0.
  18.1672764  0.
  18.2833614  0.
  18.3994446  0.
  18.5155296  0.
  18.6316147  0.
  18.7476997  0.
  18.8637848  0.
  18.9798698  0.
  19.0959549  0.
  19.2120399  0.
  19.3281231  0.
  19.4442081  0.
  19.5602932  0.
  19.6763783  0.
  19.7924633  0.
  19.9085484  0.
  20.0246334  0.
  20.1407185  0.
  20.2568035  0.
  20.3728867  0.
  20.4889717  0.
  20.6050568  0.
  20.7211418  0.
  20.8372269  0.
  20.9533119  0.
  21.069397  0.
  21.185482  0.
  21.3015652  0.
  21.4176502  0.
  21.5337353  0.
  21.6498203  0.
  21.7659054  0.
  21.8819904  0.
  21.9980755  0.
  22.1141605  0.
  22.2302456  0.
  22.3463287  0.
  22.4624138  0.
  22.5784988  0.
  22.6945839  0.
  22.8106689  0.
  22.926754  0.
  23.0428391  0.
  23.1589241  0.
  23.2750092  0.
  23.3910923  0.
  23.5071774  0.
  23.6232624  0.
  23.7393475  0.
  23.8554325  0.
  23.9715176  0.
  24.0876026  0.
  24.2036877  0.
  24.3197708  0.
  24.4358559  0.
  24.5519409  0.
  24.668026  0.
  24.784111  0.
  24.9001961  0.
  25.0162811  0.
  25.1323662  0.
  25.2484512  0.
  25.3645344  0.
  25.4806194  0.
  25.5967045  0.
  25.7127895  0.
  25.8288746  0.
  25.9449596  0.
  26.0610447  0.
  26.1771297  0.
  26.2932129  0.
  26.4092979  0.
  26.525383  0.
  26.641468  0.
  26.7575531  0.
  26.8736382  0.
  26.9897232  0.
  27.1058083  0.
  27.2218933  0.
  27.3379765  0.
  27.4540615  0.
  27.5701466  5.13457621E-07
  27.6862316  0.
  27.8023167  5.13457621E-07
  27.9184017  0.
  28.0344868  5.13457621E-07
  28.1505718  5.13457621E-07
  28.266655  0.
  28.38274  1.02691524E-06
  28.4988251  5.13457621E-07
  28.6149101  5.13457621E-07
  28.7309952  1.02691524E-06
  28.8470802  1.02691433E-06
  28.9631653  1.02691433E-06
  29.0792503  1.54037139E-06
  29.1953373  2.05382867E-06
  29.3114204  1.02691433E-06
  29.4275055  2.05382867E-06
  29.5435905  3.5941971E-06
  29.6596756  3.08073891E-06
  29.7757607  3.08073686E-06
  29.8918457  5.13456143E-06
  30.0079327  4.10764551E-06
  30.1240177  5.64800985E-06
  30.2401009  7.18837055E-06
  30.3561878  7.70182305E-06
  30.4722729  9.24217966E-06
  30.5883598  1.02690756E-05
  30.7044449  1.28363217E-05
  30.8205318  1.38632104E-05
  30.9366188  1.64304402E-05
  31.0527058  2.15648979E-05
  31.1687927  2.2078304E-05
  31.2848797  2.61858113E-05
  31.4009666  3.23470813E-05
  31.5170555  3.54276053E-05
  31.6331463  4.26156184E-05
  31.7492352  4.87766665E-05
  31.8653259  5.69913354E-05
  31.9814186  6.57192359E-05
  32.0975075  7.70141123E-05
  32.213604  8.83086759E-05
  32.3296967  0.000103196806
  32.445797  0.000120651341
  32.5618935  0.000137591822
  32.6779976  0.00016120552
  32.7941017  0.000185331373
  32.9102058  0.000213049163
  33.0263176  0.000246411655
  33.1424332  0.00028593131
  33.2585526  0.000331093674
  33.3746758  0.000378816942
  33.4908066  0.000436286267
  33.606945  0.000504524913
  33.7230835  0.000577369879
  33.839241  0.000665081956
  33.9554062  0.000762523152
  34.0715828  0.000874816906
  34.1877747  0.00100092799
  34.3039818  0.00114905136
  34.4202042  0.0013109619
  34.5364532  0.00149894925
  34.6527214  0.00171093422
  34.7690163  0.00195046898
  34.8853455  0.0022210991
  35.0017052  0.00252583902
  35.1181068  0.0028692293
  35.2345505  0.00325527345
  35.3510475  0.0036899983
  35.4676018  0.00417274423
  35.5842209  0.00471560657
  35.7009048  0.0053214184
  35.8176804  0.00599501003
  35.9345436  0.00674316613
  36.0515137  0.00757056382
  36.168602  0.00848788582
  36.2858162  0.0094934525
  36.4031792  0.0106037874
  36.5207062  0.0118158944
  36.6384125  0.0131387999
  36.7563248  0.0145817911
  36.8744583  0.0161432475
  36.9928436  0.0178248566
  37.1114998  0.0176407304
