  0.0580418222 -5.21540414E-07
  0.174127176  1.54972076E-06
  0.290212333 -1.75833691E-06
  0.406297296  8.04662875E-07
  0.522381961 -3.17394756E-06
  0.638466418  4.3213372E-06
  0.75455147 -1.31130219E-06
  0.870636404 -4.47035333E-08
  0.986721218 -6.70552367E-07
  1.10280597  1.20699428E-06
  1.21889079 -5.51343021E-07
  1.3349756  1.63912659E-07
  1.45106041  2.98023135E-08
  1.56714535 -4.61936025E-07
  1.68323016  1.49011626E-07
  1.79931486  2.98023224E-07
  1.91539967 -1.01327896E-06
  2.03148437  5.21540699E-07
  2.14756942  1.49011568E-08
  2.26365423  6.85453472E-07
  2.37973905 -6.40749931E-07
  2.49582362 -3.87430191E-07
  2.61190844 -3.87430191E-07
  2.72799325 -1.63912787E-07
  2.84407806  1.17719185E-06
  2.96016312 -4.91738319E-07
  3.07624769  2.98023135E-08
  3.19233251  1.57952309E-06
  3.30841756 -1.34110462E-06
  3.42450261  5.36441917E-07
  3.54058719 -8.94069743E-08
  3.656672 -3.42726736E-07
  3.77275705 -5.06639481E-07
  3.88884163  5.3644186E-07
  4.00492668  1.22189522E-06
  4.12101126 -1.66893005E-06
  4.23709631  9.23872051E-07
  4.35318089 -3.12924357E-07
  4.46926594 -3.27825518E-07
  4.58535051 -6.70552367E-07
  4.70143557  7.00354633E-07
  4.81752062  8.79168567E-07
  4.93360519 -8.19563809E-07
  5.04969025 -8.19563809E-07
  5.16577482  8.19563866E-07
  5.28185987 -2.23517418E-07
  5.39794445  2.83122063E-07
  5.5140295  3.05473804E-07
  5.63011408 -3.12924385E-07
  5.74619913  2.24262499E-06
  5.86228371 -1.13993895E-06
  5.97836876 -2.15694331E-06
  6.09445333  1.46031391E-06
  6.21053886 -1.47335243E-06
  6.32662296  1.07474636E-06
  6.44270802 -2.79396932E-08
  6.55879307  4.97326255E-07
  6.67487764 -5.0384557E-07
  6.7909627  3.84169141E-09
  6.90704727 -8.73117301E-10
  7.02313232 -7.275721E-11
  7.1392169  0.
  7.25530195  0.
  7.37138653  0.
  7.48747158  0.
  7.60355616  0.
  7.71964121  0.
  7.83572578  0.
  7.95181084  0.
  8.06789589  0.
  8.18397999  0.
  8.30006504  0.
  8.41615009  0.
  8.53223515  0.
  8.6483202  0.
  8.7644043  0.
  8.88048935  0.
  8.9965744  0.
  9.11265945  0.
  9.22874355  0.
  9.34482861  0.
  9.46091366  0.
  9.57699871  0.
  9.69308281  0.
  9.80916786  0.
  9.92525291  0.
  10.041338  0.
  10.1574221  0.
  10.2735071  0.
  10.3895922  0.
  10.5056772  0.
  10.6217623  0.
  10.7378464  0.
  10.8539314  0.
  10.9700165  0.
  11.0861015  0.
  11.2021856  0.
  11.3182707  0.
  11.4343557  0.
  11.5504408  0.
  11.6665249  0.
  11.7826099  0.
  11.898695  0.
  12.01478  5.13457621E-07
  12.1308651  5.13457621E-07
  12.2469492  5.13457621E-07
  12.3630342  0.
  12.4791193  5.13457621E-07
  12.5952044  5.13457621E-07
  12.7112885  5.13457621E-07
  12.8273735  5.13457621E-07
  12.9434586  5.13457621E-07
  13.0595446  1.02691479E-06
  13.1756287  1.02691479E-06
  13.2917137  5.13457167E-07
  13.4077988  1.02691433E-06
  13.5238838  1.54037139E-06
  13.6399679  1.02691433E-06
  13.756053  1.54037048E-06
  13.872139  2.05382867E-06
  13.988224  1.54037048E-06
  14.1043091  2.05382662E-06
  14.2203932  2.05382662E-06
  14.3364792  2.56728276E-06
  14.4525642  3.59419323E-06
  14.5686493  2.56728072E-06
  14.6847343  3.59419323E-06
  14.8008194  4.10764551E-06
  14.9169054  4.62109756E-06
  15.0329914  5.13454961E-06
  15.1490755  6.16145826E-06
  15.2651615  5.64799802E-06
  15.3812475  7.18835463E-06
  15.4973335  8.21525919E-06
  15.6134186  9.24215601E-06
  15.7295055  8.72869532E-06
  15.8455915  1.0782489E-05
  15.9616785  1.18093776E-05
  16.0777645  1.33497106E-05
  16.1938515  1.48900353E-05
  16.3099403  1.74572488E-05
  16.4260254  1.69437662E-05
  16.5421124  2.00244158E-05
  16.6582012  2.31050344E-05
  16.7742901  2.46452964E-05
  16.890377  2.87527564E-05
  17.0064678  3.08064409E-05
  17.1225567  3.49138063E-05
  17.2386475  3.64539737E-05
  17.3547363  4.15881477E-05
  17.4708271  4.67222599E-05
  17.5869198  5.0829407E-05
  17.7030125  5.54499384E-05
  17.8191051  6.36642944E-05
  17.9351997  6.87979918E-05
  18.0512962  7.44449935E-05
  18.1673927  8.41990404E-05
  18.2834911  9.18992737E-05
  18.3995876  0.000102679602
  18.5156898  0.000110892564
  18.6317921  0.000121158708
  18.7478962  0.00013501817
  18.8640022  0.000147850151
  18.9801121  0.000161708216
  19.0962219  0.000178645423
  19.2123356  0.000193015148
  19.3284512  0.00021559684
  19.4445705  0.000233557104
  19.5606937  0.000253569277
  19.6768208  0.000279225438
  19.7929516  0.00030487933
  19.9090881  0.000333096395
  20.0252285  0.000362336519
  20.1413746  0.000394139613
  20.2575264  0.000430556043
  20.373682  0.000466967409
  20.4898472  0.000507477554
  20.60602  0.000551058911
  20.7222004  0.000597710488
  20.8383884  0.000648455753
  20.9545879  0.000699190423
  21.070797  0.000759656774
  21.1870174  0.000819595472
  21.3032475  0.000883618311
  21.4194908  0.00095633918
  21.5357513  0.00102800969
  21.6520252  0.00110580656
  21.7683144  0.00118972349
  21.8846226  0.00127565628
  22.000948  0.00136923487
  22.1172924  0.00146686926
  22.2336597  0.00157162268
  22.3500481  0.0016793909
  22.4664612  0.0017911928
  22.582901  0.00190957892
  22.6993694  0.00203146809
  22.8158665  0.00215992145
  22.932394  0.00229441421
  23.0489559  0.00243135449
  23.1655502  0.00257073669
  23.2821846  0.00271969941
  23.3988552  0.00286596641
  23.5155678  0.00302025257
  23.6323242  0.0031753981
  23.7491264  0.00332934922
  23.8659763  0.00348413573
  23.9828758  0.00364638004
  24.0998268  0.00380025851
  24.2168331  0.0039544357
  24.3338928  0.00410330575
  24.4510136  0.00424788985
  24.5681934  0.00438919663
  24.6854362  0.00451604789
  24.8027439  0.00463862112
  24.9201164  0.00474576186
  25.0375576  0.00483646896
  25.1550655  0.00491332542
  25.2726421  0.00496824365
  25.3902855  0.00500178058
  25.5080032  0.00500639714
  25.6257877  0.00498569384
  25.7436428  0.00493215583
  25.8615646  0.00483978633
  25.9795532  0.00471220864
  26.0976067  0.00453386968
  26.2157192  0.0043124049
  26.3338871  0.00403933134
  26.4521103  0.0037051565
  26.5703793  0.00331398123
  26.6886883  0.00285728159
  26.8070316  0.00232801959
  26.9253979  0.00172821316
  27.0437813  0.0010497421
  27.1621685  0.000288974494
  27.2805462 -0.000555800914
  27.3989029 -0.00149037945
  27.5172272 -0.002509563
  27.6355 -0.00362190744
  27.7537041 -0.00482444232
  27.8718224 -0.00612091273
  27.9898376 -0.00749699259
  28.1077271 -0.00895969477
  28.2254715 -0.0104954354
  28.3430462 -0.0121017937
  28.4604321 -0.0137592284
  28.5776062 -0.0154618472
  28.6945477 -0.0171854105
  28.8112297 -0.0189172346
  28.9276352 -0.0206275918
  29.0437431 -0.0222909655
  29.1595345 -0.023880899
  29.2749901 -0.0253611486
  29.3900948 -0.0266947486
  29.5048428 -0.0278497022
  29.6192188 -0.0287813023
  29.7332211 -0.0294533316
  29.8468456 -0.0298256855
  29.9600983 -0.0298627485
  30.0729828 -0.0295262821
  30.1855145 -0.0287892278
  30.2977047 -0.0276350733
  30.4095821 -0.0260358918
  30.5211678 -0.0239940044
  30.632494 -0.0215062182
  30.743597 -0.0186026543
  30.8545151 -0.0152881248
  30.9652901 -0.0116214855
  31.0759697 -0.00764716184
  31.1866016 -0.00343579566
  31.2972336  0.000945006846
  31.4079227  0.00539771002
  31.5187168  0.00983420573
  31.6296692  0.0141473049
  31.7408257  0.0182351135
  31.8522339  0.0219952837
  31.9639378  0.0253126882
  32.0759697  0.0280921776
  32.1883659  0.0302521978
  32.3011436  0.0316940024
  32.4143257  0.0323683098
  32.5279045  0.0322120301
  32.6418877  0.0311971717
  32.7562447  0.0293084495
  32.8709564  0.0265608914
  32.9859772  0.0229900107
  33.1012535  0.0186527949
  33.216732  0.0136329988
  33.3323326  0.00805099308
  33.4479828  0.00205255672
  33.5636024 -0.00420666859
  33.6791039 -0.0105028618
  33.7944107 -0.0166242663
  33.9094505 -0.022310717
  34.0241547 -0.0272984933
  34.1384735 -0.0313223936
  34.2523727 -0.0340903886
  34.3658333 -0.0353766568
  34.4788628 -0.0349557772
  34.5914803 -0.0326870494
  34.7037392 -0.0284710508
  34.8157082 -0.0223558843
  34.927475 -0.0144375218
  35.0391464 -0.00499943178
  35.1508484  0.00561641436
  35.2627106  0.0169205628
  35.3748665  0.0283307526
  35.4874611  0.0392136499
  35.6006165  0.0488900766
  35.7144585  0.0567170382
  35.8290749  0.0621525012
  35.9445343  0.0647509098
  36.0608711  0.0643703267
  36.1780663  0.061055433
  36.2960815  0.0552854985
  36.4148293  0.0478912629
  36.5342064  0.0401525721
  36.65411  0.0337600857
  36.7744598  0.0307348873
  36.8952332  0.033298593
  37.0164871  0.0144011686
