  0.0580416285 -8.64267236E-07
  0.174127072  1.75833691E-06
  0.290212274 -2.26497696E-06
  0.406296849  3.84450004E-06
  0.52238214 -5.72204635E-06
  0.638466537  3.6954882E-06
  0.75455147 -8.94069743E-08
  0.870636463 -5.9604627E-08
  0.986721218  1.0430814E-06
  1.10280621 -1.20699417E-06
  1.21889091 -1.0430814E-06
  1.3349756  6.10947609E-07
  1.45106053 -5.21540699E-07
  1.56714547  4.76837158E-07
  1.68323028  5.3644186E-07
  1.79931498 -1.04308128E-07
  1.91539967 -2.08616257E-07
  2.0314846 -8.94069387E-08
  2.14756942 -5.06639481E-07
  2.26365447  2.38418636E-07
  2.37973905  1.1920929E-07
  2.49582386 -6.40749931E-07
  2.61190867  3.42726736E-07
  2.72799349 -9.0897089E-07
  2.8440783  2.44379044E-06
  2.96016312 -1.87754642E-06
  3.07624793  3.87430191E-07
  3.19233274  7.00354633E-07
  3.3084178 -1.87754642E-06
  3.42450261  8.64267406E-07
  3.54058719 -1.1920929E-07
  3.656672  1.34110465E-07
  3.77275681  3.72529058E-07
  3.88884163  1.05798244E-06
  4.0049262  5.96046448E-08
  4.12101126 -3.27825546E-07
  4.23709631 -1.66893005E-06
  4.35318089  1.1920929E-06
  4.46926594 -3.27825575E-07
  4.58535051 -6.70552311E-07
  4.70143557  1.22189522E-06
  4.81752062 -6.55651149E-07
  4.93360519  2.08616257E-07
  5.04969025 -1.32620346E-06
  5.16577482  2.83122063E-07
  5.28185987 -2.38418579E-07
  5.39794445  1.29640114E-06
  5.5140295 -2.08616257E-07
  5.63011408  2.01165676E-07
  5.74619913  2.76416563E-06
  5.86228371 -1.64657843E-06
  5.97836876 -2.15694331E-06
  6.09445333  6.03497085E-07
  6.21053839 -4.48897509E-07
  6.32662296  9.85339398E-07
  6.44270754  3.1664996E-08
  6.55879259 -1.00862246E-06
  6.67487717  1.01840135E-06
  6.7909627 -3.4924692E-09
  6.90704727 -8.73117301E-10
  7.02313232 -7.275721E-11
  7.1392169  0.
  7.25530195  0.
  7.37138653  0.
  7.48747158  0.
  7.60355616  0.
  7.71964121  0.
  7.83572578  0.
  7.95181084  0.
  8.06789589  0.
  8.18397999  0.
  8.30006504  0.
  8.41615009  5.13457621E-07
  8.53223515  5.13457621E-07
  8.6483202  5.13457621E-07
  8.7644043  0.
  8.88048935  5.13457621E-07
  8.9965744  5.13457621E-07
  9.11265945  5.13457621E-07
  9.22874355  5.13457621E-07
  9.34482861  5.13457621E-07
  9.46091461  1.02691479E-06
  9.57699966  5.13457621E-07
  9.69308376  1.02691433E-06
  9.80916882  1.02691433E-06
  9.92525387  5.13457167E-07
  10.0413389  1.54037139E-06
  10.157423  1.02691433E-06
  10.2735081  2.05382867E-06
  10.3895941  1.54037048E-06
  10.5056791  2.05382662E-06
  10.6217642  2.05382662E-06
  10.7378492  2.05382662E-06
  10.8539343  2.56728276E-06
  10.9700193  3.08073686E-06
  11.0861053  3.59419323E-06
  11.2021894  3.08073686E-06
  11.3182755  4.10764551E-06
  11.4343605  4.62109756E-06
  11.5504465  5.13454961E-06
  11.6665316  4.10763732E-06
  11.7826176  6.67491031E-06
  11.8987036  6.67490258E-06
  12.0147896  7.70180668E-06
  12.1308756  8.215251E-06
  12.2469606  9.24214783E-06
  12.3630466  9.75559215E-06
  12.4791336  1.07824808E-05
  12.5952206  1.28362744E-05
  12.7113066  1.38631467E-05
  12.8273935  1.48900199E-05
  12.9434805  1.69437972E-05
  13.0595684  1.79706549E-05
  13.1756554  1.95109478E-05
  13.2917433  2.25915664E-05
  13.4078321  2.46452655E-05
  13.523921  2.72123998E-05
  13.6400089  2.97795359E-05
  13.7560987  3.44003529E-05
  13.8721895  3.74808151E-05
  13.9882803  3.85075291E-05
  14.1043711  4.46685153E-05
  14.2204628  4.82623E-05
  14.3365555  5.39096764E-05
  14.4526491  5.85301495E-05
  14.5687437  6.26370747E-05
  14.6848373  7.03377518E-05
  14.8009338  7.85517259E-05
  14.9170322  8.36850522E-05
  15.0331306  9.44656204E-05
  15.14923  0.000101652004
  15.2653313  0.000109351669
  15.3814354  0.000122184661
  15.4975405  0.000131423585
  15.6136465  0.000145795711
  15.7297554  0.000157600356
  15.8458672  0.000173510969
  15.9619818  0.000187880694
  16.0780983  0.000203789547
  16.1942177  0.00022226361
  16.3103409  0.00024381619
  16.426466  0.000262287213
  16.5425968  0.000283836009
  16.6587315  0.000311028271
  16.7748718  0.000336164812
  16.891016  0.000364890642
  17.0071659  0.000394126488
  17.1233215  0.000426949613
  17.2394829  0.000460794749
  17.3556499  0.000499251764
  17.4718246  0.000536676089
  17.5880089  0.000578710751
  17.7042007  0.000624327629
  17.8204021  0.000675063813
  17.9366131  0.00072322425
  18.0528336  0.000776500907
  18.1690674  0.000833352271
  18.2853107  0.000895827427
  18.4015675  0.000956233242
  18.5178394  0.00102635811
  18.6341248  0.00109697029
  18.7504272  0.00117268064
  18.8667469  0.00124989625
  18.9830837  0.0013327155
  19.0994415  0.00141959265
  19.2158184  0.00150642754
  19.3322144  0.00160345656
  19.448637  0.00169889757
  19.5650826  0.00179990998
  19.6815548  0.00190341834
  19.7980537  0.00201555528
  19.9145813  0.00212300848
  20.0311413  0.00223703007
  20.1477318  0.00235658465
  20.2643566  0.00247348356
  20.3810139  0.00259385724
  20.4977093  0.0027176938
  20.6144447  0.00284039206
  20.7312222  0.0029650114
  20.8480396  0.00308796391
  20.964901  0.00320976251
  21.08181  0.00332989404
  21.1987648  0.00344835478
  21.3157654  0.00356208184
  21.4328194  0.00367006171
  21.5499268  0.00377026899
  21.6670856  0.00386728789
  21.7842999  0.00395399984
  21.9015694  0.00402533542
  22.0188942  0.00408997154
  22.1362782  0.00413978053
  22.2537193  0.00417225203
  22.3712158  0.00418388285
  22.4887733  0.00418129191
  22.6063881  0.00415033009
  22.7240601  0.00409864029
  22.8417873  0.00401513278
  22.9595699  0.00390542555
  23.0774059  0.00376147102
  23.1952896  0.00358080748
  23.3132229  0.00336347544
  23.4311981  0.00310296891
  23.5492134  0.00279829535
  23.667263  0.00244545937
  23.7853413  0.00204246747
  23.9034424  0.00158224883
  24.0215588  0.00107384357
  24.1396828  0.000498009264
  24.257803 -0.000134712711
  24.3759117 -0.000832070946
  24.4939995 -0.00160029659
  24.6120529 -0.002424506
  24.7300606 -0.00332467584
  24.8480072 -0.00429262966
  24.9658813 -0.00532275019
  25.0836639 -0.00642214809
  25.2013416 -0.00758179929
  25.3188992 -0.00880188961
  25.4363136 -0.0100735081
  25.5535736 -0.0113938786
  25.6706581 -0.0127495937
  25.78755 -0.0141276829
  25.904232 -0.0155299278
  26.0206833 -0.0169253796
  26.1368904 -0.0183084253
  26.2528343 -0.0196528025
  26.3684998 -0.0209406503
  26.4838734 -0.0221507009
  26.5989437 -0.0232587103
  26.7136993 -0.0242338069
  26.8281345 -0.0250591058
  26.9422398 -0.025694387
  27.0560131 -0.0261259843
  27.1694565 -0.0263179075
  27.2825718 -0.0262472834
  27.3953648 -0.0258963034
  27.5078506 -0.0252406094
  27.620039 -0.024265334
  27.7319469 -0.0229749344
  27.8435993 -0.0213423036
  27.9550171 -0.019383423
  28.0662289 -0.0171129219
  28.1772671 -0.0145344762
  28.2881603 -0.0116901901
  28.3989525 -0.00859959424
  28.5096779 -0.00531318551
  28.6203747 -0.00187257933
  28.7310867  0.00166908163
  28.8418541  0.00524012279
  28.9527168  0.00878691673
  29.0637188  0.0122411475
  29.1748981  0.0155318184
  29.2862911  0.0185953267
  29.397934  0.0213639662
  29.5098591  0.0237641297
  29.6220913  0.0257685483
  29.7346535  0.0272909552
  29.8475609  0.0283158217
  29.9608269  0.0288023204
  30.0744534  0.0287192333
  30.1884365  0.0280674305
  30.3027668  0.0268487837
  30.4174252  0.025058452
  30.5323849  0.0227426533
  30.6476154  0.0199230891
  30.7630749  0.0166548248
  30.8787174  0.0130051682
  30.9944916  0.00904745609
  31.1103458  0.00486336276
  31.2262192  0.000567984767
  31.3420582 -0.00372757507
  31.4578075 -0.00790916942
  31.5734138 -0.0118360249
  31.6888313 -0.015367548
  31.804018 -0.0183604304
  31.9189434 -0.0206763912
  32.0335846 -0.0221768115
  32.1479416 -0.022739619
  32.2620163 -0.0222790614
  32.375824 -0.0206968766
  32.489399 -0.017977085
  32.6027832 -0.0141179571
  32.7160416 -0.00916722789
  32.8292389 -0.00323727005
  32.9424591  0.00352797168
  33.0557899  0.0109196883
  33.1693306  0.0186888184
  33.2831764  0.0265424717
  33.3974304  0.034168601
  33.512188  0.0412504151
  33.6275368  0.0474548601
  33.7435684  0.0524634309
  33.8603401  0.0560244918
  33.9779015  0.0579081923
  34.096283  0.0579476468
  34.215477  0.0560801663
  34.335453  0.0522769578
  34.4561539  0.0466479845
  34.5774918  0.0393614881
  34.6993446  0.0307013262
  34.8215752  0.0209711771
  34.9440231  0.0106374454
  35.0665283  0.000137763724
  35.1889229 -0.00998756289
  35.3110619 -0.0192236733
  35.4328079 -0.0270875711
  35.5540619 -0.0331545025
  35.6747513 -0.0371328294
  35.7948532 -0.038939707
  35.9143639 -0.0386604965
  36.0333061 -0.0366838612
  36.1517334 -0.0335679874
  36.2697067 -0.0300926883
  36.3872833 -0.0270205289
  36.504509 -0.0249984898
  36.621418 -0.0242334288
  36.7380257 -0.0241942406
  36.854351 -0.0232743528
  36.9704247 -0.0184201673
  37.0863495 -0.00752700213
