  0.0580429025 -7.59958937E-07
  0.174127966 -2.11596489E-06
  0.290212274  2.3543837E-06
  0.406297117 -1.28150032E-06
  0.522382021  1.98185444E-06
  0.638466895 -2.41398811E-06
  0.754551649  1.78814005E-07
  0.870636523 -5.9604627E-08
  0.986721277  2.68220958E-07
  1.10280597 -2.83122063E-07
  1.21889067  1.8477441E-06
  1.3349756 -2.41398834E-06
  1.45106041 -2.08616257E-07
  1.56714535  1.11758698E-06
  1.68323028 -1.04308128E-07
  1.79931486  2.08616257E-07
  1.91539955  1.26659882E-06
  2.03148437 -6.25848713E-07
  2.14756942 -7.30156898E-07
  2.26365423 -1.14738953E-06
  2.37973905  1.11758709E-06
  2.49582362 -3.87430191E-07
  2.61190844  4.17232513E-07
  2.72799349 -3.57627897E-07
  2.8440783  1.1920929E-07
  2.96016312  7.00354633E-07
  3.07624793 -6.40749931E-07
  3.19233274 -3.57627897E-07
  3.30841756 -1.19209254E-07
  3.42450237  1.34110465E-07
  3.54058719  3.87430191E-07
  3.656672 -3.57627897E-07
  3.77275681 -1.34110465E-07
  3.88884163  1.05798244E-06
  4.0049262  5.96046448E-08
  4.12101126 -3.42726736E-07
  4.23709631 -1.16229057E-06
  4.35318089  1.1920929E-06
  4.46926594 -3.27825575E-07
  4.58535051  3.72528973E-07
  4.70143557  1.23679638E-06
  4.81752062 -1.68383133E-06
  4.93360519  7.15255794E-07
  5.04969072  7.59959164E-07
  5.16577482  2.68220958E-07
  5.28186035 -7.45058117E-07
  5.39794493  1.3038516E-06
  5.51402998  2.5331974E-07
  5.63011456 -1.56462178E-07
  5.74619961  1.92970037E-06
  5.86228418  1.20699406E-06
  5.97836924 -1.39698375E-06
  6.09445381  2.00048135E-06
  6.21053886  9.92789865E-07
  6.32662344  5.81145287E-07
  6.44270849  1.4668326E-06
  6.55879402  5.05707874E-07
  6.6748786  1.04168475E-06
  6.79096365  2.05286801E-06
  6.9070487  1.5402029E-06
  7.02313375  2.56728072E-06
  7.13921881  1.02691433E-06
  7.25530434  2.56728276E-06
  7.37138939  2.05382457E-06
  7.48747444  3.08073686E-06
  7.60355949  3.59419323E-06
  7.71964502  3.08073686E-06
  7.83573008  3.08073299E-06
  7.95181561  4.62109756E-06
  8.06790161  5.13454961E-06
  8.18398666  4.62109347E-06
  8.30007172  6.16145417E-06
  8.41615772  5.64799802E-06
  8.53224373  5.64799029E-06
  8.64832973  8.215251E-06
  8.76441574  8.215251E-06
  8.88050175  8.72868804E-06
  8.99658775  1.02690365E-05
  9.11267471  1.07824808E-05
  9.22876072  1.28362581E-05
  9.34484768  1.28362426E-05
  9.46093464  1.43765674E-05
  9.5770216  1.54034406E-05
  9.69310856  1.89975435E-05
  9.80919647  1.95109478E-05
  9.92528439  2.15646778E-05
  10.0413733  2.36183914E-05
  10.1574612  2.56721069E-05
  10.27355  2.87526618E-05
  10.3896399  3.13197343E-05
  10.5057306  3.33733842E-05
  10.6218204  3.69672671E-05
  10.7379112  4.10745706E-05
  10.854003  4.56951966E-05
  10.9700956  4.92889521E-05
  11.0861883  5.44229079E-05
  11.202282  5.75030535E-05
  11.3183765  6.62307648E-05
  11.4344721  6.93106558E-05
  11.5505695  7.54710127E-05
  11.666666  8.36847976E-05
  11.7827654  9.18982696E-05
  11.8988657  9.8057928E-05
  12.0149679  0.00010781116
  12.1310711  0.000117050586
  12.2471762  0.000127829771
  12.3632832  0.000140148462
  12.4793921  0.000150926644
  12.5955038  0.000165297504
  12.7116165  0.00017607442
  12.827733  0.000193010361
  12.9438524  0.000208405167
  13.0599747  0.000225852142
  13.1760998  0.000243810893
  13.2922287  0.000265874492
  13.4083624  0.000285369577
  13.5244999  0.000308968534
  13.6406403  0.000333078497
  13.7567873  0.000359238096
  13.8729391  0.000387960405
  13.9890966  0.000415652088
  14.1052599  0.000450523832
  14.2214298  0.000480259099
  14.3376064  0.000518711051
  14.4537916  0.000556643354
  14.5699844  0.000596106751
  14.6861839  0.000640178972
  14.8023949  0.000682189944
  14.9186153  0.000731370354
  15.0348463  0.000785153534
  15.1510878  0.00083430775
  15.2673426  0.000891137926
  15.3836098  0.000949488545
  15.4998913  0.00101089419
  15.6161852  0.00107586745
  15.7324963  0.00114183954
  15.8488235  0.00121547142
  15.965169  0.00128651247
  16.0815315  0.00136315299
  16.197916  0.00144283241
  16.3143196  0.0015234946
  16.4307423  0.00160923169
  16.5471916  0.00169492245
  16.6636639  0.00178772607
  16.7801609  0.00187944819
  16.8966866  0.00197162014
  17.0132389  0.0020688409
  17.1298218  0.00216599321
  17.2464352  0.00226920284
  17.3630791  0.00236568926
  17.4797592  0.00246771239
  17.5964737  0.00256760488
  17.7132244  0.00266944664
  17.8300114  0.00276864087
  17.9468403  0.00286722975
  18.0637093  0.00296214595
  18.1806183  0.00305390242
  18.2975712  0.00314402836
  18.4145679  0.00322437985
  18.5316105  0.00330412597
  18.6486988  0.00337613956
  18.7658367  0.00343941175
  18.8830204  0.00348939025
  19.0002537  0.00353522808
  19.1175365  0.00356627884
  19.234869  0.00358407642
  19.3522491  0.00358711951
  19.4696808  0.00357239717
  19.587162  0.00354399369
  19.7046909  0.00348671852
  19.8222675  0.00341835315
  19.9398918  0.0033146108
  20.0575581  0.0031937568
  20.1752682  0.00304215844
  20.2930183  0.00285529601
  20.4108028  0.00264331512
  20.5286236  0.00239106594
  20.6464729  0.00210818532
  20.764349  0.00178001577
  20.8822422  0.0014116019
  21.0001526  0.0010039527
  21.1180687  0.000545905321
  21.2359848  4.14469614E-05
  21.3538933 -0.000510011509
  21.4717884 -0.00111718732
  21.5896568 -0.00177365553
  21.7074928 -0.00247757579
  21.8252831 -0.00324132177
  21.9430161 -0.0040575969
  22.0606804 -0.00492571481
  22.1782646 -0.00584654789
  22.2957535 -0.0068169958
  22.4131317 -0.00783446804
  22.5303898 -0.00889086165
  22.6475105 -0.00999128819
  22.7644787 -0.0111174909
  22.881279 -0.0122741032
  22.9978981 -0.013445884
  23.1143188 -0.0146215875
  23.2305279 -0.0157888457
  23.346508 -0.0169444177
  23.4622478 -0.0180607848
  23.5777359 -0.0191318039
  23.6929607 -0.0201351438
  23.8079109 -0.0210528113
  23.9225769 -0.0218634214
  24.036953 -0.0225577038
  24.1510334 -0.0231011715
  24.2648163 -0.0234828219
  24.3782997 -0.0236736964
  24.4914875 -0.0236727931
  24.6043873 -0.023439059
  24.717001 -0.0229722224
  24.8293438 -0.0222647414
  24.9414272 -0.0212952942
  25.0532665 -0.0200628787
  25.1648827 -0.0185722094
  25.2762947 -0.0168219283
  25.3875294 -0.0148261795
  25.4986134 -0.0125943227
  25.6095753 -0.0101482179
  25.7204456 -0.00751995575
  25.8312588 -0.0047336868
  25.9420452 -0.00182376313
  26.0528431  0.00116422772
  26.1636848  0.0041877008
  26.2746048  0.00720820343
  26.385643  0.0101734651
  26.49683  0.013025145
  26.6081982  0.015733283
  26.7197819  0.018235404
  26.8316078  0.020494638
  26.9437008  0.02246866
  27.0560837  0.024114076
  27.1687775  0.0254130326
  27.2817936  0.0263305474
  27.3951435  0.0268368553
  27.5088329  0.0269438829
  27.6228619  0.0266197324
  27.7372246  0.025891412
  27.8519096  0.0247469097
  27.9668999  0.0232134461
  28.0821762  0.0213101227
  28.1977062  0.0190736726
  28.313467  0.016540667
  28.4294167  0.0137505475
  28.5455208  0.0107600586
  28.6617374  0.00763606373
  28.7780209  0.00443065073
  28.8943329  0.00121019874
  29.0106277 -0.00193609262
  29.1268654 -0.00492498465
  29.2430077 -0.00769259641
  29.3590221 -0.0101299072
  29.4748821 -0.012177363
  29.5905647 -0.0137317618
  29.7060566 -0.0147367353
  29.821352 -0.0151010528
  29.9364548 -0.0147903422
  30.0513744 -0.0137699638
  30.166132 -0.0119910613
  30.2807617 -0.00948056206
  30.3953037 -0.00627257582
  30.5098019 -0.00240153447
  30.6243134  0.00205373531
  30.7388973  0.00694917422
  30.8536243  0.0121936509
  30.9685612  0.0176040698
  31.0837822  0.0230232757
  31.1993542  0.0282540768
  31.3153496  0.0331180356
  31.4318352  0.0374239646
  31.5488644  0.0409838855
  31.6664886  0.0436455943
  31.7847404  0.0452639721
  31.9036427  0.0457318425
  32.0231972  0.0449650846
  32.1433945  0.0429208092
  32.2641983  0.0396015644
  32.3855515  0.0350299552
  32.5073814  0.029299764
  32.6295929  0.0225191861
  32.7520676  0.0148515878
  32.8746796  0.00647935038
  32.9972954 -0.00235605985
  33.1197701 -0.0113885105
  33.2419624 -0.0203114152
  33.3637466 -0.0288073737
  33.4849968 -0.0365473889
  33.6056175 -0.0431540757
  33.7255325 -0.0483450107
  33.844696 -0.0518179499
  33.9630928 -0.0533616357
  34.0807343 -0.0528441966
  34.1976585 -0.050252758
  34.3139267 -0.0456982851
  34.4296341 -0.0394368581
  34.5448799 -0.0318155997
  34.6597786 -0.0233152192
  34.7744484 -0.0144874481
  34.8889999 -0.00592584163
  35.0035477  0.00184399833
  35.1181755  0.00830829516
  35.2329674  0.0131392358
  35.3479652  0.0161251724
  35.4631996  0.0172933992
  35.5786743  0.0168507416
  35.6943703  0.0152068753
  35.8102646  0.0128456671
  35.9263191  0.0103464872
  36.0424995  0.00820044149
  36.1587753  0.00666738674
  36.2751274  0.00573105318
  36.3915405  0.00493173627
  36.5080032  0.00335908239
  36.6244888 -0.000204178752
  36.7409477 -0.0070545855
  36.8572807 -0.0179959964
  36.9733467 -0.0325785838
  37.0889931 -2.86758568E-05
