  0.0580416135 -7.89761657E-07
  0.174126759 -4.32133618E-07
  0.290211499  2.38418579E-06
  0.40629673 -3.36766266E-06
  0.522381306  6.03497074E-06
  0.638466597 -4.60445926E-06
  0.75455147 -2.83122063E-07
  0.870636284 -1.4901218E-08
  0.986721039  1.93715096E-07
  1.10280585  9.53674316E-07
  1.21889055 -2.17556953E-06
  1.33497512  2.98023247E-06
  1.45106018 -1.08778477E-06
  1.56714511 -8.94069387E-08
  1.68323016 -2.38418579E-07
  1.79931486  1.59442425E-06
  1.91539955  2.83122034E-07
  2.03148437  7.00354576E-07
  2.14756942 -1.02818012E-06
  2.26365447 -7.30157012E-07
  2.37973928  7.00354576E-07
  2.4958241  1.49011589E-06
  2.61190891  8.04662875E-07
  2.72799397  2.41398811E-06
  2.84407878 -1.8775462E-06
  2.96016383  2.3990865E-06
  3.07624888  3.36766311E-06
  3.1923337 -5.66243841E-07
  3.30841875  1.49011589E-06
  3.42450404  9.98377459E-07
  3.54058886  2.60770321E-06
  3.65667391  3.15904549E-06
  3.7727592  1.81794132E-06
  3.88884425  3.4123666E-06
  4.00492954  2.83122108E-06
  4.1210146  2.8461227E-06
  4.23710012  1.63912966E-06
  4.35318518  5.28991359E-06
  4.46927118  2.81631765E-06
  4.58535624  5.93066079E-06
  4.70144176  4.50015159E-06
  4.81752777  4.05311584E-06
  4.9336133  7.0780502E-06
  5.04969931  7.86781584E-06
  5.16578436  5.37932237E-06
  5.28187084  6.95884637E-06
  5.39795637  7.06315268E-06
  5.51404285  8.79168329E-06
  5.63012886  7.77840705E-06
  5.74621487  9.58144847E-06
  5.86230135  1.25318757E-05
  5.97838783  1.1611729E-05
  6.09447479  1.48117488E-05
  6.21056223  1.59144329E-05
  6.32664871  1.4327461E-05
  6.44273663  1.89356506E-05
  6.55882454  1.89803595E-05
  6.67491245  2.25752501E-05
  6.79100132  2.36093747E-05
  6.90709019  2.51576148E-05
  7.02317953  2.87523162E-05
  7.13926888  3.13196724E-05
  7.25535917  3.44001965E-05
  7.37144947  3.74806259E-05
  7.4875412  4.15879258E-05
  7.60363245  4.41548727E-05
  7.71972513  4.87754696E-05
  7.83581829  5.28825221E-05
  7.9519124  5.8529833E-05
  8.06800747  6.31501171E-05
  8.18410206  6.72569731E-05
  8.30019951  7.7011151E-05
  8.41629791  7.9064077E-05
  8.53239632  8.67641866E-05
  8.64849758  9.54909483E-05
  8.76459789  0.000104730883
  8.88070202  0.00011140346
  8.9968071  0.000119615921
  9.11291409  0.000132448418
  9.22902203  0.000141686702
  9.34513283  0.000154004636
  9.46124554  0.000167861959
  9.57736111  0.000177098482
  9.69347858  0.000195060769
  9.80959892  0.000210455313
  9.92572308  0.000225335563
  10.041851  0.000242267473
  10.1579809  0.000263817521
  10.2741156  0.00028279933
  10.390254  0.000301265827
  10.5063972  0.000326402369
  10.6225452  0.000350509305
  10.738698  0.000377179444
  10.8548565  0.000403333019
  10.9710207  0.000431534689
  11.0871906  0.000463837205
  11.2033672  0.000494082458
  11.3195515  0.000531504804
  11.4357443  0.000564302667
  11.5519447  0.000605302164
  11.6681528  0.000645266031
  11.7843704  0.000687273918
  11.9005985  0.000730808359
  12.0168371  0.000779973692
  12.1330872  0.000827074691
  12.2493486  0.000880825624
  12.3656225  0.00093353627
  12.4819107  0.000990841654
  12.5982132  0.00104710273
  12.714529  0.00111000566
  12.830862  0.0011708322
  12.9472113  0.00123829558
  13.0635786  0.00130572857
  13.1799641  0.00137825264
  13.2963696  0.00145074248
  13.412796  0.00152063323
  13.5292444  0.0015986783
  13.6457138  0.00167923758
  13.7622089  0.00175667915
  13.8787279  0.00183867721
  13.9952745  0.00192113325
  14.1118469  0.00200558081
  14.2284479  0.00208689691
  14.3450785  0.0021742906
  14.4617405  0.00225803605
  14.5784349  0.00234375894
  14.6951609  0.0024243081
  14.8119221  0.00250274269
  14.9287176  0.00258672214
  15.0455513  0.00266348175
  15.1624203  0.00273812655
  15.2793293  0.00280913129
  15.3962774  0.0028744617
  15.5132656  0.00293513085
  15.6302948  0.00298759528
  15.747366  0.00303541869
  15.8644791  0.00307351607
  15.981636  0.0031034369
  16.098835  0.00312467292
  16.2160778  0.00313216331
  16.3333645  0.00312338164
  16.4506912  0.00311053987
  16.5680618  0.00307435542
  16.6854763  0.00302298064
  16.8029308  0.00295490585
  16.9204254  0.00286408584
  17.0379581  0.00275458838
  17.1555271  0.00262136897
  17.2731304  0.0024649601
  17.3907623  0.00228031725
  17.5084267  0.00206847372
  17.6261158  0.0018264025
  17.7438278  0.00155308656
  17.861557  0.00124195591
  17.9792976  0.000904141052
  18.0970459  0.000526444986
  18.2147961  0.000110344969
  18.3325424 -0.000346733897
  18.4502735 -0.000844880356
  18.5679874 -0.00138418318
  18.6856747 -0.00196224521
  18.8033257 -0.00258884905
  18.9209309 -0.00326062064
  19.0384808 -0.00397120789
  19.1559658 -0.00472642248
  19.2733746 -0.00552201038
  19.3906918 -0.00636334764
  19.5079136 -0.00724014221
  19.625021 -0.00814921502
  19.7420044 -0.00909299497
  19.8588505 -0.0100652874
  19.9755459 -0.0110578593
  20.0920773 -0.0120593663
  20.2084332 -0.0130783701
  20.3245983 -0.0140881091
  20.4405613 -0.0150888367
  20.5563107 -0.0160730667
  20.6718349 -0.0170110315
  20.7871246 -0.0179098658
  20.9021683 -0.0187497661
  21.0169563 -0.0195065457
  21.1314869 -0.020175444
  21.2457504 -0.0207380094
  21.3597412 -0.0211724155
  21.4734612 -0.0214743204
  21.5869122 -0.0216172338
  21.7000904 -0.0215880312
  21.8130054 -0.0213798024
  21.9256592 -0.0209749863
  22.038065 -0.0203676261
  22.1502323 -0.0195496958
  22.2621746 -0.0185121894
  22.3739071 -0.017257981
  22.4854507 -0.0157913323
  22.5968246 -0.0141179571
  22.7080517 -0.0122418255
  22.8191566 -0.010183312
  22.9301643 -0.00796236843
  23.0411053 -0.00560033601
  23.1520081 -0.00311261415
  23.2628994 -0.000542886555
  23.3738117  0.002085343
  23.4847775  0.00473759323
  23.595829  0.00736976182
  23.7069931  0.00996464025
  23.8183022  0.0124655664
  23.9297848  0.0148346061
  24.0414677  0.0170567445
  24.1533775  0.019081261
  24.2655373  0.0208837148
  24.3779678  0.0224330798
  24.4906883  0.0237053689
  24.6037121  0.0246879403
  24.7170525  0.0253612772
  24.8307152  0.0257107075
  24.9447041  0.0257407986
  25.059021  0.0254385062
  25.1736584  0.0248159058
  25.2886066  0.0238900278
  25.4038582  0.0226578228
  25.5193901  0.0211582258
  25.6351852  0.0193933118
  25.7512188  0.0174077619
  25.8674641  0.0152247958
  25.9838867  0.012888412
  26.1004601  0.0104218442
  26.217144  0.0078809699
  26.33391  0.00531698111
  26.4507198  0.00275931414
  26.5675411  0.000275065366
  26.6843395 -0.0020884769
  26.8010864 -0.00428113993
  26.9177551 -0.0062328116
  27.0343208 -0.00790433493
  27.1507645 -0.00923531968
  27.2670727 -0.0101829739
  27.3832397 -0.0107027432
  27.4992638 -0.01075307
  27.6151485 -0.0103095062
  27.7309074 -0.00936047081
  27.8465557 -0.00789680611
  27.962122 -0.00592964143
  28.0776329 -0.00349902338
  28.1931267 -0.000620475505
  28.3086472  0.00262406981
  28.4242382  0.00617510546
  28.5399494  0.00993389171
  28.6558323  0.0138031822
  28.7719383  0.0176846925
  28.8883209  0.021438241
  29.0050297  0.0249561314
  29.1221123  0.028130291
  29.2396088  0.0308108237
  29.3575611  0.0329236723
  29.4759903  0.0343550183
  29.5949192  0.0350143909
  29.7143536  0.034853898
  29.8342857  0.033825241
  29.9546967  0.0318888947
  30.0755539  0.0290531646
  30.1968079  0.025342036
  30.3183994  0.0207800455
  30.4402485  0.0154416766
  30.5622654  0.00941981655
  30.6843529  0.00282859569
  30.8064003 -0.00421740394
  30.928297 -0.0115296971
  31.0499287 -0.0189464353
  31.1711864 -0.0262353215
  31.2919617 -0.0331938267
  31.4121704 -0.0395647101
  31.5317307 -0.0450996831
  31.6505871 -0.0495584086
  31.7686996 -0.0527078211
  31.8860531 -0.0543444306
  32.002655 -0.0543217212
  32.1185379 -0.0525491387
  32.2337532 -0.0490179807
  32.3483772 -0.0437789522
  32.4624939 -0.0370349362
  32.57621 -0.028991539
  32.68964 -0.020010883
  32.8028984 -0.0104783401
  32.9161148 -0.000855671882
  33.0293961  0.00840904377
  33.1428642  0.016838694
  33.2566071  0.0240330212
  33.3707123  0.0296377968
  33.4852371  0.0333734639
  33.6002197  0.0351310559
  33.7156677  0.0348380432
  33.8315773  0.0326446183
  33.9478989  0.0287423879
  34.0645714  0.0234815441
  34.1815224  0.0172924064
  34.2986565  0.0106262984
  34.4158821  0.00400958769
  34.5331078 -0.00209256308
  34.6502571 -0.00723690959
  34.7672691 -0.0111290049
  34.8840981 -0.0135472845
  35.0007248 -0.0144649446
  35.1171494 -0.0139950523
  35.2333832 -0.0124170082
  35.3494644 -0.010114911
  35.4654198 -0.00752238929
  35.581295 -0.0050634942
  35.697113 -0.00306648575
  35.8129082 -0.00165614812
  35.9286957 -0.000796793611
  36.044487 -0.000141041746
  36.1602859  0.000721658347
  36.2761078  0.00231487234
  36.3919716  0.00486651948
  36.5079193  0.00811060239
  36.6239853  0.0109021803
  36.7401924  0.0109314341
  36.8565292  0.0046281768
  36.9728813 -0.0126638571
  37.0889931 -1.65565639E-09
