  0.0580431595 -1.43663055E-06
  0.174127936  3.81386485E-07
  0.290212154  3.91198512E-07
  0.406297296 -1.06719676E-06
  0.522381902  6.50474362E-07
  0.638467014 -4.8808613E-07
  0.754551649  1.1903343E-07
  0.870636523  1.22174185E-07
  0.986721218  5.61153115E-08
  1.10280597 -1.81048136E-08
  1.21889067 -1.50438055E-07
  1.33497548  2.45268268E-07
  1.45106041  4.19180708E-08
  1.56714523  7.52206901E-08
  1.68323028  4.11981418E-08
  1.79931486 -8.99523513E-08
  1.91539955 -1.3913106E-07
  2.03148437 -1.42161895E-07
  2.14756942 -1.05198538E-07
  2.26365423 -8.54975468E-08
  2.37973905 -1.61563833E-07
  2.49582386 -1.24739131E-07
  2.61190844 -8.04962923E-08
  2.72799349 -9.05262993E-08
  2.8440783 -2.7026033E-08
  2.96016312 -1.1234431E-07
  3.07624793 -6.54694361E-08
  3.19233274 -1.15687129E-07
  3.30841756 -1.36448392E-07
  3.42450237 -4.19531148E-08
  3.54058719  4.16630996E-09
  3.656672  3.22271809E-09
  3.77275681  2.59540656E-08
  3.88884163 -2.77026402E-10
  4.0049262  1.89953084E-08
  4.12101126  3.72026108E-08
  4.23709583  8.69679866E-08
  4.35318089  7.14169062E-08
  4.46926594  1.19317917E-07
  4.58535051  1.52764869E-07
  4.70143557  1.6662581E-07
  4.81752062  2.14503018E-07
  4.93360519  2.48803929E-07
  5.04969072  2.8876633E-07
  5.16577482  2.68057391E-07
  5.28186035  2.8459533E-07
  5.39794493  3.04245702E-07
  5.51402998  3.62962169E-07
  5.63011456  4.29878469E-07
  5.74619913  5.02134299E-07
  5.86228418  6.33026275E-07
  5.97836876  7.40314135E-07
  6.09445381  8.29906639E-07
  6.21053886  9.27685278E-07
  6.32662344  9.912834E-07
  6.44270849  1.13211172E-06
  6.55879354  1.2583198E-06
  6.6748786  1.41525561E-06
  6.79096365  1.57700288E-06
  6.90704823  1.76172898E-06
  7.02313375  1.97533609E-06
  7.13921881  2.21378059E-06
  7.25530386  2.47944854E-06
  7.37138891  2.7782894E-06
  7.48747396  3.10322775E-06
  7.60355902  3.46739853E-06
  7.71964455  3.87833552E-06
  7.83572912  4.31672834E-06
  7.95181465  4.80748349E-06
  8.06790066  5.35607251E-06
  8.18398571  5.9343738E-06
  8.30007076  6.59211219E-06
  8.41615677  7.30559077E-06
  8.53224277  8.10603888E-06
  8.64832783  9.00426858E-06
  8.76441288  9.98389442E-06
  8.88049889  1.106536E-05
  8.99658585  1.22468864E-05
  9.11267185  1.35714436E-05
  9.22875786  1.5001584E-05
  9.34484482  1.65855163E-05
  9.46093178  1.83274387E-05
  9.57701874  2.02187002E-05
  9.69310474  2.23166135E-05
  9.80919266  2.46341697E-05
  9.92527962  2.71692406E-05
  10.0413675  2.99500534E-05
  10.1574554  3.29932809E-05
  10.2735443  3.63284853E-05
  10.3896332  3.99732307E-05
  10.505722  4.39885989E-05
  10.6218119  4.83860713E-05
  10.7379017  5.31925543E-05
  10.8539915  5.8429956E-05
  10.9700832  6.41471124E-05
  11.0861759  7.04123813E-05
  11.2022667  7.72707717E-05
  11.3183613  8.47312476E-05
  11.4344549  9.28704249E-05
  11.5505505  0.000101782643
  11.6666451  0.000111481117
  11.7827435  0.000122010621
  11.8988409  0.000133500056
  12.0149412  0.000146023638
  12.1310415  0.000159627991
  12.2471437  0.000174386689
  12.3632479  0.000190451159
  12.4793539  0.000207855657
  12.5954618  0.000226722041
  12.7115717  0.000247193209
  12.8276844  0.000269357231
  12.9437981  0.000293375342
  13.0599165  0.000319361861
  13.1760359  0.000347469933
  13.2921591  0.00037778262
  13.408287  0.000410521054
  13.5244179  0.000445872545
  13.6405516  0.000484011776
  13.756691  0.000525055453
  13.8728352  0.000569285476
  13.9889841  0.000616887002
  14.1051388  0.000668036751
  14.2212973  0.000723001664
  14.3374643  0.000782007468
  14.4536371  0.000845279079
  14.5698175  0.000913076336
  14.6860046  0.000985624269
  14.8022013  0.00106325524
  14.9184074  0.00114628836
  15.0346212  0.00123493024
  15.1508465  0.00132955331
  15.2670822  0.00143043208
  15.3833303  0.00153781404
  15.4995909  0.00165206776
  15.6158638  0.00177350803
  15.732151  0.0019025018
  15.8484545  0.00203934452
  15.9647732  0.00218440616
  16.0811081  0.00233797985
  16.1974621  0.00250033103
  16.3138351  0.00267181965
  16.4302273  0.00285280868
  16.5466404  0.00304349186
  16.6630783  0.00324413786
  16.7795372  0.0034550908
  16.8960247  0.00367652671
  17.0125351  0.00390871242
  17.1290741  0.0041517918
  17.2456436  0.00440594321
  17.3622398  0.00467125606
  17.4788685  0.00494777551
  17.5955334  0.00523552205
  17.7122326  0.00553442072
  17.8289642  0.00584435742
  17.9457378  0.00616526883
  18.0625458  0.00649682805
  18.1793957  0.00683864485
  18.2962875  0.00719030481
  18.4132214  0.00755132735
  18.5301971  0.00792101491
  18.6472206  0.00829864666
  18.7642899  0.00868327543
  18.8814087  0.00907391682
  18.9985733  0.00946941413
  19.1157875  0.00986846164
  19.2330494  0.0102695087
  19.3503609  0.0106708547
  19.4677238  0.0110707292
  19.5851364  0.011467048
  19.7025986  0.0118575087
  19.8201122  0.0122396471
  19.9376736  0.0126108201
  20.0552807  0.0129680969
  20.1729336  0.0133082401
  20.2906322  0.0136279613
  20.4083691  0.013923523
  20.5261478  0.014191024
  20.643961  0.0144264176
  20.7618065  0.0146252215
  20.8796787  0.0147828469
  20.9975719  0.0148944929
  21.1154861  0.0149550801
  21.2334099  0.01495938
  21.3513336  0.0149020283
  21.4692593  0.0147774713
  21.5871716  0.014580112
  21.7050629  0.0143042952
  21.8229256  0.0139443893
  21.9407482  0.0134948855
  22.0585155  0.0129502667
  22.1762238  0.0123054646
  22.2938538  0.0115556493
  22.4113922  0.0106964055
  22.5288334  0.00972382538
  22.6461544  0.0086347945
  22.7633438  0.00742684491
  22.8803883  0.00609848648
  22.9972687  0.00464921072
  23.1139736  0.00307977572
  23.2304859  0.00139219314
  23.3467903 -0.000410102308
  23.4628716 -0.00232215971
  23.5787182 -0.00433741882
  23.694315 -0.00644759461
  23.8096523 -0.00864269957
  23.9247169 -0.0109110326
  24.0394993 -0.013239298
  24.1539917 -0.0156121515
  24.2681923 -0.0180130005
  24.3820915 -0.0204236805
  24.4956894 -0.0228247195
  24.6089935 -0.0251956359
  24.7220001 -0.0275148675
  24.8347206 -0.0297604315
  24.9471626 -0.0319100209
  25.0593395 -0.0339412764
  25.1712646 -0.0358322188
  25.2829571 -0.0375613309
  25.3944378 -0.0391081497
  25.5057316 -0.0404536389
  25.6168652 -0.0415802412
  25.7278633 -0.0424724519
  25.8387604 -0.0431168154
  25.9495869 -0.0435025766
  26.0603752 -0.0436216705
  26.1711636 -0.0434691198
  26.2819824 -0.0430430919
  26.3928719 -0.0423450805
  26.5038662 -0.0413802825
  26.6149998 -0.0401574783
  26.726305 -0.038689144
  26.8378162 -0.0369915031
  26.9495602 -0.0350843258
  27.0615673 -0.0329912156
  27.1738586 -0.0307390727
  27.2864513 -0.0283580199
  27.3993683 -0.0258810595
  27.5126152 -0.0233435854
  27.6262035 -0.0207829401
  27.7401295 -0.0182380378
  27.8543911 -0.0157482475
  27.9689808 -0.0133529678
  28.0838795 -0.0110906176
  28.1990681 -0.00899763405
  28.3145218 -0.00710792467
  28.4302101 -0.00545132905
  28.5460987 -0.00405314192
  28.6621456 -0.00293284096
  28.7783146 -0.00210313872
  28.894558 -0.001569774
  29.0108356 -0.00133046461
  29.1271057 -0.00137449149
  29.2433205 -0.00168300513
  29.3594475 -0.0022284463
  29.4754505 -0.00297542848
  29.5912971 -0.00388129428
  29.7069702 -0.00489651784
  29.8224468 -0.0059665814
  29.9377289 -0.00703277811
  30.0528088 -0.00803385675
  30.1676998 -0.00890770927
  30.2824268 -0.00959293917
  30.3970146 -0.0100304605
  30.5115051 -0.0101653133
  30.625946 -0.00994826574
  30.7403889 -0.00933732465
  30.8548985 -0.0082991533
  30.9695377 -0.00681052729
  31.084383 -0.00485944375
  31.1994991 -0.00244672969
  31.3149662  0.000413388014
  31.4308548  0.00369210541
  31.5472298  0.0073454231
  31.6641483  0.0113136396
  31.7816639  0.0155214518
  31.8998108  0.0198784918
  32.0186119  0.0242804289
  32.1380806  0.0286110714
  32.2581978  0.0327454433
  32.378933  0.0365531668
  32.5002327  0.0399042815
  32.6220245  0.0426743031
  32.7442055  0.0447510295
  32.8666687  0.0460412651
  32.9892845  0.0464773998
  33.1119118  0.0460228622
  33.2344093  0.0446766913
  33.3566437  0.0424753837
  33.478466  0.0394924954
  33.5997658  0.0358360484
  33.7204399  0.0316427872
  33.8404198  0.0270711184
  33.9596519  0.0222916082
  34.0781174  0.0174783021
  34.1958313  0.012799032
  34.3128357  0.00840709358
  34.4291916  0.00443463773
  34.5449905  0.000986538827
  34.6603355 -0.00186290592
  34.7753372 -0.004072465
  34.89011 -0.00563414022
  35.0047722 -0.00657306984
  35.1194267 -0.00694393646
  35.2341576 -0.0068271216
  35.349041 -0.00632161088
  35.464119 -0.00553672761
  35.5794106 -0.00458245538
  35.6949234 -0.00355912559
  35.8106422 -0.00254819728
  35.9265366 -0.00160725601
  36.0425758 -0.000767735764
  36.1587334 -4.07584012E-05
  36.2749863  0.000573791564
  36.3913231  0.00107257254
  36.5077362  0.00143588148
  36.6242027  0.00162018044
  36.7406807  0.00156532938
  36.8570824  0.00122601958
  36.9732513  0.000636436976
