  0.0580416545 -1.3342877E-08
  0.174126416 -9.78624897E-08
  0.29021129 -7.34095408E-07
  0.406296104  4.43462653E-07
  0.522381186 -5.30201802E-08
  0.638466179  8.77651644E-07
  0.754551053  6.76384559E-07
  0.870636642  1.4232927E-06
  0.986721754  1.99335523E-06
  1.10280693  2.08363031E-06
  1.21889198  2.47308753E-06
  1.33497739  3.0112999E-06
  1.4510628  3.46046045E-06
  1.56714857  4.20467495E-06
  1.68323445  5.160407E-06
  1.7993201  6.23869983E-06
  1.91540575  7.22604136E-06
  2.03149176  8.2714696E-06
  2.147578  9.35324715E-06
  2.26366425  1.06177577E-05
  2.37975049  1.21726234E-05
  2.49583721  1.37662082E-05
  2.61192369  1.55029302E-05
  2.72801089  1.73885601E-05
  2.84409785  1.94435306E-05
  2.96018529  2.17609013E-05
  3.07627296  2.42280275E-05
  3.19236064  2.68688163E-05
  3.30844879  2.96632825E-05
  3.42453718  3.28370006E-05
  3.54062581  3.6159523E-05
  3.65671468  3.97094955E-05
  3.77280426  4.35429283E-05
  3.8888936  4.75693123E-05
  4.0049839  5.19792084E-05
  4.1210742  5.6692541E-05
  4.23716545  6.16992402E-05
  4.3532567  6.69271903E-05
  4.46934843  7.2590432E-05
  4.58544064  7.86135206E-05
  4.70153379  8.49852513E-05
  4.81762743  9.18762962E-05
  4.93372107  9.91591951E-05
  5.04981613  0.000106994732
  5.16591167  0.000115426898
  5.28200865  0.000124486731
  5.39810562  0.000134282236
  5.51420403  0.0001448408
  5.63030386  0.000156273629
  5.7464056  0.000168657454
  5.86250782  0.00018210907
  5.97861195  0.000196768204
  6.09471798  0.000212606945
  6.21082592  0.000229867379
  6.32693624  0.000248602126
  6.44304848  0.000268860575
  6.55916357  0.000290778698
  6.67528105  0.00031442719
  6.79140139  0.000339943741
  6.90752459  0.000367355417
  7.02365112  0.000396765477
  7.13978052  0.000428274798
  7.25591421  0.00046200084
  7.37205124  0.000498115609
  7.48819256  0.000536719803
  7.60433817  0.000578034786
  7.72048903  0.000622159336
  7.83664417  0.000669274712
  7.95280552  0.000719528063
  8.06897163  0.000773124048
  8.18514442  0.000830215635
  8.30132389  0.000890987227
  8.41751003  0.000955671654
  8.53370476  0.00102442061
  8.64990711  0.00109738635
  8.76611614  0.0011748526
  8.88233566  0.00125702797
  8.99856567  0.00134408567
  9.11480427  0.0014362291
  9.23105335  0.00153371599
  9.34731483  0.00163672306
  9.46358776  0.00174548081
  9.57987309  0.00186028099
  9.69617271  0.00198118878
  9.81248569  0.00210852735
  9.92881393  0.00224249018
  10.0451593  0.00238325028
  10.1615191  0.00253097899
  10.2778978  0.00268596224
  10.3942938  0.00284829084
  10.5107088  0.00301811518
  10.6271458  0.00319562154
  10.7436008  0.00338091189
  10.8600807  0.0035741115
  10.9765825  0.00377530046
  11.0931082  0.00398449413
  11.2096577  0.0042018136
  11.3262339  0.00442713453
  11.4428377  0.00466053281
  11.5594692  0.00490180636
  11.6761284  0.00515089929
  11.79282  0.00540764956
  11.9095411  0.00567184715
  12.0262938  0.00594314141
  12.1430798  0.00622128556
  12.2598982  0.00650577666
  12.3767529  0.00679623941
  12.4936419  0.00709202746
  12.6105671  0.00739258062
  12.7275276  0.00769714359
  12.8445272  0.00800492335
  12.9615641  0.00831495598
  13.078639  0.00862626731
  13.1957512  0.00893772952
  13.3129034  0.00924819335
  13.4300928  0.00955628976
  13.5473204  0.00986042898
  13.6645861  0.0101590753
  13.7818899  0.0104504842
  13.89923  0.0107327886
  14.0166044  0.0110039469
  14.1340151  0.0112617873
  14.2514563  0.0115040168
  14.3689308  0.0117280921
  14.486433  0.0119314585
  14.6039619  0.0121113118
  14.7215147  0.0122647043
  14.8390884  0.0123885479
  14.9566793  0.012479512
  15.0742836  0.0125343297
  15.1918955  0.0125494897
  15.3095131  0.0125213657
  15.4271297  0.0124462387
  15.5447397  0.0123203136
  15.6623354  0.0121397562
  15.7799129  0.0119005982
  15.8974628  0.0115989177
  16.0149803  0.0112308478
  16.1324558  0.0107925637
  16.2498779  0.0102803642
  16.3672409  0.00969074853
  16.4845333  0.00902029034
  16.6017475  0.00826603919
  16.7188702  0.00742521323
  16.8358955  0.00649554841
  16.9528065  0.00547523797
  17.0695953  0.00436293706
  17.1862507  0.00315803476
  17.3027611  0.00186060742
  17.4191093  0.000471588224
  17.5352917 -0.00100732967
  17.6512966 -0.00257344171
  17.7671089 -0.00422308967
  17.882719 -0.00595153868
  17.9981194 -0.00775303319
  18.1132984 -0.00962052494
  18.2282486 -0.0115459561
  18.3429642 -0.013520021
  18.4574375 -0.0155323707
  18.5716629 -0.0175715648
  18.6856422 -0.0196250901
  18.7993679 -0.0216794945
  18.9128399 -0.0237205029
  19.0260658 -0.0257332176
  19.1390457 -0.0277019702
  19.2517834 -0.0296107829
  19.3642864 -0.031443391
  19.4765682 -0.0331835337
  19.5886383 -0.0348150954
  19.7005119 -0.0363221914
  19.8122025 -0.0376895405
  19.9237289 -0.0389025472
  20.0351105 -0.0399476886
  20.146368 -0.0408124477
  20.2575264 -0.0414856784
  20.3686066 -0.0419577733
  20.4796371 -0.0422206745
  20.5906448 -0.0422683731
  20.7016525 -0.0420964882
  20.8126907 -0.041702982
  20.92379 -0.0410878211
  21.0349751 -0.040253222
  21.1462746 -0.039203722
  21.2577114 -0.0379462019
  21.3693199 -0.0364896618
  21.4811192 -0.0348456129
  21.5931358 -0.033027716
  21.705389 -0.0310516506
  21.8178997 -0.0289352685
  21.930685 -0.0266981758
  22.0437584 -0.0243617408
  22.1571331 -0.0219488144
  22.2708149 -0.0194833502
  22.3848171 -0.0169901922
  22.4991322 -0.0144949704
  22.6137695 -0.0120235421
  22.728714 -0.0096014291
  22.8439655 -0.00725390762
  22.9595089 -0.00500521809
  23.0753326 -0.00287851691
  23.1914158 -0.000895008445
  23.3077374  0.000926181674
  23.4242783  0.00256833807
  23.5410137  0.00401767716
  23.6579132  0.00526353903
  23.77495  0.00629911572
  23.8920956  0.00712106936
  24.0093174  0.00773003977
  24.1265888  0.00813090615
  24.2438793  0.0083326865
  24.3611622  0.00834851339
  24.4784145  0.00819548033
  24.5956097  0.00789449178
  24.7127285  0.00747005083
  24.8297558  0.00694977585
  24.9466782  0.00636380073
  25.063488  0.00574448798
  25.1801815  0.0051255431
  25.2967587  0.00454146788
  25.413229  0.00402686559
  25.5296059  0.00361557025
  25.6458988  0.00334014744
  25.7621365  0.00323061808
  25.8783398  0.00331419962
  25.9945412  0.0036143451
  26.1107712  0.00415021181
  26.2270679  0.00493565202
  26.3434696  0.00597906299
  26.4600182  0.00728277117
  26.5767479  0.00884208456
  26.6937008  0.010645587
  26.8109169  0.0126743689
  26.9284248  0.0149020106
  27.0462627  0.0172946416
  27.1644516  0.0198109932
  27.2830086  0.0224026963
  27.4019527  0.0250147767
  27.5212879  0.0275864042
  27.6410027  0.0300522037
  27.7610855  0.0323432125
  27.8815098  0.0343887955
  28.0022392  0.0361184515
  28.1232243  0.0374641642
  28.2444077  0.038362395
  28.3657246  0.0387573168
  28.4870968  0.0386029221
  28.6084442  0.0378658772
  28.7296753  0.0365276039
  28.8507023  0.0345864818
  28.9714298  0.0320593677
  29.0917759  0.0289815851
  29.2116566  0.0254073739
  29.3309975  0.0214088485
  29.4497414  0.0170735419
  29.5678349  0.0125023276
  29.6852512  0.00780539215
  29.8019733  0.00309883803
  29.918005 -0.00149960071
  30.0333691 -0.00587408245
  30.1481056 -0.0099151507
  30.2622662 -0.0135226026
  30.3759289 -0.0166083127
  30.4891796 -0.0190991536
  30.6021099 -0.0209387988
  30.7148285 -0.0220890716
  30.8274441 -0.0225313045
  30.9400673 -0.0222676508
  31.0528069 -0.021321008
  31.1657715 -0.0197360814
  31.2790546 -0.0175785162
  31.392746 -0.0149347633
  31.5069103 -0.0119101107
  31.6216011 -0.00862620026
  31.7368469 -0.00521735847
  31.8526516 -0.00182537735
  31.9689999  0.00140702724
  32.0858459  0.00434334576
  32.2031288  0.00686137006
  32.3207664  0.00886068493
  32.4386597  0.0102701895
  32.5566978  0.01105229
  32.6747704  0.0112064993
  32.7927742  0.0107686957
  32.9106102  0.00980818458
  33.0282021  0.0084217675
  33.1454773  0.00672614947
  33.262413  0.00484871864
  33.3789864  0.00291871279
  33.4952087  0.00105847418
  33.6111107 -0.000624664128
  33.726738 -0.00204343349
  33.8421631 -0.0031360928
  33.9574471 -0.00386797078
  34.07267 -0.00423267018
  34.1879005 -0.00425049337
  34.303196 -0.00396529865
  34.4186096 -0.00344000664
  34.5341759 -0.00274977181
  34.64991 -0.00197466277
  34.7658081 -0.00119120441
  34.881855 -0.000465426594
  34.9980316  0.000153416768
  35.1142921  0.000636233017
  35.2306137  0.000974310562
  35.346962  0.00117577612
  35.4633179  0.00125977816
  35.5796547  0.00124927156
  35.6959648  0.00116409012
  35.8122597  0.00101600843
  35.9285202  0.000808641315
  36.0447388  0.000540922862
  36.1609001  0.000217242166
  36.2769814 -0.000142148696
  36.3929672 -0.000490406528
  36.5088539 -0.000753019936
  36.6246758 -0.000841974979
  36.7404861 -0.000692240661
  36.856411 -0.000325144269
  36.9725609  6.29499555E-05
