  0.0580446236  7.36718175E-06
  0.174132302  8.34309412E-06
  0.290220171  1.10098945E-05
  0.406308085  1.28535212E-05
  0.522396564  1.64212561E-05
  0.638485491  2.13374096E-05
  0.754575312  2.46674281E-05
  0.870665729  3.01544787E-05
  0.986756682  3.50610972E-05
  1.10284865  4.14987626E-05
  1.21894121  4.79197624E-05
  1.33503449  5.51748053E-05
  1.45112908  6.32075826E-05
  1.56722474  7.19799282E-05
  1.68332171  8.14844534E-05
  1.79941928  9.18642399E-05
  1.91551805  0.000103261395
  2.03161836  0.000115365474
  2.14771986  0.000128256885
  2.26382303  0.000142151257
  2.37992764  0.00015711633
  2.49603367  0.00017313339
  2.61214137  0.000190209248
  2.72825098  0.000208329555
  2.84436226  0.000227552373
  2.96047568  0.000248186407
  3.07659101  0.000269820797
  3.19270802  0.000292670738
  3.3088274  0.000316803547
  3.42494917  0.000342330342
  3.54107308  0.000369158282
  3.65719938  0.000397345982
  3.77332854  0.000426951476
  3.88945961  0.00045789365
  4.00559378  0.000490427949
  4.1217308  0.000524442352
  4.23787022  0.000559943961
  4.35401297  0.000596841855
  4.47015905  0.000635414792
  4.586308  0.000675603864
  4.70246077  0.000717634161
  4.81861734  0.000761741947
  4.93477774  0.000808064535
  5.05094337  0.000856927363
  5.16711378  0.000908631133
  5.28329086  0.000963484868
  5.39947414  0.00102180988
  5.51566505  0.00108385296
  5.63186312  0.00115011726
  5.74807024  0.00122089812
  5.86428642  0.00129653502
  5.9805131  0.00137738779
  6.09675121  0.0014637385
  6.21300077  0.00155589404
  6.32926226  0.0016540871
  6.44553661  0.00175842573
  6.56182575  0.00186907779
  6.67812777  0.00198602094
  6.79444504  0.00210930873
  6.91077662  0.00223887828
  7.0271244  0.00237461273
  7.14348698  0.00251661567
  7.25986671  0.00266500213
  7.37626314  0.00281988736
  7.49267817  0.00298136426
  7.60911226  0.003149617
  7.72556591  0.0033246628
  7.84204006  0.00350658409
  7.95853615  0.00369540695
  8.07505512  0.00389122311
  8.19159508  0.00409397949
  8.30816078  0.00430363743
  8.42475224  0.00452015549
  8.54136848  0.00474341027
  8.65801144  0.00497328071
  8.77468109  0.00520959077
  8.89138031  0.00545211695
  9.00810814  0.00570061011
  9.12486649  0.00595463812
  9.2416544  0.00621392066
  9.35847473  0.00647794828
  9.47532654  0.00674623018
  9.59221077  0.00701822946
  9.70912838  0.00729320431
  9.82607937  0.00757047767
  9.94306469  0.00784924254
  10.0600834  0.00812858809
  10.1771364  0.00840752386
  10.2942247  0.00868498161
  10.4113464  0.00895977207
  10.5285025  0.00923055597
  10.6456919  0.00949593633
  10.7629137  0.00975450501
  10.8801689  0.0100045661
  10.9974546  0.0102443881
  11.1147709  0.0104720984
  11.2321157  0.01068574
  11.3494883  0.010883159
  11.4668856  0.0110621452
  11.5843067  0.0112203183
  11.7017479  0.0113551915
  11.8192072  0.011464118
  11.9366827  0.0115443822
  12.0541697  0.011593096
  12.1716642  0.0116073424
  12.2891607  0.0115840649
  12.4066582  0.0115200477
  12.5241499  0.0114120711
  12.6416302  0.0112568429
  12.7590923  0.0110509852
  12.8765345  0.0107912309
  12.9939451  0.0104741529
  13.1113214  0.010096442
  13.228652  0.00965484884
  13.345932  0.00914630108
  13.4631519  0.00856774021
  13.5803032  0.0079162959
  13.6973772  0.00718942657
  13.8143654  0.00638495944
  13.9312563  0.00550084189
  14.0480423  0.00453556702
  14.164712  0.0034880396
  14.2812548  0.00235779025
  14.3976622  0.00114485621
  14.5139227 -0.000150039792
  14.6300259 -0.00152544305
  14.7459621 -0.00297914445
  14.8617239 -0.00450811535
  14.9772987 -0.00610847771
  15.0926781 -0.0077753216
  15.2078552 -0.00950295106
  15.3228226 -0.0112845525
  15.4375725 -0.013112396
  15.5521002 -0.0149778053
  15.6664 -0.0168711655
  15.7804689 -0.0187820345
  15.8943052 -0.0206990093
  16.0079079 -0.0226100199
  16.1212788 -0.0245022848
  16.234417 -0.0263623372
  16.347332 -0.0281764083
  16.460022 -0.0299305059
  16.572504 -0.0316102169
  16.6847801 -0.0332011916
  16.7968655 -0.0346893631
  16.9087715 -0.036060892
  17.0205116 -0.0373023897
  17.1321049 -0.0384011343
  17.2435665 -0.0393451788
  17.3549156 -0.0401236117
  17.466177 -0.0407265946
  17.5773697 -0.0411456078
  17.6885166 -0.0413734466
  17.7996426 -0.0414044671
  17.9107742 -0.0412348397
  18.0219326 -0.0408622287
  18.1331463 -0.0402860977
  18.2444382 -0.0395078808
  18.3558331 -0.0385307893
  18.4673595 -0.0373600237
  18.5790405 -0.0360028148
  18.6908989 -0.034468092
  18.8029537 -0.0327666774
  18.9152298 -0.0309112929
  19.0277443 -0.0289163552
  19.1405163 -0.0267976858
  19.2535534 -0.0245725028
  19.3668766 -0.0222597234
  19.4804955 -0.0198789462
  19.5944157 -0.0174509212
  19.708643 -0.0149967968
  19.8231773 -0.0125383735
  19.9380207 -0.0100974105
  20.0531712 -0.00769560784
  20.1686192 -0.00535445288
  20.2843571 -0.00309444964
  20.4003716 -0.000935405493
  20.516655  0.00110431015
  20.6331825  0.00300783664
  20.749939  0.00476017222
  20.8669033  0.00634816661
  20.9840527  0.00776129216
  21.1013641  0.00899142027
  21.218811  0.0100330841
  21.3363686  0.0108837709
  21.4540119  0.0115440087
  21.5717144  0.012017318
  21.6894493  0.0123102963
  21.8071938  0.0124327689
  21.9249229  0.0123973498
  22.0426197  0.0122197606
  22.160265  0.0119181843
  22.2778358  0.0115134446
  22.3953247  0.0110285282
  22.5127239  0.0104878973
  22.630024  0.00991755817
  22.747221  0.00934441108
  22.8643169  0.00879574195
  22.9813175  0.00829871837
  23.0982323  0.00787966698
  23.2150726  0.0075638718
  23.3318539  0.00737477839
  23.448597  0.00733347796
  23.5653248  0.00745818671
  23.682066  0.00776382443
  23.7988434  0.00826151576
  23.9156876  0.00895794667
  24.032629  0.00985527411
  24.1497002  0.0109506547
  24.2669258  0.0122360941
  24.3843403  0.0136979595
  24.5019684  0.0153173134
  24.6198349  0.0170693323
  24.7379608  0.0189238824
  24.8563595  0.0208456516
  24.9750462  0.0227943696
  25.0940189  0.0247252956
  25.2132835  0.0265900008
  25.3328247  0.0283370875
  25.4526291  0.0299136117
  25.5726719  0.0312657729
  25.6929188  0.032340683
  25.8133297  0.0330877155
  25.933857  0.0334604457
  26.0544434  0.0334181376
  26.1750298  0.0329279006
  26.2955456  0.031966012
  26.415926  0.0305196047
  26.5360966  0.0285883471
  26.6559887  0.0261851959
  26.7755299  0.0233368017
  26.8946571  0.0200838074
  27.0133095  0.016480051
  27.1314354  0.0125919357
  27.2489986  0.0084964484
  27.3659668  0.00427888334
  27.4823265  3.05101275E-05
  27.5980778 -0.00415392965
  27.7132263 -0.00817942619
  27.8278084 -0.0119531229
  27.9418564 -0.0153874382
  28.0554295 -0.0184019208
  28.1685925 -0.0209256932
  28.2814178 -0.0228993446
  28.3939972 -0.0242760703
  28.5064201 -0.0250233691
  28.618784 -0.0251238812
  28.7311859 -0.0245762281
  28.8437271 -0.023396071
  28.9564972 -0.0216158591
  29.0695915 -0.0192855708
  29.1830883 -0.0164725855
  29.2970543 -0.0132603496
  29.4115524 -0.00974794477
  29.5266132 -0.00604759157
  29.6422615 -0.00228142738
  29.7584972  0.00142170489
  29.8752956  0.00493165851
  29.9926186  0.00812235475
  30.110405  0.0108778104
  30.2285728  0.0130988136
  30.3470287  0.0147080831
  30.4656677  0.015655566
  30.5843811  0.0159218088
  30.7030563  0.0155196683
  30.8215828  0.0144936685
  30.9398632  0.0129171573
  31.0578213  0.0108882785
  31.1753883  0.00852356851
  31.2925186  0.00595156103
  31.4091969  0.0033049807
  31.525423  0.000714033842
  31.641222 -0.00170037523
  31.7566376 -0.00383192673
  31.8717289 -0.00559342653
  31.9865742 -0.00692025572
  32.1012535 -0.00777249783
  32.2158585 -0.00813630875
  32.330471 -0.00802405737
  32.445179 -0.00747304317
  32.5600548 -0.0065438915
  32.6751556 -0.00531686097
  32.7905273 -0.00388768688
  32.9061852 -0.00236124173
  33.0221367 -0.000844813883
  33.1383591  0.000559993088
  33.254818  0.00176449679
  33.3714638  0.00270014815
  33.4882355  0.00332397409
  33.6050606  0.00362129696
  33.7218781  0.00360586471
  33.8386421  0.0033165561
  33.9552879  0.0028123809
  34.0718002  0.00216453895
  34.1881561  0.00144855864
  34.3043633  0.000736327842
  34.4204292  8.87420028E-05
  34.5363846 -0.000448577106
  34.6522598 -0.00084887445
  34.7680893 -0.00110370619
  34.8838997 -0.00122171664
  34.9997253 -0.0012230326
  35.1155815 -0.00113474065
  35.2314758 -0.0009840657
  35.3474083 -0.00079371687
  35.4633827 -0.000578918029
  35.5793915 -0.000347095076
  35.6954422 -0.000101768877
  35.8115425  0.000151029322
  35.9276924  0.000396727119
  36.0439034  0.000606183428
  36.1601639  0.000736743445
  36.2764587  0.000739968207
  36.3927422  0.000581097091
  36.5089645  0.000263894442
  36.625061 -0.000145194121
  36.7410126 -0.000509818085
  36.8568611 -0.000653494382
  36.9727631 -0.000449757557
