  0.058041852  1.87282851E-07
  0.174127072  1.79026244E-07
  0.290211976 -3.81770775E-07
  0.406296998 -2.74053832E-07
  0.522381842 -2.36901343E-09
  0.638466597  6.12700575E-08
  0.754551411  1.2195683E-07
  0.870636284  3.66446109E-08
  0.986721039 -2.21157954E-08
  1.10280585 -3.39792869E-08
  1.21889055 -6.27879899E-08
  1.33497536 -9.29713408E-08
  1.45106041  2.08523545E-08
  1.56714523  2.53977248E-08
  1.68323004  1.98598187E-08
  1.79931498  5.04762809E-09
  1.91539979 -7.82437937E-09
  2.0314846 -3.00148599E-08
  2.14756942 -1.00746078E-08
  2.26365423 -3.33584609E-08
  2.37973905 -4.01295637E-08
  2.49582386 -4.7572982E-08
  2.61190844 -4.32105622E-08
  2.72799325 -3.17597681E-08
  2.84407806 -5.73654688E-08
  2.96016312 -3.82153758E-08
  3.07624793 -3.18406741E-08
  3.19233274  2.19980336E-08
  3.30841756  1.34719755E-08
  3.42450237  4.7653657E-08
  3.54058719  2.69845941E-08
  3.656672  4.62568011E-08
  3.77275705  1.82989481E-08
  3.88884187  6.49365575E-08
  4.00492668  3.79600351E-08
  4.12101126  7.26590201E-08
  4.23709631  4.66261554E-08
  4.35318089  3.80862701E-08
  4.46926594  7.29366434E-09
  4.58535051  4.11019982E-08
  4.70143557  7.76554998E-09
  4.81752062  3.38789903E-08
  4.93360519 -1.83240445E-09
  5.04969025  1.482627E-08
  5.16577482 -3.45528406E-09
  5.28185987  8.29626856E-09
  5.39794445 -2.38906068E-08
  5.5140295 -2.27100152E-08
  5.63011408  6.6157213E-09
  5.74619913  7.61625607E-09
  5.86228371  1.94559959E-08
  5.97836876  1.42901513E-08
  6.09445333  2.30167956E-08
  6.21053839  2.05708339E-08
  6.32662296  1.0463225E-08
  6.44270802  6.051188E-09
  6.55879307  5.40944534E-09
  6.67487764 -3.33386652E-10
  6.7909627  3.5816683E-11
  6.90704727 -6.35362873E-11
  7.02313232 -5.92030869E-11
  7.1392169 -4.84361579E-11
  7.25530195 -3.96273153E-11
  7.37138653 -3.24204968E-11
  7.48747158 -2.6524366E-11
  7.60355616 -2.17005094E-11
  7.71964121 -1.77539441E-11
  7.83572578 -1.45251311E-11
  7.95181084 -1.18835254E-11
  8.06789589 -9.72233058E-12
  8.18397999 -7.95418245E-12
  8.30006504 -6.50759654E-12
  8.41615009 -5.32409707E-12
  8.53223515 -4.3558282E-12
  8.6483202 -3.56365458E-12
  8.7644043 -2.91555408E-12
  8.88048935 -2.3853159E-12
  8.9965744 -1.95151274E-12
  9.11265945 -1.59659959E-12
  9.22874355 -1.30623507E-12
  9.34482861 -1.06867726E-12
  9.46091366 -8.7432275E-13
  9.57699871 -7.15313442E-13
  9.69308281 -5.85223276E-13
  9.80916786 -4.78791486E-13
  9.92525291 -3.91716282E-13
  10.041338 -3.20476826E-13
  10.1574221 -2.6219337E-13
  10.2735071 -2.14509725E-13
  10.3895922 -1.75497963E-13
  10.5056772 -1.43581056E-13
  10.6217623 -1.17468643E-13
  10.7378464 -9.61052527E-14
  10.8539314 -7.86270463E-14
  10.9700165 -6.43275309E-14
  11.0861015 -5.26286642E-14
  11.2021856 -4.30573003E-14
  11.3182707 -3.52266773E-14
  11.4343557 -2.88201402E-14
  11.5504408 -2.35787342E-14
  11.6665249 -1.92905452E-14
  11.7826099 -1.57822025E-14
  11.898695 -1.29118992E-14
  12.01478 -1.05635884E-14
  12.1308651 -8.64233476E-15
  12.2469492 -7.07045506E-15
  12.3630342 -5.78442018E-15
  12.4791193 -4.73222739E-15
  12.5952044 -3.87134884E-15
  12.7112885 -3.16697657E-15
  12.8273735 -2.59063672E-15
  12.9434586 -2.11902487E-15
  13.0595436 -1.73308193E-15
  13.1756277 -1.41720343E-15
  13.2917128 -1.15861656E-15
  13.4077978 -9.46869756E-16
  13.5238829 -7.7340122E-16
  13.639967 -6.31199635E-16
  13.756052 -5.14515764E-16
  13.8721371 -4.18632058E-16
  13.9882221 -3.396726E-16
  14.1043072 -2.74445028E-16
  14.2203913 -2.20312423E-16
  14.3364763 -1.75086369E-16
  14.4525614 -1.36938652E-16
  14.5686464 -1.04326825E-16
  14.6847305 -7.59326921E-17
  14.8008156 -5.06082598E-17
  14.9169006 -2.73298357E-17
  15.0329857 -5.15626013E-18
  15.1490698  1.68088394E-17
  15.2651548  3.94535771E-17
  15.3812399  6.36932248E-17
  15.4973249  9.05077998E-17
  15.613409  1.20981292E-16
  15.7294941  1.56345871E-16
  15.8455791  1.98030903E-16
  15.9616642  2.47721773E-16
  16.0777493  3.0742722E-16
  16.1938343  3.79561393E-16
  16.3099194  4.67039568E-16
  16.4260025  5.73399377E-16
  16.5420876  7.02939726E-16
  16.6581726  8.60897606E-16
  16.7742577  1.05365943E-15
  16.8903427  1.2890177E-15
  17.0064278  1.57648671E-15
  17.1225128  1.92768859E-15
  17.2385979  2.35682174E-15
  17.354681  2.88123339E-15
  17.4707661  3.52212563E-15
  17.5868511  4.30540579E-15
  17.7029362  5.26274445E-15
  17.8190212  6.43283576E-15
  17.9351063  7.86298991E-15
  18.0511913  9.61102535E-15
  18.1672764  1.1747605E-14
  18.2833614  1.4359099E-14
  18.3994446  1.75510851E-14
  18.5155296  2.14526273E-14
  18.6316147  2.62214295E-14
  18.7476997  3.20502902E-14
  18.8637848  3.91748266E-14
  18.9798698  4.78830978E-14
  19.0959549  5.85271848E-14
  19.2120399  7.15372856E-14
  19.3281231  8.74394686E-14
  19.4442081  1.06876476E-13
  19.5602932  1.30634381E-13
  19.6763783  1.59673381E-13
  19.7924633  1.95167396E-13
  19.9085484  2.38551583E-13
  20.0246334  2.91579478E-13
  20.1407185  3.5639536E-13
  20.2568035  4.35619206E-13
  20.3728867  5.32453638E-13
  20.4889717  6.50813821E-13
  20.6050568  7.95484338E-13
  20.7211418  9.72314243E-13
  20.8372269  1.18845125E-12
  20.9533119  1.45263532E-12
  21.069397  1.77554325E-12
  21.185482  2.17023188E-12
  21.3015652  2.65265674E-12
  21.4176502  3.24232134E-12
  21.5337353  3.96306252E-12
  21.6498203  4.84401755E-12
  21.7659054  5.92080204E-12
  21.8819904  7.23695062E-12
  21.9980755  8.84566725E-12
  22.1141605  1.08119833E-11
  22.2302456  1.3215401E-11
  22.3463287  1.61530719E-11
  22.4624138  1.97437761E-11
  22.5784988  2.41326473E-11
  22.6945839  2.9497127E-11
  22.8106689  3.6054118E-11
  22.926754  4.40686515E-11
  23.0428391  5.38647738E-11
  23.1589241  6.58384458E-11
  23.2750092  8.04737388E-11
  23.3910923  9.83624848E-11
  23.5071774  1.20227661E-10
  23.6232624  1.46953227E-10
  23.7393475  1.79619708E-10
  23.8554325  2.19547713E-10
  23.9715176  2.68351452E-10
  24.0876026  3.28003846E-10
  24.2036877  4.009163E-10
  24.3197708  4.900369E-10
  24.4358559  5.98967764E-10
  24.5519409  7.32113703E-10
  24.668026  8.94856189E-10
  24.784111  1.09377574E-09
  24.9001961  1.33691325E-09
  25.0162811  1.63409908E-09
  25.1323662  1.9973454E-09
  25.2484512  2.4413378E-09
  25.3645344  2.98402814E-09
  25.4806194  3.64735264E-09
  25.5967045  4.45812987E-09
  25.7127895  5.44913625E-09
  25.8288746  6.66043576E-09
  25.9449596  8.14099366E-09
  26.0610447  9.95066785E-09
  26.1771297  1.21626194E-08
  26.2932129  1.48662807E-08
  26.4092979  1.81709154E-08
  26.525383  2.22101662E-08
  26.641468  2.71473226E-08
  26.7575531  3.31819479E-08
  26.8736382  4.05580067E-08
  26.9897232  4.95737567E-08
  27.1058083  6.05935782E-08
  27.2218933  7.40629957E-08
  27.3379765  9.05266404E-08
  27.4540615  1.10649978E-07
  27.5701466  1.3524658E-07
  27.6862316  1.65310666E-07
  27.8023167  2.02057947E-07
  27.9184017  2.44578814E-07
  28.0344868  2.96987423E-07
  28.1505718  3.56611963E-07
  28.266655  4.23467782E-07
  28.38274  5.07443474E-07
  28.4988251  6.02352884E-07
  28.6149101  7.09638925E-07
  28.7309952  8.43217549E-07
  28.8470802  9.91724619E-07
  28.9631653  1.16355841E-06
  29.0792503  1.37285087E-06
  29.1953354  1.6089034E-06
  29.3114185  1.89083721E-06
  29.4275055  2.22047129E-06
  29.5435905  2.6087373E-06
  29.6596756  3.06414677E-06
  29.7757607  3.58115813E-06
  29.8918457  4.190254E-06
  30.0079308  4.89689592E-06
  30.1240177  5.71768396E-06
  30.2401009  6.68818393E-06
  30.3561859  7.79015863E-06
  30.4722729  9.09929076E-06
  30.5883579  1.06230036E-05
  30.7044449  1.23869613E-05
  30.8205299  1.44385522E-05
  30.936615  1.68295555E-05
  31.052702  1.95848115E-05
  31.1687889  2.28037534E-05
  31.284874  2.65326744E-05
  31.4009609  3.08720264E-05
  31.5170498  3.58823017E-05
  31.6331367  4.17134434E-05
  31.7492275  4.8445494E-05
  31.8653145  5.62309433E-05
  31.9814053  6.52720337E-05
  32.097496  7.57235684E-05
  32.2135849  8.7804714E-05
  32.3296776  0.000101747777
  32.4457703  0.000117829244
  32.5618668  0.000136378454
  32.6779671  0.000157767616
  32.7940636  0.000182426011
  32.9101677  0.000210819533
  33.026268  0.000243452901
  33.1423798  0.000280966749
  33.2584877  0.000324043329
  33.3745995  0.000373490388
  33.4907188  0.000430191169
  33.6068497  0.000495176064
  33.7229729  0.000569555908
  33.8391113  0.000654632458
  33.9552612  0.000751819462
  34.0714149  0.00086278026
  34.1875839  0.000989348628
  34.3037605  0.00113350479
  34.4199524  0.00129757216
  34.5361671  0.00148413517
  34.6523933  0.00169597706
  34.7686462  0.00193629647
  34.884922  0.00220856816
  35.0012245  0.00251665339
  35.1175613  0.00286484417
  35.2339325  0.00325786322
  35.3503456  0.00370084308
  35.4668007  0.00419942476
  35.5833168  0.00475981645
  35.6998901  0.00538872369
  35.8165283  0.0060934145
  35.9332504  0.00688171759
  36.0500565  0.00776205398
  36.1669617  0.00874344446
  36.2839737  0.00983549841
  36.4011154  0.0110483207
  36.5183983  0.0123925246
  36.6358337  0.0138792284
  36.7534447  0.0155197755
  36.871254  0.0173257627
  36.9892807  0.0193087794
