  0.0580420084 -1.04989294E-06
  0.174127296 -6.77200717E-07
  0.290212482 -6.68738323E-07
  0.406297177  7.09166386E-07
  0.522381961 -1.96401984E-07
  0.638466418 -1.70155786E-07
  0.75455147  1.6843407E-07
  0.870636404 -2.19277553E-07
  0.986721218  2.37289129E-07
  1.10280597  1.61877352E-07
  1.21889079  1.21390372E-07
  1.33497548  2.20299711E-07
  1.45106041  4.55367228E-08
  1.56714535  6.83320991E-08
  1.68323016  2.01719743E-08
  1.79931486  1.43686023E-08
  1.91539967  1.05330798E-07
  2.03148437  6.08509936E-08
  2.14756942  8.48578807E-08
  2.26365423  1.85577562E-08
  2.37973905  6.68402862E-08
  2.49582362  5.48530821E-08
  2.61190844  2.93133979E-08
  2.72799325  5.05639548E-08
  2.84407806  1.40813512E-08
  2.96016312  9.94819516E-08
  3.07624769  6.38825668E-08
  3.19233251  8.89176022E-09
  3.30841756  1.47145727E-08
  3.42450237  6.15634974E-08
  3.54058719  4.96332291E-08
  3.656672  5.66879521E-09
  3.77275705 -2.54797499E-08
  3.88884187 -5.67054315E-08
  4.00492668 -1.1000418E-07
  4.12101126 -1.36161191E-07
  4.23709631 -1.59591337E-07
  4.35318089 -1.19333492E-07
  4.46926594 -1.10249367E-07
  4.58535051 -1.06073486E-07
  4.70143557 -7.75712294E-08
  4.81752062 -6.2156829E-08
  4.93360519 -6.08378059E-08
  5.04969025 -6.81026222E-08
  5.16577482 -4.94337939E-08
  5.28185987 -2.43040859E-08
  5.39794445  1.1125735E-08
  5.5140295  6.43971276E-09
  5.63011408 -1.30342528E-08
  5.74619913 -3.66331392E-08
  5.86228371 -5.65722758E-08
  5.97836876 -8.3386567E-08
  6.09445333 -6.10631901E-08
  6.21053886 -5.17888736E-08
  6.32662296 -5.53239161E-08
  6.44270802 -5.6581797E-08
  6.55879307 -4.27145608E-08
  6.67487764 -6.46403464E-08
  6.7909627 -5.13105931E-08
  6.90704727 -4.2429491E-08
  7.02313232 -3.47396139E-08
  7.1392169 -2.84107813E-08
  7.25530195 -2.32305482E-08
  7.37138653 -1.8989418E-08
  7.48747158 -1.5516008E-08
  7.60355616 -1.26698474E-08
  7.71964121 -1.03359028E-08
  7.83572578 -8.41980707E-09
  7.95181084 -6.84409684E-09
  8.06789589 -5.54507551E-09
  8.18397999 -4.47022153E-09
  8.30006504 -3.57608698E-09
  8.41615009 -2.82652124E-09
  8.53223515 -2.19122409E-09
  8.6483202 -1.64451386E-09
  8.7644043 -1.16428556E-09
  8.88048935 -7.31123606E-10
  8.9965744 -3.27521121E-10
  9.11265945  6.28421759E-11
  9.22874355  4.55744775E-10
  9.34482861  8.6707086E-10
  9.46091366  1.31345335E-09
  9.57699871  1.81293203E-09
  9.69308281  2.38570141E-09
  9.80916786  3.05492165E-09
  9.92525291  3.84764043E-09
  10.041338  4.79590767E-09
  10.1574221  5.93806604E-09
  10.2735071  7.32026706E-09
  10.3895922  8.99841979E-09
  10.5056772  1.10403455E-08
  10.6217623  1.35285987E-08
  10.7378464  1.65637815E-08
  10.8539314  2.02685868E-08
  10.9700165  2.47928043E-08
  11.0861015  3.03192991E-08
  11.2021856  3.70715156E-08
  11.3182707  4.53224374E-08
  11.4343557  5.5405593E-08
  11.5504408  6.77286494E-08
  11.6665249  8.27897679E-08
  11.7826099  1.01197855E-07
  11.898695  1.23697077E-07
  12.01478  1.51196957E-07
  12.1308651  1.8480938E-07
  12.2469492  2.23498205E-07
  12.3630342  2.66432039E-07
  12.4791193  3.20136678E-07
  12.5952044  3.79598077E-07
  12.7112885  4.44825559E-07
  12.8273735  5.16060595E-07
  12.9434586  5.93787718E-07
  13.0595436  6.78753622E-07
  13.1756287  7.88764737E-07
  13.2917137  9.06712103E-07
  13.4077988  1.03976004E-06
  13.5238838  1.18370508E-06
  13.6399679  1.33957792E-06
  13.756053  1.51846962E-06
  13.872138  1.72761247E-06
  13.988224  1.95151051E-06
  14.1043091  2.20879701E-06
  14.2203932  2.49550021E-06
  14.3364782  2.8088416E-06
  14.4525642  3.16867499E-06
  14.5686493  3.55840984E-06
  14.6847334  3.99619694E-06
  14.8008194  4.49494473E-06
  14.9169044  5.05086336E-06
  15.0329905  5.6552999E-06
  15.1490755  6.33507079E-06
  15.2651606  7.07456093E-06
  15.3812466  7.91802995E-06
  15.4973316  8.868441E-06
  15.6134167  9.93069079E-06
  15.7295027  1.11141799E-05
  15.8455896  1.24045037E-05
  15.9616756  1.38322466E-05
  16.0777626  1.54264126E-05
  16.1938477  1.71987376E-05
  16.3099346  1.9180181E-05
  16.4260197  2.13790081E-05
  16.5421085  2.38050416E-05
  16.6581955  2.65228591E-05
  16.7742844  2.95105929E-05
  16.8903713  3.28292008E-05
  17.0064602  3.65050437E-05
  17.1225491  4.05718019E-05
  17.2386398  4.50573425E-05
  17.3547249  5.00065362E-05
  17.4708157  5.54661965E-05
  17.5869083  6.15038298E-05
  17.7029991  6.82054379E-05
  17.8190918  7.55809888E-05
  17.9351845  8.36771651E-05
  18.0512791  9.25914792E-05
  18.1673737  0.000102416176
  18.2834702  0.000113237125
  18.3995647  0.000125113613
  18.5156631  0.000138214498
  18.6317635  0.000152588153
  18.7478657  0.000168332219
  18.8639679  0.000185597368
  18.9800739  0.000204535609
  19.09618  0.000225249794
  19.2122917  0.000247945369
  19.3284016  0.00027275976
  19.4445152  0.000299873063
  19.5606327  0.000329529459
  19.676754  0.000361844141
  19.7928791  0.000397130789
  19.909008  0.000435521768
  20.0251408  0.000477339374
  20.1412773  0.000522861141
  20.2574215  0.000572334859
  20.3735657  0.000626031659
  20.4897194  0.000684348634
  20.6058807  0.000747559243
  20.7220478  0.000816053711
  20.8382244  0.00089018431
  20.9544106  0.000970352208
  21.0706024  0.00105692563
  21.1868057  0.00115041737
  21.3030167  0.00125118764
  21.4192429  0.00135974423
  21.5354786  0.00147655606
  21.6517315  0.00160216051
  21.7679958  0.00173700973
  21.8842773  0.0018816574
  22.0005741  0.00203665858
  22.11689  0.00220253132
  22.2332268  0.00237978622
  22.3495789  0.00256904773
  22.4659576  0.00277089234
  22.5823593  0.00298579782
  22.6987858  0.00321437605
  22.815237  0.00345709734
  22.9317207  0.00371454516
  23.0482311  0.00398720615
  23.1647778  0.00427550357
  23.2813549  0.0045798705
  23.3979683  0.0049007074
  23.5146217  0.00523830112
  23.6313152  0.00559290964
  23.7480507  0.00596474297
  23.86483  0.00635384861
  23.9816589  0.00676025823
  24.0985355  0.00718381349
  24.2154617  0.00762426574
  24.3324432  0.00808121357
  24.4494781  0.00855408795
  24.5665741  0.00904223695
  24.6837292  0.00954460539
  24.8009472  0.0100600682
  24.9182281  0.0105873011
  25.035574  0.0111246174
  25.1529865  0.0116701182
  25.2704678  0.0122215487
  25.3880177  0.0127764288
  25.5056381  0.0133318463
  25.6233292  0.0138845667
  25.7410927  0.01443097
  25.858923  0.0149668967
  25.9768257  0.0154879792
  26.0947914  0.0159892775
  26.2128277  0.0164654721
  26.3309231  0.0169106983
  26.4490795  0.017318666
  26.5672932  0.0176825132
  26.6855564  0.0179950371
  26.8038616  0.0182485208
  26.922205  0.0184348859
  27.0405788  0.0185455177
  27.1589699  0.0185716469
  27.2773724  0.0185041502
  27.395771  0.018333625
  27.5141563  0.0180507246
  27.632513  0.0176460668
  27.7508259  0.0171103645
  27.8690777  0.016434893
  27.9872513  0.0156112853
  28.1053276  0.0146319456
  28.2232857  0.0134902727
  28.3411064  0.0121808965
  28.458765  0.0107000284
  28.5762424  0.00904550031
  28.6935177  0.00721737742
  28.810564  0.00521789119
  28.9273605  0.00305180624
  29.0438843  0.000726856291
  29.1601162 -0.00174625218
  29.2760334 -0.00435376167
  29.3916187 -0.00707875937
  29.5068588 -0.0099010542
  29.6217422 -0.0127973855
  29.7362537 -0.0157414675
  29.8503895 -0.0187044814
  29.9641457 -0.0216550231
  30.0775242 -0.0245599374
  30.1905308 -0.0273845792
  30.3031731 -0.0300933272
  30.4154739 -0.0326503888
  30.5274467 -0.0350204632
  30.6391201 -0.0371690132
  30.7505226 -0.0390635394
  30.8616867 -0.0406739041
  30.9726543 -0.0419730283
  31.0834656 -0.0429376066
  31.1941662 -0.0435489044
  31.3048058 -0.0437930822
  31.4154358 -0.0436619855
  31.5261059 -0.0431537069
  31.6368732 -0.0422730222
  31.7477818 -0.0410318077
  31.8588867 -0.0394495763
  31.9702377 -0.0375536978
  32.081871 -0.0353795588
  32.1938362 -0.0329707265
  32.3061523 -0.0303785875
  32.4188576 -0.0276619643
  32.5319595 -0.0248865411
  32.6454735 -0.0221236125
  32.7593803 -0.0194484964
  32.8736801 -0.0169389285
  32.9883347 -0.0146721564
  33.1033096 -0.0127224475
  33.2185555 -0.0111578275
  33.3340034 -0.0100366417
  33.449585 -0.00940383412
  33.5652237 -0.0092877131
  33.6808395 -0.00969724078
  33.7963448 -0.0106195118
  33.9116592 -0.0120182931
  34.0267029 -0.013834279
  34.1414108 -0.0159860998
  34.2557297 -0.0183727518
  34.3696213 -0.0208772644
  34.4830627 -0.0233710557
  34.5960655 -0.0257192999
  34.7086449 -0.0277866498
  34.8208542 -0.0294427052
  34.9327621 -0.0305668861
  35.0444641 -0.0310542956
  35.1560593 -0.0308196284
  35.2676811 -0.0298018772
  35.3794556 -0.0279682092
  35.4915276 -0.0253175162
  35.6040306 -0.0218834803
  35.7171059 -0.0177373141
  35.8308601 -0.0129877031
  35.9453964 -0.00777938962
  36.0607681 -0.00228691101
  36.1769981  0.00329661369
  36.2940826  0.00877690315
  36.4119606  0.0139816031
  36.5305443  0.0187869668
  36.6497383  0.0231421739
  36.769455  0.0270855427
  36.8896523  0.0307440832
