  0.0580415279  1.69456086E-06
  0.174127623 -3.43602551E-07
  0.290212274  4.86385773E-07
  0.406297177  6.42744055E-07
  0.522381842 -4.73460318E-07
  0.638466656  1.74685354E-07
  0.75455153 -1.03611626E-08
  0.870636225  1.38676E-07
  0.986721158  4.72682764E-08
  1.10280597  8.88609009E-08
  1.21889067 -1.24794681E-08
  1.33497536 -1.67921872E-08
  1.4510603 -5.52473018E-08
  1.56714511 -3.26732312E-08
  1.68322992  1.39984095E-08
  1.79931474  6.20289171E-08
  1.91539943  1.8068242E-08
  2.03148413 -1.66212573E-08
  2.14756918 -6.46076899E-08
  2.26365399 -5.0139576E-08
  2.37973881 -2.93037346E-08
  2.49582362 -2.1356783E-09
  2.61190844  5.99394312E-09
  2.72799325  2.46144509E-08
  2.84407806  6.66972255E-09
  2.96016288  5.73835166E-08
  3.07624793  2.18931859E-08
  3.19233274 -2.25996644E-09
  3.3084178 -5.68639003E-09
  3.42450261 -5.14932594E-08
  3.54058719 -3.21203117E-08
  3.65667224 -2.33430129E-08
  3.77275729 -2.64622528E-08
  3.88884211 -8.80567086E-09
  4.00492668 -3.01588727E-08
  4.12101126 -3.56521639E-08
  4.23709631 -3.44802125E-08
  4.35318089 -6.38465281E-09
  4.46926594  1.89031084E-08
  4.58535051 -9.59443014E-09
  4.70143557  1.45451793E-08
  4.8175211  4.05273681E-09
  4.93360519 -3.74665774E-08
  5.04969072 -4.47263204E-08
  5.16577482 -3.06319521E-08
  5.28186035 -1.03565014E-08
  5.39794493 -2.05314592E-08
  5.5140295 -3.01762242E-08
  5.63011456 -1.32966136E-08
  5.74619961 -3.13069677E-08
  5.86228418 -6.65859829E-08
  5.97836876 -7.08644166E-08
  6.09445381 -4.70278678E-08
  6.21053886 -3.28800809E-08
  6.32662296 -1.71252168E-09
  6.44270802 -1.75064088E-08
  6.55879307 -1.99681089E-08
  6.67487764  4.4469175E-09
  6.7909627  4.87013807E-09
  6.90704727  3.61250052E-09
  7.02313232  2.9265852E-09
  7.1392169  2.39436204E-09
  7.25530195  1.9589379E-09
  7.37138653  1.60270464E-09
  7.48747158  1.31126665E-09
  7.60355616  1.07283826E-09
  7.71964121  8.77780959E-10
  7.83572578  7.1821149E-10
  7.95181084  5.87675464E-10
  8.06789589  4.80897988E-10
  8.18397999  3.93562405E-10
  8.30006504  3.22136318E-10
  8.41615009  2.63734035E-10
  8.53223515  2.15993445E-10
  8.6483202  1.76984816E-10
  8.7644043  1.45131296E-10
  8.88048935  1.19144861E-10
  8.9965744  9.7975239E-11
  9.11265945  8.07663381E-11
  9.22874355  6.68226863E-11
  9.34482861  5.55804291E-11
  9.46091366  4.65851524E-11
  9.57699871  3.94731331E-11
  9.69308281  3.39569206E-11
  9.80916786  2.98134989E-11
  9.92525291  2.68753353E-11
  10.041338  2.50236741E-11
  10.1574221  2.4183636E-11
  10.2735071  2.43212742E-11
  10.3895922  2.54421501E-11
  10.5056772  2.75915749E-11
  10.6217623  3.08564493E-11
  10.7378464  3.53687635E-11
  10.8539314  4.13109408E-11
  10.9700165  4.89231711E-11
  11.0861015  5.8513222E-11
  11.2021856  7.04688252E-11
  11.3182707  8.52732329E-11
  11.4343557  1.03525022E-10
  11.5504408  1.25962019E-10
  11.6665249  1.5349122E-10
  11.7826099  1.87225679E-10
  11.898695  2.28529196E-10
  12.01478  2.79071322E-10
  12.1308651  3.40895756E-10
  12.2469492  4.16501278E-10
  12.3630342  5.08945108E-10
  12.4791193  6.2196337E-10
  12.5952044  7.60125962E-10
  12.7112885  9.2901864E-10
  12.8273735  1.13546905E-09
  12.9434586  1.3878223E-09
  13.0595436  1.69628223E-09
  13.1756277  2.07331663E-09
  13.2917128  2.5341711E-09
  13.4077978  3.09747161E-09
  13.5238829  3.78599552E-09
  13.639967  4.62757477E-09
  13.756052  5.65623459E-09
  13.8721371  6.9135595E-09
  13.9882221  8.45038173E-09
  14.1043072  1.03288258E-08
  14.2203913  1.26248345E-08
  14.3364763  1.54312261E-08
  14.4525614  1.88614635E-08
  14.5686464  2.30541986E-08
  14.6847305  2.81789596E-08
  14.8008156  3.44429196E-08
  14.9169006  4.20992734E-08
  15.0329857  5.14576044E-08
  15.1490698  6.28961914E-08
  15.2651548  7.68775124E-08
  15.3812399  9.39667757E-08
  15.4973249  1.14854856E-07
  15.613409  1.40386021E-07
  15.7294941  1.71592887E-07
  15.8455791  2.0973647E-07
  15.9616642  2.53964231E-07
  16.0777493  3.03668912E-07
  16.1938343  3.58464376E-07
  16.3099194  4.18171112E-07
  16.4260025  4.82808218E-07
  16.5420876  5.66963308E-07
  16.6581726  6.59668558E-07
  16.7742577  7.62276613E-07
  16.8903427  8.74145371E-07
  17.0064278  9.9500744E-07
  17.1225128  1.14890872E-06
  17.2385979  1.31572642E-06
  17.3546829  1.50699407E-06
  17.470768  1.7136781E-06
  17.586853  1.9441336E-06
  17.7029381  2.21725895E-06
  17.8190231  2.52253949E-06
  17.9351082  2.85076021E-06
  18.0511932  3.22716824E-06
  18.1672783  3.65979213E-06
  18.2833652  4.13498674E-06
  18.3994484  4.66956863E-06
  18.5155334  5.26359236E-06
  18.6316185  5.93628465E-06
  18.7477055  6.70765439E-06
  18.8637905  7.55379915E-06
  18.9798775  8.50174365E-06
  19.0959625  9.57783595E-06
  19.2120495  1.07776759E-05
  19.3281326  1.21354096E-05
  19.4442196  1.3610108E-05
  19.5603065  1.52781722E-05
  19.6763916  1.71663123E-05
  19.7924786  1.92670595E-05
  19.9085655  2.16054395E-05
  20.0246525  2.41969537E-05
  20.1407394  2.71176687E-05
  20.2568283  3.0380259E-05
  20.3729153  3.39872931E-05
  20.4890041  3.8012804E-05
  20.605093  4.24949685E-05
  20.7211819  4.7497655E-05
  20.8372707  5.305784E-05
  20.9533615  5.92160213E-05
  21.0694542  6.60749938E-05
  21.185545  7.36942893E-05
  21.3016376  8.21375434E-05
  21.4177303  9.15211276E-05
  21.5338249  0.000101879588
  21.6499214  0.000113368442
  21.7660179  0.000126088242
  21.8821163  0.000140153337
  21.9982147  0.000155703921
  22.1143169  0.000172911503
  22.2304211  0.000191880536
  22.3465252  0.000212786603
  22.4626331  0.000235829037
  22.578743  0.000261190173
  22.6948547  0.00028912467
  22.8109703  0.000319831306
  22.9270897  0.000353604497
  23.0432129  0.000390656409
  23.1593418  0.00043131772
  23.2754745  0.000475897454
  23.3916073  0.000524715753
  23.5077515  0.000578170526
  23.6238976  0.000636575045
  23.7400532  0.00070037134
  23.8562145  0.000769990031
  23.9723816  0.000845936011
  24.088562  0.000928626629
  24.2047482  0.00101859798
  24.3209438  0.00111642084
  24.437151  0.00122264051
  24.5533733  0.00133790122
  24.6696053  0.0014627846
  24.7858543  0.00159796677
  24.9021149  0.00174413156
  25.0183945  0.00190196582
  25.1346931  0.00207222532
  25.2510109  0.00225561438
  25.3673477  0.00245297886
  25.4837093  0.00266502332
  25.6000957  0.00289257709
  25.716507  0.00313646207
  25.8329487  0.00339740049
  25.9494209  0.00367623847
  26.0659237  0.00397366658
  26.1824627  0.0042905244
  26.2990379  0.00462747645
  26.4156532  0.00498519093
  26.5323143  0.00536426716
  26.6490173  0.00576523319
  26.76577  0.00618850533
  26.8825722  0.00663448777
  26.9994278  0.00710333325
  27.1163406  0.00759515911
  27.2333145  0.00810985733
  27.3503475  0.00864710379
  27.4674511  0.00920648687
  27.5846195  0.00978718139
  27.7018623  0.0103881769
  27.8191776  0.0110081751
  27.9365711  0.0116455574
  28.0540428  0.0122982692
  28.1715984  0.0129638389
  28.2892342  0.0136393961
  28.4069595  0.0143216141
  28.5247707  0.0150065348
  28.6426697  0.0156897809
  28.7606583  0.0163662117
  28.8787327  0.0170301776
  28.9968948  0.0176752768
  29.1151447  0.0182944685
  29.2334747  0.0188799631
  29.3518848  0.0194231495
  29.4703693  0.0199147966
  29.5889225  0.0203448255
  29.7075367  0.0207024291
  29.8262062  0.0209761262
  29.9449158  0.0211538374
  30.0636578  0.021222895
  30.1824188  0.0211701822
  30.301178  0.0209822562
  30.4199276  0.0206456631
  30.5386429  0.020147007
  30.6573029  0.0194732808
  30.7758884  0.0186121054
  30.8943729  0.0175523181
  31.0127296  0.0162841119
  31.1309338  0.0147996135
  31.2489548  0.0130932443
  31.3667603  0.0111623704
  31.4843273  0.00900753215
  31.6016197  0.00663323328
  31.7186127  0.00404812396
  31.8352718  0.00126547366
  31.9515724 -0.00169664621
  32.0674896 -0.00481509417
  32.1830025 -0.00806168467
  32.2980881 -0.0114033148
  32.4127426 -0.0148022622
  32.5269432 -0.0182164311
  32.6407013 -0.0216004178
  32.7540131 -0.0249058232
  32.8668861 -0.0280823782
  32.9793396 -0.0310788825
  33.0914001 -0.0338442326
  33.2030945 -0.036328733
  33.3144684 -0.0384852886
  33.4255638 -0.0402704403
  33.5364342 -0.041645702
  33.6471367 -0.0425786525
  33.7577324 -0.0430442765
  33.8682938 -0.0430260822
  33.9788933 -0.0425172187
  34.0895958 -0.0415217988
  34.2004814 -0.0400561132
  34.3116112 -0.0381493382
  34.4230576 -0.0358451493
  34.5348816 -0.0332019851
  34.6471291 -0.0302935541
  34.7598457 -0.0272089615
  34.8730583 -0.0240517929
  34.9867706 -0.0209382176
  35.100975 -0.0179941952
  35.215641 -0.0153505653
  35.330719 -0.0131373294
  35.4461327 -0.0114758778
  35.5617828 -0.0104700495
  35.6775551 -0.010196575
  35.7933311 -0.0106957797
  35.9089699 -0.0119634047
  36.024334 -0.0139459632
  36.1393051 -0.016538851
  36.2537766 -0.0195904896
  36.3676758 -0.0229102224
  36.4809723 -0.0262817964
  36.5936775 -0.0294801146
  36.7058525 -0.0322912335
  36.8176193 -0.0345349461
  36.9291534 -0.036090143
