  0.0580417477 -6.16246098E-07
  0.174126893  8.86043551E-07
  0.290212184  7.48611285E-07
  0.406296909 -3.90385509E-07
  0.522382021  8.02728209E-07
  0.638466537 -2.07401342E-07
  0.75455147  2.81732824E-08
  0.870636463 -2.33347976E-07
  0.986721277 -3.53962122E-07
  1.10280621 -2.03554876E-07
  1.21889091  1.40835397E-07
  1.3349756  1.97496774E-09
  1.45106053  6.55426575E-08
  1.56714547 -3.84441279E-08
  1.68323028  7.14715043E-09
  1.79931498  3.50442591E-08
  1.91539967 -2.40552964E-08
  2.0314846  8.00387454E-08
  2.14756942  6.2377012E-08
  2.26365447  9.22633632E-08
  2.37973905  1.41608894E-08
  2.49582386  1.99056895E-08
  2.61190867  1.77219945E-08
  2.72799349  2.66483156E-08
  2.8440783  2.98486142E-08
  2.96016312  2.91300211E-08
  3.07624793 -2.81071664E-08
  3.19233274 -3.86281371E-08
  3.3084178 -3.36056587E-08
  3.42450261  1.56056501E-08
  3.54058719  1.32921087E-08
  3.656672  9.11087028E-09
  3.77275681 -1.66161129E-09
  3.88884163  9.76617898E-10
  4.0049262 -2.67976361E-08
  4.12101126 -2.02910613E-08
  4.23709631 -9.11020948E-09
  4.35318089 -9.60862856E-09
  4.46926594 -3.76015521E-08
  4.58535051 -1.3228032E-09
  4.70143557 -2.88042656E-09
  4.81752062 -4.29787761E-09
  4.93360519 -1.4346881E-08
  5.04969025  3.43777629E-09
  5.16577482 -1.25024258E-08
  5.28185987 -4.93204766E-08
  5.39794445 -3.65925104E-08
  5.5140295 -2.91658466E-08
  5.63011408 -4.82196469E-08
  5.74619913 -6.26253041E-08
  5.86228371 -4.28394173E-08
  5.97836876 -4.80295341E-08
  6.09445333 -4.37542909E-08
  6.21053839 -6.02225043E-08
  6.32662296 -9.58924602E-08
  6.44270754 -9.73840315E-08
  6.55879307 -8.19553065E-08
  6.67487717 -5.34212177E-08
  6.7909627 -3.90302262E-08
  6.90704727 -2.8954247E-08
  7.02313232 -1.94168877E-08
  7.1392169 -1.06120268E-08
  7.25530195 -2.23619168E-09
  7.37138653  6.04927664E-09
  7.48747158  1.45792569E-08
  7.60355616  2.36986324E-08
  7.71964121  3.37761037E-08
  7.83572578  4.52189965E-08
  7.95181084  5.84900306E-08
  8.06789589  7.41256372E-08
  8.18397999  9.27578583E-08
  8.30006504  1.15139983E-07
  8.41615009  1.42176987E-07
  8.53223515  1.7496177E-07
  8.6483202  2.12424766E-07
  8.7644043  2.53685243E-07
  8.88048935  3.05201183E-07
  8.9965744  3.61870434E-07
  9.11265945  4.23588631E-07
  9.22874355  4.90455818E-07
  9.34482861  5.62779974E-07
  9.46091366  6.41089628E-07
  9.57699966  7.42922111E-07
  9.69308376  8.55627832E-07
  9.80916882  9.76577894E-07
  9.92525387  1.10587121E-06
  10.0413389  1.25352608E-06
  10.157423  1.41353712E-06
  10.2735081  1.59716092E-06
  10.3895931  1.80703137E-06
  10.5056791  2.03965783E-06
  10.6217642  2.28767931E-06
  10.7378483  2.57309966E-06
  10.8539333  2.89068521E-06
  10.9700193  3.23891254E-06
  11.0861044  3.62227638E-06
  11.2021894  4.0514833E-06
  11.3182745  4.53430857E-06
  11.4343605  5.05673597E-06
  11.5504456  5.64707716E-06
  11.6665306  6.30044633E-06
  11.7826166  7.01213139E-06
  11.8987017  7.79892252E-06
  12.0147867  8.6854543E-06
  12.1308727  9.68120003E-06
  12.2469587  1.07833275E-05
  12.3630447  1.19956658E-05
  12.4791307  1.33097346E-05
  12.5952177  1.47595238E-05
  12.7113028  1.6355727E-05
  12.8273897  1.81556934E-05
  12.9434776  2.01340044E-05
  13.0595646  2.23155512E-05
  13.1756516  2.47118696E-05
  13.2917385  2.73719925E-05
  13.4078264  3.03052293E-05
  13.5239143  3.35295845E-05
  13.6400023  3.70796333E-05
  13.7560921  4.09791246E-05
  13.8721809  4.52755557E-05
  13.9882708  4.99917733E-05
  14.1043615  5.51843259E-05
  14.2204514  6.08596165E-05
  14.3365431  6.71416637E-05
  14.4526358  7.40114483E-05
  14.5687284  8.1531296E-05
  14.6848211  8.97656428E-05
  14.8009157  9.87793173E-05
  14.9170113  0.000108675711
  15.0331087  0.000119490927
  15.1492052  0.000131322333
  15.2653046  0.000144281803
  15.3814049  0.000158397801
  15.497508  0.000173805252
  15.6136103  0.000190619758
  15.7297163  0.000208970421
  15.8458252  0.000228943129
  15.961935  0.000250668032
  16.0780487  0.000274300866
  16.1941624  0.000299992738
  16.3102818  0.000327896967
  16.4263992  0.000358232355
  16.5425243  0.000391093781
  16.6586533  0.00042672822
  16.774786  0.000465342076
  16.8909225  0.000507104211
  17.0070629  0.000552332145
  17.1232109  0.000601192703
  17.2393627  0.000653999974
  17.3555183  0.000710924389
  17.4716835  0.000772312284
  17.5878563  0.000838458422
  17.7040329  0.000909657101
  17.8202209  0.000986212282
  17.9364166  0.00106849032
  18.0526218  0.00115680322
  18.1688366  0.00125149637
  18.2850647  0.00135297608
  18.4013004  0.00146159204
  18.5175495  0.00157779153
  18.6338158  0.00170192611
  18.7500935  0.00183434621
  18.8663864  0.00197553425
  18.9826984  0.00212590443
  19.0990257  0.00228586188
  19.2153721  0.00245583849
  19.3317356  0.00263620261
  19.448122  0.00282742362
  19.5645332  0.00302989548
  19.6809673  0.00324391667
  19.7974262  0.00346994866
  19.9139118  0.00370827597
  20.0304241  0.0039592851
  20.1469688  0.00422322797
  20.2635441  0.00450034766
  20.3801498  0.00479092589
  20.4967918  0.00509506371
  20.6134701  0.0054128929
  20.7301884  0.00574440975
  20.8469467  0.00608957
  20.9637451  0.00644831266
  21.0805874  0.00682033785
  21.1974735  0.00720541645
  21.3144054  0.0076030409
  21.4313889  0.00801266637
  21.54842  0.00843368098
  21.6655045  0.00886520278
  21.7826405  0.00930615608
  21.8998318  0.00975543447
  22.0170784  0.0102116102
  22.1343803  0.0106731104
  22.2517414  0.0111381644
  22.3691578  0.0116048027
  22.4866352  0.0120707517
  22.6041718  0.0125334421
  22.7217655  0.0129901096
  22.8394184  0.0134376027
  22.9571266  0.013872562
  23.074894  0.0142913507
  23.1927128  0.0146899158
  23.3105831  0.0150638679
  23.428503  0.01540861
  23.5464687  0.0157191008
  23.6644764  0.0159900729
  23.7825241  0.0162158776
  23.9006004  0.0163905062
  24.0187035  0.0165076442
  24.1368256  0.0165609494
  24.2549591  0.01654361
  24.3730927  0.016448725
  24.4912224  0.0162692145
  24.609333  0.0159980282
  24.7274151  0.0156280696
  24.845459  0.0151522467
  24.9634438  0.0145639172
  25.0813656  0.0138565972
  25.1992016  0.0130242854
  25.3169384  0.0120616239
  25.434557  0.010964008
  25.5520458  0.0097277984
  25.669384  0.00835040584
  25.7865524  0.00683058426
  25.9035378  0.00516861677
  26.0203152  0.00336637348
  26.1368713  0.00142757967
  26.2531834 -0.000642102212
  26.3692398 -0.00283483416
  26.4850216 -0.00514063612
  26.6005173 -0.00754727423
  26.7157135 -0.0100401714
  26.8305931 -0.0126026049
  26.9451523 -0.0152155384
  27.0593834 -0.0178580284
  27.1732826 -0.0205071718
  27.2868481 -0.0231385082
  27.4000816 -0.0257263407
  27.512991 -0.0282439291
  27.6255856 -0.0306638554
  27.737875 -0.0329586416
  27.8498783 -0.0351009145
  27.9616127 -0.037064258
  28.0731049 -0.0388231799
  28.1843834 -0.040353898
  28.2954712 -0.0416346416
  28.4064083 -0.0426462032
  28.5172291 -0.0433722213
  28.6279697 -0.0437997654
  28.7386684 -0.0439194813
  28.8493729 -0.0437262021
  28.9601173 -0.0432190895
  29.0709496 -0.0424017832
  29.1819057 -0.0412828773
  29.2930279 -0.0398761109
  29.4043579 -0.0382001996
  29.5159283 -0.0362791717
  29.6277752 -0.0341421776
  29.7399216 -0.031823352
  29.8523941 -0.0293615088
  29.9652119 -0.0267999619
  30.0783863 -0.0241854787
  30.1919193 -0.0215679482
  30.3058147 -0.0189993903
  30.4200592 -0.0165327787
  30.5346394 -0.0142206512
  30.6495266 -0.0121136494
  30.7646904 -0.0102594607
  30.8800926 -0.00870010257
  30.9956875 -0.00747118704
  31.1114235 -0.00659952685
  31.2272434 -0.00610213587
  31.3430939 -0.00598428026
  31.4589176 -0.00623901794
  31.5746536 -0.00684615038
  31.6902523 -0.00777219795
  31.8056622 -0.0089708399
  31.9208431 -0.0103835501
  32.0357628 -0.01194131
  32.1503944 -0.013566494
  32.2647324 -0.0151748173
  32.3787842 -0.0166781992
  32.4925575 -0.017987337
  32.6060905 -0.0190147124
  32.7194252 -0.0196772236
  32.8326187 -0.019898992
  32.9457436 -0.0196137764
  33.058876 -0.0187673494
  33.1721115 -0.0173198916
  33.2855492 -0.0152481832
  33.3992844 -0.0125475079
  33.5134239 -0.00923327357
  33.6280594 -0.0053435415
  33.7432938 -0.000939317048
  33.8592033  0.00389377028
  33.9758644  0.00904622674
  34.0933151  0.0143853724
  34.2115936  0.0197581351
  34.3306923  0.0249962583
  34.4505768  0.0299227983
  34.5712013  0.0343612358
  34.6924629  0.0381460562
  34.8142509  0.0411352366
  34.9364128  0.0432214402
  35.0588036  0.0443421453
  35.1812515  0.0444863588
  35.3035965  0.0436966643
  35.4256897  0.0420663469
  35.5473976  0.0397303551
  35.6686287  0.0368525535
  35.7893181  0.033609543
  35.9094353  0.0301743895
  36.0289803  0.026701279
  36.1479912  0.0233129337
  36.2665138  0.0200947747
  36.3845901  0.0170939043
  36.5022774  0.0143282302
  36.6195984  0.0118050613
  36.7365761  0.0095503442
  36.853199  0.00764715299
  36.9694748  0.00627842546
