  0.0580415577  3.97339051E-07
  0.174126819 -3.66599636E-07
  0.290211499 -2.18038551E-07
  0.40629667  4.27645261E-07
  0.522381365 -8.91351306E-07
  0.638466716 -5.0960557E-07
  0.75455147  9.18815601E-08
  0.870636284 -2.17539394E-07
  0.986721039 -1.28196689E-07
  1.10280573  5.37209246E-08
  1.21889055 -1.59376796E-07
  1.33497512 -5.38032396E-07
  1.45106018 -1.95764414E-07
  1.56714511 -6.26209271E-08
  1.68323016  3.01994874E-10
  1.79931474  1.41485373E-07
  1.91539955  1.83201166E-07
  2.03148437  1.51364731E-07
  2.14756942  2.39650774E-07
  2.26365423  3.3951099E-07
  2.37973905  4.76294247E-07
  2.49582386  5.54401595E-07
  2.61190867  6.48622461E-07
  2.72799373  7.55707447E-07
  2.84407878  9.25434961E-07
  2.96016359  1.05223512E-06
  3.07624865  1.21142682E-06
  3.19233346  1.3881122E-06
  3.30841851  1.5060624E-06
  3.4245038  1.78635651E-06
  3.54058862  1.9952945E-06
  3.65667343  2.24097084E-06
  3.77275872  2.52962855E-06
  3.88884377  2.76465312E-06
  4.00492907  3.10937321E-06
  4.12101412  3.46188881E-06
  4.23709965  3.88399712E-06
  4.35318422  4.26585257E-06
  4.46926975  4.76500782E-06
  4.5853548  5.32304057E-06
  4.70144081  5.87323029E-06
  4.81752634  6.51431492E-06
  4.93361187  7.1512186E-06
  5.0496974  7.85969041E-06
  5.16578293  8.59800366E-06
  5.28186893  9.40026075E-06
  5.39795446  1.02814956E-05
  5.51404095  1.12904527E-05
  5.63012648  1.23852333E-05
  5.74621248  1.35698028E-05
  5.86229849  1.49237876E-05
  5.97838497  1.64165031E-05
  6.09447145  1.80117058E-05
  6.21055841  1.9784231E-05
  6.3266449  2.1719603E-05
  6.44273186  2.38738612E-05
  6.55881977  2.62184694E-05
  6.67490768  2.87985094E-05
  6.7909956  3.16112782E-05
  6.90708351  3.46820088E-05
  7.02317238  3.80519778E-05
  7.13926125  4.17557894E-05
  7.25535059  4.57610222E-05
  7.37144041  5.01505492E-05
  7.48753071  5.49126489E-05
  7.60362148  6.00984931E-05
  7.71971321  6.57334313E-05
  7.83580494  7.18752271E-05
  7.95189762  7.85758166E-05
  8.06799221  8.58474523E-05
  8.18408489  9.37686709E-05
  8.30018044  0.000102379505
  8.41627693  0.000111711954
  8.53237438  0.000121856137
  8.64847279  0.000132826914
  8.76457119  0.000144739868
  8.88067245  0.000157628965
  8.99677563  0.000171581982
  9.11287975  0.000186710444
  9.22898483  0.000203061092
  9.34509182  0.000220751477
  9.46120071  0.000239833782
  9.57731342  0.000260447443
  9.69342613  0.000282672059
  9.80954266  0.000306671194
  9.92566299  0.000332529715
  10.0417843  0.000360381266
  10.1579084  0.000390339468
  10.2740374  0.000422555488
  10.3901701  0.000457216869
  10.5063066  0.000494430773
  10.622448  0.000534383231
  10.7385921  0.000577206258
  10.8547421  0.000623134198
  10.9708977  0.000672342372
  11.087059  0.000724985497
  11.2032251  0.000781315379
  11.3193989  0.000841471716
  11.4355793  0.000905754394
  11.5517673  0.000974327908
  11.6679621  0.00104740472
  11.7841663  0.00112522743
  11.9003792  0.00120810838
  12.0166025  0.00129621523
  12.1328354  0.00138984458
  12.2490788  0.00148918992
  12.3653345  0.00159459235
  12.4816017  0.00170629914
  12.5978823  0.00182456197
  12.7141762  0.00194968446
  12.8304853  0.00208181795
  12.9468107  0.00222128956
  13.0631514  0.00236837869
  13.1795082  0.0025233007
  13.2958841  0.00268626772
  13.412281  0.00285755098
  13.5286961  0.00303735863
  13.645133  0.00322592072
  13.7615929  0.00342332898
  13.8780746  0.00362982368
  13.9945822  0.00384555757
  14.1111164  0.00407054834
  14.2276754  0.00430497853
  14.3442631  0.00454877689
  14.4608803  0.00480202399
  14.577528  0.00506465882
  14.6942053  0.00533656403
  14.8109169  0.00561762694
  14.9276628  0.00590759842
  15.0444431  0.00620618276
  15.1612577  0.00651316298
  15.2781115  0.00682801846
  15.3950033  0.00715023605
  15.5119352  0.00747923274
  15.6289043  0.0078143226
  15.7459173  0.00815472659
  15.8629713  0.00849949382
  15.9800673  0.00884767994
  16.0972061  0.00919807702
  16.2143879  0.00954940636
  16.3316154  0.00990028121
  16.4488811  0.0102491127
  16.5661945  0.0105941445
  16.683548  0.0109335063
  16.8009472  0.0112652173
  16.9183884  0.0115870088
  17.0358677  0.0118964706
  17.153389  0.0121910181
  17.2709465  0.0124678649
  17.3885384  0.012724096
  17.5061665  0.0129565196
  17.6238232  0.0131617934
  17.7415085  0.0133363586
  17.8592167  0.0134765226
  17.9769459  0.0135784056
  18.0946884  0.0136379767
  18.2124424  0.013650923
  18.3302002  0.0136128971
  18.4479561  0.0135194603
  18.5657043  0.0133659998
  18.6834354  0.0131479595
  18.8011456  0.0128606558
  18.9188213  0.0124994833
  19.0364571  0.0120598143
  19.1540432  0.0115373051
  19.2715645  0.0109276967
  19.3890171  0.0102269733
  19.5063858  0.00943154097
  19.6236591  0.00853810087
  19.7408257  0.00754398853
  19.857872  0.00644698367
  19.9747868  0.00524580292
  20.0915565  0.00393963419
  20.2081661  0.00252876803
  20.324604  0.00101453811
  20.440855 -0.00060089305
  20.5569115 -0.00231397897
  20.6727581 -0.00412000343
  20.7883816 -0.00601286814
  20.9037743 -0.00798526779
  21.0189228 -0.0100283697
  21.1338215 -0.0121320263
  21.2484589 -0.0142846704
  21.3628311 -0.016473487
  21.4769344 -0.0186842568
  21.590765 -0.0209017172
  21.7043247 -0.0231095441
  21.8176098 -0.0252904221
  21.9306278 -0.0274264254
  22.0433826 -0.0294990614
  22.1558819 -0.0314895473
  22.2681389 -0.0333789624
  22.3801613 -0.035148643
  22.491972 -0.0367803313
  22.6035805 -0.0382564105
  22.7150154 -0.0395601504
  22.8262901 -0.0406760573
  22.9374352 -0.041590061
  23.0484734 -0.042289868
  23.1594334 -0.0427648127
  23.2703419 -0.0430064574
  23.3812294 -0.0430086181
  23.4921284 -0.0427675545
  23.6030693 -0.0422820449
  23.7140827 -0.0415536463
  23.825201 -0.040586561
  23.9364529 -0.0393878706
  24.0478687 -0.0379676595
  24.1594772 -0.0363387018
  24.2713032 -0.0345167592
  24.3833733 -0.0325201303
  24.4957085 -0.0303699374
  24.6083279 -0.02808946
  24.7212467 -0.025704287
  24.8344784 -0.0232420117
  24.9480324 -0.0207317024
  25.0619125 -0.0182036459
  25.1761189 -0.0156888142
  25.2906456 -0.0132184587
  25.4054909 -0.0108237751
  25.5206413 -0.00853490084
  25.6360798 -0.00638050959
  25.7517872 -0.00438744202
  25.8677368 -0.00257982686
  25.9839058 -0.000978488475
  26.1002617  0.00039954111
  26.2167683  0.00154148787
  26.3334026  0.00243965164
  26.4501228  0.00309158303
  26.5668945  0.00349995866
  26.6836853  0.0036737374
  26.800457  0.00362729561
  26.9171848  0.00338090537
  27.0338345  0.00296015572
  27.1503868  0.0023956541
  27.2668171  0.00172273163
  27.3831139  0.000980500132
  27.4992695  0.000210940838
  27.6152782 -0.00054162927
  27.7311459 -0.00123207644
  27.8468819 -0.00181477889
  27.9625034 -0.00224554446
  28.0780354 -0.00248209713
  28.1935062 -0.00248554675
  28.3089542 -0.00222129328
  28.4244213 -0.00165997632
  28.5399513 -0.00077864714
  28.6555939  0.000438354909
  28.7714024  0.00199896097
  28.8874264  0.00390212238
  29.0037231  0.00613719225
  29.1203423  0.00868374109
  29.2373333  0.0115109012
  29.3547382  0.0145771578
  29.472599  0.0178307146
  29.5909405  0.0212090239
  29.7097874  0.0246403366
  29.8291416  0.0280440748
  29.9490051  0.0313328356
  30.0693588  0.0344139636
  30.1901703  0.0371920578
  30.3113937  0.0395726897
  30.4329662  0.0414651148
  30.5548115  0.0427863747
  30.6768417  0.0434655137
  30.7989578  0.0434475988
  30.9210491  0.0426971279
  31.0430031  0.0412016809
  31.1647034  0.0389739685
  31.2860394  0.0360530131
  31.4069099  0.0325038359
  31.5272141  0.0284159258
  31.6468773  0.0239000544
  31.7658386  0.019083634
  31.8840542  0.0141055658
  32.0015144  0.00911048055
  32.1182175  0.00424268842
  32.2341957 -0.000359602273
  32.3495102 -0.00456940383
  32.464222 -0.00827552378
  32.5784225 -0.0113861114
  32.692215 -0.0138313472
  32.8057175 -0.0155655183
  32.9190483 -0.0165684447
  33.0323219 -0.0168464091
  33.1456642 -0.0164324753
  33.2591782 -0.0153858177
  33.3729668 -0.0137904175
  33.4871101 -0.0117526613
  33.6016617 -0.00939761102
  33.7166634 -0.00686294958
  33.8321266 -0.00429251418
  33.9480324 -0.00182742625
  34.0643425  0.00040313974
  34.1809883  0.00229156017
  34.2979012  0.00375945866
  34.4149857  0.00476375781
  34.5321541  0.00529851858
  34.6493149  0.00539397635
  34.7664032  0.00511100003
  34.8833504  0.00453290902
  35.0001221  0.00375456363
  35.1167107  0.00287252851
  35.2331009  0.00197426789
  35.3493233  0.00113092177
  35.4654007  0.000392166898
  35.5813713 -0.000215198845
  35.6972618 -0.000684545375
  35.8131104 -0.0010234518
  35.9289284 -0.00124607328
  36.0447311 -0.00136366347
  36.1605225 -0.00137759314
  36.2763176 -0.00127731776
  36.3921394 -0.00104596186
  36.5080147 -0.000675284304
  36.6239929 -0.000189907849
  36.7401161  0.000324221328
  36.8563957  0.000696911477
  36.9727631  0.000677584962
