 -0.058043357  0.
  0.0580418631  1.45586221E-09
  0.174127087  1.97767349E-07
  0.290211946 -5.69801237E-08
  0.406296968 -1.91621297E-07
  0.522381842 -5.61065328E-08
  0.638466597 -6.42043432E-08
  0.754551411  1.0530006E-07
  0.870636284  8.28884126E-08
  0.986721039  1.88266878E-08
  1.10280585  5.07975422E-08
  1.21889055  5.85436055E-08
  1.33497536 -2.40842013E-07
  1.45106041 -1.04191056E-08
  1.56714523  1.36707508E-08
  1.68323004  3.91768467E-08
  1.79931498  3.63149439E-08
  1.91539979  6.65172806E-08
  2.0314846 -6.32881552E-08
  2.14756942  7.80059679E-08
  2.26365423  2.38785702E-08
  2.37973905  2.75619829E-08
  2.49582386 -1.6922673E-08
  2.61190844 -4.64387568E-08
  2.72799325  1.08359465E-07
  2.84407806 -8.44168468E-08
  2.96016312 -2.92248039E-08
  3.07624793 -2.56316468E-07
  3.19233274  4.20947863E-08
  3.30841756 -1.74787431E-07
  3.42450237  1.09335275E-07
  3.54058719 -1.0534427E-07
  3.656672  1.57751742E-07
  3.77275705 -2.71374915E-07
  3.88884187  1.61726874E-07
  4.00492668 -2.14141352E-07
  4.12101126  1.65251222E-07
  4.23709631  5.57153612E-08
  4.35318089  2.0632055E-07
  4.46926594 -2.32463435E-07
  4.58535051  2.35017552E-07
  4.70143557 -1.88557252E-07
  4.81752062  2.63798285E-07
  4.93360519 -1.25717648E-07
  5.04969025  1.40740838E-07
  5.16577482 -9.21410646E-08
  5.28185987  2.56596678E-07
  5.39794445 -9.5524042E-09
  5.5140295 -2.40400283E-07
  5.63011408 -8.2953493E-09
  5.74619913 -9.9099239E-08
  5.86228371  4.35796466E-08
  5.97836876 -7.40871542E-08
  6.09445333  2.08673896E-08
  6.21053839  8.65470611E-08
  6.32662296  3.78755693E-08
  6.44270802  5.51842794E-09
  6.55879307  4.94323587E-08
  6.67487764 -3.17955484E-09
  6.7909627  8.55814197E-10
  6.90704727 -3.73267701E-11
  7.02313232 -9.2750807E-11
  7.1392169 -7.58827029E-11
  7.25530195 -6.20823115E-11
  7.37138653 -5.07917285E-11
  7.48747158 -4.15544994E-11
  7.60355616 -3.39972009E-11
  7.71964121 -2.78143116E-11
  7.83572578 -2.27558684E-11
  7.95181084 -1.86173785E-11
  8.06789589 -1.5231533E-11
  8.18397999 -1.24614537E-11
  8.30006504 -1.01951537E-11
  8.41615009 -8.34101364E-12
  8.53223515 -6.82407689E-12
  8.6483202 -5.58301799E-12
  8.7644043 -4.56766352E-12
  8.88048935 -3.73696647E-12
  8.9965744 -3.05734366E-12
  9.11265945 -2.50132055E-12
  9.22874355 -2.04641837E-12
  9.34482861 -1.67424668E-12
  9.46091366 -1.36975999E-12
  9.57699871 -1.12064882E-12
  9.69308281 -9.16842231E-13
  9.80916786 -7.50100936E-13
  9.92525291 -6.13684017E-13
  10.041338 -5.02076516E-13
  10.1574221 -4.107665E-13
  10.2735071 -3.36062531E-13
  10.3895922 -2.74944591E-13
  10.5056772 -2.24941851E-13
  10.6217623 -1.8403287E-13
  10.7378464 -1.50563779E-13
  10.8539314 -1.23181562E-13
  10.9700165 -1.00779208E-13
  11.0861015 -8.24510477E-14
  11.2021856 -6.74561454E-14
  11.3182707 -5.51882995E-14
  11.4343557 -4.51515554E-14
  11.5504408 -3.69401572E-14
  11.6665249 -3.02221389E-14
  11.7826099 -2.47259166E-14
  11.898695 -2.02292898E-14
  12.01478 -1.65504732E-14
  12.1308651 -1.35407424E-14
  12.2469492 -1.10784244E-14
  12.3630342 -9.06397421E-15
  12.4791193 -7.41595472E-15
  12.5952044 -6.06774E-15
  12.7112885 -4.96482645E-15
  12.8273735 -4.06262582E-15
  12.9434586 -3.32466594E-15
  13.0595436 -2.72111219E-15
  13.1756277 -2.22756494E-15
  13.2917128 -1.82407148E-15
  13.4077978 -1.49431996E-15
  13.5238829 -1.22497947E-15
  13.639967 -1.0051614E-15
  13.756052 -8.2597899E-16
  13.8721371 -6.80188474E-16
  13.9882221 -5.61895982E-16
  14.1043072 -4.66319272E-16
  14.2203913 -3.89594498E-16
  14.3364763 -3.28619879E-16
  14.4525614 -2.80930388E-16
  14.5686464 -2.44598101E-16
  14.6847305 -2.18154209E-16
  14.8008156 -2.0052965E-16
  14.9169006 -1.91011912E-16
  15.0329857 -1.89216215E-16
  15.1490698 -1.9506998E-16
  15.2651548 -2.08809861E-16
  15.3812399 -2.30991311E-16
  15.4973249 -2.62511048E-16
  15.613409 -3.0464334E-16
  15.7294941 -3.59091465E-16
  15.8455791 -4.28056623E-16
  15.9616642 -5.14326823E-16
  16.0777493 -6.21389723E-16
  16.1938343 -7.53573661E-16
  16.3099194 -9.16222304E-16
  16.4260025 -1.11591117E-15
  16.5420876 -1.36071311E-15
  16.6581726 -1.66052455E-15
  16.7742577 -2.02746611E-15
  16.8903427 -2.47637218E-15
  17.0064278 -3.02539078E-15
  17.1225128 -3.6967169E-15
  17.2385979 -4.51749056E-15
  17.354681 -5.52089299E-15
  17.4707661 -6.74748902E-15
  17.5868511 -8.24686609E-15
  17.7029362 -1.00796396E-14
  17.8190212 -1.23199036E-14
  17.9351063 -1.50582248E-14
  18.0511913 -1.84053077E-14
  18.1672764 -2.24964632E-14
  18.2833614 -2.74970832E-14
  18.3994446 -3.36093288E-14
  18.5155296 -4.10803017E-14
  18.6316147 -5.02120318E-14
  18.7476997 -6.13736899E-14
  18.8637848 -7.50164972E-14
  18.9798698 -9.16920009E-14
  19.0959549 -1.12074351E-13
  19.2120399 -1.36987535E-13
  19.3281231 -1.67438708E-13
  19.4442081 -2.04658935E-13
  19.5602932 -2.50152926E-13
  19.6763783 -3.05759893E-13
  19.7924633 -3.73727823E-13
  19.9085484 -4.56804462E-13
  20.0246334 -5.58348344E-13
  20.1407185 -6.8246461E-13
  20.2568035 -8.34170948E-13
  20.3728867 -1.01960031E-12
  20.4889717 -1.24624909E-12
  20.6050568 -1.52328009E-12
  20.7211418 -1.8618928E-12
  20.8372269 -2.27577636E-12
  20.9533119 -2.78166292E-12
  21.069397 -3.4000038E-12
  21.185482 -4.1557968E-12
  21.3015652 -5.07959647E-12
  21.4176502 -6.20874923E-12
  21.5337353 -7.58890346E-12
  21.6498203 -9.27585439E-12
  21.7659054 -1.13378005E-11
  21.8819904 -1.38581004E-11
  21.9980755 -1.69386432E-11
  22.1141605 -2.07039646E-11
  22.2302456 -2.53062866E-11
  22.3463287 -3.0931667E-11
  22.4624138 -3.78075245E-11
  22.5784988 -4.6211826E-11
  22.6945839 -5.64843346E-11
  22.8106689 -6.90403429E-11
  22.926754 -8.43874484E-11
  23.0428391 -1.03146089E-10
  23.1589241 -1.26074623E-10
  23.2750092 -1.54099969E-10
  23.3910923 -1.88355137E-10
  23.5071774 -2.3022495E-10
  23.6232624 -2.81402068E-10
  23.7393475 -3.43955447E-10
  23.8554325 -4.20413926E-10
  23.9715176 -5.13868503E-10
  24.0876026 -6.28097296E-10
  24.2036877 -7.67718167E-10
  24.3197708 -9.3837571E-10
  24.4358559 -1.14696896E-09
  24.5519409 -1.40193079E-09
  24.668026 -1.71356851E-09
  24.784111 -2.09448081E-09
  24.9001961 -2.56006683E-09
  25.0162811 -3.12914894E-09
  25.1323662 -3.82473342E-09
  25.2484512 -4.67494043E-09
  25.3645344 -5.7141416E-09
  25.4806194 -6.98434821E-09
  25.5967045 -8.53691162E-09
  25.7127895 -1.04345981E-08
  25.8288746 -1.2754124E-08
  25.9449596 -1.55892614E-08
  26.0610447 -1.90546263E-08
  26.1771297 -2.32903137E-08
  26.2932129 -2.84675608E-08
  26.4092979 -3.4795665E-08
  26.525383 -4.25304556E-08
  26.641468 -5.19846317E-08
  26.7575531 -6.35403907E-08
  26.8736382 -7.76649003E-08
  26.9897232 -9.49291774E-08
  27.1058083 -1.1603116E-07
  27.2218933 -1.41823932E-07
  27.3379765 -1.73350244E-07
  27.4540615 -2.11884597E-07
  27.5701466 -2.58984812E-07
  27.6862316 -3.16555003E-07
  27.8023167 -3.66290266E-07
  27.9184017 -4.51465922E-07
  28.0344868 -5.13628379E-07
  28.1505718 -5.75922968E-07
  28.266655 -7.23397591E-07
  28.38274 -8.17587591E-07
  28.4988251 -9.24197934E-07
  28.6149101 -1.15070054E-06
  28.7309952 -1.27929627E-06
  28.8470802 -1.48024253E-06
  28.9631653 -1.80292773E-06
  29.0792503 -2.03344143E-06
  29.1953354 -2.428691E-06
  29.3114185 -2.83959594E-06
  29.4275055 -3.3446654E-06
  29.5435905 -3.92305401E-06
  29.6596756 -4.45371825E-06
  29.7757607 -5.24696407E-06
  29.8918457 -6.0872726E-06
  30.0079308 -7.07051277E-06
  30.1240177 -8.36023173E-06
  30.2401009 -9.49275818E-06
  30.3561859 -1.12772759E-05
  30.4722729 -1.31256993E-05
  30.5883579 -1.51952809E-05
  30.7044449 -1.76728645E-05
  30.8205299 -2.05967135E-05
  30.9366169 -2.37342938E-05
  31.0527039 -2.77282761E-05
  31.1687908 -3.21211774E-05
  31.2848759 -3.7379461E-05
  31.4009628 -4.31586814E-05
  31.5170517 -5.02289331E-05
  31.6331387 -5.79889493E-05
  31.7492294 -6.70620066E-05
  31.8653183 -7.78768881E-05
  31.9814091 -9.00250525E-05
  32.0974998 -0.000104059713
  32.2135887 -0.000120094628
  32.3296852 -0.000138510222
  32.4457779 -0.000159762567
  32.5618744 -0.000184216304
  32.6779747 -0.000212365761
  32.794075 -0.000244524737
  32.9101791 -0.00028102519
  33.0262833 -0.000323035259
  33.142395 -0.000370915019
  33.2585068 -0.000425736944
  33.3746223 -0.000488154037
  33.4907455 -0.000559416832
  33.6068764 -0.000640227343
  33.7230072 -0.000732212502
  33.8391495 -0.000836319756
  33.9553032 -0.000954692252
  34.0714645 -0.00108877628
  34.1876411 -0.00123979396
  34.3038254 -0.00141069305
  34.4200287 -0.00160366856
  34.5362511 -0.00182035856
  34.6524925 -0.00206430862
  34.7687569 -0.00233777659
  34.8850479 -0.00264401967
  35.0013695 -0.00298656547
  35.1177254 -0.00336895394
  35.2341194 -0.00379452482
  35.3505592 -0.00426737033
  35.4670448 -0.00479202624
  35.5835915 -0.00537232077
  35.7001991 -0.00601264788
  35.8168793 -0.00671715615
  35.9336472 -0.00749018509
  36.0505028 -0.00833589211
  36.1674652 -0.0092583457
  36.2845421 -0.0102602877
  36.4017525 -0.0113447476
  36.5191116 -0.0125139738
  36.6366348 -0.0137677379
  36.7543411 -0.0151058109
  36.8722534 -0.0165251307
  36.9903946 -0.0180209577
