 -0.058044631  0.
  0.0580412224  7.80210883E-08
  0.174127087  1.48460686E-07
  0.290211678  4.85783254E-08
  0.406296462 -4.76090833E-07
  0.522381365 -1.32674657E-07
  0.638466299  5.80936614E-07
  0.754551053 -6.66635799E-07
  0.870636046  4.56364575E-07
  0.9867208  1.22863284E-07
  1.10280573 -7.90510768E-08
  1.21889055  1.42904042E-07
  1.33497536 -9.8955644E-12
  1.45106041 -3.53305083E-08
  1.56714523 -5.31844755E-08
  1.68323004 -1.36525955E-07
  1.79931486  1.05505698E-07
  1.91539955  1.53513483E-07
  2.03148437 -2.95575155E-08
  2.14756918 -1.37083248E-07
  2.26365423  1.48135797E-07
  2.37973881 -2.49229188E-08
  2.49582362  7.87298902E-08
  2.61190844  1.39030931E-07
  2.72799325 -5.1348179E-09
  2.84407806 -9.2542729E-09
  2.96016312 -7.63200969E-09
  3.07624793 -9.86986635E-08
  3.19233274 -9.29932042E-08
  3.3084178 -2.12767759E-07
  3.42450261  1.91213786E-07
  3.54058743  1.0912575E-07
  3.65667224 -2.15406395E-08
  3.77275729  2.4177487E-07
  3.88884211 -1.51058387E-07
  4.00492668 -1.39596096E-07
  4.12101173 -2.18963862E-07
  4.23709631 -2.06221785E-07
  4.35318136 -1.95530191E-07
  4.46926594  6.1145208E-08
  4.58535051 -7.50325526E-08
  4.70143557 -1.87466071E-07
  4.8175211 -8.12946297E-08
  4.93360519  1.13484004E-08
  5.04969072  3.30995924E-08
  5.16577482  4.01637434E-09
  5.28185987 -1.80555816E-07
  5.39794445  1.4876548E-07
  5.5140295 -9.47443581E-08
  5.63011408  3.40541462E-08
  5.74619913  2.76859765E-07
  5.86228418  1.57594499E-07
  5.97836876 -1.96771879E-07
  6.09445381  3.70546225E-08
  6.21053886  2.54893195E-07
  6.32662296  1.18890959E-07
  6.44270802  2.0830365E-08
  6.55879307  1.51776533E-07
  6.67487764 -6.70140121E-09
  6.7909627  4.88454877E-09
  6.90704727  1.78239656E-09
  7.02313232  1.27145594E-09
  7.1392169  1.0402228E-09
  7.25530195  8.51042847E-10
  7.37138653  6.96268099E-10
  7.48747158  5.69641334E-10
  7.60355616  4.66043482E-10
  7.71964121  3.81286475E-10
  7.83572578  3.11943749E-10
  7.95181084  2.55211935E-10
  8.06789589  2.08797563E-10
  8.18397999  1.70824285E-10
  8.30006504  1.39756928E-10
  8.41615009  1.14339517E-10
  8.53223515  9.35445332E-11
  8.6483202  7.65312744E-11
  8.7644043  6.26119503E-11
  8.88048935  5.12238515E-11
  8.9965744  4.19065754E-11
  9.11265945  3.4283465E-11
  9.22874355  2.80463291E-11
  9.34482861  2.29430242E-11
  9.46091366  1.87672378E-11
  9.57699871  1.53501586E-11
  9.69308281  1.25536413E-11
  9.80916786  1.02646303E-11
  9.92525291  8.3905877E-12
  10.041338  6.85575251E-12
  10.1574221  5.59807539E-12
  10.2735071  4.56671159E-12
  10.3895922  3.71996661E-12
  10.5056772  3.02360936E-12
  10.6217623  2.44948744E-12
  10.7378464  1.97439092E-12
  10.8539314  1.57911368E-12
  10.9700165  1.24767514E-12
  11.0861015  9.66676392E-13
  11.2021856  7.24757602E-13
  11.3182707  5.12138617E-13
  11.4343557  3.20223909E-13
  11.5504408  1.41254914E-13
  11.6665249 -3.20035678E-14
  11.7826099 -2.06555855E-13
  11.898695 -3.89458566E-13
  12.01478 -5.88105953E-13
  12.1308651 -8.10528673E-13
  12.2469492 -1.06571869E-12
  12.3630342 -1.36399269E-12
  12.4791193 -1.71740877E-12
  12.5952044 -2.14025455E-12
  12.7112885 -2.64962466E-12
  12.8273735 -3.26611112E-12
  12.9434586 -4.01463671E-12
  13.0595436 -4.92546282E-12
  13.1756277 -6.03541089E-12
  13.2917128 -7.38935302E-12
  13.4077978 -9.04202494E-12
  13.5238829 -1.10602395E-11
  13.639967 -1.35255869E-11
  13.756052 -1.65377347E-11
  13.8721371 -2.02184536E-11
  13.9882221 -2.47165448E-11
  14.1043072 -3.02138523E-11
  14.2203913 -3.69326167E-11
  14.3364763 -4.51444576E-11
  14.4525614 -5.51813595E-11
  14.5686464 -6.7449081E-11
  14.6847305 -8.24435659E-11
  14.8008156 -1.00771003E-10
  14.9169006 -1.2317232E-10
  15.0329857 -1.50553126E-10
  15.1490698 -1.84020368E-10
  15.2651548 -2.24927008E-10
  15.3812399 -2.74926776E-10
  15.4973249 -3.36041056E-10
  15.613409 -4.10740442E-10
  15.7294941 -5.0204485E-10
  15.8455791 -6.13645412E-10
  15.9616642 -7.50053908E-10
  16.0777493 -9.1678487E-10
  16.1938343 -1.12057874E-09
  16.3099194 -1.36967426E-09
  16.4260025 -1.6741416E-09
  16.5420876 -2.04628958E-09
  16.6581726 -2.50116305E-09
  16.7742577 -3.05715142E-09
  16.8903427 -3.73673137E-09
  17.0064278 -4.56737625E-09
  17.1225128 -5.58266677E-09
  17.2385979 -6.82364787E-09
  17.354681 -8.34048919E-09
  17.4707661 -1.01945119E-08
  17.5868511 -1.24606689E-08
  17.7029362 -1.52305741E-08
  17.8190212 -1.86162072E-08
  17.9351063 -2.27544383E-08
  18.0511913 -2.78125629E-08
  18.1672764 -3.39950681E-08
  18.2833614 -4.15518926E-08
  18.3994446 -5.0788536E-08
  18.5155296 -6.20784135E-08
  18.6316147 -7.5877935E-08
  18.7476997 -9.27449761E-08
  18.8637848 -1.1336143E-07
  18.9798698 -1.3856075E-07
  19.0959549 -1.6936167E-07
  19.2120399 -2.07009393E-07
  19.3281231 -2.53025888E-07
  19.4442081 -3.09271485E-07
  19.5602932 -3.57387677E-07
  19.6763783 -3.99319731E-07
  19.7924633 -4.36762747E-07
  19.9085484 -5.53759833E-07
  20.0246334 -6.10614507E-07
  20.1407185 -6.71522173E-07
  20.2568035 -7.38945118E-07
  20.3728867 -9.39403378E-07
  20.4889717 -1.05404479E-06
  20.6050568 -1.14940099E-06
  20.7211418 -1.24995915E-06
  20.8372269 -1.44231456E-06
  20.9533119 -1.69297857E-06
  21.0693989 -1.95018788E-06
  21.1854839 -2.12117834E-06
  21.3015671 -2.52234986E-06
  21.4176521 -2.75727211E-06
  21.5337372 -3.26872328E-06
  21.6498222 -3.58220223E-06
  21.7659073 -4.06113259E-06
  21.8819923 -4.51855385E-06
  21.9980793 -5.22054552E-06
  22.1141644 -5.94789981E-06
  22.2302494 -6.62686125E-06
  22.3463326 -7.53246923E-06
  22.4624195 -8.55690541E-06
  22.5785046 -9.57653447E-06
  22.6945915 -1.09420589E-05
  22.8106766 -1.23373029E-05
  22.9267635 -1.36948865E-05
  23.0428486 -1.5606136E-05
  23.1589355 -1.77563088E-05
  23.2750225 -1.97371664E-05
  23.3911076 -2.247472E-05
  23.5071945 -2.51718393E-05
  23.6232834 -2.82264191E-05
  23.7393703 -3.186514E-05
  23.8554592 -3.59256446E-05
  23.9715462 -4.01182078E-05
  24.087635 -4.51488158E-05
  24.2037258 -5.05606295E-05
  24.3198128 -5.68201285E-05
  24.4359035 -6.34789249E-05
  24.5519962 -7.11777175E-05
  24.6680889 -7.99183836E-05
  24.7841816 -8.92704411E-05
  24.9002762 -9.94883449E-05
  25.0163708 -0.000111336223
  25.1324673 -0.000124034836
  25.2485657 -0.00013863435
  25.3646641 -0.000154157533
  25.4807644 -0.000172037107
  25.5968685 -0.000191098588
  25.7129745 -0.000212897619
  25.8290825 -0.000236521621
  25.9451942 -0.000262266811
  26.0613079 -0.000291134755
  26.1774254 -0.000322685257
  26.2935448 -0.000357144483
  26.4096699 -0.000395455019
  26.5258007 -0.000437106472
  26.6419373 -0.000482694304
  26.7580776 -0.000532581878
  26.8742256 -0.00058743218
  26.9903812 -0.000646665576
  27.1065445 -0.000711387896
  27.2227154 -0.000781774113
  27.3388958 -0.000858787564
  27.4550877 -0.000941433827
  27.571291 -0.00103138655
  27.6875057 -0.00112841045
  27.8037376 -0.00123320089
  27.9199829 -0.001346156
  28.0362453 -0.00146765891
  28.1525269 -0.0015977259
  28.2688255 -0.00173714303
  28.385149 -0.00188617769
  28.5014954 -0.00204492221
  28.6178703 -0.00221338053
  28.734272 -0.00239290018
  28.8507042 -0.00258258893
  28.9671707 -0.00278207101
  29.0836735 -0.00299257413
  29.2002163 -0.0032129297
  29.3167992 -0.00344285369
  29.4334297 -0.00368269673
  29.550108 -0.00393072609
  29.6668415 -0.00418695249
  29.7836304 -0.00444979966
  29.9004803 -0.00471832836
  30.017395 -0.00499007525
  30.1343784 -0.00526368059
  30.2514324 -0.00553717464
  30.3685665 -0.00580764888
  30.4857826 -0.00607173005
  30.6030846 -0.00632634433
  30.7204781 -0.00656756386
  30.8379669 -0.00679089082
  30.955555 -0.00699099153
  31.073246 -0.00716259703
  31.1910439 -0.00729919644
  31.3089504 -0.00739428075
  31.4269733 -0.0074409768
  31.5451107 -0.00743026705
  31.6633644 -0.00735435588
  31.7817383 -0.00720326509
  31.9002266 -0.00696725491
  32.0188332 -0.00663638394
  32.1375504 -0.00619976129
  32.2563744 -0.00564563647
  32.3753052 -0.00496359495
  32.4943275 -0.00414200593
  32.6134377 -0.00316985883
  32.7326164 -0.00203728583
  32.8518486 -0.000735266658
  32.9711227  0.000744310732
  33.0904121  0.0024058281
  33.2096939  0.00425232248
  33.3289375  0.00628189789
  33.4481201  0.00848950259
  33.5671997  0.0108635537
  33.686142  0.0133847632
  33.8049049  0.0160288196
  33.9234543  0.018760914
  34.0417404  0.0215380546
  34.1597176  0.0243069772
  34.2773399  0.02700321
  34.3945618  0.0295539629
  34.5113449  0.0318770669
  34.6276512  0.0338818654
  34.7434387  0.0354728326
  34.8586807  0.0365516543
  34.973362  0.0370222293
  35.087471  0.0367942154
  35.201004  0.0357881449
  35.3139725  0.0339400917
  35.426403  0.0312105063
  35.5383301  0.0275872815
  35.6498108  0.0230921917
  35.7609062  0.0177842565
  35.8717003  0.011769088
  35.9822884  0.00519862026
  36.0927734 -0.0017231683
  36.20327 -0.00873775966
  36.3139038 -0.0155330775
  36.4247971 -0.0217406172
  36.5360794 -0.0269380324
  36.6478729 -0.030656198
  36.7602844 -0.0323879793
  36.8733978 -0.0316072367
  36.9872513 -0.0277951397
