 -0.0580443442  0.
  0.0580416247  3.59377594E-07
  0.174127609 -2.92699895E-07
  0.290212303 -8.27106206E-08
  0.406297207  7.87270153E-07
  0.522381842 -5.714287E-07
  0.638466656  1.95772131E-07
  0.75455153 -1.83955692E-07
  0.870636225  1.28941082E-07
  0.986721158 -6.60051711E-08
  1.10280597  1.78690584E-07
  1.21889067  8.36492298E-09
  1.33497536  8.13681282E-08
  1.4510603 -5.17454843E-08
  1.56714511 -1.15212615E-07
  1.68322992 -1.27036017E-07
  1.79931474  1.24023444E-07
  1.91539943  1.03983886E-07
  2.03148413  1.523034E-07
  2.14756918 -4.84712999E-08
  2.26365399 -7.34784322E-08
  2.37973881 -1.00599507E-07
  2.49582362 -3.15364233E-08
  2.61190844 -7.55156933E-08
  2.72799325  7.59395107E-08
  2.84407806 -2.23554949E-07
  2.96016288  1.62705746E-07
  3.07624793  1.14989106E-07
  3.19233274  1.69169976E-08
  3.3084178  2.34232914E-07
  3.42450261 -1.02479348E-07
  3.54058719 -4.79777675E-08
  3.65667224  1.7600005E-08
  3.77275729 -1.02740366E-07
  3.88884211  1.2801479E-07
  4.00492668  3.390155E-08
  4.12101126 -7.43918616E-09
  4.23709631 -1.8329844E-07
  4.35318089 -1.69436632E-07
  4.46926594  1.95945546E-07
  4.58535051 -1.70179547E-07
  4.70143557  7.57621379E-08
  4.8175211  3.06697018E-07
  4.93360519  5.47871331E-08
  5.04969072 -1.08506427E-07
  5.16577482 -1.58974714E-07
  5.28186035  8.11152603E-08
  5.39794493  7.80386813E-08
  5.5140295 -1.38371561E-07
  5.63011456  1.49315596E-07
  5.74619961  2.95284167E-07
  5.86228418  3.60937165E-08
  5.97836876 -2.02365371E-07
  6.09445381 -1.20701088E-07
  6.21053886 -2.66876611E-07
  6.32662296  1.35584386E-07
  6.44270802  2.11680629E-08
  6.55879307 -2.10157424E-07
  6.67487764 -3.64487218E-09
  6.7909627  1.08331513E-08
  6.90704727  5.90871441E-09
  7.02313232  4.58477478E-09
  7.1392169  3.75092757E-09
  7.25530195  3.06871883E-09
  7.37138653  2.51056975E-09
  7.48747158  2.05391526E-09
  7.60355616  1.68029457E-09
  7.71964121  1.37460332E-09
  7.83572578  1.12448306E-09
  7.95181084  9.1982244E-10
  8.06789589  7.52347518E-10
  8.18397999  6.1528771E-10
  8.30006504  5.03102282E-10
  8.41615009  4.11255724E-10
  8.53223515  3.36035033E-10
  8.6483202  2.74399281E-10
  8.7644043  2.23856669E-10
  8.88048935  1.8236393E-10
  8.9965744  1.48243626E-10
  9.11265945  1.20116389E-10
  9.22874355  9.68450875E-11
  9.34482861  7.74889528E-11
  9.46091366  6.12654649E-11
  9.57699871  4.75187736E-11
  9.69308281  3.56931221E-11
  9.80916786  2.53104395E-11
  9.92525291  1.59509836E-11
  10.041338  7.2363773E-12
  10.1574221 -1.18568209E-12
  10.2735071 -9.6556747E-12
  10.3895922 -1.85160168E-11
  10.5056772 -2.81249069E-11
  10.6217623 -3.88708024E-11
  10.7378464 -5.11881336E-11
  10.8539314 -6.55748511E-11
  10.9700165 -8.26125626E-11
  11.0861015 -1.02990054E-10
  11.2021856 -1.27531138E-10
  11.3182707 -1.57227925E-10
  11.4343557 -1.93280975E-10
  11.5504408 -2.37147801E-10
  11.6665249 -2.9060182E-10
  11.7826099 -3.55803997E-10
  11.898695 -4.35390307E-10
  12.01478 -5.32578148E-10
  12.1308651 -6.51296572E-10
  12.2469492 -7.96345045E-10
  12.3630342 -9.73587433E-10
  12.4791193 -1.19018895E-09
  12.5952044 -1.4549062E-09
  12.7112885 -1.77844117E-09
  12.8273735 -2.1738733E-09
  12.9434586 -2.65718847E-09
  13.0595436 -3.24792637E-09
  13.1756277 -3.96996835E-09
  13.2917128 -4.85250462E-09
  13.4077978 -5.93121285E-09
  13.5238829 -7.24970262E-09
  13.639967 -8.86127616E-09
  13.756052 -1.08310854E-08
  13.8721371 -1.3238763E-08
  13.9882221 -1.61816462E-08
  14.1043072 -1.97787067E-08
  14.2203913 -2.41753622E-08
  14.3364763 -2.9549355E-08
  14.4525614 -3.61179424E-08
  14.5686464 -4.41466703E-08
  14.6847305 -5.39601217E-08
  14.8008156 -6.5955021E-08
  14.9169006 -8.06162817E-08
  15.0329857 -9.85366171E-08
  15.1490698 -1.20440504E-07
  15.2651548 -1.47213441E-07
  15.3812399 -1.79937786E-07
  15.4973249 -2.19936496E-07
  15.613409 -2.68826568E-07
  15.7294941 -3.28584548E-07
  15.8455791 -3.80993839E-07
  15.9616642 -4.28173308E-07
  16.0777493 -4.7203028E-07
  16.1938343 -5.14337671E-07
  16.3099194 -5.56805787E-07
  16.4260025 -7.24946062E-07
  16.5420876 -7.98599444E-07
  16.6581726 -8.839055E-07
  16.7742577 -9.63680463E-07
  16.8903427 -1.04114952E-06
  17.0064278 -1.32576815E-06
  17.1225128 -1.43702778E-06
  17.2385979 -1.64764742E-06
  17.3546829 -1.78045059E-06
  17.470768 -1.98523185E-06
  17.586853 -2.35280004E-06
  17.7029381 -2.62979552E-06
  17.8190231 -2.82741416E-06
  17.9351082 -3.24249936E-06
  18.0511932 -3.72677459E-06
  18.1672783 -4.09349286E-06
  18.2833652 -4.60506772E-06
  18.3994484 -5.11712415E-06
  18.5155334 -5.79478819E-06
  18.6316185 -6.64482559E-06
  18.7477055 -7.28895384E-06
  18.8637905 -8.16586271E-06
  18.9798775 -9.26973826E-06
  19.0959625 -1.03357279E-05
  19.2120495 -1.1695779E-05
  19.3281326 -1.27033791E-05
  19.4442196 -1.43689904E-05
  19.5603065 -1.62647739E-05
  19.6763935 -1.8095996E-05
  19.7924805 -2.0143023E-05
  19.9085674 -2.23235547E-05
  20.0246544 -2.51590391E-05
  20.1407413 -2.8103892E-05
  20.2568302 -3.10708601E-05
  20.3729172 -3.4675093E-05
  20.489006 -3.86084175E-05
  20.6050949 -4.30917862E-05
  20.7211838 -4.78938528E-05
  20.8372746 -5.30437283E-05
  20.9533653 -5.907983E-05
  21.069458 -6.56272969E-05
  21.1855488 -7.27239894E-05
  21.3016415 -8.08220138E-05
  21.4177361 -8.92172757E-05
  21.5338306 -9.89509062E-05
  21.6499271 -0.000109550107
  21.7660255 -0.000121134231
  21.8821239 -0.000133924361
  21.9982243 -0.000148190506
  22.1143265 -0.000163354489
  22.2304325 -0.00018003014
  22.3465366 -0.000198417911
  22.4626465 -0.000218375018
  22.5787582 -0.000240523863
  22.6948719 -0.000264379021
  22.8109894 -0.000290762255
  22.9271107 -0.000318968087
  23.0432358 -0.000350015849
  23.1593666 -0.00038371954
  23.2755013 -0.000420166325
  23.3916378 -0.0004600299
  23.5077839 -0.000502575072
  23.6239338 -0.000548909593
  23.7400932 -0.000598933955
  23.8562584 -0.000653277093
  23.9724312 -0.000711196277
  24.0886154 -0.000773684704
  24.2048073 -0.000841056346
  24.3210087 -0.000913081923
  24.4372215 -0.000990590313
  24.5534496 -0.00107304764
  24.6696892 -0.00116125878
  24.7859459 -0.00125527603
  24.902216 -0.00135510333
  25.0185051 -0.00146131602
  25.1348133 -0.00157347624
  25.2511406 -0.00169277843
  25.3674889 -0.00181796891
  25.4838638 -0.00195010821
  25.6002617 -0.00208912673
  25.7166882 -0.00223411038
  25.8331451 -0.00238611642
  25.9496326 -0.0025437742
  26.0661526 -0.00270829932
  26.1827106 -0.00287822774
  26.299305 -0.00305345422
  26.4159412 -0.00323345186
  26.5326233 -0.00341753848
  26.6493492 -0.00360466749
  26.7661266 -0.00379481353
  26.8829556 -0.00398566527
  26.9998379 -0.0041769552
  27.1167793 -0.00436676852
  27.2337818 -0.00455316715
  27.3508472 -0.00473546656
  27.4679813 -0.00491014915
  27.5851841 -0.00507558044
  27.7024612 -0.00522942469
  27.8198128 -0.00536899269
  27.9372425 -0.00549065927
  28.0547523 -0.00559101067
  28.1723461 -0.00566680683
  28.2900219 -0.00571437413
  28.4077854 -0.00572850415
  28.5256367 -0.00570594333
  28.6435757 -0.00564065855
  28.7616024 -0.00552844862
  28.879715 -0.00536341593
  28.9979153 -0.00514057837
  29.1161995 -0.00485400436
  29.2345638 -0.00449726079
  29.3530045 -0.00406540604
  29.4715176 -0.00355178234
  29.5900955 -0.00295052491
  29.7087307 -0.00225620554
  29.8274155 -0.00146390579
  29.9461365 -0.000568555901
  30.0648823  0.000433852198
  30.1836395  0.00154669827
  30.3023891  0.00277094985
  30.4211178  0.00410742313
  30.5398045  0.00555444974
  30.6584263  0.00710903853
  30.7769623  0.00876338501
  30.8953857  0.0105094025
  31.01367  0.0123337843
  31.1317883  0.0142211597
  31.2497101  0.0161502268
  31.3674049  0.0180979706
  31.4848461  0.0200337339
  31.6020031  0.0219255835
  31.7188454  0.0237352438
  31.8353443  0.0254220553
  31.9514751  0.0269412808
  32.0672112  0.0282455012
  32.1825371  0.0292867515
  32.2974319  0.0300169941
  32.4118881  0.0303876325
  32.5258942  0.0303572286
  32.6394539  0.0298862085
  32.7525749  0.0289433487
  32.8652649  0.0275066998
  32.9775467  0.0255637746
  33.089447  0.0231169686
  33.2010002  0.0201825295
  33.3122482  0.01679039
  33.4232407  0.0129878577
  33.5340309  0.00883744657
  33.64468  0.00441881828
  33.755249 -0.000172755274
  33.8658104 -0.00482939929
  33.9764404 -0.00942877587
  34.0872002 -0.0138384802
  34.1981697 -0.0179224312
  34.3094101 -0.0215355828
  34.42099 -0.0245380253
  34.5329666 -0.0267957114
  34.6453819 -0.0281839594
  34.7582779 -0.0285961702
  34.8716698 -0.0279529188
  34.9855614 -0.0262029935
  35.0999374 -0.023339998
  35.214756 -0.0194010958
  35.3299599 -0.0144796912
  35.4454689 -0.00872960221
  35.5611801 -0.00236836192
  35.6769676  0.00432340847
  35.7927132  0.0110046258
  35.9082794  0.0172921885
  36.0235291  0.0227712728
  36.1383514  0.0270341374
  36.2526474  0.029704906
  36.3663559  0.0304917842
  36.4794579  0.0292295851
  36.5919762  0.025933072
  36.7039909  0.0208503418
  36.8156281  0.0145135829
  36.9270706  0.00780128129
