 -0.0580433384  0.
  0.0580419488 -6.57156249E-08
  0.174127251 -2.98427505E-09
  0.290212452 -7.28888324E-07
  0.406297207  6.38705046E-07
  0.522381961 -2.31397319E-08
  0.638466418 -3.58214379E-07
  0.75455147  4.78548088E-07
  0.870636404 -6.44040711E-07
  0.986721218  1.19674326E-07
  1.10280597  7.13894153E-08
  1.21889079 -1.91844123E-07
  1.33497548  3.69785027E-07
  1.45106041 -5.22526484E-08
  1.56714535  1.1888725E-07
  1.68323016  1.53493822E-08
  1.79931486 -2.56625299E-07
  1.91539967  1.33330914E-07
  2.03148437 -7.61951071E-08
  2.14756942  2.22119326E-07
  2.26365423 -1.70270255E-07
  2.37973905  4.43869865E-08
  2.49582362  9.90734037E-08
  2.61190844 -8.61821832E-08
  2.72799325  1.54389198E-07
  2.84407806 -3.76460576E-07
  2.96016312  1.63205755E-07
  3.07624769  2.61801404E-07
  3.19233251 -2.87484454E-08
  3.30841756 -2.39561331E-07
  3.42450237  6.31089208E-08
  3.54058719  2.40315558E-07
  3.656672  1.75754394E-07
  3.77275705  1.81695924E-07
  3.88884187  3.19530301E-07
  4.00492668  1.6142711E-07
  4.12101126  1.48728873E-07
  4.23709631 -2.62645557E-07
  4.35318089 -6.08665545E-08
  4.46926594 -2.87130799E-08
  4.58535051 -2.009361E-07
  4.70143557 -1.11302299E-07
  4.81752062 -9.74365566E-09
  4.93360519  5.48254917E-08
  5.04969025 -1.43722318E-07
  5.16577482 -1.97036869E-07
  5.28185987 -2.82447928E-07
  5.39794445  3.79159779E-08
  5.5140295  1.59639498E-07
  5.63011408  1.95648468E-07
  5.74619913  1.66889791E-07
  5.86228371  2.26211682E-07
  5.97836876 -1.89518403E-07
  6.09445333 -7.91230264E-08
  6.21053886  3.02690388E-08
  6.32662296  1.07982938E-08
  6.44270802 -1.19244802E-07
  6.55879307  1.88730766E-07
  6.67487764 -1.14797579E-07
  6.7909627 -7.65008465E-08
  6.90704727 -6.624321E-08
  7.02313232 -5.45188712E-08
  7.1392169 -4.46246879E-08
  7.25530195 -3.65345478E-08
  7.37138653 -2.99213987E-08
  7.48747158 -2.45178793E-08
  7.60355616 -2.01055474E-08
  7.71964121 -1.65060232E-08
  7.83572578 -1.35737874E-08
  7.95181084 -1.11903002E-08
  8.06789589 -9.25920318E-09
  8.18397999 -7.70242892E-09
  8.30006504 -6.45704068E-09
  8.41615009 -5.47269208E-09
  8.53223515 -4.70958827E-09
  8.6483202 -4.13687884E-09
  8.7644043 -3.73141118E-09
  8.88048935 -3.47679419E-09
  8.9965744 -3.36273343E-09
  9.11265945 -3.38461859E-09
  9.22874355 -3.54333363E-09
  9.34482861 -3.84529519E-09
  9.46091366 -4.30271108E-09
  9.57699871 -4.93407271E-09
  9.69308281 -5.76490411E-09
  9.80916786 -6.82879397E-09
  9.92525291 -8.1687519E-09
  10.041338 -9.83894832E-09
  10.1574221 -1.19069057E-08
  10.2735071 -1.4456222E-08
  10.3895922 -1.75899615E-08
  10.5056772 -2.14348113E-08
  10.6217623 -2.6146207E-08
  10.7378464 -3.19146167E-08
  10.8539314 -3.89732442E-08
  10.9700165 -4.76074469E-08
  11.0861015 -5.81662789E-08
  11.2021856 -7.10765988E-08
  11.3182707 -8.68603394E-08
  11.4343557 -1.06155589E-07
  11.5504408 -1.29742389E-07
  11.6665249 -1.58574295E-07
  11.7826099 -1.93816902E-07
  11.898695 -2.36894962E-07
  12.01478 -2.89549973E-07
  12.1308651 -3.33278308E-07
  12.2469492 -3.69847783E-07
  12.3630342 -4.62633977E-07
  12.4791193 -5.12225881E-07
  12.5952044 -5.6189316E-07
  12.7112885 -6.13643749E-07
  12.8273735 -6.69570113E-07
  12.9434586 -7.31932801E-07
  13.0595436 -9.47679439E-07
  13.1756287 -1.01604701E-06
  13.2917137 -1.14612249E-06
  13.4077988 -1.2400028E-06
  13.5238838 -1.34274808E-06
  13.6399679 -1.54104191E-06
  13.756053 -1.80163556E-06
  13.872138 -1.92874109E-06
  13.988224 -2.21634923E-06
  14.1043091 -2.46976469E-06
  14.2203932 -2.69923203E-06
  14.3364782 -3.09971915E-06
  14.4525642 -3.35729942E-06
  14.5686493 -3.7712407E-06
  14.6847334 -4.2963793E-06
  14.8008194 -4.78888614E-06
  14.9169044 -5.20677531E-06
  15.0329905 -5.85579528E-06
  15.1490755 -6.37016819E-06
  15.2651606 -7.2658695E-06
  15.3812466 -8.18709486E-06
  15.4973326 -9.15045712E-06
  15.6134176 -1.01949008E-05
  15.7295036 -1.11150694E-05
  15.8455906 -1.2298914E-05
  15.9616766 -1.37323977E-05
  16.0777626 -1.52671564E-05
  16.1938496 -1.70684034E-05
  16.3099365 -1.89407438E-05
  16.4260216 -2.08979873E-05
  16.5421104 -2.34112831E-05
  16.6581974 -2.57363336E-05
  16.7742863 -2.85860988E-05
  16.8903732 -3.16631886E-05
  17.0064621 -3.50301234E-05
  17.122551 -3.86373686E-05
  17.2386417 -4.26307743E-05
  17.3547287 -4.70274026E-05
  17.4708195 -5.20050744E-05
  17.5869122 -5.77238061E-05
  17.7030029 -6.35276956E-05
  17.8190956 -6.97340511E-05
  17.9351902 -7.67795573E-05
  18.0512848 -8.46191106E-05
  18.1673794 -9.3198425E-05
  18.2834759 -0.000102286875
  18.3995724 -0.000112829839
  18.5156708 -0.000123789068
  18.631773 -0.000135587281
  18.7478752 -0.000148681327
  18.8639793 -0.000163085424
  18.9800854 -0.000178371469
  19.0961933 -0.000195426677
  19.2123051 -0.000213662264
  19.3284168 -0.000233445171
  19.4445324 -0.000255329098
  19.5606518 -0.00027819915
  19.676775 -0.000303766079
  19.792902 -0.000330465962
  19.9090328 -0.000359938567
  20.0251675 -0.000391789799
  20.1413078 -0.000425763865
  20.2574539 -0.000462063181
  20.3736019 -0.000501768896
  20.4897594 -0.000543810253
  20.6059246 -0.000589193369
  20.7220955 -0.000637595716
  20.8382759 -0.000689416542
  20.9544659 -0.000744390476
  21.0706635 -0.00080374378
  21.1868725 -0.00086615741
  21.3030891 -0.000932895462
  21.4193211 -0.00100362441
  21.5355644 -0.00107891927
  21.651823 -0.00115803664
  21.7680969 -0.00124185742
  21.8843861 -0.00133036473
  22.0006924 -0.00142324029
  22.1170177 -0.00152039027
  22.2333641 -0.00162278942
  22.3497276 -0.00173004321
  22.4661179 -0.00184123858
  22.582531 -0.00195753272
  22.6989708 -0.00207769708
  22.8154373 -0.00220267382
  22.9319344 -0.00233163009
  23.0484619 -0.00246397173
  23.1650238 -0.00259977067
  23.28162 -0.00273876009
  23.3982506 -0.00287991087
  23.5149231 -0.00302297785
  23.6316376 -0.00316750281
  23.748394 -0.00331211602
  23.8651962 -0.00345660932
  23.982048 -0.00359941623
  24.0989494 -0.00373973581
  24.2159023 -0.00387622742
  24.3329086 -0.00400749641
  24.4499722 -0.00413288549
  24.5670967 -0.00424891431
  24.6842804 -0.00435501616
  24.801527 -0.00444964832
  24.9188385 -0.00452969735
  25.0362148 -0.00459340774
  25.1536598 -0.00463798922
  25.2711735 -0.00466148276
  25.3887539 -0.00466044853
  25.5064068 -0.00463226484
  25.6241302 -0.00457385834
  25.7419243 -0.00448081829
  25.859787 -0.00435156003
  25.9777184 -0.00418158202
  26.0957146 -0.00396771682
  26.2137775 -0.00370578631
  26.3318996 -0.00339221302
  26.450079 -0.00302251033
  26.5683136 -0.0025939967
  26.686594 -0.00210233754
  26.8049145 -0.00154472038
  26.9232693 -0.000916558143
  27.0416489 -0.000216387038
  27.1600418  0.000558904838
  27.2784405  0.00141207082
  27.3968296  0.00234322716
  27.5151978  0.00335335545
  27.6335316  0.00444264663
  27.7518139  0.00560748065
  27.8700256  0.00684631709
  27.9881516  0.00815432705
  28.1061726  0.00952485576
  28.2240639  0.0109496396
  28.3418083  0.0124174645
  28.459383  0.0139166266
  28.5767651  0.0154305734
  28.6939335  0.0169427227
  28.8108654  0.0184329767
  28.927536  0.0198773909
  29.0439262  0.0212508664
  29.1600151  0.0225268491
  29.2757816  0.0236767046
  29.3912106  0.0246697087
  29.5062885  0.0254758373
  29.6210041  0.0260630958
  29.7353458  0.0264041424
  29.8493099  0.0264686048
  29.9628963  0.0262330696
  30.076107  0.0256762039
  30.1889515  0.024780998
  30.3014374  0.023537796
  30.4135895  0.0219435841
  30.5254269  0.0199999306
  30.6369762  0.0177211761
  30.7482681  0.0151274698
  30.8593407  0.0122471778
  30.970232  0.00911895372
  31.0809879  0.00579055771
  31.1916542  0.00231549679
  31.3022785 -0.00124340621
  31.4129162 -0.00481738476
  31.5236168 -0.00833289791
  31.6344337 -0.0117133074
  31.7454147 -0.0148789603
  31.8566113 -0.0177506376
  31.968071 -0.0202514473
  32.0798302 -0.022307042
  32.1919327 -0.0238516517
  32.3044014 -0.0248273388
  32.417263 -0.0251857881
  32.5305252 -0.024893418
  32.6441956 -0.023932362
  32.7582588 -0.0222998951
  32.8727036 -0.0200168677
  32.9874878 -0.017121492
  33.1025772 -0.0136759728
  33.2179108 -0.00976502523
  33.3334236 -0.00549858483
  33.4490433 -0.00100798521
  33.5646896  0.00355652906
  33.6802788  0.00802466646
  33.7957306  0.0122114541
  33.910965  0.0159278736
  34.0259056  0.0189840999
  34.1404877  0.0211999863
  34.2546692  0.0224143472
  34.3684158  0.0224944446
  34.4817162  0.0213482734
  34.5945816  0.0189346373
  34.7070427  0.0152681433
  34.8191566  0.0104203094
  34.9309998  0.00453498354
  35.0426712 -0.00218735845
  35.1542816 -0.00948285963
  35.2659607 -0.0170372836
  35.3778419 -0.024498757
  35.4900665 -0.0314934067
  35.6027679 -0.0376442298
  35.7160835 -0.0426070318
  35.8301125 -0.0460912175
  35.9449463 -0.0479024202
  36.0606346 -0.0479761884
  36.1771889 -0.0464097373
  36.29459 -0.0434843414
  36.4127655 -0.0396682322
  36.5316277 -0.0355844758
  36.6510735 -0.0319391005
  36.771019 -0.0293978434
  36.8914261 -0.0283965766
