 -0.058043506  0.
  0.0580417104 -2.64894481E-07
  0.174126938  4.84657185E-08
  0.290212214  6.02509601E-07
  0.406296879 -8.4150912E-07
  0.522382081  8.90570732E-07
  0.638466537 -2.49228691E-07
  0.75455147  3.22792289E-07
  0.870636463  1.70140126E-07
  0.986721277 -2.38687335E-07
  1.10280621 -6.07253355E-07
  1.21889091  2.69333185E-07
  1.3349756 -1.3450439E-07
  1.45106053  2.38363953E-07
  1.56714547 -1.12545607E-07
  1.68323028 -7.37851735E-08
  1.79931498  1.66733628E-07
  1.91539967 -3.1202805E-07
  2.0314846  5.60563294E-08
  2.14756942 -1.00125554E-07
  2.26365447  2.75431319E-07
  2.37973905 -2.12723776E-08
  2.49582386  8.47095905E-09
  2.61190867 -3.62008592E-08
  2.72799349 -1.35431764E-08
  2.8440783  3.16748494E-09
  2.96016312  2.62404512E-07
  3.07624793  5.00885236E-08
  3.19233274 -2.47967638E-08
  3.3084178 -2.51640927E-07
  3.42450261  1.22380239E-08
  3.54058719  2.28551649E-08
  3.656672  6.07835346E-08
  3.77275681 -1.53512989E-08
  3.88884163  1.6651002E-07
  4.0049262 -4.01547737E-08
  4.12101126 -7.09735488E-08
  4.23709631  3.2517089E-09
  4.35318089  1.87561781E-07
  4.46926594 -2.49449471E-07
  4.58535051  1.0981041E-08
  4.70143557  1.02350084E-08
  4.81752062  7.42302007E-08
  4.93360519 -1.34215156E-07
  5.04969025  1.22716386E-07
  5.16577482  2.8868044E-07
  5.28185987 -1.0146794E-07
  5.39794445 -6.00916223E-08
  5.5140295  1.56194972E-07
  5.63011408  1.19430624E-07
  5.74619913 -1.65608128E-07
  5.86228371  4.37844285E-08
  5.97836876 -3.62946224E-08
  6.09445333  1.40497235E-07
  6.21053839  3.05425942E-07
  6.32662296  1.28038673E-08
  6.44270754 -1.32672923E-07
  6.55879307 -2.45611432E-07
  6.67487717 -1.23936942E-07
  6.7909627 -8.67930225E-08
  6.90704727 -8.21581025E-08
  7.02313232 -7.58484759E-08
  7.1392169 -7.21527869E-08
  7.25530195 -7.13740249E-08
  7.37138653 -7.34807131E-08
  7.48747158 -7.85580028E-08
  7.60355616 -8.68111627E-08
  7.71964121 -9.85738353E-08
  7.83572578 -1.14321551E-07
  7.95181084 -1.34690964E-07
  8.06789589 -1.6050555E-07
  8.18397999 -1.92808884E-07
  8.30006504 -2.32906913E-07
  8.41615009 -2.82420672E-07
  8.53223515 -3.22719501E-07
  8.6483202 -3.55432661E-07
  8.7644043 -4.43779669E-07
  8.88048935 -4.88170258E-07
  8.9965744 -5.31663829E-07
  9.11265945 -5.76018635E-07
  9.22874355 -6.23027915E-07
  9.34482861 -6.74592002E-07
  9.46091366 -8.77222135E-07
  9.57699966 -9.70889118E-07
  9.69308376 -1.04190951E-06
  9.80916882 -1.11378654E-06
  9.92525387 -1.27195517E-06
  10.0413389 -1.37838367E-06
  10.157423 -1.58180137E-06
  10.2735081 -1.80790244E-06
  10.3895931 -2.00393038E-06
  10.5056791 -2.13654471E-06
  10.6217642 -2.4586966E-06
  10.7378483 -2.73581963E-06
  10.8539333 -2.99975045E-06
  10.9700193 -3.30242392E-06
  11.0861044 -3.69734153E-06
  11.2021894 -4.15920431E-06
  11.3182745 -4.50036032E-06
  11.4343605 -5.08535186E-06
  11.5504456 -5.62834612E-06
  11.6665306 -6.13066004E-06
  11.7826166 -6.77766229E-06
  11.8987017 -7.63677599E-06
  12.0147877 -8.57767373E-06
  12.1308737 -9.49396872E-06
  12.2469597 -1.04433375E-05
  12.3630457 -1.13197384E-05
  12.4791317 -1.24887247E-05
  12.5952187 -1.37499619E-05
  12.7113037 -1.55052057E-05
  12.8273907 -1.70413841E-05
  12.9434786 -1.87919923E-05
  13.0595655 -2.06421173E-05
  13.1756525 -2.29141606E-05
  13.2917404 -2.52667105E-05
  13.4078283 -2.77742583E-05
  13.5239162 -3.05794565E-05
  13.6400042 -3.35894147E-05
  13.756094 -3.70083872E-05
  13.8721838 -4.06238651E-05
  13.9882736 -4.47264974E-05
  14.1043644 -4.88838232E-05
  14.2204552 -5.41099616E-05
  14.3365469 -5.91719472E-05
  14.4526396 -6.47697088E-05
  14.5687332 -7.09233282E-05
  14.6848259 -7.76341476E-05
  14.8009214 -8.52355006E-05
  14.9170179 -9.31477261E-05
  15.0331154 -0.000101897182
  15.1492128 -0.000111610992
  15.2653131 -0.000121567959
  15.3814144 -0.000132686837
  15.4975185 -0.000144798585
  15.6136217 -0.000158022187
  15.7297287 -0.000171984997
  15.8458385 -0.0001870665
  15.9619493 -0.000203485411
  16.078064 -0.000221204988
  16.1941795 -0.000240241439
  16.3103008 -0.000261159556
  16.4264202 -0.000282887922
  16.5425472 -0.000306740461
  16.6586781 -0.000332363416
  16.7748127 -0.00035943379
  16.8909512 -0.00038923524
  17.0070953 -0.000420459139
  17.1232452 -0.000454372785
  17.2394009 -0.000489752449
  17.3555603 -0.000528097153
  17.4717274 -0.000568962598
  17.587904 -0.00061233819
  17.7040863 -0.000658315781
  17.8202782 -0.000707424537
  17.9364777 -0.000759186805
  18.0526886 -0.000813894323
  18.1689091 -0.000872063567
  18.2851429 -0.000933197676
  18.4013844 -0.000998140546
  18.5176411 -0.00106605503
  18.633913 -0.00113693101
  18.7501984 -0.00121189177
  18.8665009 -0.00129033334
  18.9828205 -0.00137218833
  19.0991573 -0.00145767746
  19.2155132 -0.0015462247
  19.3318882 -0.00163870549
  19.4482861 -0.00173444813
  19.5647087 -0.0018326306
  19.6811543 -0.00193464605
  19.7976265 -0.0020389501
  19.9141254 -0.00214640005
  20.030653 -0.00225585769
  20.147213 -0.00236720569
  20.2638035 -0.002480753
  20.3804264 -0.00259495876
  20.4970856 -0.00271010422
  20.6137829 -0.00282496959
  20.7305202 -0.00293920422
  20.8472977 -0.00305271591
  20.9641171 -0.0031633859
  21.0809803 -0.00327185425
  21.1978893 -0.00337573863
  21.3148441 -0.00347478222
  21.4318504 -0.00356829516
  21.5489063 -0.00365414284
  21.6660156 -0.00373067148
  21.7831764 -0.00379753555
  21.9003944 -0.00385218952
  22.0176678 -0.00389340706
  22.1349964 -0.00391953345
  22.2523842 -0.00392900687
  22.3698273 -0.00391932577
  22.4873314 -0.00388800772
  22.6048946 -0.00383359124
  22.7225151 -0.00375285698
  22.8401928 -0.00364419376
  22.9579277 -0.00350540364
  23.0757179 -0.00333309476
  23.1935596 -0.00312444824
  23.3114529 -0.00287800329
  23.4293919 -0.00259006978
  23.5473747 -0.00225880579
  23.6653996 -0.00188109325
  23.7834587 -0.0014539595
  23.9015465 -0.000974889263
  24.0196552 -0.000443491037
  24.1377811  0.00014423822
  24.2559128  0.000789236976
  24.3740425  0.00149332907
  24.4921608  0.00225663325
  24.6102562  0.00308004837
  24.7283173  0.00396415126
  24.8463326  0.00490595773
  24.9642849  0.00590505451
  25.0821648  0.0069583375
  25.1999531  0.00806168094
  25.3176346  0.00920986105
  25.4351902  0.0103962766
  25.5526066  0.0116133401
  25.6698666  0.0128510213
  25.7869473  0.0140978396
  25.9038353  0.0153415827
  26.0205097  0.0165670421
  26.1369534  0.0177588277
  26.2531471  0.01889823
  26.3690758  0.0199666955
  26.484726  0.0209439583
  26.6000824  0.021808479
  26.7151337  0.0225388128
  26.8298664  0.023112379
  26.9442749  0.0235082526
  27.0583534  0.0237053558
  27.1721001  0.0236843135
  27.2855129  0.0234290399
  27.3985977  0.0229246262
  27.5113621  0.0221591108
  27.6238155  0.0211268682
  27.7359734  0.0198242031
  27.8478527  0.0182550699
  27.9594746  0.0164259151
  28.0708656  0.014350499
  28.1820545  0.0120470403
  28.2930698  0.00954156741
  28.4039478  0.0068626469
  28.5147266  0.00404707436
  28.6254425  0.001134046
  28.7361355 -0.00183083734
  28.8468494 -0.00479988381
  28.9576244 -0.00772400014
  29.0685024 -0.010550187
  29.1795235 -0.0132246017
  29.2907276 -0.0156966392
  29.4021549 -0.0179145988
  29.5138359 -0.0198312849
  29.6258049 -0.0214026701
  29.7380848 -0.0225911438
  29.8507004 -0.0233630389
  29.963665 -0.0236958433
  30.0769901 -0.023572674
  30.1906757 -0.02298568
  30.304718 -0.0219379831
  30.4191055 -0.0204446074
  30.5338192 -0.0185308084
  30.6488285 -0.0162291937
  30.7640991 -0.0135923894
  30.879591 -0.0106765795
  30.9952564 -0.00755428523
  31.111042 -0.00430423627
  31.2268906 -0.00101935212
  31.3427486  0.00220434903
  31.4585571  0.00526153715
  31.5742588  0.00804466102
  31.6898041  0.0104465988
  31.8051453  0.0123614715
  31.9202442  0.0136928689
  32.0350723  0.0143565265
  32.1496124  0.0142808435
  32.2638588  0.0134172486
  32.3778229  0.0117400363
  32.4915199  0.00925285462
  32.6049919  0.005987613
  32.7182884  0.0020092621
  32.8314705 -0.00258727232
  32.9446106 -0.00767662562
  33.0577927 -0.0131040392
  33.1711121 -0.0186898671
  33.284668 -0.0242356621
  33.3985596 -0.0295324288
  33.5128899 -0.0343580469
  33.6277504 -0.0385019556
  33.7432404 -0.0417587794
  33.8594284 -0.0439503752
  33.976387 -0.0449279286
  34.0941467 -0.0445848368
  34.2127342 -0.0428697653
  34.3321342 -0.0397885293
  34.4523048 -0.0354129001
  34.573185 -0.0298795775
  34.694664 -0.023395991
  34.8166237 -0.0162267555
  34.9389076 -0.00868511293
  35.0613632 -0.00111653574
  35.1838188  0.00612450857
  35.306118  0.0126964161
  35.4281158  0.0183060579
  35.5496902  0.0227303896
  35.6707535  0.0258458722
  35.791256  0.0276382957
  35.9111748  0.0282099228
  36.0305214  0.0277709477
  36.1493378  0.0265955161
  36.2676735  0.0249848608
  36.3855782  0.0231808275
  36.5031052  0.0212789942
  36.6202812  0.0191289168
  36.7371254  0.01624397
  36.8536415  0.0117520783
  36.9698372  0.00441406993
