 -0.0580417886  0.
  0.0580430776 -3.20567835E-07
  0.174127951 -3.46028406E-09
  0.290212184  7.7146035E-07
  0.406297237 -1.21149367E-06
  0.522381961  1.00379009E-06
  0.638467014 -6.42311761E-07
  0.754551649 -3.87661503E-09
  0.870636523  9.31838073E-08
  0.986721218  1.17783138E-07
  1.10280597  2.33339165E-07
  1.21889067 -7.67510016E-07
  1.33497548  4.30274497E-07
  1.45106041 -7.63380257E-08
  1.56714523  8.39872811E-08
  1.68323028  3.46880711E-07
  1.79931486  1.38744568E-07
  1.91539955  9.08516462E-09
  2.03148437 -1.17317356E-07
  2.14756942 -6.6002471E-08
  2.26365423  2.68250915E-07
  2.37973905 -1.36357187E-07
  2.49582386 -1.71626596E-07
  2.61190844  4.06770013E-08
  2.72799349 -2.6872334E-07
  2.8440783  3.76096267E-07
  2.96016312 -2.148969E-07
  3.07624793  2.39077906E-07
  3.19233274  1.02502078E-07
  3.30841756 -4.83200154E-07
  3.42450237 -2.43963427E-07
  3.54058719  5.15760412E-09
  3.656672 -1.28260552E-07
  3.77275681  1.52633831E-07
  3.88884163 -1.15539464E-07
  4.0049262 -1.12365413E-07
  4.12101126 -3.15898887E-07
  4.23709583  1.01456592E-07
  4.35318089 -3.20952182E-07
  4.46926594 -2.29977388E-07
  4.58535051 -9.77172334E-08
  4.70143557 -3.45707491E-07
  4.81752062 -2.53376783E-07
  4.93360519 -3.01585487E-07
  5.04969072  1.59427884E-07
  5.16577482 -1.29669544E-07
  5.28186035 -1.5665465E-07
  5.39794493 -4.7509144E-07
  5.51402998 -5.48554965E-07
  5.63011456 -5.99039481E-07
  5.74619913 -1.09556834E-06
  5.86228418 -9.05105196E-07
  5.97836876 -7.60612124E-07
  6.09445381 -8.34194793E-07
  6.21053886 -5.44562795E-07
  6.32662344 -1.20894902E-06
  6.44270849 -1.08526922E-06
  6.55879354 -1.35084258E-06
  6.6748786 -1.39298493E-06
  6.79096365 -1.59120214E-06
  6.90704823 -1.8400782E-06
  7.02313375 -2.05404467E-06
  7.13921881 -2.28856311E-06
  7.25530386 -2.57433726E-06
  7.37138891 -2.79912547E-06
  7.48747396 -3.13707505E-06
  7.60355902 -3.53995279E-06
  7.71964455 -3.7764562E-06
  7.8357296 -4.22753055E-06
  7.95181513 -4.72571946E-06
  8.06790066 -4.98167674E-06
  8.18398571 -5.66598919E-06
  8.30007076 -6.14608507E-06
  8.41615677 -6.89528724E-06
  8.53224277 -7.73755983E-06
  8.64832878 -8.4387384E-06
  8.76441383 -9.31602244E-06
  8.88049984 -1.01779206E-05
  8.9965868 -1.14100339E-05
  9.11267281 -1.23194095E-05
  9.22875881 -1.36443159E-05
  9.34484577 -1.50050391E-05
  9.46093273 -1.62915403E-05
  9.57701969 -1.80716452E-05
  9.6931057 -1.99634142E-05
  9.80919361 -2.18370078E-05
  9.92528152 -2.39538804E-05
  10.0413694 -2.62139329E-05
  10.1574574 -2.87291841E-05
  10.2735462 -3.1395015E-05
  10.3896351 -3.45874432E-05
  10.5057249 -3.78784898E-05
  10.6218147 -4.14012284E-05
  10.7379045 -4.51124433E-05
  10.8539953 -4.92447471E-05
  10.9700871 -5.39652428E-05
  11.0861797 -5.90728632E-05
  11.2022715 -6.425834E-05
  11.3183661 -7.01028257E-05
  11.4344606 -7.67602032E-05
  11.5505562 -8.35300234E-05
  11.6666517 -9.06861678E-05
  11.7827501 -9.89514592E-05
  11.8988485 -0.000107855689
  12.0149498 -0.000117160664
  12.1310511 -0.000127098552
  12.2471542 -0.000138339848
  12.3632593 -0.000149874482
  12.4793663 -0.000162458338
  12.5954752 -0.000176270652
  12.711586 -0.000190839026
  12.8276997 -0.000206794677
  12.9438152 -0.000223731549
  13.0599346 -0.000241984875
  13.1760559 -0.000260952977
  13.292181 -0.000281817163
  13.4083109 -0.000304288318
  13.5244436 -0.000328266382
  13.6405792 -0.000353237556
  13.7567215 -0.000380627927
  13.8728676 -0.000409608736
  13.9890194 -0.000440097414
  14.1051769 -0.000472877844
  14.2213392 -0.000507589139
  14.3375092 -0.000544217532
  14.4536858 -0.000583075685
  14.56987 -0.000623844913
  14.6860619 -0.000667461427
  14.8022623 -0.000713802176
  14.9184732 -0.000761885021
  15.0346928 -0.000813153572
  15.1509228 -0.000866746937
  15.2671652 -0.000922436302
  15.383419 -0.000981258345
  15.4996862 -0.00104274601
  15.6159658 -0.00110732997
  15.7322607 -0.00117441255
  15.8485718 -0.00124459446
  15.9648991 -0.00131724472
  16.0812435 -0.00139210268
  16.197607 -0.00146997615
  16.3139896 -0.00155086932
  16.4303913 -0.00163334259
  16.5468159 -0.00171801262
  16.6632652 -0.00180552818
  16.7797375 -0.0018944497
  16.8962364 -0.00198551081
  17.0127602 -0.00207767938
  17.1293144 -0.00217123493
  17.2458973 -0.00226542912
  17.3625088 -0.00235981937
  17.4791546 -0.00245424337
  17.5958347 -0.00254784967
  17.7125511 -0.00264032115
  17.8293018 -0.00273207063
  17.9460926 -0.00282083941
  18.0629215 -0.00290611736
  18.1797905 -0.00298767933
  18.2967014 -0.00306496909
  18.4136562 -0.00313618174
  18.5306549 -0.0032011182
  18.6476994 -0.00325786974
  18.7647915 -0.00330608501
  18.8819313 -0.00334446505
  18.9991188 -0.00337165198
  19.1163559 -0.00338574103
  19.2336426 -0.00338536035
  19.3509769 -0.00337007013
  19.4683628 -0.00333723938
  19.5857983 -0.0032851568
  19.7032833 -0.00321241887
  19.8208179 -0.00311768637
  19.9384003 -0.00299852062
  20.0560284 -0.00285250158
  20.1737022 -0.002679253
  20.2914181 -0.00247506099
  20.4091721 -0.00223858375
  20.5269661 -0.00196871255
  20.6447926 -0.00166181696
  20.7626495 -0.00131696672
  20.8805313 -0.000932460942
  20.9984322 -0.000505859323
  21.1163483 -3.59019941E-05
  21.234272  0.000478737435
  21.3521938  0.00103977439
  21.4701118  0.00164783071
  21.5880127  0.00230373279
  21.7058887  0.00300757564
  21.8237305  0.00375891174
  21.9415264  0.00455826521
  22.0592632  0.00540261064
  22.1769333  0.00629058154
  22.2945213  0.00721957395
  22.4120102  0.00818612892
  22.5293941  0.00918455515
  22.6466522  0.0102104032
  22.763773  0.0112563893
  22.8807392  0.0123150852
  22.9975376  0.0133765629
  23.114151  0.01443105
  23.230566  0.0154670952
  23.3467674  0.0164719
  23.462738  0.0174318012
  23.5784683  0.0183315407
  23.693943  0.0191558395
  23.8091545  0.0198886469
  23.9240875  0.0205141883
  24.0387363  0.0210128799
  24.1530914  0.0213707592
  24.2671528  0.0215707254
  24.3809128  0.0215980727
  24.4943733  0.0214394629
  24.6075401  0.0210815761
  24.7204132  0.0205164719
  24.833004  0.0197369047
  24.945322  0.0187388547
  25.0573807  0.0175224617
  25.1691971  0.016089756
  25.2807903  0.0144479964
  25.3921814  0.0126099326
  25.503397  0.0105893165
  25.6144657  0.0084062973
  25.7254124  0.00608236808
  25.8362732  0.00364594162
  25.9470768  0.00112631475
  26.0578594 -0.0014428132
  26.1686554 -0.0040268763
  26.2794991 -0.00658960454
  26.3904285 -0.00909105968
  26.5014782 -0.0114932936
  26.6126823 -0.0137583753
  26.7240734 -0.0158486106
  26.8356819 -0.0177302789
  26.9475365 -0.0193682723
  27.0596638 -0.0207340326
  27.1720848 -0.021802457
  27.2848148 -0.0225519463
  27.3978748 -0.0229674894
  27.5112686 -0.0230393372
  27.6250038 -0.0227613244
  27.7390766 -0.0221376922
  27.8534832 -0.0211763121
  27.9682102 -0.0198931042
  28.0832405 -0.0183112156
  28.1985493 -0.016457146
  28.3141117 -0.0143686486
  28.4298954 -0.012085692
  28.5458641 -0.00965685677
  28.6619759 -0.00713719148
  28.7781925 -0.0045819683
  28.8944683 -0.0020546529
  29.0107594  0.000378067518
  29.1270256  0.00265159947
  29.2432232  0.00469524646
  29.3593197  0.00644395407
  29.4752789  0.00783539936
  29.591074  0.00880824588
  29.7066879  0.00931494217
  29.8221035  0.00931354892
  29.9373226  0.008774844
  30.0523453  0.00768459542
  30.1671867  0.00604348071
  30.2818737  0.0038680227
  30.3964367  0.00119425508
  30.5109196 -0.00192390871
  30.6253719 -0.00541499536
  30.739851 -0.00919118244
  30.8544197 -0.0131487893
  30.9691448 -0.0171727855
  31.0841026 -0.0211341176
  31.199358 -0.024902137
  31.314991 -0.0283405129
  31.4310684 -0.0313154757
  31.5476532 -0.0336980559
  31.6648006 -0.0353715904
  31.7825584 -0.0362344272
  31.9009571 -0.0362040251
  32.0200119 -0.0352235027
  32.1397324 -0.03326343
  32.2600861 -0.0303227026
  32.3810425 -0.0264389254
  32.5025368 -0.0216792878
  32.624485 -0.0161486454
  32.746788 -0.00998718292
  32.8693237 -0.00336750736
  32.9919662  0.00350882416
  33.1145668  0.0104137845
  33.2369881  0.017104391
  33.3590927  0.0233315546
  33.4807434  0.0288477167
  33.6018333  0.0334257595
  33.7222672  0.0368680693
  33.84198  0.0390284136
  33.9609375  0.0398132987
  34.0791245  0.0392006226
  34.1965714  0.037242502
  34.3133202  0.0340603143
  34.4294472  0.0298502296
  34.5450478  0.0248627923
  34.6602287  0.0193946678
  34.7751007  0.0137617607
  34.8897858  0.00829036534
  35.0043945  0.00327510922
  35.1190262 -0.00103014754
  35.2337646 -0.00444635842
  35.3486748 -0.00688027916
  35.4637985 -0.00833346602
  35.5791473 -0.0089026466
  35.6947174 -0.00876378082
  35.8104935 -0.00813235715
  35.926445 -0.00723762903
  36.0425301 -0.00625477405
  36.1587296 -0.0052786665
  36.2750206 -0.00427802652
  36.3913841 -0.00311213452
  36.5078201 -0.00157718419
  36.6242981  0.000469318649
  36.7407722  0.00290716672
  36.8571548  0.00507141883
  36.9732895  0.00540845236
