 -6.94428991E-07  0.
  0.116084591  4.28408384E-08
  0.232169837 -1.37835741E-07
  0.232169837 -0.0409378409
  0.232169837 -1.37835741E-07
  0.34825483  4.47034836E-08
  0.464339584 -5.96046448E-08
  0.58042419  3.12924385E-07
  0.696508944 -1.86264515E-07
  0.812593937 -4.47034836E-08
  0.812593937 -0.143282294
  0.812593937 -4.47034836E-08
  0.928678811 -4.47034836E-08
  1.04476357  4.47034836E-08
  1.16084838 -8.94069672E-08
  1.27693319 -1.49011612E-08
  1.39301801 -2.98023224E-08
  1.50910294 -2.98023224E-08
  1.62518775  0.
  1.74127257  0.
  1.85735726 -2.98023224E-08
  1.97344196  8.94069672E-08
  2.08952665  2.98023224E-08
  2.20561171  2.98023224E-08
  2.32169652 -2.98023224E-08
  2.4377811  8.94069672E-08
  2.55386591  1.1920929E-07
  2.55386591 -0.450315475
  2.55386591  1.1920929E-07
  2.66995072  1.78813934E-07
  2.78603578  1.1920929E-07
  2.90212059  0.
  3.0182054  5.96046448E-08
  3.13429022  5.96046448E-08
  3.25037527 -1.1920929E-07
  3.36646008  0.
  3.4825449 -5.96046448E-08
  3.59862971 -5.96046448E-08
  3.71471453  0.
  3.83079934  5.96046448E-08
  3.94688392  5.96046448E-08
  4.06296921 -1.78813934E-07
  4.17905378  5.96046448E-08
  4.29513884 -1.1920929E-07
  4.41122341  0.
  4.52730846  0.
  4.64339304  1.1920929E-07
  4.75947809  0.
  4.87556267 -5.96046448E-08
  4.99164772  0.
  5.1077323  1.1920929E-07
  5.22381735  0.
  5.22381735 -0.910194933
  5.22381735  0.
  5.33990192  5.96046448E-08
  5.45598698  0.
  5.57207203 -5.96046448E-08
  5.6881566  0.
  5.80424166 -2.98023224E-07
  5.92032623 -1.1920929E-07
  6.03641129  1.1920929E-07
  6.15249634 -5.96046448E-08
  6.26858091  1.1920929E-07
  6.38466549  0.
  6.50075054  0.
  6.61683512  0.
  6.73292017  0.
  6.84900475  0.
  6.9650898  0.
  7.08117437  0.
  7.19725943  0.
  7.313344  0.
  7.42942905  0.
  7.54551411  0.
  7.66159868  0.
  7.66159868 -1.
  7.66159868  0.
  7.77768373  0.
  7.89376831  0.
  8.00985336  0.
  8.12593842  0.
  8.24202251  0.
  8.35810757  0.
  8.47419262  0.
  8.59027767  0.
  8.70636177  0.
  8.82244682  0.
  8.93853188  0.
  9.05461693  0.
  9.17070103  0.
  9.28678608  0.
  9.40287113  0.
  9.51895618  0.
  9.63504124  0.
  9.75112534  0.
  9.86721039  0.
  9.98329544  0.
  10.0993805  0.
  10.2154646  0.
  10.3315496  0.
  10.4476347  0.
  10.5637197  0.
  10.6798038  0.
  10.7958889  0.
  10.911974  0.
  11.028059  0.
  11.1441441  0.
  11.2602282  0.
  11.3763132  0.
  11.4923983  0.
  11.6084833  0.
  11.7245674  0.
  11.8406525  0.
  11.9567375  0.
  12.0728226 -5.96046448E-08
  12.1889067 -1.1920929E-07
  12.3049917 -1.78813934E-07
  12.4210768 -1.78813934E-07
  12.5371618 -2.38418579E-07
  12.6532459 -2.98023224E-07
  12.769331 -3.57627869E-07
  12.885416 -4.17232513E-07
  13.0015011 -4.76837158E-07
  13.1175861 -5.96046448E-07
  13.2336712 -7.15255737E-07
  13.3497562 -7.74860382E-07
  13.4658413 -8.94069672E-07
  13.5819263 -1.07288361E-06
  13.6980104 -1.1920929E-06
  13.8140955 -1.37090683E-06
  13.9301805 -1.60932541E-06
  14.0462666 -1.78813934E-06
  14.1623507 -2.02655792E-06
  14.2784357 -2.2649765E-06
  14.3945208 -2.56299973E-06
  14.5106068 -2.98023224E-06
  14.6266909 -3.27825546E-06
  14.7427769 -3.69548798E-06
  14.8588619 -4.17232513E-06
  14.9749479 -4.70876694E-06
  15.091033 -5.30481339E-06
  15.207118 -6.02006912E-06
  15.323204 -6.67572021E-06
  15.43929 -7.51018524E-06
  15.5553761 -8.46385956E-06
  15.6714611 -9.53674316E-06
  15.7875471 -1.05500221E-05
  15.9036331 -1.18017197E-05
  16.0197201 -1.31726265E-05
  16.135807 -1.47223473E-05
  16.251894 -1.6450882E-05
  16.367979 -1.84774399E-05
  16.484066 -2.04443932E-05
  16.600153 -2.27689743E-05
  16.7162418 -2.54511833E-05
  16.8323288 -2.83122063E-05
  16.9484177 -3.16500664E-05
  17.0645065 -3.52263451E-05
  17.1805973 -3.92794609E-05
  17.2966862 -4.35113907E-05
  17.412775 -4.83393669E-05
  17.5288658 -5.37633896E-05
  17.6449566 -5.96642494E-05
  17.7610493 -6.61015511E-05
  17.8771439 -7.3492527E-05
  17.9932365 -8.14795494E-05
  18.1093311 -9.01222229E-05
  18.2254276 -9.98973846E-05
  18.3415241 -0.000110566616
  18.4576225 -0.000122487545
  18.5737228 -0.000135362148
  18.6898232 -0.000149428844
  18.8059273 -0.000165104866
  18.9220314 -0.000182271004
  19.0381393 -0.000201046467
  19.1542492 -0.000221788883
  19.2703609 -0.00024420023
  19.3864746 -0.00026923418
  19.5025921 -0.000296354294
  19.6187134 -0.000325798988
  19.7348385 -0.000358223915
  19.8509674 -0.000393629074
  19.9671001 -0.000432312489
  20.0832367 -0.000474393368
  20.1993809 -0.000520169735
  20.315527 -0.000570178032
  20.4316807 -0.000624418259
  20.547842 -0.000683367252
  20.664011 -0.000747382641
  20.7801857 -0.000816822052
  20.8963699 -0.000892162323
  21.0125637 -0.000973403454
  21.128767 -0.00106167793
  21.2449818 -0.00115692616
  21.3612041 -0.00125962496
  21.4774437 -0.00137078762
  21.5936947 -0.00149029493
  21.7099609 -0.00161886215
  21.8262424 -0.00175720453
  21.9425392 -0.00190556049
  22.0588551 -0.0020648241
  22.17519 -0.0022354722
  22.2915459 -0.00241833925
  22.4079227 -0.00261378288
  22.5243244 -0.00282227993
  22.6407509 -0.00304460526
  22.7572041 -0.00328117609
  22.8736858 -0.0035327673
  22.9901981 -0.00380009413
  23.1067429 -0.00408345461
  23.2233219 -0.00438314676
  23.3399334 -0.00470030308
  23.4565868 -0.00503462553
  23.5732803 -0.00538706779
  23.6900158 -0.00575774908
  23.8067951 -0.00614655018
  23.9236221 -0.0065535903
  24.0404987 -0.00697976351
  24.1574249 -0.00742411613
  24.2744064 -0.00788670778
  24.3914413 -0.00836694241
  24.5085335 -0.00886434317
  24.6256886 -0.00937855244
  24.7429028 -0.00990790129
  24.8601818 -0.0104519129
  24.9775257 -0.0110087991
  25.0949383 -0.0115766525
  25.2124157 -0.0121538639
  25.3299618 -0.0127378702
  25.4475803 -0.0133261681
  25.5652695 -0.01391536
  25.6830273 -0.0145024657
  25.8008556 -0.015083611
  25.9187527 -0.0156542063
  26.0367165 -0.0162100792
  26.154747 -0.0167452097
  26.2728386 -0.0172544718
  26.3909893 -0.0177317262
  26.5091953 -0.0181697011
  26.6274529 -0.0185616016
  26.7457542 -0.0188996196
  26.8640919 -0.0191751122
  26.9824581 -0.0193796754
  27.1008453 -0.0195039511
  27.2192421 -0.0195381641
  27.337635 -0.0194723606
  27.4560146 -0.0192959309
  27.5743656 -0.0189989209
  27.6926727 -0.0185704231
  27.8109188 -0.0179999471
  27.9290886 -0.0172766447
  28.0471611 -0.0163914561
  28.1651173 -0.0153346062
  28.2829361 -0.0140980482
  28.4005947 -0.0126741529
  28.518074 -0.0110577345
  28.6353493 -0.00924444199
  28.7523994 -0.00723290443
  28.8691998 -0.00502336025
  28.9857311 -0.00261962414
  29.1019707 -2.85506248E-05
  29.2178974  0.00273990631
  29.3334961  0.00567162037
  29.4487495  0.00874829292
  29.5636463  0.0119481087
  29.678175  0.0152443647
  29.7923279  0.0186065435
  29.9061031  0.0219999552
  30.0195007  0.0253863335
  30.1325283  0.0287235975
  30.2451954  0.0319671631
  30.3575134  0.0350711346
  30.4695091  0.0379869938
  30.5812016  0.0406669378
  30.6926212  0.0430631638
  30.8038044  0.0451314449
  30.9147854  0.0468281507
  31.02561  0.0481160879
  31.136322  0.0489627123
  31.2469654  0.0493428707
  31.3575974  0.0492383242
  31.4682674  0.0486409664
  31.5790253  0.0475517511
  31.6899242  0.0459828377
  31.8010139  0.0439571142
  31.9123402  0.0415084362
  32.0239525  0.0386832952
  32.1358833  0.0355389118
  32.2481689  0.0321420431
  32.3608322  0.0285712481
  32.473896  0.0249116421
  32.5873604  0.0212566853
  32.7012253  0.0177043676
  32.8154793  0.0143557787
  32.9300919  0.0113115311
  33.0450287  0.00866913795
  33.1602402  0.00652015209
  33.2756653  0.00494658947
  33.3912315  0.00401616096
  33.5068665  0.00377881527
  33.6224861  0.00426518917
  33.7380066  0.00547850132
  33.8533516  0.00739598274
  33.9684372  0.00996363163
  34.0831985  0.0130964518
  34.1975822  0.0166791677
  34.3115463  0.0205641985
  34.4250679  0.0245802402
  34.5381508  0.0285331011
  34.6508102  0.0322157145
  34.7630997  0.0354126692
  34.8750763  0.0379160643
  34.9868355  0.039529562
  35.0984764  0.0400876999
  35.2101212  0.039460659
  35.3218994  0.0375692844
  35.4339523  0.0343947411
  35.5464172  0.0299845934
  35.6594276  0.0244596004
  35.7731018  0.0180125237
  35.8875313  0.0109003782
  36.0027924  0.00343728065
  36.1189156 -0.00403738022
  36.2358932 -0.011179328
  36.3536797 -0.0176911354
  36.4721985 -0.0233671069
  36.5913467 -0.0281514525
  36.7110443 -0.032192409
  36.8312225 -0.0358859897
  36.9518776 -0.0399037004
