  1.18827677E-06 -2.38418579E-07
  0.116088912 -1.16974115E-06
  0.232176796 -2.3804605E-06
  0.232176796 -0.0409390926
  0.232176796 -2.3804605E-06
  0.348264843 -3.46079469E-06
  0.464353174 -5.11109829E-06
  0.580442131 -7.01099634E-06
  0.696531773 -9.54419374E-06
  0.81262213 -1.20699406E-05
  0.81262213 -0.143287241
  0.81262213 -1.20699406E-05
  0.928713083 -1.52587891E-05
  1.04480493 -1.91926956E-05
  1.16089749 -2.31713057E-05
  1.27699089 -2.76565552E-05
  1.39308536 -3.33636999E-05
  1.5091809 -3.93986702E-05
  1.62527764 -4.64320183E-05
  1.74137545 -5.39124012E-05
  1.85747421 -6.24060631E-05
  1.9735744 -7.14659691E-05
  2.0896759 -8.16583633E-05
  2.20577908 -9.31322575E-05
  2.32188368 -0.000105708838
  2.43798995 -0.000119030476
  2.55409789 -0.000133633614
  2.55409789 -0.450356364
  2.55409789 -0.000133633614
  2.6702075 -0.000149637461
  2.78631926 -0.000166833401
  2.90243268 -0.000185489655
  3.01854825 -0.00020557642
  3.13466573 -0.000227153301
  3.25078535 -0.000249803066
  3.36690736 -0.000274658203
  3.48303175 -0.000300884247
  3.59915853 -0.000329256058
  3.71528769 -0.000359237194
  3.83141947 -0.000391066074
  3.94755387 -0.000424683094
  4.06369162 -0.000460624695
  4.17983198 -0.000498592854
  4.29597521 -0.00053858757
  4.41212177 -0.000581085682
  4.52827168 -0.000625252724
  4.64442444 -0.000672221184
  4.76058197 -0.000721156597
  4.87674284 -0.000772476196
  4.99290895 -0.000826120377
  5.10907936 -0.000882506371
  5.22525644 -0.000941574574
  5.22525644 -0.910391986
  5.22525644 -0.000941574574
  5.34143972 -0.00100338459
  5.45763016 -0.00106823444
  5.5738287 -0.00113660097
  5.69003487 -0.00120824575
  5.80625105 -0.00128370523
  5.92247725 -0.00136327744
  6.03871441 -0.00144767761
  6.15496302 -0.00153660774
  6.27122402 -0.00163078308
  6.3874979 -0.00173062086
  6.50378609 -0.00183624029
  6.62008762 -0.0019479394
  6.73640442 -0.00206589699
  6.852736 -0.00219076872
  6.96908331 -0.00232213736
  7.08544636 -0.00246036053
  7.2018261 -0.00260537863
  7.318223 -0.00275689363
  7.43463802 -0.00291574001
  7.55107212 -0.00308102369
  7.66752577 -0.00325381756
  7.66752577 -1.
  7.66752577 -0.00325381756
  7.7840004 -0.00343370438
  7.90049601 -0.00362110138
  8.0170145 -0.00381571054
  8.13355541 -0.00401759148
  8.25012016 -0.00422692299
  8.36671066 -0.00444340706
  8.48332691 -0.00466704369
  8.59996986 -0.00489854813
  8.71663952 -0.00513619184
  8.83333778 -0.00538098812
  8.95006561 -0.0056322217
  9.06682396 -0.00588983297
  9.18361092 -0.0061532855
  9.3004303 -0.00642228127
  9.4172821 -0.006696105
  9.53416634 -0.00697422028
  9.65108299 -0.0072568655
  9.76803303 -0.00754225254
  9.88501644 -0.00783002377
  10.0020351 -0.00811958313
  10.1190872 -0.00840985775
  10.2361736 -0.0086992383
  10.3532944 -0.00898754597
  10.4704485 -0.00927305222
  10.5876369 -0.00955420732
  10.7048578 -0.00982999802
  10.8221111 -0.0100985169
  10.9393959 -0.0103580356
  11.0567102 -0.0106071234
  11.1740541 -0.010843277
  11.2914238 -0.0110651255
  11.4088202 -0.0112695098
  11.5262394 -0.0114551783
  11.6436787 -0.0116190314
  11.7611361 -0.0117582679
  11.8786087 -0.0118703246
  11.9960938 -0.0119526386
  12.1135855 -0.0120015144
  12.231081 -0.0120148659
  12.3485756 -0.0119881034
  12.4660654 -0.0119190216
  12.5835438 -0.0118035078
  12.701005 -0.0116382837
  12.8184443 -0.0114198923
  12.935854 -0.0111447573
  13.0532274 -0.0108087659
  13.170557 -0.0104085803
  13.2878342 -0.00994050503
  13.4050531 -0.00940108299
  13.5222034 -0.00878745317
  13.6392765 -0.00809568167
  13.7562628 -0.00732332468
  13.8731537 -0.00646734238
  13.9899387 -0.00552541018
  14.1066084 -0.00449573994
  14.2231512 -0.00337672234
  14.3395596 -0.00216782093
  14.455821 -0.000867903233
  14.5719261  0.000522017479
  14.6878643  0.00200080872
  14.803627  0.00356674194
  14.9192047  0.00521636009
  15.0345879  0.00694620609
  15.1497688  0.00875198841
  15.264739  0.0106263161
  15.3794937  0.012562871
  15.4940262  0.0145533085
  15.6083317  0.0165878534
  15.7224054  0.0186553001
  15.8362484  0.0207444429
  15.9498577  0.0228421688
  16.0632343  0.0249341726
  16.1763802  0.0270057917
  16.2893009  0.0290414095
  16.4020004  0.0310237408
  16.5144882  0.0329369307
  16.6267719  0.0347625017
  16.7388649  0.0364841223
  16.8507767  0.0380839109
  16.9625244  0.0395447016
  17.0741234  0.0408499241
  17.1855927  0.0419844389
  17.2969494  0.0429338217
  17.4082127  0.0436842442
  17.5194111  0.0442247391
  17.6305618  0.0445444584
  17.7416916  0.0446362495
  17.8528252  0.0444942713
  17.9639854  0.0441151857
  18.0751991  0.0434974432
  18.1864891  0.0426425934
  18.297884  0.0415555239
  18.4094067  0.0402415991
  18.5210838  0.0387108326
  18.6329365  0.0369746685
  18.7449875  0.035046339
  18.8572559  0.0329421759
  18.9697609  0.0306811333
  19.0825233  0.0282819271
  19.1955528  0.0257667303
  19.3088646  0.0231584311
  19.4224701  0.0204799175
  19.5363789  0.0177568197
  19.6505928  0.0150136948
  19.7651157  0.0122760534
  19.8799458  0.00956785679
  19.9950829  0.00691461563
  20.1105175  0.00433969498
  20.2262421  0.00186562538
  20.342247 -0.000485241413
  20.4585171 -0.00269466639
  20.575037 -0.00474298
  20.6917839 -0.00661575794
  20.8087425 -0.00829797983
  20.9258862 -0.00977897644
  21.0431919 -0.0110501051
  21.1606369 -0.0121055841
  21.2781925 -0.0129418373
  21.3958359 -0.0135600567
  21.5135422 -0.0139632225
  21.6312828 -0.0141572356
  21.7490349 -0.0141533613
  21.8667736 -0.0139635801
  21.9844818 -0.0136055946
  22.1021385 -0.0130984783
  22.2197266 -0.0124648213
  22.3372307 -0.0117303133
  22.4546452 -0.0109229684
  22.5719624 -0.0100727081
  22.6891785 -0.00921064615
  22.8062916 -0.00837004185
  22.9233112 -0.00758391619
  23.0402412 -0.00688576698
  23.1570988 -0.00630706549
  23.2738934 -0.00587791204
  23.3906498 -0.00562745333
  23.5073891 -0.00558000803
  23.624136 -0.00575697422
  23.7409172 -0.00617319345
  23.8577633 -0.00684088469
  23.9747009 -0.00776576996
  24.0917645 -0.00894576311
  24.2089825 -0.0103728771
  24.3263798 -0.0120326877
  24.4439907 -0.0139044523
  24.5618362 -0.015958488
  24.6799355 -0.0181595683
  24.7983074 -0.0204665661
  24.9169617 -0.0228328109
  25.0359039 -0.0252052546
  25.1551323 -0.0275281072
  25.2746372 -0.0297418833
  25.3944073 -0.0317854285
  25.5144157 -0.0335959792
  25.6346302 -0.0351111889
  25.7550125 -0.0362725258
  25.8755131 -0.0370235443
  25.9960804 -0.037312746
  26.1166496 -0.0370962024
  26.2371597 -0.036338985
  26.3575382 -0.0350145102
  26.4777164 -0.0331090689
  26.5976238 -0.0306252241
  26.7171879 -0.0275750756
  26.8363457 -0.0239907503
  26.9550381 -0.0199185014
  27.0732117 -0.0154223442
  27.1908264 -0.0105822682
  27.3078499 -0.00549191236
  27.4242706 -0.000259876251
  27.5400829  0.00499498844
  27.6552963  0.0101472139
  27.7699375  0.0150655508
  27.8840427  0.0196216106
  27.9976692  0.0236883163
  28.1108761  0.0271503925
  28.2237415  0.0299041271
  28.3363476  0.0318650007
  28.4487877  0.0329687595
  28.5611553  0.0331763029
  28.6735516  0.0324748755
  28.7860718  0.0308814049
  28.8988132  0.0284421444
  29.0118637  0.025228858
  29.125309  0.0213444233
  29.2392139  0.0169149637
  29.3536396  0.012086153
  29.468626  0.00702190399
  29.584198  0.00189435482
  29.7003536 -0.0031183362
  29.8170795 -0.00784099102
  29.9343338 -0.012106657
  30.0520611 -0.0157665014
  30.1701813 -0.0186941028
  30.2886028 -0.0207889676
  30.4072247 -0.0219865441
  30.5259361 -0.0222597718
  30.6446247 -0.0216180682
  30.7631836 -0.0201112032
  30.8815136 -0.0178288817
  30.9995289 -0.0148919225
  31.1171646 -0.0114535093
  31.2343693 -0.00768703222
  31.3511257 -0.00378137827
  31.4674263  7.03334808E-05
  31.5832939  0.00368154049
  31.6987705  0.00687897205
  31.8139114  0.00951445103
  31.928791  0.0114744902
  32.0434914  0.0126831532
  32.1580963  0.0131094456
  32.2727013  0.0127668381
  32.3873825  0.011716485
  32.5022163  0.0100576878
  32.6172676  0.00792837143
  32.7325745  0.00549173355
  32.848175  0.00292551517
  32.9640656  0.000409722328
  33.0802345 -0.00188583136
  33.1966515 -0.00381577015
  33.3132668 -0.00526708364
  33.4300194 -0.00617140532
  33.5468483 -0.00650924444
  33.663681 -0.00630533695
  33.7804604 -0.00563317537
  33.8971443 -0.00459885597
  34.0136909 -0.00333416462
  34.130085 -0.00197845697
  34.2463264 -0.000666797161
  34.3624191  0.000485539436
  34.4783974  0.00139319897
  34.5942841  0.00201117992
  34.7101135  0.00233316422
  34.8259239  0.00238978863
  34.9417419  0.00223660469
  35.0575867  0.00194692612
  35.1734657  0.00158977509
  35.2893867  0.00121831894
  35.4053535  0.000860214233
  35.5213585  0.000513195992
  35.6374054  0.000154495239
  35.7534943 -0.000245630741
  35.8696327 -0.000698804855
  35.9858284 -0.00117707253
  36.1020737 -0.00159084797
  36.2183571 -0.00180077553
  36.3346405 -0.00164288282
  36.450882 -0.00100117922
  36.5670166  9.09566879E-05
  36.6830177  0.00134003162
  36.7989006  0.00211727619
  36.9147758  0.00149464607
  37.0308647 -0.00149971247
