 -7.20137677E-07  0.
  0.116084032  1.86264515E-07
  0.232168838  1.63912773E-07
  0.232168838 -0.0409376621
  0.232168838  1.63912773E-07
  0.348253727  1.3038516E-07
  0.46433866 -5.21540642E-08
  0.580423713 -1.71363354E-07
  0.696508706 -2.98023224E-08
  0.812593937 -8.19563866E-07
  0.812593937 -0.143282294
  0.812593937 -8.19563866E-07
  0.928679287 -6.55651093E-07
  1.0447644 -6.55651093E-07
  1.16084957 -9.53674316E-07
  1.27693486 -1.62422657E-06
  1.39302039 -1.7285347E-06
  1.50910592 -2.50339508E-06
  1.62519181 -2.89082527E-06
  1.74127758 -3.60608101E-06
  1.85736334 -3.9935112E-06
  1.97344911 -4.82797623E-06
  2.08953524 -5.78165054E-06
  2.20562148 -6.76512718E-06
  2.32170796 -7.83801079E-06
  2.43779445 -9.05990601E-06
  2.55388117 -1.04010105E-05
  2.55388117 -0.450318158
  2.55388117 -1.04010105E-05
  2.66996813 -1.20103359E-05
  2.78605556 -1.39176846E-05
  2.902143 -1.55568123E-05
  3.01823068 -1.78217888E-05
  3.13431835 -2.02059746E-05
  3.2504065 -2.24113464E-05
  3.36649489 -2.52723694E-05
  3.48258352 -2.81333923E-05
  3.59867263 -3.15904617E-05
  3.71476197 -3.51071358E-05
  3.83085155 -3.89814377E-05
  3.94694161 -4.31537628E-05
  4.06303263 -4.78029251E-05
  4.17912292 -5.2511692E-05
  4.29521465 -5.75780869E-05
  4.41130638 -6.3419342E-05
  4.52739906 -6.92605972E-05
  4.64349174 -7.58767128E-05
  4.75958586 -8.29696655E-05
  4.87567949 -9.03606415E-05
  4.99177456 -9.83476639E-05
  5.1078701 -0.000107109547
  5.22396708 -0.000116050243
  5.22396708 -0.910215437
  5.22396708 -0.000116050243
  5.34006405 -0.0001257658
  5.45616293 -0.000136017799
  5.57226324 -0.000147283077
  5.68836403 -0.000159144402
  5.80446672 -0.000171780586
  5.92057085 -0.000185728073
  6.03667688 -0.000200688839
  6.15278482 -0.000216901302
  6.26889515 -0.000234425068
  6.38500738 -0.000253081322
  6.501122 -0.00027358532
  6.61723948 -0.000295519829
  6.73336029 -0.000319421291
  6.84948301 -0.000345051289
  6.96561003 -0.000372588634
  7.08173943 -0.000402331352
  7.19787312 -0.000434458256
  7.31401014 -0.000468611717
  7.43015194 -0.000505387783
  7.54629803 -0.000544726849
  7.66244841 -0.000586807728
  7.66244841 -1.
  7.66244841 -0.000586807728
  7.77860403 -0.00063174963
  7.8947649 -0.000679731369
  8.01093197 -0.000731170177
  8.12710476 -0.000785946846
  8.24328423 -0.000844240189
  8.35947037 -0.000906646252
  8.47566509 -0.000972628593
  8.59186745 -0.0010433197
  8.70807648 -0.00111818314
  8.824296 -0.00119787455
  8.94052601 -0.00128233433
  9.0567646 -0.00137168169
  9.17301369 -0.00146663189
  9.28927517 -0.0015668869
  9.40554905 -0.00167298317
  9.52183533 -0.00178521872
  9.638134 -0.00190353394
  9.75444698 -0.00202822685
  9.87077618 -0.0021597743
  9.98712063 -0.00229811668
  10.1034813 -0.00244355202
  10.2198582 -0.00259643793
  10.3362551 -0.00275683403
  10.4526711 -0.00292462111
  10.5691071 -0.0031003952
  10.6855631 -0.00328445435
  10.8020411 -0.00347644091
  10.9185429 -0.00367665291
  11.0350685 -0.00388532877
  11.1516199 -0.00410240889
  11.2681952 -0.00432795286
  11.384798 -0.00456184149
  11.5014296 -0.00480413437
  11.6180897 -0.00505506992
  11.7347784 -0.0053139925
  11.8514996 -0.00558084249
  11.9682522 -0.0058555007
  12.0850372 -0.00613766909
  12.2018557 -0.00642734766
  12.3187094 -0.00672328472
  12.4355974 -0.00702542067
  12.5525227 -0.00733327866
  12.6694822 -0.00764596462
  12.7864809 -0.00796335936
  12.9035168 -0.00828379393
  13.0205898 -0.00860667229
  13.137702 -0.00893098116
  13.2548513 -0.00925570726
  13.3720398 -0.00957924128
  13.4892673 -0.00990009308
  13.6065311 -0.010217011
  13.7238321 -0.0105285645
  13.8411703 -0.0108321309
  13.9585447 -0.0111262798
  14.0759525 -0.0114088655
  14.1933918 -0.0116775036
  14.3108635 -0.0119300485
  14.4283638 -0.0121634007
  14.5458908 -0.012375176
  14.6634407 -0.0125623941
  14.7810125 -0.0127217174
  14.8986015 -0.0128500462
  15.0162029 -0.0129442811
  15.1338139 -0.0129999518
  15.2514277 -0.0130144954
  15.3690414 -0.0129836202
  15.4866486 -0.0129030943
  15.6042433 -0.0127691031
  15.721817 -0.0125771761
  15.839366 -0.0123234987
  15.9568806 -0.012003541
  16.0743523 -0.0116131306
  16.1917744 -0.0111483335
  16.3091354 -0.0106046796
  16.4264259 -0.00997799635
  16.5436382 -0.0092651844
  16.6607609 -0.00846213102
  16.7777843 -0.00756573677
  16.8946972 -0.00657320023
  17.0114861 -0.00548201799
  17.1281414 -0.00429087877
  17.2446499 -0.00299829245
  17.3610039 -0.00160384178
  17.4771862 -0.000107944012
  17.5931911  0.00148773193
  17.7090054  0.00318098068
  17.8246193  0.00496816635
  17.9400234  0.00684523582
  18.0552063  0.00880563259
  18.1701622  0.0108413696
  18.2848835  0.0129445791
  18.3993607  0.0151053667
  18.5135956  0.0173112154
  18.6275787  0.0195505619
  18.741312  0.0218081474
  18.8547955  0.024068594
  18.9680271  0.0263152122
  19.0810146  0.0285307169
  19.1937599  0.0306956768
  19.3062744  0.0327906609
  19.4185619  0.0347969532
  19.5306416  0.0366933346
  19.6425228  0.0384602547
  19.754221  0.0400779247
  19.8657551  0.0415277481
  19.9771442  0.0427906513
  20.0884094  0.0438500643
  20.1995735  0.0446914434
  20.3106594  0.0452998877
  20.4216938  0.0456656218
  20.5327034  0.0457788706
  20.6437149  0.0456331968
  20.754755  0.045224905
  20.8658524  0.0445542336
  20.9770355  0.043622613
  21.0883312  0.0424360037
  21.1997681  0.041003108
  21.3113689  0.0393354893
  21.4231625  0.037447691
  21.5351696  0.0353571177
  21.6474133  0.0330845118
  21.7599144  0.0306514502
  21.8726864  0.0280835629
  21.9857483  0.0254063606
  22.0991096  0.0226488113
  22.21278  0.0198391676
  22.3267632  0.0170068741
  22.4410667  0.0141829252
  22.555687  0.0113970041
  22.6706181  0.00867855549
  22.7858543  0.00605583191
  22.9013844  0.00355625153
  23.0171928  0.00120615959
  23.1332645 -0.000971913338
  23.2495766 -0.00295597315
  23.3661098 -0.00472837687
  23.4828377 -0.00627344847
  23.5997314 -0.00757974386
  23.7167664 -0.0086388588
  23.83391 -0.00944632292
  23.9511356 -0.0100026727
  24.0684109 -0.0103121996
  24.1857109 -0.010383606
  24.3030014 -0.0102298856
  24.4202652 -0.00987035036
  24.5374756 -0.0093255043
  24.6546116 -0.00862324238
  24.7716579 -0.00779473782
  24.8886013 -0.0068743825
  25.0054321 -0.00589960814
  25.1221485 -0.00491076708
  25.2387486 -0.00394964218
  25.3552418 -0.00306099653
  25.4716377 -0.00228655338
  25.5879536 -0.00166910887
  25.7042084 -0.00124901533
  25.8204269 -0.00106370449
  25.9366398 -0.00114566088
  26.0528812 -0.00152313709
  26.1691837 -0.00221717358
  26.2855835 -0.00324088335
  26.4021263 -0.00460076332
  26.5188465 -0.00629490614
  26.6357861 -0.00830960274
  26.7529812 -0.0106241107
  26.8704662 -0.0132061839
  26.9882717 -0.0160163641
  27.1064262 -0.0190051198
  27.224947 -0.0221135616
  27.3438492 -0.0252763629
  27.4631386 -0.0284224749
  27.5828075 -0.0314743519
  27.7028427 -0.0343529582
  27.8232212 -0.0369743109
  27.9439068 -0.0392584801
  28.0648537 -0.0411249399
  28.1860046 -0.0424979329
  28.307291 -0.0433098674
  28.4286423 -0.0435003042
  28.5499763 -0.0430215597
  28.6712055 -0.0418394208
  28.7922401 -0.0399343371
  28.9129887 -0.0373080373
  29.0333652 -0.0339805484
  29.153286 -0.0299927592
  29.2726765 -0.0254098773
  29.3914795 -0.0203165412
  29.5096416 -0.0148198009
  29.6271286 -0.00904738903
  29.743927 -0.00313925743
  29.8600349  0.00274932384
  29.9754753  0.00845766068
  30.0902805  0.0138232708
  30.2045097  0.0186867714
  30.3182297  0.0229026079
  30.4315243  0.0263404846
  30.5444908  0.0288923979
  30.6572285  0.0304795504
  30.7698498  0.031055212
  30.8824615  0.0306087732
  30.9951782  0.0291665792
  31.1081047  0.0267934799
  31.2213345  0.0235896111
  31.3349609  0.0196906328
  31.4490528  0.0152599812
  31.5636635  0.0104858875
  31.6788254  0.00556957722
  31.7945461  0.00071978569
  31.9108143 -0.00385707617
  32.0275917 -0.00796949863
  32.1448135 -0.0114476085
  32.2624054 -0.0141546726
  32.3802681 -0.0159946084
  32.4982948 -0.016915977
  32.616375 -0.0169183612
  32.7344017 -0.0160486102
  32.8522835 -0.0144030452
  32.9699287 -0.0121183395
  33.0872765 -0.00936579704
  33.204277 -0.00633728504
  33.3209229 -0.00323480368
  33.4372101 -0.000257194042
  33.5531693  0.00241470337
  33.6688499  0.00463032722
  33.7843018  0.00627887249
  33.8996048  0.00729608536
  34.0148277  0.00767076015
  34.130043  0.00744223595
  34.2453117  0.00669455528
  34.3606911  0.00555109978
  34.4762154  0.004155159
  34.5919075  0.00266265869
  34.7077637  0.00121831894
  34.8237801 -5.32269478E-05
  34.93993 -0.00106954575
  35.0561829 -0.00178492069
  35.1725006 -0.00220346451
  35.2888489 -0.00236403942
  35.4052086 -0.00233048201
  35.5215569 -0.00217485428
  35.6378822 -0.00195467472
  35.7541771 -0.00169742107
  35.8704453 -0.00139766932
  35.9866676 -0.00101292133
  36.1028404 -0.00049084425
  36.2189445  0.000199794769
  36.3349571  0.00102031231
  36.4508781  0.00182712078
  36.5667191  0.00235378742
  36.6825333  0.00225222111
  36.79842  0.00121939182
  36.9144783 -0.000751376152
  37.030777 -0.00296187401
