39.3836 39.3472 -0.00231046 0.00109019
39.1148 39.0036 -0.00690848 0.00111783
38.8459 38.6599 -0.0114433 0.00117287
38.5771 38.3162 -0.0158878 0.00125485
38.3083 37.9724 -0.020229 0.00136321
38.0394 37.6285 -0.0244646 0.00149734
37.7706 37.2845 -0.0285959 0.00165663
37.5018 36.9404 -0.0326179 0.00184046
37.233 36.5961 -0.0365092 0.00204812
36.9641 36.2518 -0.0402257 0.00227872
36.6953 35.9073 -0.0436989 0.00253102
36.4265 35.5626 -0.0468395 0.00280334
36.1576 35.2177 -0.0495439 0.00309349
35.8888 34.8722 -0.0517023 0.00339871
35.62 34.5259 -0.053207 0.00371578
35.3511 34.1781 -0.0539636 0.00404102
35.0823 33.8281 -0.0539091 0.0043705
34.8135 33.4748 -0.0530378 0.00470021
34.5447 33.117 -0.051427 0.0050264
34.2758 32.7531 -0.0492471 0.00534601
34.007 32.3818 -0.0467373 0.00565694
33.7382 32.0017 -0.0441434 0.00595831
33.4693 31.6117 -0.0416384 0.00625015
33.2005 31.2112 -0.0392651 0.00653278
32.9317 30.8003 -0.0369333 0.00680589
32.6628 30.3798 -0.034476 0.00706786
32.394 29.9511 -0.0317373 0.00731548
32.1252 29.5164 -0.0286501 0.00754448
31.8564 29.0785 -0.0252747 0.00775054
31.5875 28.6403 -0.0217882 0.00793053
31.3187 28.2048 -0.0184386 0.00808346
31.0499 27.7749 -0.0154853 0.00821083
30.781 27.3528 -0.0131469 0.00831637
30.5122 26.9403 -0.0115651 0.0084054
30.2434 26.5383 -0.0107877 0.00848385
29.9745 26.147 -0.010763 0.00855744
29.7057 25.766 -0.0113406 0.00863092
29.4369 25.3942 -0.0122777 0.00870751
29.1681 25.0303 -0.0132515 0.00878854
28.8992 24.673 -0.0138849 0.00887315
28.6304 24.3206 -0.0137907 0.00895825
28.3616 23.972 -0.0126338 0.00903867
28.0927 23.6258 -0.010209 0.0091077
27.8239 23.2812 -0.00652171 0.00915803
27.5551 22.9375 -0.00185289 0.00918316
27.2862 22.5943 0.00321277 0.00917909
27.0174 22.251 0.00781871 0.00914604
26.7486 21.9076 0.0109431 0.00908981
26.4798 21.5637 0.0115833 0.00902221
26.2109 21.2193 0.00900084 0.00896034
25.9421 20.874 0.00298087 0.00892426
25.6733 20.5278 -0.00596457 0.00893332
25.4044 20.1804 -0.0165312 0.00900156
25.1356 19.8318 -0.0267595 0.00913332
24.8668 19.4818 -0.0343886 0.00932016
24.5979 19.1302 -0.0373713 0.00954033
24.3291 18.7771 -0.0344215 0.00976158
24.0603 18.4222 -0.0254234 0.00994683
23.7915 18.0656 -0.0115494 0.0100618
23.5226 17.7074 0.00499025 0.0100822
23.2538 17.3475 0.0215124 0.00999881
22.985 16.986 0.0355597 0.00981869
22.7161 16.6231 0.045478 0.00956203
22.4473 16.2591 0.0506385 0.00925668
22.1785 15.8942 0.0511934 0.00893236
21.9096 15.5286 0.0474336 0.00861771
21.6408 15.1626 0.0389827 0.00834174
21.372 14.7966 0.0241468 0.0081401
21.1032 14.4308 -0.000291939 0.00806391
20.8343 14.0657 -0.0386941 0.00818804
20.5655 13.7014 -0.0956572 0.00861488
20.2967 13.3384 -0.17485 0.00947123
20.0278 12.9772 -0.27796 0.0108977
19.759 12.6183 -0.404088 0.0130323
19.4902 12.2623 -0.549759 0.015993
19.2213 11.9101 -0.709501 0.0198612
18.9525 11.5623 -0.876767 0.0246729
18.6837 11.2196 -1.04493 0.0304155
18.4149 10.8829 -1.20808 0.037032
18.146 10.5528 -1.36158 0.044431
17.8772 10.2299 -1.50224 0.0524975
17.6084 9.91477 -1.62824 0.0611052
17.3395 9.60773 -1.73894 0.0701257
17.0707 9.30913 -1.83457 0.0794369
16.8019 9.01919 -1.91591 0.0889268
16.533 8.73803 -1.98404 0.0984968
16.2642 8.46571 -2.04015 0.108062
15.9954 8.20222 -2.08539 0.11755
15.7266 7.94752 -2.12084 0.126902
15.4577 7.7015 -2.14753 0.136069
15.1889 7.46402 -2.16667 0.145014
14.9201 7.23492 -2.17998 0.153708
14.6512 7.01399 -2.19041 0.162137
14.3824 6.80101 -2.20319 0.170307
14.1136 6.59574 -2.22742 0.178246
13.8447 6.39793 -2.2781 0.186027
13.5759 6.2073 -2.37866 0.193774
13.3071 6.02362 -2.5633 0.201695
13.0383 5.84667 -2.87823 0.210095
12.7694 5.67634 -3.38004 0.219393
12.5006 5.51264 -4.12843 0.230113
12.2318 5.35578 -5.17014 0.242838
11.9629 5.20627 -6.51288 0.258091
11.6941 5.0649 -8.0927 0.276151
11.4253 4.93276 -9.74638 0.296822
11.1564 4.8111 -11.2029 0.319244
10.8876 4.70121 -12.0986 0.341855
10.6188 4.6042 -11.9808 0.362552
10.35 4.52091 -10.2305 0.379016
10.0811 4.45176 -5.7294 0.38901
9.8123 4.3965 3.81956 0.390503
9.54347 4.3536 21.1952 0.381652
9.27463 4.31953 41.6387 0.360711
9.00581 4.28828 52.6013 0.326301
8.73698 4.25174 52.4803 0.278617
8.46814 4.20131 45.9269 0.220945
8.19932 4.13052 36.4688 0.159897
7.93049 4.03715 26.2216 0.103782
7.66166 3.92366 16.7734 0.0595811
7.39283 3.79574 9.36873 0.0301284
7.124 3.65963 4.52608 0.0136259
6.85517 3.52006 1.91231 0.00579039
6.58634 3.37968 0.740799 0.00253916
6.31751 3.2396 0.292561 0.00127479
6.04868 3.1001 0.137637 0.000750669
5.77984 2.96114 0.0817837 0.000484469
5.51102 2.82261 0.0548217 0.000319279
5.24219 2.68439 0.0371917 0.000208279
4.97336 2.54642 0.0247612 0.000133673
4.70453 2.40861 0.0162237 8.43804e-05
4.43569 2.27092 0.0104932 5.22751e-05
4.16687 2.1333 0.00667957 3.16499e-05
3.89804 1.99571 0.00415997 1.86348e-05
3.62921 1.85814 0.00251802 1.06176e-05
3.36038 1.72057 0.00147155 5.82803e-06
3.09154 1.58299 0.000824236 3.07175e-06
2.82272 1.4454 0.000436969 1.55747e-06
2.55389 1.3078 0.000211717 7.78554e-07
2.28506 1.1702 8.22859e-05 4.25503e-07
2.01622 1.03258 8.66209e-06 3.16283e-07
1.7474 0.894958 -3.00629e-05 3.41986e-07
1.47857 0.757333 -4.56792e-05 4.32953e-07
1.20974 0.619706 -5.41899e-05 5.52898e-07
0.940905 0.482078 -6.7363e-05 6.98886e-07
0.672075 0.34445 -5.32268e-05 8.43719e-07
0.403245 0.206821 4.89357e-05 8.48872e-07
0.134415 0.0691921 0.00026259 4.74717e-07
