39.3836 39.3472 -0.00239124
39.1148 39.0037 -0.00714474
38.8459 38.6601 -0.0118166
38.5771 38.3164 -0.0163691
38.3083 37.9727 -0.0207844
38.0394 37.6288 -0.0250614
37.7706 37.2849 -0.0292084
37.5018 36.9408 -0.0332323
37.233 36.5967 -0.0371265
36.9641 36.2524 -0.0408617
36.6953 35.908 -0.0443808
36.4265 35.5634 -0.0476003
36.1576 35.2185 -0.0504149
35.8888 34.8732 -0.0527049
35.62 34.527 -0.0543444
35.3511 34.1793 -0.0552128
35.0823 33.8294 -0.0552129
34.8135 33.4761 -0.0542983
34.5447 33.1183 -0.0525059
34.2758 32.7545 -0.0499786
34.007 32.3832 -0.0469567
33.7382 32.0031 -0.0437278
33.4693 31.6132 -0.0405455
33.2005 31.2128 -0.0375534
32.9317 30.802 -0.0347527
32.6628 30.3816 -0.0320295
32.394 29.953 -0.029228
32.1252 29.5185 -0.0262333
31.8564 29.0808 -0.0230285
31.5875 28.6427 -0.0197099
31.3187 28.2074 -0.0164635
31.0499 27.7776 -0.013519
30.781 27.3556 -0.0111006
30.5122 26.9432 -0.00938579
30.2434 26.5412 -0.00847709
29.9745 26.1498 -0.00838499
29.7057 25.7687 -0.00901888
29.4369 25.3969 -0.0101854
29.1681 25.033 -0.0115963
28.8992 24.6756 -0.0128881
28.6304 24.3232 -0.0136573
28.3616 23.9745 -0.0135135
28.0927 23.6283 -0.0121474
27.8239 23.2838 -0.00941155
27.5551 22.9401 -0.00539793
27.2862 22.5969 -0.000494422
27.0174 22.2537 0.004603
26.7486 21.9103 0.00894424
26.4798 21.5665 0.01146
26.2109 21.2221 0.0111761
25.9421 20.8769 0.00747917
25.6733 20.5308 0.00037465
25.4044 20.1834 -0.00934532
25.1356 19.8348 -0.0201053
24.8668 19.4848 -0.0297713
24.5979 19.1332 -0.0360827
24.3291 18.78 -0.0372029
24.0603 18.4252 -0.0322337
23.7915 18.0686 -0.0215234
23.5226 17.7104 -0.00663865
23.2538 17.3506 0.0100217
22.985 16.9893 0.0258611
22.7161 16.6267 0.038747
22.4473 16.2629 0.0474453
22.1785 15.8982 0.0516428
21.9096 15.5328 0.0515251
21.6408 15.1671 0.047053
21.372 14.8013 0.0372157
21.1032 14.4358 0.0195699
20.8343 14.0707 -0.00970176
20.5655 13.7065 -0.0551583
20.2967 13.3435 -0.121049
20.0278 12.982 -0.210168
19.759 12.6226 -0.322991
19.4902 12.2659 -0.457356
19.2213 11.9124 -0.608753
18.9525 11.563 -0.771096
18.6837 11.2183 -0.937705
18.4149 10.8792 -1.10223
18.146 10.5462 -1.25934
17.8772 10.2201 -1.40507
17.6084 9.90139 -1.53693
17.3395 9.59053 -1.6537
17.0707 9.28788 -1.75518
16.8019 8.99369 -1.84192
16.533 8.70813 -1.91487
16.2642 8.43132 -1.9752
15.9954 8.16326 -2.02408
15.7266 7.90393 -2.06258
15.4577 7.65326 -2.0916
15.1889 7.41114 -2.11195
14.9201 7.1774 -2.12442
14.6512 6.95186 -2.13011
14.3824 6.73432 -2.13104
14.1136 6.52453 -2.13108
13.8447 6.32223 -2.13744
13.5759 6.12713 -2.16281
13.3071 5.93894 -2.22804
13.0383 5.75735 -2.36516
12.7694 5.58207 -2.61991
12.5006 5.4129 -3.05214
12.2318 5.24971 -3.73122
11.9629 5.09258 -4.7226
11.6941 4.94186 -6.06156
11.4253 4.79822 -7.71512
11.1564 4.66272 -9.54351
10.8876 4.53667 -11.2811
10.6188 4.42152 -12.5517
10.35 4.31868 -12.9214
10.0811 4.22941 -11.9415
9.8123 4.15481 -8.99216
9.54347 4.09577 -2.68421
9.27463 4.05254 10.7883
9.00581 4.0239 38.2521
8.73698 4.00582 64.9843
8.46814 3.99037 70.1332
8.19932 3.9665 62.4924
7.93049 3.92344 50.3125
7.66166 3.85471 37.2534
7.39283 3.7599 24.9487
7.124 3.64393 14.6618
6.85517 3.51428 7.34807
6.58634 3.37779 3.08784
6.31751 3.23888 1.09765
6.04868 3.09965 0.353528
5.77984 2.96077 0.127745
5.51102 2.82232 0.0684806
5.24219 2.6842 0.0485257
4.97336 2.54629 0.0348423
4.70453 2.40853 0.0235318
4.43569 2.27086 0.0152279
4.16687 2.13326 0.0096543
3.89804 1.99569 0.00602409
3.62921 1.85812 0.00367613
3.36038 1.72056 0.00217305
3.09154 1.58299 0.00123112
2.82272 1.4454 0.000658751
2.55389 1.3078 0.000322384
2.28506 1.1702 0.000130183
2.01622 1.03258 2.44505e-05
1.7474 0.894959 -2.84812e-05
1.47857 0.757334 -4.76257e-05
1.20974 0.619707 -5.90234e-05
0.940905 0.48208 -6.5574e-05
0.672075 0.344452 -4.7131e-06
0.403245 0.206823 0.000113914
0.134415 0.0691948 0.000233995
