39.3836 39.3472 -0.00228004 0.00103571
39.1148 39.0035 -0.00681995 0.001063
38.8459 38.6599 -0.0113044 0.00111735
38.5771 38.3161 -0.0157095 0.00119839
38.3083 37.9723 -0.0200238 0.0013056
38.0394 37.6284 -0.0242439 0.00143846
37.7706 37.2844 -0.0283675 0.00159641
37.5018 36.9402 -0.0323847 0.00177887
37.233 36.596 -0.0362682 0.00198512
36.9641 36.2516 -0.0399686 0.00221424
36.6953 35.9071 -0.043414 0.00246493
36.4265 35.5624 -0.0465141 0.00273544
36.1576 35.2174 -0.0491672 0.00302349
35.8888 34.8719 -0.0512688 0.0033263
35.62 34.5256 -0.0527189 0.00364061
35.3511 34.1778 -0.0534341 0.00396279
35.0823 33.8277 -0.0533645 0.00428901
34.8135 33.4744 -0.0525189 0.00461546
34.5447 33.1166 -0.0509875 0.00493868
34.2758 32.7527 -0.0489474 0.00525595
34.007 32.3814 -0.0466332 0.00556559
33.7382 32.0012 -0.0442719 0.00586706
33.4693 31.6112 -0.0420056 0.00616062
33.2005 31.2107 -0.0398418 0.00644656
32.9317 30.7998 -0.0376619 0.00672439
32.6628 30.3792 -0.0352854 0.00699203
32.394 29.9505 -0.0325614 0.00724579
32.1252 29.5157 -0.0294431 0.00748095
31.8564 29.0777 -0.0260185 0.00769292
31.5875 28.6395 -0.0224912 0.00787847
31.3187 28.2039 -0.019127 0.00803671
31.0499 27.774 -0.0161914 0.00816931
30.781 27.3519 -0.0138965 0.00828023
30.5122 26.9394 -0.0123685 0.00837484
30.2434 26.5374 -0.0116336 0.00845908
29.9745 26.1461 -0.0116177 0.00853848
29.7057 25.7651 -0.0121508 0.00861749
29.4369 25.3933 -0.0129754 0.00869898
29.1681 25.0295 -0.0137614 0.00878384
28.8992 24.6721 -0.0141334 0.00887082
28.6304 24.3198 -0.013717 0.00895646
28.3616 23.9711 -0.0122044 0.00903535
28.0927 23.6249 -0.00943285 0.00910074
27.8239 23.2803 -0.00546419 0.00914556
27.5551 22.9367 -0.000643877 0.00916389
27.2862 22.5934 0.00438282 0.00915269
27.0174 22.2501 0.00871825 0.00911345
26.7486 21.9067 0.0113362 0.00905334
26.4798 21.5628 0.0112804 0.00898547
26.2109 21.2183 0.0079152 0.00892777
25.9421 20.873 0.00117594 0.0089004
25.6733 20.5268 -0.00825201 0.00892183
25.4044 20.1795 -0.0189073 0.00900421
25.1356 19.8308 -0.0287343 0.0091492
24.8668 19.4808 -0.0354761 0.00934538
24.5979 19.1293 -0.0372062 0.00956837
24.3291 18.7761 -0.0328616 0.00978429
24.0603 18.4212 -0.022605 0.00995598
23.7915 18.0646 -0.00787035 0.0100507
23.5226 17.7063 0.00895858 0.0100472
23.2538 17.3464 0.0251617 0.00993988
22.985 16.9849 0.038384 0.00973932
22.7161 16.622 0.0471657 0.00946833
22.4473 16.2579 0.0510809 0.00915614
22.1785 15.8928 0.0504042 0.00883287
21.9096 15.5271 0.0454077 0.00852713
21.6408 15.1611 0.035549 0.00826854
21.372 14.795 0.0188755 0.00809466
21.1032 14.4292 -0.00808226 0.00806016
20.8343 14.064 -0.049821 0.00824458
20.5655 13.6997 -0.110882 0.00875516
20.2967 13.3367 -0.19467 0.00972235
20.0278 12.9756 -0.302458 0.0112879
19.759 12.617 -0.432878 0.013588
19.4902 12.2614 -0.582046 0.0167353
19.2213 11.9096 -0.744222 0.0208042
18.9525 11.5623 -0.912765 0.0258219
18.6837 11.2204 -1.08111 0.0317674
18.4149 10.8846 -1.24355 0.0385768
18.146 10.5555 -1.39568 0.0461532
17.8772 10.2337 -1.53456 0.0543783
17.6084 9.91979 -1.65859 0.0631242
17.3395 9.61407 -1.76732 0.072263
17.0707 9.31686 -1.86107 0.0816733
16.8019 9.02836 -1.9407 0.0912453
16.533 8.74868 -2.00733 0.100882
16.2642 8.47788 -2.06215 0.110501
15.9954 8.21594 -2.10633 0.120032
15.7266 7.96279 -2.14098 0.129418
15.4577 7.71833 -2.16728 0.138612
15.1889 7.48241 -2.18672 0.14758
14.9201 7.25485 -2.2016 0.156298
14.6512 7.03546 -2.21585 0.164759
14.3824 6.82401 -2.23631 0.172978
14.1136 6.62026 -2.27445 0.181001
13.8447 6.42395 -2.34858 0.188923
13.5759 6.23485 -2.48619 0.196902
13.3071 6.05274 -2.7258 0.205183
13.0383 5.87745 -3.11699 0.214117
12.7694 5.70894 -3.71637 0.22416
12.5006 5.54732 -4.57694 0.235852
12.2318 5.39293 -5.72813 0.249737
11.9629 5.24642 -7.14727 0.26622
11.6941 5.10868 -8.72921 0.285363
11.4253 4.98088 -10.2663 0.306676
11.1564 4.86425 -11.4482 0.328984
10.8876 4.75995 -11.8685 0.350482
10.6188 4.66887 -10.997 0.368956
10.35 4.59153 -7.99002 0.382085
10.0811 4.52788 -1.24505 0.387643
9.8123 4.47684 11.6556 0.383605
9.54347 4.43576 30.2331 0.368161
9.27463 4.39983 45.2126 0.33982
9.00581 4.3621 49.9241 0.29814
8.73698 4.3145 46.6815 0.245061
8.46814 4.24982 39.1429 0.185685
8.19932 4.164 29.7793 0.127542
7.93049 4.05739 20.3423 0.078255
7.66166 3.93421 12.2676 0.0425526
7.39283 3.80045 6.45345 0.0206411
7.124 3.66147 2.97014 0.00922067
6.85517 3.52075 1.23196 0.00406077
6.58634 3.37999 0.494536 0.00193833
6.31751 3.2398 0.216941 0.00106706
6.04868 3.10025 0.115881 0.000661479
5.77984 2.96125 0.0732859 0.000431929
5.51102 2.82268 0.0492477 0.000283719
5.24219 2.68445 0.0330618 0.000184406
4.97336 2.54645 0.0219132 0.000118195
4.70453 2.40864 0.0143607 7.45647e-05
4.43569 2.27094 0.00929252 4.61394e-05
4.16687 2.13331 0.00590889 2.78811e-05
3.89804 1.99572 0.00367035 1.6379e-05
3.62921 1.85814 0.00221371 9.31479e-06
3.36038 1.72057 0.00128884 5.10983e-06
3.09154 1.58299 0.000719586 2.69854e-06
2.82272 1.4454 0.000380722 1.37743e-06
2.55389 1.3078 0.000184193 6.99106e-07
2.28506 1.1702 7.08696e-05 3.92816e-07
2.01622 1.03258 5.50446e-06 3.01098e-07
1.7474 0.894958 -2.95992e-05 3.30036e-07
1.47857 0.757333 -4.42278e-05 4.18703e-07
1.20974 0.619706 -5.24997e-05 5.34875e-07
0.940905 0.482078 -6.63362e-05 6.77601e-07
0.672075 0.344449 -5.75597e-05 8.26404e-07
0.403245 0.20682 3.74042e-05 8.50612e-07
0.134415 0.0691912 0.000247214 5.08774e-07
