39.3836 39.3472 -0.00241349 0.00133159
39.1148 39.0037 -0.007211 0.00136044
38.8459 38.6601 -0.0119234 0.00141781
38.5771 38.3165 -0.0165089 0.00150307
38.3083 37.9728 -0.020947 0.00161542
38.0394 37.629 -0.0252366 0.00175399
37.7706 37.285 -0.0293871 0.00191793
37.5018 36.941 -0.0334083 0.00210646
37.233 36.5969 -0.0372974 0.0023188
36.9641 36.2526 -0.0410297 0.00255412
36.6953 35.9082 -0.044552 0.00281132
36.4265 35.5637 -0.0477834 0.00308895
36.1576 35.2189 -0.0506193 0.00338506
35.8888 34.8735 -0.0529386 0.00369715
35.62 34.5273 -0.0546115 0.00402208
35.3511 34.1797 -0.055511 0.00435617
35.0823 33.8298 -0.0555303 0.00469523
34.8135 33.4766 -0.054611 0.00503471
34.5447 33.1188 -0.0527764 0.00536997
34.2758 32.755 -0.0501581 0.00569669
34.007 32.3837 -0.0469929 0.00601134
33.7382 32.0036 -0.0435771 0.00631161
33.4693 31.6137 -0.0401863 0.00659649
33.2005 31.2133 -0.0369955 0.00686601
32.9317 30.8025 -0.0340368 0.0071205
32.6628 30.3822 -0.0312177 0.00735977
32.394 29.9537 -0.0283877 0.00758257
32.1252 29.5192 -0.0254206 0.00778651
31.8564 29.0815 -0.0222768 0.00796868
31.5875 28.6435 -0.0190261 0.00812656
31.3187 28.2083 -0.015832 0.00825903
31.0499 27.7785 -0.0129107 0.00836691
30.781 27.3566 -0.010484 0.00845315
30.5122 26.9441 -0.00873691 0.00852241
30.2434 26.5421 -0.00778673 0.00858042
29.9745 26.1508 -0.00766236 0.00863318
29.7057 25.7697 -0.00829241 0.00868622
29.4369 25.3978 -0.00950151 0.00874392
29.1681 25.0339 -0.0110163 0.00880903
28.8992 24.6765 -0.0124834 0.00888229
28.6304 24.3241 -0.0135015 0.00896218
28.3616 23.9754 -0.0136696 0.00904486
28.0927 23.6292 -0.0126523 0.00912439
27.8239 23.2846 -0.010258 0.00919329
27.5551 22.941 -0.00651888 0.00924361
27.2862 22.5978 -0.00175477 0.00926839
27.0174 22.2546 0.00340154 0.00926346
26.7486 21.9112 0.00804115 0.00922917
26.4798 21.5675 0.0110957 0.00917175
26.2109 21.2231 0.0115376 0.00910372
25.9421 20.8779 0.00864174 0.00904295
25.6733 20.5317 0.00225444 0.00901006
25.4044 20.1844 -0.00700967 0.00902453
25.1356 19.8358 -0.0177292 0.00909985
24.8668 19.4858 -0.0278544 0.00923915
24.5979 19.1342 -0.0351035 0.00943236
24.3291 18.781 -0.0375009 0.00965616
24.0603 18.4262 -0.033914 0.00987729
23.7915 18.0697 -0.0244141 0.0100587
23.5226 17.7115 -0.0103215 0.0101672
23.2538 17.3517 0.00611319 0.0101803
22.985 16.9904 0.0223049 0.0100906
22.7161 16.6278 0.0360044 0.00990601
22.4473 16.2641 0.0457884 0.00964634
22.1785 15.8995 0.0511669 0.00933782
21.9096 15.5342 0.0522421 0.0090082
21.6408 15.1686 0.0490327 0.00868507
21.372 14.8029 0.0407165 0.00839866
21.1032 14.4374 0.0251034 0.00818871
20.8343 14.0725 -0.00140922 0.00811317
20.5655 13.7083 -0.0433041 0.0082551
20.2967 13.3452 -0.104952 0.00872445
20.0278 12.9837 -0.189463 0.00965265
19.759 12.6242 -0.29775 0.0111802
19.4902 12.2672 -0.428105 0.0134398
19.2213 11.9134 -0.576387 0.0165389
18.9525 11.5635 -0.736724 0.0205458
18.6837 11.2182 -0.902474 0.0254817
18.4149 10.8783 -1.06718 0.0313208
18.146 10.5445 -1.22529 0.0379961
17.8772 10.2173 -1.37261 0.0454092
17.6084 9.89748 -1.50639 0.0534423
17.3395 9.58538 -1.62519 0.0619692
17.0707 9.28141 -1.72869 0.0708647
16.8019 8.98584 -1.81731 0.0800108
16.533 8.69885 -1.89197 0.089301
16.2642 8.42055 -1.95381 0.0986421
15.9954 8.15098 -2.004 0.107954
15.7266 7.89013 -2.04366 0.117171
15.4577 7.63792 -2.07369 0.126235
15.1889 7.39425 -2.09486 0.135103
14.9201 7.15897 -2.10784 0.143735
14.6512 6.93191 -2.11341 0.152103
14.3824 6.71285 -2.11295 0.160186
14.1136 6.50155 -2.1092 0.167975
13.8447 6.29777 -2.10748 0.175477
13.5759 6.1012 -2.11765 0.182728
13.3071 5.91154 -2.15661 0.189804
13.0383 5.72847 -2.2514 0.196847
12.7694 5.55167 -2.44236 0.204088
12.5006 5.38087 -2.78506 0.211876
12.2318 5.21586 -3.34863 0.220703
11.9629 5.05659 -4.2068 0.231199
11.6941 4.90325 -5.41668 0.244076
11.4253 4.75634 -6.98328 0.259991
11.1564 4.61675 -8.81397 0.279298
10.8876 4.48571 -10.6842 0.301741
10.6188 4.36468 -12.24 0.326212
10.35 4.25514 -13.0489 0.35074
10.0811 4.15854 -12.6025 0.372761
9.8123 4.07613 -10.459 0.389725
9.54347 4.00913 -6.08581 0.399794
9.27463 3.95876 2.94053 0.401865
9.00581 3.92521 23.6836 0.395232
8.73698 3.90634 60.1696 0.378878
8.46814 3.89669 79.1015 0.350112
8.19932 3.88609 74.7744 0.305892
7.93049 3.86146 61.672 0.247211
7.66166 3.81237 46.9424 0.180951
7.39283 3.73483 32.9034 0.117405
7.124 3.63142 20.6122 0.0660706
6.85517 3.50917 11.1347 0.0317044
6.58634 3.37613 5.03025 0.0129462
6.31751 3.23845 1.87211 0.00466822
6.04868 3.09951 0.585488 0.00168894
5.77984 2.96067 0.174969 0.000766804
5.51102 2.82222 0.0725957 0.000467519
5.24219 2.68411 0.0493081 0.000320571
4.97336 2.54623 0.0376041 0.000215985
4.70453 2.40849 0.0264913 0.000138936
4.43569 2.27084 0.017336 8.62871e-05
4.16687 2.13325 0.0109572 5.2313e-05
3.89804 1.99568 0.00681337 3.0979e-05
3.62921 1.85812 0.00415859 1.7808e-05
3.36038 1.72056 0.00246582 9.8557e-06
3.09154 1.58298 0.00140292 5.21116e-06
2.82272 1.4454 0.000753744 2.62179e-06
2.55389 1.3078 0.000370552 1.2718e-06
2.28506 1.1702 0.000151624 6.44755e-07
2.01622 1.03258 3.23426e-05 4.2383e-07
1.7474 0.894959 -2.66396e-05 4.16982e-07
1.47857 0.757334 -4.70946e-05 5.05537e-07
1.20974 0.619708 -6.16501e-05 6.36142e-07
0.940905 0.48208 -5.65157e-05 7.78062e-07
0.672075 0.344452 6.04635e-05 7.7332e-07
0.403245 0.206824 0.00017577 4.89595e-07
0.134415 0.0691957 0.000129121 1.2341e-07
