39.3836 39.3472 -0.00233929 0.00114698
39.1148 39.0036 -0.00699251 0.00117496
38.8459 38.66 -0.0115755 0.00123065
38.5771 38.3163 -0.0160577 0.00131353
38.3083 37.9725 -0.0204246 0.00142298
38.0394 37.6286 -0.0246748 0.00155832
37.7706 37.2846 -0.0288124 0.00171888
37.5018 36.9405 -0.032837 0.001904
37.233 36.5963 -0.0367325 0.00211298
36.9641 36.252 -0.04046 0.00234494
36.6953 35.9075 -0.0439547 0.00259869
36.4265 35.5629 -0.0471287 0.00287263
36.1576 35.2179 -0.0498773 0.00316462
35.8888 34.8725 -0.0520865 0.00347199
35.62 34.5262 -0.0536413 0.0037915
35.3511 34.1785 -0.0544377 0.00411947
35.0823 33.8285 -0.0544003 0.00445187
34.8135 33.4753 -0.0535092 0.00478453
34.5447 33.1174 -0.0518285 0.00511344
34.2758 32.7536 -0.0495206 0.00543516
34.007 32.3823 -0.0468271 0.00574726
33.7382 32.0022 -0.0440102 0.00604847
33.4693 31.6122 -0.0412721 0.00633858
33.2005 31.2117 -0.0386901 0.00661789
32.9317 30.8009 -0.0362036 0.0068863
32.6628 30.3804 -0.0336616 0.00714257
32.394 29.9517 -0.0309054 0.00738401
32.1252 29.5171 -0.0278498 0.00760679
31.8564 29.0792 -0.0245281 0.00780691
31.5875 28.6411 -0.0210906 0.00798136
31.3187 28.2057 -0.0177658 0.00812906
31.0499 27.7758 -0.0148052 0.00825134
30.781 27.3538 -0.0124313 0.00835174
30.5122 26.9413 -0.0107999 0.00843543
30.2434 26.5393 -0.0099787 0.00850837
29.9745 26.148 -0.00993752 0.00857638
29.7057 25.7669 -0.0105462 0.00864447
29.4369 25.3951 -0.0115774 0.00871622
29.1681 25.0312 -0.012718 0.00879332
28.8992 24.6739 -0.0135924 0.00887536
28.6304 24.3215 -0.0138042 0.00895959
28.3616 23.9728 -0.0129956 0.00904115
28.0927 23.6266 -0.0109228 0.00911343
27.8239 23.282 -0.00753703 0.00916895
27.5551 22.9384 -0.00305524 0.00920073
27.2862 22.5951 0.00200151 0.00920389
27.0174 22.2519 0.00682453 0.00917746
26.7486 21.9085 0.0104065 0.00912581
26.4798 21.5647 0.0117107 0.00905945
26.2109 21.2202 0.0099077 0.00899447
25.9421 20.875 0.00464029 0.00895066
25.6733 20.5288 -0.00375171 0.00894801
25.4044 20.1814 -0.0141293 0.00900226
25.1356 19.8328 -0.0246461 0.00912029
24.8668 19.4828 -0.0330612 0.00929662
24.5979 19.1312 -0.0372313 0.0095123
24.3291 18.7781 -0.0356657 0.00973697
24.0603 18.4232 -0.0279774 0.009934
23.7915 18.0666 -0.0150683 0.0100678
23.5226 17.7084 0.00104714 0.0101116
23.2538 17.3485 0.0177522 0.0100524
22.985 16.9871 0.0325147 0.00989377
22.7161 16.6243 0.0435018 0.00965305
22.4473 16.2604 0.04988 0.00935644
22.1785 15.8955 0.0516606 0.00903312
21.9096 15.53 0.0491253 0.00871165
21.6408 15.1641 0.0420374 0.00842058
21.372 14.7982 0.028948 0.0081939
21.1032 14.4325 0.00689646 0.00807947
20.8343 14.0673 -0.028317 0.00814762
20.5655 13.7031 -0.0813106 0.00849587
20.2967 13.34 -0.155982 0.00924713
20.0278 12.9787 -0.254413 0.0105403
19.759 12.6197 -0.376169 0.0125149
19.4902 12.2634 -0.518202 0.0152933
19.2213 11.9108 -0.675334 0.0189641
18.9525 11.5624 -0.841141 0.0235715
18.6837 11.219 -1.00895 0.0291113
18.4149 10.8815 -1.17269 0.0355343
18.146 10.5504 -1.32749 0.0427544
17.8772 10.2264 -1.46988 0.0506605
17.6084 9.91003 -1.59785 0.0591277
17.3395 9.6017 -1.71056 0.068028
17.0707 9.30173 -1.8081 0.0772381
16.8019 9.01036 -1.8912 0.0866445
16.533 8.72772 -1.96089 0.0961464
16.2642 8.45389 -2.01835 0.105657
15.9954 8.18887 -2.06474 0.115102
15.7266 7.93262 -2.10111 0.124421
15.4577 7.68505 -2.12843 0.133562
15.1889 7.44602 -2.14768 0.142485
14.9201 7.21537 -2.16018 0.151159
14.6512 6.9929 -2.16809 0.159566
14.3824 6.7784 -2.17532 0.1677
14.1136 6.57162 -2.18889 0.175578
13.8447 6.3723 -2.22086 0.183251
13.5759 6.18017 -2.29076 0.190817
13.3071 5.99496 -2.42824 0.198445
13.0383 5.81642 -2.67522 0.206395
12.7694 5.64437 -3.08606 0.215041
12.5006 5.47872 -3.72336 0.224878
12.2318 5.31959 -4.646 0.236495
11.9629 5.16732 -5.88663 0.250493
11.6941 5.02257 -7.41915 0.267326
11.4253 4.88633 -9.12513 0.28707
11.1564 4.75982 -10.7747 0.30919
10.8876 4.6444 -12.0349 0.332409
10.6188 4.54134 -12.4941 0.354786
10.35 4.45172 -11.6648 0.374018
10.0811 4.37634 -8.79616 0.38782
9.8123 4.31555 -2.26364 0.394146
9.54347 4.26886 11.2575 0.39123
9.27463 4.23412 33.732 0.37739
9.00581 4.20673 52.9738 0.350802
8.73698 4.17924 58.0614 0.310215
8.46814 4.14234 53.2884 0.256808
8.19932 4.08739 43.9747 0.195504
7.93049 4.00932 33.0831 0.134331
7.66166 3.90815 22.387 0.0818399
7.39283 3.78838 13.3201 0.0436698
7.124 3.65666 6.83617 0.0204297
6.85517 3.519 3.01031 0.00861585
6.58634 3.37929 1.16334 0.00352935
6.31751 3.23939 0.425153 0.00158878
6.04868 3.09994 0.172424 0.000860958
5.77984 2.96102 0.0915181 0.000540795
5.51102 2.82252 0.0601601 0.000357422
5.24219 2.68434 0.0414978 0.000234813
4.97336 2.54638 0.0279521 0.000151192
4.70453 2.40859 0.018352 9.55074e-05
4.43569 2.2709 0.011857 5.92081e-05
4.16687 2.13329 0.00754793 3.59029e-05
3.89804 1.9957 0.00470995 2.11853e-05
3.62921 1.85813 0.00286047 1.20969e-05
3.36038 1.72056 0.00167815 6.64821e-06
3.09154 1.58299 0.000943248 3.50104e-06
2.82272 1.4454 0.000501345 1.76658e-06
2.55389 1.3078 0.000243523 8.72179e-07
2.28506 1.1702 9.57752e-05 4.64736e-07
2.01622 1.03258 1.27651e-05 3.3439e-07
1.7474 0.894958 -3.00819e-05 3.55188e-07
1.47857 0.757333 -4.67928e-05 4.47515e-07
1.20974 0.619706 -5.57481e-05 5.70668e-07
0.940905 0.482079 -6.80834e-05 7.19394e-07
0.672075 0.34445 -4.64049e-05 8.56898e-07
0.403245 0.206822 6.25729e-05 8.37479e-07
0.134415 0.0691931 0.000272134 4.35483e-07
