39.4378 39.4159 -0.00134011 0.00108608
39.2766 39.2098 -0.004006 0.0010957
39.1153 39.0036 -0.00663087 0.00111484
38.9539 38.7974 -0.00919398 0.00114331
38.7927 38.5912 -0.0116839 0.00118088
38.6313 38.385 -0.0140999 0.00122729
38.4701 38.1787 -0.0164515 0.00128229
38.3087 37.9724 -0.0187566 0.00134568
38.1474 37.766 -0.0210372 0.00141734
37.9862 37.5596 -0.0233158 0.00149723
37.8248 37.3532 -0.0256101 0.00158537
37.6636 37.1467 -0.0279299 0.00168185
37.5022 36.9401 -0.0302734 0.00178676
37.3409 36.7335 -0.0326269 0.00190017
37.1797 36.5269 -0.0349641 0.00202207
37.0183 36.3201 -0.0372492 0.00215236
36.8571 36.1133 -0.0394395 0.00229079
36.6957 35.9063 -0.0414903 0.00243696
36.5344 35.6992 -0.0433595 0.00259031
36.3732 35.4919 -0.0450126 0.00275016
36.2118 35.2845 -0.0464269 0.00291571
36.0506 35.0767 -0.0475946 0.00308614
35.8892 34.8687 -0.0485246 0.00326061
35.7279 34.6604 -0.0492418 0.00343835
35.5667 34.4517 -0.0497845 0.00361874
35.4053 34.2425 -0.0501992 0.00380129
35.2441 34.0327 -0.0505334 0.00398571
35.0827 33.8222 -0.0508264 0.00417189
34.9215 33.6108 -0.051099 0.00435987
34.7602 33.3985 -0.0513439 0.00454973
34.5988 33.1848 -0.0515192 0.0047415
34.4376 32.9697 -0.0515475 0.00493503
34.2762 32.7526 -0.0513251 0.00512986
34.115 32.5334 -0.0507407 0.00532513
33.9537 32.3115 -0.0497049 0.00551959
33.7923 32.0866 -0.0481823 0.0057117
33.6311 31.8582 -0.0462181 0.0058998
33.4697 31.626 -0.0439452 0.00608249
33.3085 31.3895 -0.0415678 0.0062589
33.1471 31.1486 -0.0393183 0.00642892
32.9858 30.9031 -0.0374003 0.00659327
32.8246 30.6529 -0.0359343 0.00675333
32.6632 30.3983 -0.0349236 0.00691075
32.502 30.1396 -0.0342512 0.00706691
32.3406 29.8773 -0.0337084 0.00722244
32.1793 29.6122 -0.0330448 0.0073769
32.0181 29.345 -0.0320248 0.00752862
31.8567 29.0767 -0.030476 0.00767496
31.6955 28.8082 -0.0283208 0.00781269
31.5342 28.5407 -0.0255864 0.00793858
31.3728 28.2749 -0.0223961 0.00804988
31.2115 28.0119 -0.0189486 0.00814483
31.0502 27.7523 -0.015488 0.0082229
30.889 27.4967 -0.0122715 0.00828488
30.7277 27.2455 -0.00953702 0.00833274
30.5663 26.999 -0.0074736 0.00836938
30.405 26.7571 -0.00619743 0.00839826
30.2437 26.5198 -0.00573745 0.00842298
30.0825 26.2869 -0.00603316 0.0084469
29.9212 26.058 -0.00694594 0.00847281
29.7599 25.8328 -0.00828226 0.00850272
29.5985 25.6108 -0.00982417 0.00853778
29.4372 25.3915 -0.0113611 0.0085783
29.2759 25.1747 -0.0127169 0.00862384
29.1147 24.9599 -0.0137678 0.00867349
28.9534 24.7467 -0.0144497 0.00872597
28.792 24.5349 -0.0147548 0.00877994
28.6307 24.3243 -0.01472 0.00883412
28.4694 24.1146 -0.0144098 0.00888743
28.3082 23.9057 -0.0138962 0.00893904
28.1469 23.6974 -0.013239 0.00898837
27.9855 23.4896 -0.0124703 0.00903499
27.8242 23.2823 -0.0115842 0.00907851
27.6629 23.0753 -0.0105343 0.00911846
27.5017 22.8686 -0.0092404 0.00915413
27.3404 22.6621 -0.00760496 0.00918448
27.1791 22.4558 -0.00553609 0.00920814
27.0177 22.2496 -0.0029764 0.00922346
26.8564 22.0434 6.81223e-05 0.0092287
26.6951 21.8372 0.00350384 0.00922227
26.5339 21.6309 0.00713551 0.00920311
26.3726 21.4244 0.0106672 0.00917103
26.2112 21.2177 0.0137213 0.00912704
26.0499 21.0108 0.0158752 0.0090736
25.8886 20.8035 0.0167137 0.00901465
25.7274 20.5959 0.0158911 0.00895558
25.5661 20.3879 0.0131934 0.00890279
25.4047 20.1794 0.00859282 0.00886316
25.2434 19.9705 0.00228344 0.00884334
25.0821 19.761 -0.00530996 0.00884889
24.9209 19.5509 -0.0135543 0.00888349
24.7596 19.3403 -0.0216633 0.00894824
24.5983 19.1291 -0.0287812 0.00904122
24.4369 18.9173 -0.0340859 0.00915743
24.2756 18.7049 -0.0369005 0.00928902
24.1143 18.4919 -0.0367949 0.00942602
23.9531 18.2783 -0.0336644 0.00955737
23.7918 18.064 -0.0277692 0.00967223
23.6304 17.8491 -0.0197243 0.00976126
23.4691 17.6336 -0.010438 0.00981796
23.3078 17.4176 -0.00100184 0.0098395
23.1466 17.2009 0.00745449 0.00982728
22.9853 16.9838 0.013924 0.00978675
22.8239 16.7661 0.017674 0.00972673
22.6626 16.548 0.018364 0.00965814
22.5013 16.3295 0.0161079 0.00959242
22.3401 16.1107 0.0114674 0.00953977
22.1788 15.8917 0.00537011 0.00950759
22.0175 15.6725 -0.00103823 0.00949931
21.8561 15.4532 -0.00659238 0.00951391
21.6948 15.2339 -0.0103298 0.0095463
21.5335 15.0147 -0.0117059 0.00958846
21.3723 14.7956 -0.0107691 0.00963144
21.211 14.5766 -0.00826544 0.00966781
21.0496 14.3578 -0.00565111 0.00969438
20.8883 14.1393 -0.00500249 0.0097147
20.727 13.9211 -0.00883037 0.00974103
20.5658 13.7032 -0.0198202 0.00979549
20.4045 13.4857 -0.0405342 0.00991002
20.2431 13.2686 -0.0731193 0.0101252
20.0818 13.0521 -0.119064 0.0104883
19.9205 12.8361 -0.179037 0.01105
19.7593 12.6209 -0.252832 0.011861
19.598 12.4065 -0.339409 0.0129687
19.4367 12.1931 -0.437028 0.0144142
19.2753 11.9808 -0.543442 0.0162296
19.114 11.77 -0.656116 0.0184365
18.9527 11.5606 -0.772442 0.0210458
18.7915 11.353 -0.889922 0.0240571
18.6302 11.1472 -1.00631 0.0274607
18.4688 10.9436 -1.11972 0.0312382
18.3075 10.7422 -1.22862 0.0353645
18.1462 10.5433 -1.33191 0.0398098
17.985 10.3469 -1.42882 0.0445412
17.8237 10.1532 -1.51891 0.0495241
17.6623 9.96226 -1.602 0.0547236
17.501 9.77425 -1.67812 0.0601057
17.3397 9.58923 -1.74745 0.0656374
17.1785 9.40726 -1.81027 0.0712882
17.0172 9.22839 -1.86692 0.0770293
16.8559 9.05266 -1.91778 0.0828346
16.6945 8.8801 -1.96324 0.0886803
16.5332 8.71074 -2.00365 0.0945451
16.3719 8.54458 -2.03939 0.100409
16.2107 8.38162 -2.07075 0.106256
16.0494 8.22186 -2.09802 0.112071
15.888 8.06529 -2.12143 0.117838
15.7267 7.91188 -2.14119 0.123547
15.5655 7.76161 -2.15747 0.129187
15.4041 7.61444 -2.17044 0.134747
15.2429 7.47036 -2.18024 0.14022
15.0816 7.3293 -2.18709 0.145599
14.9202 7.19124 -2.19127 0.150876
14.759 7.05612 -2.1932 0.156049
14.5976 6.92389 -2.19355 0.161113
14.4363 6.79449 -2.19332 0.166069
14.2751 6.66787 -2.194 0.17092
14.1137 6.54396 -2.19773 0.175671
13.9525 6.42269 -2.20756 0.180335
13.7912 6.30399 -2.22764 0.184931
13.6298 6.1878 -2.26353 0.189487
13.4686 6.07404 -2.32248 0.194042
13.3072 5.96264 -2.41366 0.198647
13.1459 5.85355 -2.5484 0.203373
12.9847 5.74669 -2.74019 0.208306
12.8233 5.64203 -3.00456 0.213555
12.6621 5.53954 -3.35851 0.219249
12.5008 5.43922 -3.81946 0.225537
12.3394 5.34109 -4.40348 0.232585
12.1782 5.24522 -5.12272 0.240566
12.0168 5.15175 -5.9819 0.249644
11.8555 5.06085 -6.97421 0.259955
11.6943 4.97275 -8.07709 0.27158
11.5329 4.88775 -9.24886 0.284515
11.3717 4.80618 -10.4275 0.298643
11.2104 4.72841 -11.532 0.313712
11.049 4.65482 -12.4672 0.329338
10.8878 4.58574 -13.1293 0.345015
10.7264 4.52152 -13.4117 0.360155
10.5651 4.46243 -13.2057 0.374137
10.4039 4.40873 -12.3953 0.38636
10.2425 4.36062 -10.8386 0.396293
10.0813 4.31827 -8.32513 0.40351
9.91995 4.28181 -4.48113 0.407708
9.75865 4.25127 1.43336 0.408675
9.59735 4.22656 10.7993 0.406247
9.43605 4.20735 25.3555 0.400238
9.27475 4.19298 44.4043 0.390351
9.11345 4.18232 61.1588 0.376069
8.95215 4.17363 69.6239 0.35671
8.79085 4.1646 70.5044 0.331739
8.62955 4.15248 66.6908 0.301126
8.46825 4.13457 60.3972 0.265565
8.30695 4.1086 52.9335 0.226514
8.14565 4.07309 45.02 0.186046
7.98435 4.02741 37.0652 0.146569
7.82305 3.9719 29.3748 0.110436
7.66175 3.9077 22.2707 0.0795275
7.50045 3.83654 16.0853 0.0548757
7.33915 3.7603 11.0687 0.0365223
7.17785 3.68072 7.29605 0.023688
7.01655 3.59915 4.65391 0.0151627
6.85525 3.51649 2.91004 0.00970288
6.69395 3.43329 1.80741 0.00627724
6.53265 3.34988 1.12817 0.00414014
6.37135 3.26642 0.714434 0.00279798
6.21005 3.18301 0.462274 0.0019413
6.04875 3.09968 0.307092 0.00138176
5.88745 3.01646 0.209983 0.00100618
5.72615 2.93334 0.147824 0.000746625
5.56485 2.85032 0.106918 0.000562061
5.40355 2.7674 0.0791404 0.000427411
5.24225 2.68456 0.0596581 0.000327061
5.08095 2.60178 0.0455724 0.000251043
4.91965 2.51906 0.0351181 0.000192793
4.75835 2.43639 0.0271957 0.000147833
4.59705 2.35374 0.0210992 0.000113003
4.43575 2.27113 0.0163592 8.5997e-05
4.27445 2.18854 0.0126515 6.50866e-05
4.11315 2.10595 0.00974384 4.89472e-05
3.95185 2.02338 0.0074639 3.65477e-05
3.79055 1.94082 0.00568031 2.7077e-05
3.62925 1.85825 0.00429059 1.9893e-05
3.46795 1.77569 0.00321359 1.44863e-05
3.30665 1.69313 0.00238429 1.04531e-05
3.14535 1.61057 0.00175032 7.47409e-06
2.98405 1.528 0.00126938 5.29835e-06
2.82275 1.44543 0.000907289 3.72999e-06
2.66145 1.36287 0.000636542 2.61758e-06
2.50015 1.28029 0.000435174 1.84534e-06
2.33885 1.19772 0.000286002 1.32567e-06
2.17755 1.11515 0.000176048 9.92721e-07
2.01625 1.03257 9.59675e-05 7.96707e-07
1.85495 0.949998 3.92143e-05 6.99294e-07
1.69365 0.867422 8.99529e-07 6.70387e-07
1.53235 0.784846 -2.32812e-05 6.86516e-07
1.37105 0.70227 -3.73301e-05 7.30193e-07
1.20975 0.619694 -4.37357e-05 7.8861e-07
1.04845 0.53712 -4.10294e-05 8.49691e-07
0.88715 0.454547 -2.03683e-05 8.93934e-07
0.72585 0.371975 3.4666e-05 8.83632e-07
0.56455 0.289405 0.000149368 7.51025e-07
0.40325 0.206836 0.000338145 3.99749e-07
0.24195 0.124268 0.000565002 -2.51006e-07
0.08065 0.0417005 0.000797528 -1.23276e-06
