39.4378 39.4159 -0.00141542 0.00126127
39.2766 39.2098 -0.00423406 0.00127144
39.1153 39.0037 -0.00701456 0.00129167
38.9539 38.7975 -0.00973255 0.0013218
38.7927 38.5914 -0.0123725 0.00136157
38.6313 38.3852 -0.0149296 0.0014107
38.4701 38.1789 -0.0174088 0.0014689
38.3087 37.9726 -0.0198225 0.00153592
38.1474 37.7663 -0.0221878 0.00161156
37.9862 37.56 -0.0245227 0.00169568
37.8248 37.3536 -0.0268429 0.0017882
37.6636 37.1471 -0.0291577 0.00188909
37.5022 36.9406 -0.0314682 0.00199835
37.3409 36.7341 -0.0337658 0.00211594
37.1797 36.5274 -0.0360319 0.00224179
37.0183 36.3207 -0.0382399 0.00237577
36.8571 36.1139 -0.0403567 0.00251761
36.6957 35.907 -0.0423465 0.00266695
36.5344 35.7 -0.0441735 0.00282328
36.3732 35.4927 -0.0458064 0.002986
36.2118 35.2853 -0.0472214 0.00315439
36.0506 35.0777 -0.0484053 0.00332768
35.8892 34.8697 -0.0493571 0.00350509
35.7279 34.6614 -0.0500894 0.00368584
35.5667 34.4527 -0.0506268 0.00386925
35.4053 34.2436 -0.0510038 0.00405476
35.2441 34.0338 -0.0512594 0.00424193
35.0827 33.8234 -0.0514309 0.00443051
34.9215 33.6121 -0.0515443 0.00462037
34.7602 33.3998 -0.0516055 0.00481148
34.5988 33.1863 -0.0515914 0.00500382
34.4376 32.9711 -0.0514446 0.00519724
34.2762 32.7542 -0.0510763 0.00539135
34.115 32.535 -0.0503784 0.00558542
33.9537 32.3131 -0.0492479 0.00577826
33.7923 32.0883 -0.0476191 0.00596832
33.6311 31.8599 -0.0454957 0.00615383
33.4697 31.6277 -0.0429713 0.00633305
33.3085 31.3913 -0.0402276 0.00650465
33.1471 31.1504 -0.0375053 0.006668
32.9858 30.9049 -0.0350521 0.0068234
32.8246 30.6548 -0.0330634 0.00697203
32.6632 30.4003 -0.0316312 0.00711571
32.502 30.1416 -0.0307196 0.00725643
32.3406 29.8794 -0.030172 0.00739575
32.1793 29.6143 -0.0297471 0.00753436
32.0181 29.3472 -0.0291731 0.0076717
31.8567 29.079 -0.0282042 0.00780601
31.6955 28.8106 -0.0266681 0.00793452
31.5342 28.5431 -0.0244965 0.00805397
31.3728 28.2774 -0.0217335 0.00816118
31.2115 28.0144 -0.0185272 0.00825362
31.0502 27.7549 -0.0151042 0.00832986
30.889 27.4993 -0.0117356 0.00838978
30.7277 27.2481 -0.00869671 0.00843462
30.5663 27.0016 -0.00622814 0.00846678
30.405 26.7598 -0.00450309 0.00848947
30.2437 26.5225 -0.00360573 0.00850628
30.0825 26.2895 -0.0035246 0.00852077
29.9212 26.0607 -0.00416122 0.00853611
29.7599 25.8354 -0.0053514 0.00855479
29.5985 25.6134 -0.00689404 0.0085785
29.4372 25.3942 -0.00858143 0.00860809
29.2759 25.1773 -0.0102255 0.00864366
29.1147 24.9625 -0.0116772 0.00868471
28.9534 24.7493 -0.0128366 0.0087303
28.792 24.5376 -0.0136552 0.00877926
28.6307 24.3269 -0.014131 0.00883033
28.4694 24.1172 -0.0142976 0.00888235
28.3082 23.9083 -0.0142094 0.00893433
28.1469 23.7 -0.0139253 0.00898547
27.9855 23.4922 -0.0134918 0.00903518
27.8242 23.2849 -0.0129292 0.00908299
27.6629 23.0779 -0.0122222 0.00912842
27.5017 22.8712 -0.0113177 0.00917088
27.3404 22.6648 -0.010131 0.00920952
27.1791 22.4584 -0.0085611 0.00924318
27.0177 22.2522 -0.00651389 0.00927031
26.8564 22.046 -0.00393044 0.0092891
26.6951 21.8398 -0.000816341 0.00929764
26.5339 21.6335 0.00273361 0.00929419
26.3726 21.4271 0.00652072 0.00927751
26.2112 21.2205 0.0102428 0.00924728
26.0499 21.0136 0.0135124 0.00920439
25.8886 20.8064 0.0158945 0.00915121
25.7274 20.5988 0.0169585 0.0090917
25.5661 20.3908 0.0163421 0.00903126
25.4047 20.1824 0.0138153 0.00897641
25.2434 19.9735 0.0093364 0.00893421
25.0821 19.764 0.00308969 0.00891152
24.9209 19.554 -0.00450407 0.00891413
24.7596 19.3434 -0.0128095 0.00894596
24.5983 19.1323 -0.0210319 0.00900835
24.4369 18.9205 -0.0283021 0.00909955
24.2756 18.7081 -0.033782 0.00921465
24.1143 18.495 -0.0367783 0.00934583
23.9531 18.2814 -0.0368471 0.0094831
23.7918 18.0671 -0.0338742 0.00961532
23.6304 17.8522 -0.0281155 0.00973154
23.4691 17.6368 -0.0201873 0.00982234
23.3078 17.4208 -0.0110019 0.00988112
23.1466 17.2042 -0.00165615 0.00990502
22.9853 16.9871 0.00671791 0.00989541
22.8239 16.7695 0.0131156 0.00985774
22.6626 16.5515 0.0168132 0.0098008
22.5013 16.3331 0.0174855 0.00973543
22.3401 16.1144 0.0152666 0.00967293
22.1788 15.8955 0.0107396 0.00962324
22.0175 15.6764 0.00485103 0.00959344
21.8561 15.4572 -0.00124158 0.00958653
21.6948 15.2379 -0.0063716 0.0096011
21.5335 15.0188 -0.00958852 0.00963162
21.3723 14.7997 -0.0103739 0.00966979
21.211 14.5808 -0.00881495 0.00970644
21.0496 14.3621 -0.00570511 0.00973415
20.8883 14.1437 -0.00255058 0.00974989
20.727 13.9256 -0.00147324 0.00975755
20.5658 13.7078 -0.00501729 0.00976989
20.4045 13.4904 -0.0158832 0.00980952
20.2431 13.2734 -0.0366262 0.00990892
20.0818 13.0568 -0.069364 0.0101091
19.9205 12.8408 -0.115536 0.0104576
19.7593 12.6255 -0.175748 0.0110048
19.598 12.4108 -0.249725 0.0118015
19.4367 12.1971 -0.33636 0.0128945
19.2753 11.9843 -0.433855 0.0143239
19.114 11.7728 -0.539921 0.0161211
18.9527 11.5626 -0.651996 0.0183069
18.7915 11.3539 -0.767466 0.0208908
18.6302 11.147 -0.883841 0.0238719
18.4688 10.942 -0.9989 0.0272395
18.3075 10.7391 -1.11078 0.0309748
18.1462 10.5384 -1.21799 0.0350523
17.985 10.3401 -1.31947 0.0394421
17.8237 10.1444 -1.41448 0.0441112
17.6623 9.95139 -1.50261 0.0490251
17.501 9.76114 -1.58372 0.0541494
17.3397 9.57377 -1.65786 0.0594502
17.1785 9.38936 -1.72521 0.0648953
17.0172 9.20797 -1.78608 0.0704544
16.8559 9.02965 -1.84082 0.0760993
16.6945 8.85445 -1.88981 0.0818044
16.5332 8.68239 -1.93344 0.0875465
16.3719 8.5135 -1.97209 0.0933046
16.2107 8.34777 -2.00611 0.0990599
16.0494 8.18521 -2.03582 0.104796
15.888 8.02582 -2.0615 0.110497
15.7267 7.86958 -2.08337 0.116151
15.5655 7.71647 -2.10162 0.121745
15.4041 7.56646 -2.11641 0.127269
15.2429 7.41952 -2.12785 0.132713
15.0816 7.27563 -2.13602 0.13807
14.9202 7.13473 -2.14102 0.143331
14.759 6.99679 -2.14293 0.14849
14.5976 6.86175 -2.14193 0.153542
14.4363 6.72956 -2.13831 0.158482
14.2751 6.60017 -2.13255 0.163307
14.1137 6.4735 -2.12547 0.168016
13.9525 6.3495 -2.11833 0.17261
13.7912 6.2281 -2.11305 0.177095
13.6298 6.10921 -2.11243 0.181481
13.4686 5.99276 -2.12041 0.185784
13.3072 5.87867 -2.14238 0.19003
13.1459 5.76684 -2.18555 0.194255
12.9847 5.65721 -2.25925 0.198509
12.8233 5.54968 -2.37527 0.20286
12.6621 5.44417 -2.548 0.207394
12.5008 5.34061 -2.79443 0.212224
12.3394 5.23894 -3.13379 0.217485
12.1782 5.13913 -3.58656 0.223342
12.0168 5.04118 -4.17271 0.229979
11.8555 4.94513 -4.90889 0.237602
11.6943 4.85107 -5.80427 0.246414
11.5329 4.75914 -6.85526 0.256602
11.3717 4.66958 -8.03952 0.268297
11.2104 4.58268 -9.31054 0.281542
11.049 4.49878 -10.5946 0.296247
10.8878 4.41828 -11.7914 0.312159
10.7264 4.34157 -12.7796 0.328846
10.5651 4.26907 -13.4255 0.34571
10.4039 4.20114 -13.5928 0.362027
10.2425 4.13813 -13.1479 0.377012
10.0813 4.0804 -11.9644 0.389901
9.91995 4.0283 -9.92745 0.400035
9.75865 3.98221 -6.91831 0.406948
9.59735 3.94256 -2.74761 0.410427
9.43605 3.90971 2.88064 0.41056
9.27475 3.88396 10.7591 0.40772
9.11345 3.86549 23.5128 0.402391
8.95215 3.85403 45.8166 0.39501
8.79085 3.84898 78.7527 0.385775
8.62955 3.84952 103.163 0.37406
8.46825 3.854 107.441 0.35811
8.30695 3.85925 100.179 0.335899
8.14565 3.86107 88.3275 0.306353
7.98435 3.85541 75.314 0.269951
7.82305 3.83913 62.7405 0.228641
7.66175 3.81051 51.1865 0.18531
7.50045 3.76925 40.6856 0.143125
7.33915 3.71624 31.1957 0.104992
7.17785 3.65325 22.8325 0.0730731
7.01655 3.58259 15.8382 0.0483948
6.85525 3.5066 10.4016 0.0307473
6.69395 3.42729 6.50827 0.0189875
6.53265 3.34611 3.92955 0.011583
6.37135 3.26394 2.32699 0.00709597
6.21005 3.1813 1.37387 0.00442723
6.04875 3.09847 0.820431 0.00284104
5.88745 3.01557 0.50127 0.00188487
5.72615 2.93268 0.315946 0.00129368
5.56485 2.84982 0.206452 0.000915932
5.40355 2.76701 0.140084 0.000665499
5.24225 2.68426 0.0985184 0.000493173
5.08095 2.60155 0.0714564 0.000370483
4.91965 2.51888 0.0530897 0.00028063
4.75835 2.43624 0.0401196 0.000213412
4.59705 2.35363 0.030645 0.000162396
4.43575 2.27104 0.0235408 0.000123343
4.27445 2.18847 0.0181155 9.33248e-05
4.11315 2.1059 0.0139243 7.02395e-05
3.95185 2.02334 0.0106664 5.25227e-05
3.79055 1.94079 0.00812856 3.89821e-05
3.62925 1.85823 0.0061536 2.86928e-05
3.46795 1.77568 0.00462156 2.093e-05
3.30665 1.69312 0.00343891 1.51228e-05
3.14535 1.61056 0.0025316 1.08212e-05
2.98405 1.528 0.00184048 7.67114e-06
2.82275 1.44543 0.0013181 5.39533e-06
2.66145 1.36286 0.000926427 3.77805e-06
2.50015 1.28029 0.000635067 2.65291e-06
2.33885 1.19772 0.000420095 1.89258e-06
2.17755 1.11515 0.000263136 1.40026e-06
2.01625 1.03257 0.000150592 1.10213e-06
1.85495 0.949998 7.27165e-05 9.41208e-07
1.69365 0.867422 2.23676e-05 8.7269e-07
1.53235 0.784846 -6.25635e-06 8.6108e-07
1.37105 0.702271 -1.87183e-05 8.79077e-07
1.20975 0.619696 -1.94896e-05 9.0661e-07
1.04845 0.537121 -1.17073e-05 9.2909e-07
0.88715 0.454548 1.25238e-05 9.28502e-07
0.72585 0.371977 7.22998e-05 8.6738e-07
0.56455 0.289406 0.000241679 6.4114e-07
0.40325 0.206837 0.00054855 7.17377e-08
0.24195 0.124268 0.000664675 -8.0245e-07
0.08065 0.0416994 0.000319049 -1.51127e-06
