39.4378 39.4159 -0.00139317 0.00120057
39.2766 39.2098 -0.00416567 0.00121057
39.1153 39.0037 -0.00689731 0.00123047
38.9539 38.7975 -0.00956528 0.00126009
38.7927 38.5913 -0.0121557 0.00129917
38.6313 38.3851 -0.0146653 0.00134744
38.4701 38.1788 -0.0171008 0.00140461
38.3087 37.9726 -0.0194766 0.00147046
38.1474 37.7662 -0.021812 0.00154481
37.9862 37.5598 -0.024127 0.00162754
37.8248 37.3534 -0.0264383 0.00171863
37.6636 37.147 -0.0287557 0.00181807
37.5022 36.9404 -0.0310795 0.00192591
37.3409 36.7339 -0.0333992 0.00204214
37.1797 36.5272 -0.0356936 0.00216674
37.0183 36.3205 -0.0379327 0.00229956
36.8571 36.1137 -0.0400796 0.00244036
36.6957 35.9068 -0.042095 0.00258875
36.5344 35.6997 -0.0439406 0.00274422
36.3732 35.4925 -0.0455835 0.00290613
36.2118 35.285 -0.047 0.00307372
36.0506 35.0773 -0.0481784 0.00324622
35.8892 34.8694 -0.0491213 0.0034228
35.7279 34.6611 -0.0498454 0.0036027
35.5667 34.4524 -0.0503807 0.00378524
35.4053 34.2432 -0.0507663 0.00396988
35.2441 34.0334 -0.0510449 0.00415624
35.0827 33.823 -0.0512553 0.00434412
34.9215 33.6117 -0.0514225 0.00453345
34.7602 33.3994 -0.0515484 0.00472425
34.5988 33.1858 -0.0516031 0.00491652
34.4376 32.9706 -0.051522 0.00511012
34.2762 32.7536 -0.0512095 0.00530465
34.115 32.5344 -0.0505545 0.00549932
33.9537 32.3126 -0.0494564 0.00569292
33.7923 32.0877 -0.0478579 0.00588387
33.6311 31.8594 -0.0457758 0.00607042
33.4697 31.6271 -0.043318 0.00625093
33.3085 31.3907 -0.040676 0.00642418
33.1471 31.1498 -0.0380913 0.00658971
32.9858 30.9043 -0.0358012 0.00674798
32.8246 30.6542 -0.0339792 0.00690026
32.6632 30.3996 -0.0326896 0.00704834
32.502 30.1409 -0.0318692 0.00719406
32.3406 29.8787 -0.0313417 0.0073387
32.1793 29.6136 -0.030859 0.00748259
32.0181 29.3465 -0.0301567 0.00762484
31.8567 29.0782 -0.0290094 0.00776335
31.6955 28.8098 -0.0272733 0.00789517
31.5342 28.5423 -0.02491 0.00801701
31.3728 28.2766 -0.0219905 0.00812578
31.2115 28.0136 -0.0186814 0.00821917
31.0502 27.754 -0.0152185 0.00829602
30.889 27.4984 -0.0118721 0.0083565
30.7277 27.2473 -0.00890912 0.00840211
30.5663 27.0007 -0.00655648 0.00843543
30.405 26.7589 -0.00497084 0.0084598
30.2437 26.5216 -0.00421907 0.00847884
30.0825 26.2887 -0.00427294 0.0084961
29.9212 26.0598 -0.00501886 0.00851465
29.7599 25.8345 -0.00628024 0.00853684
29.5985 25.6125 -0.00784733 0.00856419
29.4372 25.3933 -0.00950849 0.00859737
29.2759 25.1764 -0.0110772 0.00863631
29.1147 24.9616 -0.0124112 0.00868034
28.9534 24.7485 -0.0134217 0.00872838
28.792 24.5367 -0.014074 0.00877919
28.6307 24.326 -0.0143802 0.0088315
28.4694 24.1163 -0.0143855 0.00888414
28.3082 23.9074 -0.014152 0.00893617
28.1469 23.6991 -0.0137406 0.00898687
27.9855 23.4913 -0.0131945 0.00903571
27.8242 23.284 -0.0125256 0.00908225
27.6629 23.077 -0.0117082 0.00912602
27.5017 22.8703 -0.0106789 0.0091664
27.3404 22.6639 -0.00934651 0.00920248
27.1791 22.4576 -0.00761049 0.00923301
27.0177 22.2513 -0.00538601 0.0092564
26.8564 22.0452 -0.00263327 0.00927083
26.6951 21.8389 0.000614375 0.00927446
26.5339 21.6326 0.0042287 0.00926574
26.3726 21.4262 0.00797677 0.00924375
26.2112 21.2196 0.0115273 0.00920858
26.0499 21.0126 0.0144757 0.00916162
25.8886 20.8054 0.0163864 0.00910581
25.7274 20.5978 0.01685 0.0090456
25.5661 20.3899 0.0155472 0.0089868
25.4047 20.1814 0.0123105 0.00893613
25.2434 19.9725 0.00717514 0.00890061
25.0821 19.763 0.000407272 0.00888677
24.9209 19.553 -0.00749613 0.00889978
24.7596 19.3424 -0.0158405 0.00894269
24.5983 19.1312 -0.0237994 0.00901577
24.4369 18.9194 -0.0305065 0.00911615
24.2756 18.707 -0.0351654 0.0092379
24.1143 18.494 -0.0371602 0.00937236
23.9531 18.2803 -0.0361541 0.00950904
23.7918 18.0661 -0.0321564 0.00963676
23.6304 17.8512 -0.0255475 0.00974494
23.4691 17.6357 -0.0170508 0.00982501
23.3078 17.4197 -0.00765301 0.00987157
23.1466 17.2031 0.0015213 0.00988313
22.9853 16.986 0.00936472 0.00986249
22.8239 16.7684 0.0149488 0.00981631
22.6626 16.5503 0.0176681 0.00975424
22.5013 16.3319 0.0173411 0.00968752
22.3401 16.1132 0.0142492 0.00962722
22.1788 15.8942 0.00910236 0.0095826
22.0175 15.6751 0.00293169 0.00955959
21.8561 15.4559 -0.00308102 0.00955988
21.6948 15.2366 -0.00781482 0.00958073
21.5335 15.0174 -0.0104348 0.00961564
21.3723 14.7983 -0.0105976 0.00965585
21.211 14.5794 -0.00860465 0.00969253
21.0496 14.3607 -0.00547465 0.00971941
20.8883 14.1423 -0.00291823 0.00973541
20.727 13.9241 -0.00320957 0.00974708
20.5658 13.7063 -0.0089679 0.00977022
20.4045 13.4888 -0.0228768 0.00983062
20.2431 13.2718 -0.0473813 0.00996364
20.0818 13.0552 -0.0844083 0.0102126
19.9205 12.8392 -0.13515 0.0106263
19.7593 12.6239 -0.199942 0.0112558
19.598 12.4093 -0.278242 0.0121509
19.4367 12.1957 -0.368717 0.0133568
19.2753 11.9831 -0.4694 0.0149112
19.114 11.7717 -0.577896 0.0168423
18.9527 11.5618 -0.691612 0.0191674
18.7915 11.3535 -0.807956 0.021893
18.6302 11.1469 -0.92451 0.0250149
18.4688 10.9423 -1.03916 0.0285199
18.3075 10.7399 -1.15015 0.0323867
18.1462 10.5398 -1.25612 0.0365884
17.985 10.3421 -1.35611 0.0410939
17.8237 10.1471 -1.44949 0.0458694
17.6623 9.95474 -1.53594 0.0508805
17.501 9.76523 -1.61537 0.0560925
17.3397 9.57863 -1.68787 0.0614721
17.1785 9.39501 -1.75367 0.0669873
17.0172 9.21445 -1.81309 0.0726084
16.8559 9.03699 -1.8665 0.078308
16.6945 8.86267 -1.91427 0.0840611
16.5332 8.6915 -1.95679 0.0898449
16.3719 8.52351 -1.99444 0.0956392
16.2107 8.3587 -2.02754 0.101426
16.0494 8.19707 -2.05641 0.107188
15.888 8.03861 -2.08131 0.112912
15.7267 7.88331 -2.10244 0.118584
15.5655 7.73114 -2.12001 0.124194
15.4041 7.58208 -2.13414 0.12973
15.2429 7.43609 -2.14495 0.135184
15.0816 7.29314 -2.15255 0.140547
14.9202 7.15319 -2.15707 0.145813
14.759 7.01619 -2.15867 0.150975
14.5976 6.88208 -2.15765 0.156029
14.4363 6.75083 -2.15447 0.16097
14.2751 6.62236 -2.14988 0.165798
14.1137 6.49661 -2.14504 0.170514
13.9525 6.37352 -2.14173 0.175121
13.7912 6.25301 -2.14248 0.179628
13.6298 6.13502 -2.15092 0.184051
13.4686 6.01946 -2.17197 0.188412
13.3072 5.90626 -2.21224 0.192745
13.1459 5.79533 -2.2803 0.197095
12.9847 5.6866 -2.38695 0.201525
12.8233 5.57999 -2.54548 0.206116
12.6621 5.47543 -2.7716 0.210968
12.5008 5.37289 -3.08319 0.21621
12.3394 5.27231 -3.49949 0.22199
12.1782 5.17371 -4.03964 0.228482
12.0168 5.07712 -4.72027 0.235875
11.8555 4.98262 -5.55201 0.244361
11.6943 4.89036 -6.53488 0.25412
11.5329 4.80054 -7.65314 0.265286
11.3717 4.71344 -8.87027 0.277919
11.2104 4.62939 -10.1258 0.291965
11.049 4.54876 -11.3352 0.307226
10.8878 4.47195 -12.3938 0.323345
10.7264 4.39935 -13.1844 0.33981
10.5651 4.33132 -13.5852 0.355988
10.4039 4.26822 -13.4771 0.371176
10.2425 4.21036 -12.7461 0.384672
10.0813 4.15804 -11.28 0.395845
9.91995 4.11157 -8.9529 0.404203
9.75865 4.07123 -5.57833 0.409445
9.59735 4.0373 -0.812997 0.411479
9.43605 4.00997 6.17792 0.410398
9.27475 3.98932 17.4444 0.406379
9.11345 3.97513 36.4175 0.399578
8.95215 3.96682 63.4624 0.389935
8.79085 3.96339 85.0644 0.376805
8.62955 3.96304 91.6769 0.358929
8.46825 3.96289 88.0881 0.33504
8.30695 3.95937 79.6829 0.304599
8.14565 3.94899 69.489 0.268201
7.98435 3.92901 59.0073 0.227568
7.82305 3.89779 48.8902 0.185225
7.66175 3.85491 39.3549 0.144013
7.50045 3.801 30.5261 0.106618
7.33915 3.7376 22.6165 0.0750893
7.17785 3.66679 15.9101 0.0504521
7.01655 3.59074 10.621 0.032586
6.85525 3.51138 6.76889 0.0204776
6.69395 3.4301 4.16732 0.0127081
6.53265 3.3478 2.51598 0.00790667
6.37135 3.26501 1.51237 0.00499616
6.21005 3.18201 0.917284 0.00323637
6.04875 3.09896 0.567404 0.00216023
5.88745 3.01592 0.360761 0.0014876
5.72615 2.93293 0.23694 0.00105471
5.56485 2.85001 0.161081 0.000766674
5.40355 2.76716 0.113245 0.000568314
5.24225 2.68437 0.0820146 0.000427234
5.08095 2.60164 0.0608388 0.000324089
4.91965 2.51895 0.0459346 0.000247039
4.75835 2.4363 0.0350927 0.000188595
4.59705 2.35367 0.0269939 0.000143829
4.43575 2.27108 0.020825 0.00010936
4.27445 2.18849 0.0160643 8.27751e-05
4.11315 2.10592 0.012362 6.22919e-05
3.95185 2.02336 0.00947271 4.65598e-05
3.79055 1.9408 0.00721734 3.45351e-05
3.62925 1.85824 0.00546066 2.54012e-05
3.46795 1.77568 0.00409796 1.85146e-05
3.30665 1.69312 0.00304664 1.33672e-05
3.14535 1.61056 0.00224087 9.55761e-06
2.98405 1.528 0.00162781 6.77021e-06
2.82275 1.44543 0.00116497 4.75794e-06
2.66145 1.36286 0.000818218 3.32897e-06
2.50015 1.28029 0.000560289 2.33567e-06
2.33885 1.19772 0.000369763 1.66549e-06
2.17755 1.11515 0.000230268 1.23312e-06
2.01625 1.03257 0.000129793 9.73659e-07
1.85495 0.949998 5.97913e-05 8.37044e-07
1.69365 0.867422 1.39813e-05 7.83883e-07
1.53235 0.784846 -1.288e-05 7.83089e-07
1.37105 0.70227 -2.57456e-05 8.10923e-07
1.20975 0.619695 -2.84198e-05 8.49955e-07
1.04845 0.537121 -2.19822e-05 8.86275e-07
0.88715 0.454548 1.16574e-06 9.01275e-07
0.72585 0.371976 5.78404e-05 8.58757e-07
0.56455 0.289406 0.000190396 6.79888e-07
0.40325 0.206837 0.000416451 2.42624e-07
0.24195 0.124268 0.000591764 -4.83841e-07
0.08065 0.0416999 0.000596519 -1.34005e-06
