39.4378 39.4159 -0.00131037 0.00103217
39.2766 39.2098 -0.00391721 0.00104157
39.1153 39.0036 -0.00648449 0.00106029
38.9539 38.7974 -0.00899267 0.00108814
38.7927 38.5912 -0.0114315 0.0011249
38.6313 38.3849 -0.0138016 0.00117031
38.4701 38.1786 -0.0161135 0.00122417
38.3087 37.9723 -0.0183859 0.00128629
38.1474 37.7659 -0.0206418 0.00135657
37.9862 37.5595 -0.0229039 0.00143501
37.8248 37.353 -0.0251901 0.00152166
37.6636 37.1465 -0.0275093 0.00161663
37.5022 36.94 -0.0298588 0.00172004
37.3409 36.7334 -0.0322231 0.00183198
37.1797 36.5267 -0.034574 0.00195246
37.0183 36.3199 -0.0368733 0.00208138
36.8571 36.113 -0.0390762 0.00221849
36.6957 35.9061 -0.0411363 0.00236337
36.5344 35.699 -0.0430103 0.00251546
36.3732 35.4917 -0.0446637 0.00267406
36.2118 35.2842 -0.0460748 0.00283836
36.0506 35.0765 -0.047238 0.00300751
35.8892 34.8684 -0.048165 0.00318069
35.7279 34.6601 -0.0488843 0.00335715
35.5667 34.4513 -0.0494373 0.00353627
35.4053 34.2421 -0.049873 0.0037176
35.2441 34.0323 -0.05024 0.00390091
35.0827 33.8218 -0.0505764 0.00408611
34.9215 33.6104 -0.0508999 0.00427328
34.7602 33.398 -0.0511984 0.00446252
34.5988 33.1844 -0.0514243 0.00465386
34.4376 32.9692 -0.0514959 0.00484713
34.2762 32.7521 -0.0513075 0.00504184
34.115 32.5329 -0.0507513 0.00523711
33.9537 32.311 -0.0497465 0.00543169
33.7923 32.0861 -0.0482711 0.00562406
33.6311 31.8577 -0.0463843 0.00581269
33.4697 31.6254 -0.0442302 0.0059963
33.3085 31.389 -0.0420148 0.00617424
33.1471 31.148 -0.0399602 0.00634656
32.9858 30.9025 -0.0382477 0.00651412
32.8246 30.6523 -0.0369669 0.0066783
32.6632 30.3977 -0.0360886 0.00684061
32.502 30.1389 -0.0354705 0.00700217
32.3406 29.8766 -0.0348917 0.00716322
32.1793 29.6115 -0.0341066 0.00732288
32.0181 29.3443 -0.0329005 0.00747912
31.8567 29.0759 -0.0311334 0.00762907
31.6955 28.8075 -0.0287647 0.0077694
31.5342 28.5399 -0.0258557 0.00789696
31.3728 28.2741 -0.022555 0.00800926
31.2115 28.0111 -0.019074 0.00810487
31.0502 27.7514 -0.0156558 0.00818361
30.889 27.4958 -0.0125455 0.00824657
30.7277 27.2446 -0.00996074 0.00829596
30.5663 26.9981 -0.00806668 0.00833479
30.405 26.7562 -0.00695611 0.00836652
30.2437 26.5189 -0.00663791 0.00839467
30.0825 26.286 -0.0070365 0.00842246
29.9212 26.0571 -0.00800371 0.00845249
29.7599 25.8319 -0.00934178 0.00848656
29.5985 25.6099 -0.0108334 0.00852563
29.4372 25.3907 -0.0122731 0.00856982
29.2759 25.1738 -0.0134933 0.00861856
29.1147 24.959 -0.0143817 0.00867081
28.9534 24.7459 -0.0148871 0.00872525
28.792 24.5341 -0.0150144 0.00878051
28.6307 24.3234 -0.0148111 0.00883534
28.4694 24.1137 -0.0143487 0.0088887
28.3082 23.9048 -0.0137011 0.00893985
28.1469 23.6965 -0.0129252 0.00898825
27.9855 23.4887 -0.0120461 0.00903353
27.8242 23.2814 -0.0110481 0.00907531
27.6629 23.0744 -0.00987563 0.00911311
27.5017 22.8677 -0.00844277 0.00914615
27.3404 22.6613 -0.00665211 0.00917335
27.1791 22.4549 -0.00442053 0.00919329
27.0177 22.2487 -0.00170852 0.00920432
26.8564 22.0425 0.00145178 0.00920478
26.6951 21.8363 0.00493518 0.00919329
26.5339 21.63 0.00851406 0.00916907
26.3726 21.4235 0.0118652 0.00913235
26.2112 21.2168 0.0145946 0.00908462
26.0499 21.0099 0.0162803 0.00902886
25.8886 20.8026 0.0165279 0.00896952
25.7274 20.595 0.0150339 0.00891233
25.5661 20.3869 0.0116457 0.0088639
25.4047 20.1784 0.00641056 0.00883106
25.2434 19.9694 -0.000397797 0.00882011
25.0821 19.7599 -0.00828034 0.00883599
24.9209 19.5499 -0.0165465 0.00888152
24.7596 19.3393 -0.0243793 0.00895676
24.5983 19.1281 -0.0309266 0.00905871
24.4369 18.9163 -0.0354073 0.00918132
24.2756 18.7039 -0.0372214 0.00931595
24.1143 18.4909 -0.0360445 0.00945214
23.9531 18.2772 -0.0318939 0.00957879
23.7918 18.063 -0.025153 0.00968544
23.6304 17.8481 -0.0165437 0.00976361
23.4691 17.6326 -0.00704849 0.00980795
23.3078 17.4165 0.00221225 0.00981705
23.1466 17.1999 0.0101322 0.00979369
22.9853 16.9827 0.0157787 0.00974456
22.8239 16.765 0.0185358 0.00967937
22.6626 16.5468 0.0182053 0.00960943
22.5013 16.3283 0.0150484 0.00954603
22.3401 16.1095 0.00975471 0.00949867
22.1788 15.8904 0.00333851 0.00947365
22.0175 15.6712 -0.00302711 0.00947305
21.8561 15.4519 -0.00821866 0.00949458
21.6948 15.2326 -0.0113852 0.0095321
21.5335 15.0133 -0.0121535 0.00957714
21.3723 14.7942 -0.0107838 0.009621
21.211 14.5752 -0.00824678 0.00965738
21.0496 14.3564 -0.00620418 0.00968497
20.8883 14.1379 -0.00688827 0.00970993
20.727 13.9196 -0.0128903 0.0097476
20.5658 13.7017 -0.0268856 0.00982321
20.4045 13.4842 -0.0513331 0.00997166
20.2431 13.2671 -0.0881957 0.0102359
20.0818 13.0505 -0.138719 0.0106646
19.9205 12.8346 -0.203304 0.0113089
19.7593 12.6194 -0.281478 0.012219
19.598 12.4051 -0.371971 0.0134406
19.4367 12.1919 -0.472869 0.0150123
19.2753 11.9799 -0.581817 0.0169632
19.114 11.7692 -0.696239 0.0193117
18.9527 11.5602 -0.813544 0.0220651
18.7915 11.3529 -0.931304 0.0252201
18.6302 11.1477 -1.04737 0.0287641
18.4688 10.9445 -1.15997 0.0326765
18.3075 10.7437 -1.2677 0.0369305
18.1462 10.5454 -1.36956 0.0414951
17.985 10.3496 -1.46488 0.0463367
17.8237 10.1566 -1.55332 0.0514205
17.6623 9.96644 -1.63476 0.0567114
17.501 9.77921 -1.70927 0.0621758
17.3397 9.59499 -1.77707 0.0677812
17.1785 9.41385 -1.83845 0.0734974
17.0172 9.23584 -1.89378 0.0792966
16.8559 9.06099 -1.94343 0.085153
16.6945 8.88933 -1.98779 0.0910437
16.5332 8.72088 -2.02721 0.0969476
16.3719 8.55565 -2.06204 0.102846
16.2107 8.39363 -2.09258 0.108723
16.0494 8.23481 -2.11909 0.114562
15.888 8.07918 -2.14182 0.120351
15.7267 7.92672 -2.16095 0.126078
15.5655 7.7774 -2.17668 0.131733
15.4041 7.6312 -2.1892 0.137306
15.2429 7.48806 -2.19871 0.142789
15.0816 7.34796 -2.20551 0.148176
14.9202 7.21084 -2.21 0.153462
14.759 7.07666 -2.21282 0.158644
14.5976 6.94537 -2.2149 0.163719
14.4363 6.8169 -2.21761 0.168691
14.2751 6.6912 -2.22293 0.173564
14.1137 6.56821 -2.23365 0.17835
13.9525 6.44785 -2.2536 0.183065
13.7912 6.33006 -2.28789 0.187735
13.6298 6.21478 -2.34319 0.192396
13.4686 6.10194 -2.42797 0.197097
13.3072 5.99147 -2.5527 0.2019
13.1459 5.88333 -2.72991 0.206887
12.9847 5.77747 -2.97409 0.212158
12.8233 5.67386 -3.30121 0.217835
12.6621 5.57249 -3.72784 0.224056
12.5008 5.47341 -4.26961 0.230977
12.3394 5.37666 -4.93899 0.238762
12.1782 5.28236 -5.74215 0.247568
12.0168 5.19069 -6.67534 0.257531
11.8555 5.10185 -7.72092 0.268739
11.6943 5.01612 -8.84406 0.281203
11.5329 4.93382 -9.99099 0.294837
11.3717 4.8553 -11.0896 0.309429
11.2104 4.78091 -12.0528 0.324642
11.049 4.711 -12.7831 0.34002
10.8878 4.64589 -13.177 0.35502
10.7264 4.58585 -13.1262 0.369049
10.5651 4.53112 -12.511 0.381519
10.4039 4.48187 -11.183 0.391885
10.2425 4.43824 -8.92459 0.399681
10.0813 4.4003 -5.36771 0.404532
9.91995 4.36803 0.15833 0.40614
9.75865 4.34127 8.77911 0.404241
9.59735 4.31965 21.7087 0.398563
9.43605 4.30245 38.1625 0.388769
9.27475 4.28855 53.1385 0.374396
9.11345 4.27632 61.8068 0.354924
8.95215 4.26362 63.9806 0.329999
8.79085 4.248 61.6831 0.299712
8.62955 4.22702 56.7614 0.264769
8.46825 4.19858 50.4179 0.226538
8.30695 4.16125 43.3728 0.186945
8.14565 4.11436 36.0771 0.148235
7.98435 4.05812 28.8823 0.112639
7.82305 3.99354 22.1381 0.0819669
7.66175 3.92217 16.1897 0.0572607
7.50045 3.84579 11.2992 0.0386361
7.33915 3.76607 7.56445 0.0254209
7.17785 3.6843 4.90386 0.0165017
7.01655 3.60141 3.11569 0.0106956
6.85525 3.51796 1.96426 0.00699513
6.69395 3.43429 1.24242 0.00465325
6.53265 3.35057 0.795551 0.00316421
6.37135 3.26692 0.51921 0.00220426
6.21005 3.18337 0.347001 0.00157261
6.04875 3.09995 0.238121 0.0011466
5.88745 3.01667 0.167888 0.000851455
5.72615 2.9335 0.121442 0.00064145
5.56485 2.85045 0.0898401 0.000488308
5.40355 2.7675 0.0676844 0.00037427
5.24225 2.68464 0.0516971 0.000287936
5.08095 2.60184 0.0398618 0.000221781
4.91965 2.51911 0.0309138 0.00017068
4.75835 2.43642 0.0240391 0.000131026
4.59705 2.35377 0.0186971 0.000100202
4.43575 2.27115 0.0145161 7.62549e-05
4.27445 2.18855 0.0112317 5.76952e-05
4.11315 2.10597 0.00864936 4.33671e-05
3.95185 2.02339 0.00662192 3.23625e-05
3.79055 1.94083 0.00503526 2.3963e-05
3.62925 1.85826 0.00379941 1.75975e-05
3.46795 1.7757 0.00284249 1.2812e-05
3.30665 1.69313 0.00210661 9.24616e-06
3.14535 1.61057 0.00154497 6.61516e-06
2.98405 1.528 0.00111964 4.69525e-06
2.82275 1.44544 0.000799947 3.31212e-06
2.66145 1.36287 0.000561179 2.33135e-06
2.50015 1.2803 0.000383606 1.65057e-06
2.33885 1.19772 0.000251829 1.19269e-06
2.17755 1.11515 0.000154297 9.00036e-07
2.01625 1.03257 8.27771e-05 7.292e-07
1.85495 0.949998 3.15385e-05 6.46823e-07
1.69365 0.867422 -3.75763e-06 6.26804e-07
1.53235 0.784846 -2.70484e-05 6.49003e-07
1.37105 0.70227 -4.1957e-05 6.98729e-07
1.20975 0.619694 -5.03631e-05 7.65256e-07
1.04845 0.537119 -4.97777e-05 8.37417e-07
0.88715 0.454546 -3.04339e-05 8.95217e-07
0.72585 0.371975 2.45597e-05 8.9945e-07
0.56455 0.289405 0.000138355 7.82062e-07
0.40325 0.206836 0.000325505 4.4783e-07
0.24195 0.124268 0.000566333 -1.94774e-07
0.08065 0.0417006 0.000841232 -1.20898e-06
