39.4378 39.4159 -0.00136782 0.0011422
39.2766 39.2098 -0.00408908 0.00115201
39.1153 39.0036 -0.0067688 0.00117155
38.9539 38.7975 -0.0093852 0.00120061
38.7927 38.5913 -0.0119256 0.00123896
38.6313 38.385 -0.0143882 0.00128632
38.4701 38.1788 -0.0167811 0.00134242
38.3087 37.9725 -0.0191207 0.00140706
38.1474 37.7661 -0.0214279 0.00148007
37.9862 37.5597 -0.023724 0.0015614
37.8248 37.3533 -0.0260267 0.00165102
37.6636 37.1468 -0.0283458 0.00174899
37.5022 36.9403 -0.0306807 0.00185538
37.3409 36.7337 -0.0330192 0.00197022
37.1797 36.527 -0.0353375 0.0020935
37.0183 36.3203 -0.0376024 0.00222509
36.8571 36.1135 -0.0397739 0.00236475
36.6957 35.9065 -0.0418098 0.00251209
36.5344 35.6994 -0.0436695 0.00266657
36.3732 35.4922 -0.0453191 0.00282751
36.2118 35.2847 -0.0467352 0.00299417
36.0506 35.077 -0.0479082 0.00316571
35.8892 34.8691 -0.0488436 0.00334131
35.7279 34.6607 -0.0495626 0.0035202
35.5667 34.452 -0.0500995 0.00370173
35.4053 34.2428 -0.0504975 0.00388538
35.2441 34.033 -0.0508023 0.00407083
35.0827 33.8226 -0.0510532 0.0042579
34.9215 33.6113 -0.0512736 0.00444661
34.7602 33.3989 -0.0514608 0.00463699
34.5988 33.1853 -0.0515789 0.00482907
34.4376 32.9701 -0.0515563 0.00502271
34.2762 32.7531 -0.0512925 0.00521747
34.115 32.5339 -0.0506753 0.00541255
33.9537 32.3121 -0.0496085 0.00560668
33.7923 32.0872 -0.0480452 0.00579832
33.6311 31.8588 -0.046016 0.00598573
33.4697 31.6266 -0.0436419 0.00616739
33.3085 31.3901 -0.0411221 0.00634224
33.1471 31.1492 -0.0386955 0.00651
32.9858 30.9037 -0.0365843 0.00667125
32.8246 30.6535 -0.0349372 0.00682734
32.6632 30.399 -0.0337887 0.00698001
32.502 30.1403 -0.0330485 0.00713088
32.3406 29.878 -0.0325228 0.00728093
32.1793 29.6129 -0.0319603 0.00743012
32.0181 29.3457 -0.0311088 0.00757716
31.8567 29.0774 -0.0297675 0.00771969
31.6955 28.809 -0.0278241 0.00785459
31.5342 28.5415 -0.0252724 0.00797857
31.3728 28.2758 -0.0222098 0.0080887
31.2115 28.0127 -0.0188199 0.00818292
31.0502 27.7532 -0.0153444 0.00826037
30.889 27.4976 -0.0120488 0.00832153
30.7277 27.2464 -0.00918774 0.00836814
30.5663 26.9998 -0.00697076 0.00840295
30.405 26.758 -0.00553547 0.00842937
30.2437 26.5207 -0.00493023 0.00845106
30.0825 26.2878 -0.00511039 0.00847146
29.9212 26.0589 -0.00594893 0.00849354
29.7599 25.8337 -0.00725941 0.00851948
29.5985 25.6116 -0.00882642 0.00855063
29.4372 25.3924 -0.0104374 0.00858746
29.2759 25.1756 -0.0119097 0.00862973
29.1147 24.9607 -0.0131096 0.00867663
28.9534 24.7476 -0.0139604 0.00872698
28.792 24.5358 -0.014441 0.00877946
28.6307 24.3252 -0.0145765 0.0088328
28.4694 24.1155 -0.0144225 0.00888587
28.3082 23.9065 -0.0140471 0.00893778
28.1469 23.6982 -0.0135113 0.00898788
27.9855 23.4905 -0.0128536 0.00903568
27.8242 23.2831 -0.012077 0.00908079
27.6629 23.0762 -0.0111454 0.00912273
27.5017 22.8695 -0.00998617 0.00916085
27.3404 22.663 -0.00850391 0.00919417
27.1791 22.4567 -0.00660094 0.00922136
27.0177 22.2505 -0.00420473 0.00924081
26.8564 22.0443 -0.00129718 0.00925071
26.6951 21.8381 0.00205884 0.00924934
26.5339 21.6318 0.00570143 0.00923537
26.3726 21.4253 0.00936502 0.00920822
26.2112 21.2186 0.012693 0.00916843
26.0499 21.0117 0.0152687 0.00911794
25.8886 20.8045 0.0166634 0.00906019
25.7274 20.5969 0.0164958 0.00900012
25.5661 20.3889 0.0144963 0.00894386
25.4047 20.1804 0.0105651 0.00889828
25.2434 19.9715 0.00481644 0.00887025
25.0821 19.762 -0.002403 0.00886585
24.9209 19.552 -0.0105251 0.00888957
24.7596 19.3414 -0.0188045 0.00894349
24.5983 19.1302 -0.0263943 0.00902681
24.4369 18.9184 -0.032444 0.00913557
24.2756 18.706 -0.0362107 0.00926284
24.1143 18.4929 -0.0371671 0.00939925
23.9531 18.2793 -0.0350897 0.00953396
23.7918 18.065 -0.0301133 0.00965587
23.6304 17.8502 -0.0227384 0.00975495
23.4691 17.6347 -0.0137867 0.00982361
23.3078 17.4186 -0.00430486 0.00985769
23.1466 17.202 0.00457158 0.00985717
22.9853 16.9849 0.011777 0.00982617
22.8239 16.7672 0.0164741 0.00977251
22.6626 16.5492 0.0181858 0.00970655
22.5013 16.3307 0.0168777 0.00963971
22.3401 16.112 0.0129746 0.00958273
22.1788 15.893 0.0073021 0.00954398
22.0175 15.6738 0.000958089 0.00952818
21.8561 15.4545 -0.00487283 0.00953568
21.6948 15.2353 -0.00913789 0.00956249
21.5335 15.016 -0.0111379 0.00960127
21.3723 14.7969 -0.0107194 0.00964307
21.211 14.578 -0.00840418 0.00967961
21.0496 14.3593 -0.00543311 0.00970602
20.8883 14.1408 -0.00370775 0.00972345
20.727 13.9226 -0.00563266 0.00974123
20.5658 13.7048 -0.0138744 0.00977831
20.4045 13.4873 -0.0310704 0.00986358
20.2431 13.2702 -0.0595289 0.0100351
20.0818 13.0536 -0.100966 0.0103384
19.9205 12.8377 -0.156317 0.0108231
19.7593 12.6224 -0.225644 0.0115406
19.598 12.4079 -0.30815 0.0125394
19.4367 12.1943 -0.402291 0.0138629
19.2753 11.9819 -0.505949 0.015546
19.114 11.7708 -0.616649 0.0176137
18.9527 11.5611 -0.73178 0.0200801
18.7915 11.3531 -0.848791 0.0229483
18.6302 11.147 -0.965347 0.0262111
18.4688 10.9429 -1.07944 0.0298527
18.3075 10.741 -1.18943 0.0338499
18.1462 10.5414 -1.29409 0.0381742
17.985 10.3444 -1.39256 0.0427936
17.8237 10.15 -1.4843 0.0476737
17.6623 9.95836 -1.56906 0.05278
17.501 9.7696 -1.64683 0.0580779
17.3397 9.58378 -1.71773 0.0635344
17.1785 9.40098 -1.78202 0.0691182
17.0172 9.22126 -1.84003 0.0748
16.8559 9.04466 -1.89214 0.080553
16.6945 8.87121 -1.93874 0.0863529
16.5332 8.70095 -1.98019 0.0921777
16.3719 8.53387 -2.01686 0.0980074
16.2107 8.36998 -2.04908 0.103824
16.0494 8.20928 -2.07714 0.109613
15.888 8.05176 -2.10127 0.115359
15.7267 7.89741 -2.12171 0.12105
15.5655 7.74618 -2.13861 0.126674
15.4041 7.59807 -2.15212 0.132222
15.2429 7.45303 -2.16237 0.137686
15.0816 7.31103 -2.16952 0.143056
14.9202 7.17203 -2.17373 0.148327
14.759 7.03596 -2.17531 0.153494
14.5976 6.9028 -2.17469 0.158551
14.4363 6.77247 -2.17257 0.163498
14.2751 6.64492 -2.17004 0.168334
14.1137 6.52009 -2.16871 0.173062
13.9525 6.39791 -2.17092 0.177692
13.7912 6.27831 -2.17998 0.182235
13.6298 6.16121 -2.20041 0.186713
13.4686 6.04655 -2.23828 0.191156
13.3072 5.93425 -2.30145 0.195607
13.1459 5.82422 -2.39988 0.200123
12.9847 5.71641 -2.54582 0.204777
12.8233 5.61076 -2.75383 0.209665
12.6621 5.50721 -3.04055 0.214903
12.5008 5.40574 -3.42409 0.22063
12.3394 5.30634 -3.92271 0.227007
12.1782 5.20904 -4.55285 0.234211
12.0168 5.11394 -5.32605 0.242423
11.8555 5.02115 -6.24505 0.251815
11.6943 4.93087 -7.29914 0.262524
11.5329 4.84336 -8.4596 0.274621
11.3717 4.75893 -9.67637 0.288081
11.2104 4.67793 -10.8774 0.302749
11.049 4.60075 -11.971 0.318327
10.8878 4.52776 -12.8523 0.334374
10.7264 4.45933 -13.41 0.350325
10.5651 4.3958 -13.5324 0.365542
10.4039 4.33746 -13.1099 0.379366
10.2425 4.28458 -12.0296 0.391185
10.0813 4.23741 -10.1576 0.400486
9.91995 4.19617 -7.29511 0.406897
9.75865 4.16105 -3.07507 0.410203
9.59735 4.13215 3.3014 0.41032
9.43605 4.10947 13.5161 0.407221
9.27475 4.09273 30.0422 0.400855
9.11345 4.08132 52.5169 0.391006
8.95215 4.07414 71.4674 0.377092
8.79085 4.06939 79.3453 0.358196
8.62955 4.06451 78.3861 0.333503
8.46825 4.05638 72.595 0.30279
8.30695 4.04196 64.5865 0.266718
8.14565 4.01879 55.7709 0.226856
7.98435 3.98529 46.8479 0.185471
7.82305 3.94094 38.1532 0.145161
7.66175 3.88621 29.9209 0.108431
7.50045 3.82241 22.4296 0.0772377
7.33915 3.75142 15.9922 0.0526093
7.17785 3.6753 10.843 0.0345083
7.01655 3.59584 7.03116 0.0220424
6.85525 3.51443 4.40859 0.0138999
6.69395 3.43197 2.71024 0.0087745
6.53265 3.34899 1.65684 0.00561192
6.37135 3.2658 1.01983 0.00366866
6.21005 3.18256 0.638425 0.00246398
6.04875 3.09935 0.409498 0.00170295
5.88745 3.01621 0.270445 0.00120957
5.72615 2.93315 0.184341 0.000879893
5.56485 2.85018 0.129644 0.000652525
5.40355 2.76729 0.093805 0.000490878
5.24225 2.68447 0.0694976 0.000372847
5.08095 2.60171 0.0524277 0.000284789
4.91965 2.51901 0.040053 0.000218039
4.75835 2.43634 0.0308409 0.000166896
4.59705 2.35371 0.0238422 0.000127463
4.43575 2.2711 0.0184484 9.6976e-05
4.27445 2.18852 0.0142535 7.34067e-05
4.11315 2.10594 0.0109753 5.52264e-05
3.95185 2.02337 0.00840987 4.12585e-05
3.79055 1.94081 0.00640453 3.05847e-05
3.62925 1.85825 0.00484202 2.24819e-05
3.46795 1.77569 0.00363035 1.63777e-05
3.30665 1.69313 0.00269634 1.18195e-05
3.14535 1.61056 0.00198133 8.44925e-06
2.98405 1.528 0.00143807 5.98554e-06
2.82275 1.44543 0.00102846 4.20834e-06
2.66145 1.36286 0.000721858 2.94716e-06
2.50015 1.28029 0.000493817 2.07118e-06
2.33885 1.19772 0.000325144 1.48106e-06
2.17755 1.11515 0.000201262 1.10174e-06
2.01625 1.03257 0.000111573 8.76307e-07
1.85495 0.949998 4.8594e-05 7.6089e-07
1.69365 0.867422 6.79223e-06 7.20978e-07
1.53235 0.784846 -1.85721e-05 7.29466e-07
1.37105 0.70227 -3.19398e-05 7.65866e-07
1.20975 0.619695 -3.64431e-05 8.15143e-07
1.04845 0.53712 -3.17562e-05 8.64287e-07
0.88715 0.454547 -9.8235e-06 8.94249e-07
0.72585 0.371976 4.56126e-05 8.68461e-07
0.56455 0.289405 0.000164767 7.16871e-07
0.40325 0.206836 0.000362483 3.36961e-07
0.24195 0.124268 0.000569471 -3.34552e-07
0.08065 0.0417003 0.000726752 -1.26853e-06
