39.4594 39.4454
39.3442 39.2982
39.229 39.1509
39.1138 39.0037
38.9986 38.8564
38.8834 38.7092
38.7682 38.5619
38.653 38.4146
38.5377 38.2673
38.4225 38.1199
38.3073 37.9726
38.1921 37.8252
38.0769 37.6777
37.9617 37.5303
37.8465 37.3828
37.7313 37.2353
37.6161 37.0878
37.5009 36.9403
37.3856 36.7927
37.2704 36.6451
37.1552 36.4974
37.04 36.3497
36.9248 36.202
36.8096 36.0542
36.6944 35.9064
36.5792 35.7585
36.464 35.6105
36.3488 35.4624
36.2335 35.3142
36.1183 35.1658
36.0031 35.0174
35.8879 34.8687
35.7727 34.7199
35.6575 34.5709
35.5423 34.4216
35.4271 34.272
35.3119 34.1222
35.1967 33.972
35.0814 33.8214
34.9662 33.6704
34.851 33.5189
34.7358 33.3668
34.6206 33.2141
34.5054 33.0607
34.3902 32.9065
34.275 32.7514
34.1598 32.5953
34.0446 32.4381
33.9293 32.2796
33.8141 32.1196
33.6989 31.958
33.5837 31.7947
33.4685 31.6295
33.3533 31.4621
33.2381 31.2925
33.1229 31.1204
33.0077 30.9459
32.8925 30.7688
32.7772 30.5892
32.662 30.4069
32.5468 30.2223
32.4316 30.0353
32.3164 29.8464
32.2012 29.6557
32.086 29.4636
31.9708 29.2705
31.8556 29.0769
31.7404 28.8833
31.6251 28.69
31.5099 28.4976
31.3947 28.3064
31.2795 28.1168
31.1643 27.9292
31.0491 27.7439
30.9339 27.5609
30.8187 27.3805
30.7035 27.2026
30.5883 27.0274
30.473 26.8547
30.3578 26.6845
30.2426 26.5166
30.1274 26.3509
30.0122 26.1872
29.897 26.0254
29.7818 25.8653
29.6666 25.7067
29.5514 25.5494
29.4362 25.3934
29.3209 25.2384
29.2057 25.0845
29.0905 24.9314
28.9753 24.779
28.8601 24.6273
28.7449 24.4763
28.6297 24.3258
28.5145 24.1757
28.3993 24.0261
28.2841 23.8769
28.1688 23.728
28.0536 23.5794
27.9384 23.431
27.8232 23.2829
27.708 23.135
27.5928 22.9872
27.4776 22.8396
27.3624 22.6921
27.2472 22.5447
27.132 22.3973
27.0167 22.25
26.9015 22.1027
26.7863 21.9554
26.6711 21.8081
26.5559 21.6608
26.4407 21.5133
26.3255 21.3658
26.2103 21.2182
26.0951 21.0704
25.9799 20.9225
25.8646 20.7744
25.7494 20.6261
25.6342 20.4776
25.519 20.3289
25.4038 20.18
25.2886 20.0308
25.1734 19.8813
25.0582 19.7316
24.943 19.5817
24.8278 19.4314
24.7125 19.2808
24.5973 19.1299
24.4821 18.9787
24.3669 18.8272
24.2517 18.6754
24.1365 18.5232
24.0213 18.3707
23.9061 18.2179
23.7909 18.0647
23.6757 17.9112
23.5604 17.7574
23.4452 17.6033
23.33 17.4489
23.2148 17.2942
23.0996 17.1392
22.9844 16.984
22.8692 16.8285
22.754 16.6728
22.6388 16.5169
22.5236 16.3608
22.4083 16.2046
22.2931 16.0482
22.1779 15.8918
22.0627 15.7353
21.9475 15.5787
21.8323 15.4221
21.7171 15.2655
21.6019 15.109
21.4867 14.9525
21.3715 14.7962
21.2562 14.6399
21.141 14.4837
21.0258 14.3277
20.9106 14.1717
20.7954 14.016
20.6802 13.8604
20.565 13.7049
20.4498 13.5497
20.3346 13.3946
20.2194 13.2398
20.1041 13.0851
19.9889 12.9308
19.8737 12.7767
19.7585 12.623
19.6433 12.4696
19.5281 12.3167
19.4129 12.1643
19.2977 12.0124
19.1825 11.8612
19.0673 11.7106
18.952 11.5608
18.8368 11.4118
18.7216 11.2638
18.6064 11.1167
18.4912 10.9707
18.376 10.8258
18.2608 10.682
18.1456 10.5395
18.0304 10.3983
17.9152 10.2584
17.7999 10.1199
17.6847 9.98281
17.5695 9.84719
17.4543 9.71307
17.3391 9.58046
17.2239 9.4494
17.1087 9.31991
16.9935 9.19201
16.8783 9.0657
16.7631 8.941
16.6478 8.81793
16.5326 8.69648
16.4174 8.57666
16.3022 8.45848
16.187 8.34192
16.0718 8.227
15.9566 8.1137
15.8414 8.00202
15.7262 7.89195
15.611 7.78349
15.4957 7.67662
15.3805 7.57133
15.2653 7.46761
15.1501 7.36544
15.0349 7.26481
14.9197 7.1657
14.8045 7.06809
14.6893 6.97197
14.5741 6.87731
14.4589 6.78409
14.3436 6.69229
14.2284 6.60189
14.1132 6.51286
13.998 6.42518
13.8828 6.33881
13.7676 6.25374
13.6524 6.16992
13.5372 6.08735
13.422 6.00598
13.3068 5.92579
13.1915 5.84674
13.0763 5.76882
12.9611 5.69199
12.8459 5.61624
12.7307 5.54155
12.6155 5.46789
12.5003 5.39526
12.3851 5.32367
12.2699 5.25312
12.1547 5.18363
12.0394 5.11524
11.9242 5.048
11.809 4.98198
11.6938 4.91727
11.5786 4.85396
11.4634 4.79217
11.3482 4.73205
11.233 4.67373
11.1178 4.61737
11.0026 4.5631
10.8873 4.51108
10.7721 4.46143
10.6569 4.4143
10.5417 4.36979
10.4265 4.32802
10.3113 4.28908
10.1961 4.25308
10.0809 4.2201
9.96567 4.19024
9.85046 4.16358
9.73525 4.14018
9.62004 4.12007
9.50483 4.10327
9.38962 4.08971
9.2744 4.07925
9.1592 4.07166
9.04399 4.06657
8.92877 4.06346
8.81357 4.06159
8.69836 4.05995
8.58315 4.05737
8.46794 4.05259
8.35273 4.04441
8.23752 4.03181
8.12231 4.01402
8.00709 3.9906
7.89189 3.96138
7.77668 3.92647
7.66147 3.88624
7.54626 3.8413
7.43105 3.79237
7.31584 3.74027
7.20063 3.68577
7.08542 3.62953
6.9702 3.5721
6.855 3.51387
6.73979 3.45513
6.62458 3.39608
6.50937 3.33683
6.39416 3.27748
6.27895 3.21808
6.16373 3.15867
6.04853 3.09928
5.93332 3.03992
5.81811 2.98059
5.7029 2.9213
5.58769 2.86205
5.47248 2.80284
5.35726 2.74366
5.24206 2.68452
5.12685 2.62541
5.01164 2.56632
4.89643 2.50726
4.78122 2.44821
4.66601 2.38918
4.55079 2.33016
4.43559 2.27116
4.32038 2.21216
4.20517 2.15317
4.08996 2.09419
3.97475 2.03521
3.85954 1.97623
3.74433 1.91725
3.62912 1.85828
3.51391 1.7993
3.3987 1.74033
3.28349 1.68135
3.16828 1.62238
3.05307 1.5634
2.93786 1.50442
2.82265 1.44544
2.70744 1.38646
2.59223 1.32748
2.47702 1.2685
2.3618 1.20952
2.2466 1.15054
2.13139 1.09156
2.01618 1.03258
1.90097 0.973594
1.78576 0.914611
1.67055 0.855629
1.55534 0.796646
1.44013 0.737663
1.32492 0.678681
1.20971 0.619698
1.09449 0.560716
0.979285 0.501733
0.864075 0.442752
0.748865 0.38377
0.633655 0.324789
0.518445 0.265808
0.403235 0.206826
0.288025 0.147843
0.172815 0.0888603
0.057605 0.0298779
