39.4594 0.00106811
39.3442 0.001073
39.229 0.00108275
39.1138 0.0010973
38.9986 0.00111658
38.8834 0.00114049
38.7682 0.00116894
38.653 0.00120183
38.5377 0.00123908
38.4225 0.0012806
38.3073 0.00132634
38.1921 0.00137626
38.0769 0.00143032
37.9617 0.00148851
37.8465 0.00155083
37.7313 0.0016173
37.6161 0.00168795
37.5009 0.00176282
37.3856 0.00184194
37.2704 0.00192537
37.1552 0.0020131
37.04 0.00210512
36.9248 0.00220135
36.8096 0.00230163
36.6944 0.00240573
36.5792 0.00251334
36.464 0.00262408
36.3488 0.00273755
36.2335 0.00285332
36.1183 0.002971
36.0031 0.0030903
35.8879 0.003211
35.7727 0.00333302
35.6575 0.00345635
35.5423 0.0035811
35.4271 0.00370736
35.3119 0.00383524
35.1967 0.00396474
35.0814 0.00409577
34.9662 0.00422812
34.851 0.00436148
34.7358 0.00449549
34.6206 0.00462984
34.5054 0.00476429
34.3902 0.00489881
34.275 0.00503354
34.1598 0.0051688
34.0446 0.00530503
33.9293 0.00544263
33.8141 0.00558182
33.6989 0.00572248
33.5837 0.00586401
33.4685 0.00600534
33.3533 0.00614493
33.2381 0.00628105
33.1229 0.00641197
33.0077 0.00653639
32.8925 0.00665369
32.7772 0.00676415
32.662 0.00686895
32.5468 0.00697008
32.4316 0.00706994
32.3164 0.00717093
32.2012 0.00727495
32.086 0.00738303
31.9708 0.00749509
31.8556 0.00760986
31.7404 0.00772506
31.6251 0.00783766
31.5099 0.00794432
31.3947 0.0080418
31.2795 0.00812736
31.1643 0.00819908
31.0491 0.00825607
30.9339 0.00829852
30.8187 0.00832769
30.7035 0.00834569
30.5883 0.00835528
30.473 0.00835953
30.3578 0.00836153
30.2426 0.00836414
30.1274 0.00836973
30.0122 0.00838008
29.897 0.00839633
29.7818 0.00841896
29.6666 0.00844791
29.5514 0.00848267
29.4362 0.00852241
29.3209 0.00856611
29.2057 0.00861265
29.0905 0.00866088
28.9753 0.00870972
28.8601 0.00875814
28.7449 0.00880524
28.6297 0.00885024
28.5145 0.00889248
28.3993 0.00893145
28.2841 0.00896681
28.1688 0.00899838
28.0536 0.00902615
27.9384 0.00905029
27.8232 0.00907109
27.708 0.00908899
27.5928 0.00910445
27.4776 0.00911796
27.3624 0.00912995
27.2472 0.00914069
27.132 0.00915031
27.0167 0.0091587
26.9015 0.00916552
26.7863 0.00917024
26.6711 0.00917217
26.5559 0.00917053
26.4407 0.00916461
26.3255 0.00915377
26.2103 0.00913767
26.0951 0.00911631
25.9799 0.00909008
25.8646 0.00905988
25.7494 0.00902703
25.6342 0.00899328
25.519 0.00896071
25.4038 0.00893156
25.2886 0.00890815
25.1734 0.00889262
25.0582 0.00888683
24.943 0.00889217
24.8278 0.00890945
24.7125 0.0089388
24.5973 0.00897965
24.4821 0.00903072
24.3669 0.0090901
24.2517 0.00915535
24.1365 0.00922365
24.0213 0.00929202
23.9061 0.00935746
23.7909 0.00941721
23.6757 0.00946894
23.5604 0.0095109
23.4452 0.00954211
23.33 0.00956246
23.2148 0.00957268
23.0996 0.00957442
22.9844 0.00957008
22.8692 0.00956269
22.754 0.00955567
22.6388 0.00955257
22.5236 0.00955677
22.4083 0.00957117
22.2931 0.00959791
22.1779 0.00963808
22.0627 0.00969161
21.9475 0.00975713
21.8323 0.00983206
21.7171 0.00991268
21.6019 0.00999448
21.4867 0.0100725
21.3715 0.0101418
21.2562 0.010198
21.141 0.010238
21.0258 0.0102603
20.9106 0.0102658
20.7954 0.010258
20.6802 0.0102434
20.565 0.0102319
20.4498 0.0102361
20.3346 0.010272
20.2194 0.0103576
20.1041 0.0105132
19.9889 0.0107601
19.8737 0.0111202
19.7585 0.0116148
19.6433 0.0122643
19.5281 0.0130868
19.4129 0.0140983
19.2977 0.0153114
19.1825 0.0167355
19.0673 0.0183767
18.952 0.0202374
18.8368 0.0223167
18.7216 0.0246109
18.6064 0.0271134
18.4912 0.0298154
18.376 0.0327062
18.2608 0.0357738
18.1456 0.0390051
18.0304 0.0423866
17.9152 0.0459042
17.7999 0.0495442
17.6847 0.0532929
17.5695 0.0571371
17.4543 0.0610641
17.3391 0.0650619
17.2239 0.0691193
17.1087 0.0732257
16.9935 0.0773712
16.8783 0.0815467
16.7631 0.0857436
16.6478 0.0899542
16.5326 0.0941712
16.4174 0.0983878
16.3022 0.102598
16.187 0.106795
16.0718 0.110975
15.9566 0.115132
15.8414 0.119262
15.7262 0.12336
15.611 0.127423
15.4957 0.131446
15.3805 0.135426
15.2653 0.139361
15.1501 0.143246
15.0349 0.14708
14.9197 0.150861
14.8045 0.154587
14.6893 0.158256
14.5741 0.161868
14.4589 0.165422
14.3436 0.16892
14.2284 0.172364
14.1132 0.175756
13.998 0.179101
13.8828 0.182406
13.7676 0.18568
13.6524 0.188933
13.5372 0.192181
13.422 0.195442
13.3068 0.198737
13.1915 0.202094
13.0763 0.205544
12.9611 0.209126
12.8459 0.212882
12.7307 0.216864
12.6155 0.221125
12.5003 0.225728
12.3851 0.230736
12.2699 0.236218
12.1547 0.242241
12.0394 0.248867
11.9242 0.25615
11.809 0.264132
11.6938 0.27283
11.5786 0.282237
11.4634 0.292313
11.3482 0.30298
11.233 0.31412
11.1178 0.325579
11.0026 0.337165
10.8873 0.348662
10.7721 0.359834
10.6569 0.37044
10.5417 0.380243
10.4265 0.389022
10.3113 0.396582
10.1961 0.402761
10.0809 0.407432
9.96567 0.410507
9.85046 0.411931
9.73525 0.41167
9.62004 0.409697
9.50483 0.40597
9.38962 0.400419
9.2744 0.392915
9.1592 0.383244
9.04399 0.371121
8.92877 0.356258
8.81357 0.338433
8.69836 0.317576
8.58315 0.293828
8.46794 0.267577
8.35273 0.239437
8.23752 0.210196
8.12231 0.18076
8.00709 0.152077
7.89189 0.125062
7.77668 0.100505
7.66147 0.0789833
7.54626 0.0608019
7.43105 0.0459766
7.31584 0.0342743
7.20063 0.0252936
7.08542 0.0185578
6.9702 0.0135924
6.855 0.00997565
6.73979 0.00735974
6.62458 0.00547292
6.50937 0.00411062
6.39416 0.00312282
6.27895 0.00240143
6.16373 0.00186953
6.04853 0.00147278
5.93332 0.001173
5.81811 0.000943349
5.7029 0.00076498
5.58769 0.000624578
5.47248 0.000512687
5.35726 0.000422532
5.24206 0.000349202
5.12685 0.00028909
5.01164 0.000239511
4.89643 0.000198427
4.78122 0.000164271
4.66601 0.000135816
4.55079 0.000112085
4.43559 9.22909e-05
4.32038 7.57911e-05
4.20517 6.2055e-05
4.08996 5.06408e-05
3.97475 4.11785e-05
3.85954 3.33561e-05
3.74433 2.69104e-05
3.62912 2.1618e-05
3.51391 1.72899e-05
3.3987 1.37656e-05
3.28349 1.09094e-05
3.16828 8.60648e-06
3.05307 6.76016e-06
2.93786 5.28916e-06
2.82265 4.12543e-06
2.70744 3.21227e-06
2.59223 2.50261e-06
2.47702 1.95754e-06
2.3618 1.54505e-06
2.2466 1.23882e-06
2.13139 1.01724e-06
2.01618 8.62503e-07
1.90097 7.59824e-07
1.78576 6.96848e-07
1.67055 6.63106e-07
1.55534 6.49536e-07
1.44013 6.47926e-07
1.32492 6.5021e-07
1.20971 6.4777e-07
1.09449 6.31169e-07
0.979285 5.90971e-07
0.864075 5.20105e-07
0.748865 4.17133e-07
0.633655 2.8822e-07
0.518445 1.45296e-07
0.403235 -1.56465e-09
0.288025 -1.48391e-07
0.172815 -2.81379e-07
0.057605 -3.64253e-07
