39.4594 39.4454 -0.000899028 0.000965424
39.3442 39.2981 -0.00269261 0.000970039
39.229 39.1509 -0.00447315 0.000979247
39.1138 39.0036 -0.00623323 0.000993006
38.9986 38.8563 -0.0079672 0.00101126
38.8834 38.709 -0.00967152 0.00103393
38.7682 38.5617 -0.0113448 0.00106094
38.653 38.4144 -0.0129878 0.00109223
38.5377 38.2671 -0.0146027 0.0011277
38.4225 38.1197 -0.0161935 0.00116731
38.3073 37.9723 -0.0177651 0.00121099
38.1921 37.8249 -0.0193236 0.0012587
38.0769 37.6774 -0.0208762 0.00131043
37.9617 37.53 -0.0224312 0.00136616
37.8465 37.3825 -0.0239972 0.00142592
37.7313 37.2349 -0.0255828 0.00148975
37.6161 37.0874 -0.0271949 0.00155771
37.5009 36.9398 -0.0288374 0.00162987
37.3856 36.7922 -0.0305088 0.00170632
37.2704 36.6446 -0.0322008 0.00178711
37.1552 36.4969 -0.0338968 0.00187229
37.04 36.3492 -0.0355721 0.00196184
36.9248 36.2014 -0.0371956 0.00205568
36.8096 36.0536 -0.0387325 0.00215362
36.6944 35.9057 -0.040149 0.00225541
36.5792 35.7578 -0.0414174 0.00236073
36.464 35.6097 -0.0425211 0.00246916
36.3488 35.4616 -0.0434586 0.00258031
36.2335 35.3134 -0.0442445 0.00269377
36.1183 35.165 -0.0449082 0.0028092
36.0031 35.0165 -0.0454895 0.00292636
35.8879 34.8678 -0.0460315 0.0030451
35.7727 34.7189 -0.046572 0.00316541
35.6575 34.5699 -0.0471356 0.00328732
35.5423 34.4205 -0.0477279 0.00341093
35.4271 34.271 -0.0483333 0.00353633
35.3119 34.1211 -0.0489174 0.00366354
35.1967 33.9708 -0.0494347 0.00379248
35.0814 33.8202 -0.0498387 0.00392297
34.9662 33.6691 -0.0500949 0.00405471
34.851 33.5176 -0.0501911 0.00418734
34.7358 33.3655 -0.0501444 0.00432052
34.6206 33.2128 -0.0500016 0.004454
34.5054 33.0593 -0.0498315 0.00458767
34.3902 32.9051 -0.0497105 0.00472165
34.275 32.75 -0.0497029 0.00485623
34.1598 32.5938 -0.0498395 0.00499187
34.0446 32.4365 -0.0501008 0.00512905
33.9293 32.278 -0.0504088 0.00526813
33.8141 32.118 -0.0506313 0.00540921
33.6989 31.9564 -0.0506019 0.00555197
33.5837 31.793 -0.0501526 0.0056956
33.4685 31.6277 -0.0491545 0.00583885
33.3533 31.4603 -0.0475562 0.00598011
33.2381 31.2906 -0.0454104 0.00611773
33.1229 31.1186 -0.0428791 0.00625027
33.0077 30.944 -0.0402128 0.00637681
32.8925 30.7669 -0.0377066 0.00649722
32.7772 30.5872 -0.0356416 0.00661223
32.662 30.4049 -0.0342265 0.00672334
32.5468 30.2202 -0.0335534 0.00683258
32.4316 30.0333 -0.0335774 0.00694212
32.3164 29.8442 -0.034126 0.0070538
32.2012 29.6535 -0.034932 0.00716876
32.086 29.4614 -0.0356827 0.00728715
31.9708 29.2683 -0.0360724 0.00740807
31.8556 29.0747 -0.0358486 0.00752959
31.7404 28.881 -0.0348434 0.00764908
31.6251 28.6877 -0.0329887 0.00776351
31.5099 28.4952 -0.0303171 0.00786985
31.3947 28.304 -0.0269498 0.00796542
31.2795 28.1144 -0.0230792 0.00804822
31.1643 27.9268 -0.018947 0.00811706
31.0491 27.7414 -0.0148212 0.00817174
30.9339 27.5584 -0.0109727 0.00821297
30.8187 27.378 -0.00765196 0.00824234
30.7035 27.2001 -0.00506586 0.00826211
30.5883 27.0248 -0.00335826 0.00827501
30.473 26.8521 -0.0025956 0.00828399
30.3578 26.6819 -0.00276089 0.00829195
30.2426 26.514 -0.00375784 0.00830149
30.1274 26.3483 -0.00542457 0.00831475
30.0122 26.1846 -0.00755515 0.00833328
29.897 26.0228 -0.00992481 0.00835794
29.7818 25.8627 -0.0123149 0.008389
29.6666 25.704 -0.0145335 0.00842615
29.5514 25.5468 -0.0164296 0.00846863
29.4362 25.3908 -0.0178998 0.00851537
29.3209 25.2358 -0.0188882 0.0085651
29.2057 25.0819 -0.019381 0.00861652
29.0905 24.9287 -0.0193985 0.00866834
28.9753 24.7764 -0.0189853 0.00871937
28.8601 24.6247 -0.018202 0.00876859
28.7449 24.4737 -0.017118 0.00881515
28.6297 24.3232 -0.0158066 0.0088584
28.5145 24.1731 -0.0143414 0.00889788
28.3993 24.0235 -0.0127948 0.00893331
28.2841 23.8743 -0.0112358 0.00896461
28.1688 23.7254 -0.00972854 0.00899185
28.0536 23.5768 -0.00832931 0.00901527
27.9384 23.4284 -0.00708317 0.00903522
27.8232 23.2803 -0.00601972 0.00905216
27.708 23.1324 -0.00514922 0.00906658
27.5928 22.9846 -0.00445958 0.00907897
27.4776 22.837 -0.00391535 0.00908976
27.3624 22.6895 -0.00345926 0.00909925
27.2472 22.542 -0.00301691 0.00910759
27.132 22.3947 -0.00250437 0.00911469
27.0167 22.2474 -0.00183816 0.00912027
26.9015 22.1001 -0.000946691 0.00912385
26.7863 21.9528 0.000218228 0.00912478
26.6711 21.8055 0.00167134 0.00912235
26.5559 21.6581 0.00338671 0.00911585
26.4407 21.5106 0.0052946 0.00910468
26.3255 21.3631 0.00728321 0.00908848
26.2103 21.2154 0.00920546 0.00906723
26.0951 21.0676 0.0108905 0.00904131
25.9799 20.9197 0.0121589 0.00901155
25.8646 20.7716 0.0128401 0.00897924
25.7494 20.6232 0.0127899 0.00894607
25.6342 20.4747 0.0119073 0.00891406
25.519 20.326 0.0101469 0.00888544
25.4038 20.177 0.00752759 0.00886246
25.2886 20.0278 0.00413503 0.00884728
25.1734 19.8783 0.000118517 0.00884174
25.0582 19.7286 -0.00431806 0.00884723
24.943 19.5786 -0.00892993 0.00886458
24.8278 19.4283 -0.0134489 0.00889393
24.7125 19.2777 -0.017603 0.00893475
24.5973 19.1268 -0.0211363 0.00898576
24.4821 18.9756 -0.0238285 0.0090451
24.3669 18.8241 -0.025511 0.00911034
24.2517 18.6722 -0.0260808 0.00917871
24.1365 18.5201 -0.0255088 0.00924722
24.0213 18.3676 -0.0238442 0.0093129
23.9061 18.2147 -0.0212129 0.00937299
23.7909 18.0615 -0.0178117 0.00942515
23.6757 17.908 -0.013897 0.00946762
23.5604 17.7542 -0.00976908 0.00949938
23.4452 17.6001 -0.0057528 0.00952026
23.33 17.4456 -0.00217518 0.00953094
23.2148 17.2909 0.000658589 0.00953298
23.0996 17.1359 0.0024895 0.00952872
22.9844 16.9806 0.00312752 0.00952111
22.8692 16.8251 0.00247108 0.00951351
22.754 16.6693 0.000521323 0.00950944
22.6388 16.5134 -0.00261071 0.00951229
22.5236 16.3572 -0.00670527 0.00952499
22.4083 16.201 -0.0114443 0.00954974
22.2931 16.0445 -0.0164314 0.00958779
22.1779 15.8881 -0.0212202 0.00963921
22.0627 15.7315 -0.0253503 0.00970284
21.9475 15.5749 -0.0283882 0.00977628
21.8323 15.4183 -0.0299707 0.00985603
21.7171 15.2617 -0.0298476 0.00993777
21.6019 15.1052 -0.0279209 0.0100167
21.4867 14.9487 -0.024276 0.010088
21.3715 14.7922 -0.0192035 0.0101473
21.2562 14.6359 -0.0132067 0.0101915
21.141 14.4797 -0.00699551 0.0102191
21.0258 14.3236 -0.00146403 0.0102306
20.9106 14.1676 0.0023467 0.0102294
20.7954 14.0118 0.00329936 0.0102217
20.6802 13.8561 0.000221254 0.010217
20.565 13.7006 -0.00802876 0.0102275
20.4498 13.5452 -0.0224924 0.0102689
20.3346 13.3901 -0.0440487 0.010359
20.2194 13.2352 -0.0733596 0.0105177
20.1041 13.0806 -0.110831 0.0107662
19.9889 12.9262 -0.156588 0.0111263
19.8737 12.7722 -0.210473 0.0116196
19.7585 12.6186 -0.272056 0.0122664
19.6433 12.4654 -0.340667 0.0130853
19.5281 12.3127 -0.415436 0.0140925
19.4129 12.1606 -0.495343 0.0153013
19.2977 12.0091 -0.579276 0.0167214
19.1825 11.8584 -0.66608 0.0183595
19.0673 11.7084 -0.754613 0.0202186
18.952 11.5593 -0.843782 0.0222982
18.8368 11.4111 -0.932587 0.0245949
18.7216 11.264 -1.02014 0.0271026
18.6064 11.1179 -1.10567 0.0298128
18.4912 10.9729 -1.18856 0.0327149
18.376 10.8292 -1.26832 0.0357972
18.2608 10.6867 -1.34458 0.0390465
18.1456 10.5455 -1.41711 0.0424494
18.0304 10.4057 -1.48577 0.0459918
17.9152 10.2672 -1.5505 0.0496597
17.7999 10.1303 -1.61133 0.0534395
17.6847 9.9948 -1.66833 0.0573177
17.5695 9.86083 -1.72163 0.0612817
17.4543 9.72841 -1.77137 0.0653191
17.3391 9.59756 -1.81773 0.0694186
17.2239 9.46829 -1.86087 0.0735693
17.1087 9.34063 -1.90097 0.0777614
16.9935 9.21459 -1.93819 0.0819854
16.8783 9.09018 -1.97269 0.0862327
16.7631 8.96741 -2.00462 0.0904954
16.6478 8.84629 -2.03409 0.0947659
16.5326 8.72681 -2.06124 0.0990374
16.4174 8.60898 -2.08614 0.103304
16.3022 8.4928 -2.10891 0.107559
16.187 8.37827 -2.12959 0.111797
16.0718 8.26538 -2.14827 0.116013
15.9566 8.15412 -2.165 0.120203
15.8414 8.04449 -2.17982 0.124361
15.7262 7.93647 -2.19281 0.128485
15.611 7.83006 -2.204 0.13257
15.4957 7.72525 -2.21347 0.136612
15.3805 7.62201 -2.2213 0.140609
15.2653 7.52035 -2.2276 0.144558
15.1501 7.42023 -2.2325 0.148457
15.0349 7.32164 -2.2362 0.152304
14.9197 7.22457 -2.23895 0.156096
14.8045 7.129 -2.24108 0.159835
14.6893 7.0349 -2.24306 0.163519
14.5741 6.94225 -2.24544 0.16715
14.4589 6.85104 -2.249 0.170729
14.3436 6.76123 -2.25467 0.17426
14.2284 6.67281 -2.26367 0.177748
14.1132 6.58576 -2.27749 0.1812
13.998 6.50004 -2.29796 0.184625
13.8828 6.41563 -2.32731 0.188033
13.7676 6.33251 -2.36821 0.191441
13.6524 6.25066 -2.42382 0.194866
13.5372 6.17004 -2.4978 0.198329
13.422 6.09065 -2.59438 0.201859
13.3068 6.01246 -2.71832 0.205486
13.1915 5.93546 -2.8749 0.209247
13.0763 5.85963 -3.06982 0.213183
12.9611 5.78497 -3.30912 0.217343
12.8459 5.71148 -3.59892 0.221777
12.7307 5.63916 -3.94516 0.226543
12.6155 5.56804 -4.35318 0.2317
12.5003 5.49814 -4.82726 0.237309
12.3851 5.42951 -5.36995 0.24343
12.2699 5.3622 -5.98139 0.250116
12.1547 5.29628 -6.65852 0.257413
12.0394 5.23183 -7.39437 0.265352
11.9242 5.16897 -8.17737 0.273943
11.809 5.10779 -8.99096 0.283172
11.6938 5.04842 -9.81345 0.292996
11.5786 4.991 -10.6183 0.303337
11.4634 4.93566 -11.3748 0.314085
11.3482 4.88252 -12.0488 0.325093
11.233 4.83172 -12.6039 0.336188
11.1178 4.78337 -13.0021 0.347171
11.0026 4.73758 -13.2041 0.357826
10.8873 4.69445 -13.1686 0.367934
10.7721 4.65404 -12.8505 0.377274
10.6569 4.61642 -12.1975 0.385638
10.5417 4.58165 -11.1436 0.392834
10.4265 4.54976 -9.59926 0.398692
10.3113 4.52076 -7.43603 0.403065
10.1961 4.49465 -4.46368 0.405826
10.0809 4.47138 -0.401293 0.406865
9.96567 4.45088 5.13884 0.406081
9.85046 4.43302 12.5866 0.403369
9.73525 4.41758 22.1343 0.398612
9.62004 4.40428 33.1932 0.391677
9.50483 4.39271 44.087 0.382402
9.38962 4.38233 52.8316 0.37061
9.2744 4.37249 58.3751 0.356141
9.1592 4.3624 60.8029 0.338897
9.04399 4.3512 60.7389 0.318884
8.92877 4.338 58.8627 0.296259
8.81357 4.32195 55.7352 0.271346
8.69836 4.3023 51.7753 0.244641
8.58315 4.27845 47.2799 0.216794
8.46794 4.24999 42.4576 0.188568
8.35273 4.21673 37.4647 0.160792
8.23752 4.17871 32.436 0.134293
8.12231 4.13616 27.5053 0.109821
8.00709 4.08953 22.8114 0.0879699
7.89189 4.03939 18.4889 0.0691121
7.77668 3.98639 14.6505 0.0533701
7.66147 3.93118 11.3672 0.0406312
7.54626 3.87432 8.65905 0.0306032
7.43105 3.8163 6.49809 0.02289
7.31584 3.75749 4.82203 0.0170646
7.20063 3.69816 3.5516 0.0127234
7.08542 3.63851 2.60545 0.00951621
6.9702 3.57869 1.90976 0.00715787
6.855 3.51877 1.4026 0.00542551
6.73979 3.45883 1.03475 0.00415034
6.62458 3.3989 0.768503 0.00320722
6.50937 3.33902 0.575684 0.00250473
6.39416 3.2792 0.435624 0.00197675
6.27895 3.21945 0.333351 0.00157576
6.16373 3.15978 0.258122 0.00126772
6.04853 3.10018 0.202274 0.00102825
5.93332 3.04066 0.160363 0.000839865
5.81811 2.9812 0.12853 0.000689961
5.7029 2.92181 0.104037 0.000569417
5.58769 2.86247 0.0849414 0.000471563
5.47248 2.80319 0.069859 0.00039148
5.35726 2.74396 0.0577979 0.000325492
5.24206 2.68477 0.0480426 0.00027082
5.12685 2.62562 0.0400723 0.000225333
5.01164 2.5665 0.0335038 0.000187372
4.89643 2.5074 0.0280515 0.000155628
4.78122 2.44833 0.0234997 0.000129054
4.66601 2.38928 0.019683 0.000106801
4.55079 2.33025 0.0164725 8.81746e-05
4.43559 2.27123 0.0137665 7.25999e-05
4.32038 2.21222 0.0114833 5.95975e-05
4.20517 2.15322 0.00955633 4.87647e-05
4.08996 2.09423 0.00793099 3.9762e-05
3.97475 2.03524 0.00656171 3.23017e-05
3.85954 1.97626 0.0054102 2.61394e-05
3.74433 1.91728 0.00444407 2.10673e-05
3.62912 1.8583 0.0036357 1.69087e-05
3.51391 1.79932 0.00296146 1.35133e-05
3.3987 1.74034 0.00240105 1.07533e-05
3.28349 1.68136 0.00193699 8.52058e-06
3.16828 1.62238 0.00155422 6.72372e-06
3.05307 1.56341 0.00123978 5.28568e-06
2.93786 1.50443 0.000982495 4.1419e-06
2.82265 1.44545 0.000772807 3.23846e-06
2.70744 1.38647 0.000602532 2.53057e-06
2.59223 1.32749 0.000464719 1.98125e-06
2.47702 1.2685 0.000353506 1.56011e-06
2.3618 1.20952 0.000264004 1.24227e-06
2.2466 1.15054 0.000192199 1.00746e-06
2.13139 1.09156 0.000134849 8.39119e-07
2.01618 1.03258 8.93861e-05 7.23702e-07
1.90097 0.973594 5.38023e-05 6.5e-07
1.78576 0.914611 2.65517e-05 6.0864e-07
1.67055 0.855629 6.5104e-06 5.91622e-07
1.55534 0.796646 -6.97247e-06 5.9186e-07
1.44013 0.737663 -1.39451e-05 6.02627e-07
1.32492 0.67868 -1.37723e-05 6.16894e-07
1.20971 0.619697 -5.33607e-06 6.26729e-07
1.09449 0.560715 1.22061e-05 6.23193e-07
0.979285 0.501733 3.81708e-05 5.97263e-07
0.864075 0.442751 6.90229e-05 5.42089e-07
0.748865 0.383769 9.85551e-05 4.55835e-07
0.633655 0.324788 0.000120306 3.43186e-07
0.518445 0.265807 0.000132155 2.13243e-07
0.403235 0.206826 0.000141547 7.23658e-08
0.288025 0.147845 0.000157387 -8.14987e-08
0.172815 0.0888629 0.000174769 -2.52463e-07
0.057605 0.0298818 0.000186955 -4.38645e-07
