39.4594 0.0011227
39.3442 0.00112771
39.229 0.00113771
39.1138 0.00115263
38.9986 0.00117238
38.8834 0.00119687
38.7682 0.001226
38.653 0.00125965
38.5377 0.00129775
38.4225 0.0013402
38.3073 0.00138695
38.1921 0.00143794
38.0769 0.00149315
37.9617 0.00155256
37.8465 0.00161614
37.7313 0.00168392
37.6161 0.0017559
37.5009 0.00183209
37.3856 0.00191253
37.2704 0.00199722
37.1552 0.00208617
37.04 0.00217934
36.9248 0.00227666
36.8096 0.00237798
36.6944 0.00248308
36.5792 0.00259167
36.464 0.00270339
36.3488 0.00281783
36.2335 0.00293457
36.1183 0.00305323
36.0031 0.00317346
35.8879 0.00329503
35.7727 0.00341781
35.6575 0.00354179
35.5423 0.00366704
35.4271 0.00379368
35.3119 0.00392181
35.1967 0.0040515
35.0814 0.00418269
34.9662 0.00431521
34.851 0.00444879
34.7358 0.00458308
34.6206 0.00471773
34.5054 0.00485248
34.3902 0.0049872
34.275 0.00512195
34.1598 0.00525697
34.0446 0.00539266
33.9293 0.00552941
33.8141 0.00566747
33.6989 0.00580682
33.5837 0.00594698
33.4685 0.00608696
33.3533 0.00622533
33.2381 0.00636034
33.1229 0.00649022
33.0077 0.0066135
32.8925 0.00672933
32.7772 0.00683778
32.662 0.00693984
32.5468 0.00703741
32.4316 0.00713294
32.3164 0.00722898
32.2012 0.00732778
32.086 0.00743073
31.9708 0.00753816
31.8556 0.00764912
31.7404 0.00776157
31.6251 0.00787256
31.5099 0.00797868
31.3947 0.0080765
31.2795 0.00816298
31.1643 0.0082359
31.0491 0.00829406
30.9339 0.0083374
30.8187 0.00836698
30.7035 0.00838479
30.5883 0.00839353
30.473 0.00839627
30.3578 0.00839614
30.2426 0.00839604
30.1274 0.00839842
30.0122 0.00840516
29.897 0.00841748
29.7818 0.00843601
29.6666 0.00846081
29.5514 0.00849153
29.4362 0.0085275
29.3209 0.00856782
29.2057 0.00861151
29.0905 0.00865753
28.9753 0.00870484
28.8601 0.00875247
28.7449 0.00879947
28.6297 0.00884502
28.5145 0.00888837
28.3993 0.00892891
28.2841 0.00896616
28.1688 0.00899982
28.0536 0.00902976
27.9384 0.00905603
27.8232 0.00907885
27.708 0.00909858
27.5928 0.00911569
27.4776 0.00913066
27.3624 0.00914395
27.2472 0.00915592
27.132 0.00916677
27.0167 0.00917647
26.9015 0.00918479
26.7863 0.00919125
26.6711 0.00919522
26.5559 0.00919593
26.4407 0.00919258
26.3255 0.00918449
26.2103 0.00917116
26.0951 0.00915239
25.9799 0.00912841
25.8646 0.00909987
25.7494 0.0090679
25.6342 0.00903409
25.519 0.00900037
25.4038 0.00896895
25.2886 0.00894215
25.1734 0.00892222
25.0582 0.00891119
24.943 0.00891072
24.8278 0.00892191
24.7125 0.00894523
24.5973 0.00898046
24.4821 0.00902664
24.3669 0.00908217
24.2517 0.00914483
24.1365 0.00921197
24.0213 0.00928065
23.9061 0.00934783
23.7909 0.00941062
23.6757 0.00946643
23.5604 0.0095132
23.4452 0.00954959
23.33 0.00957505
23.2148 0.00958992
23.0996 0.00959545
22.9844 0.0095937
22.8692 0.00958746
22.754 0.00958001
22.6388 0.00957491
22.5236 0.00957567
22.4083 0.00958546
22.2931 0.00960678
22.1779 0.00964123
22.0627 0.00968927
21.9475 0.00975009
21.8323 0.00982159
21.7171 0.00990049
21.6019 0.00998254
21.4867 0.0100628
21.3715 0.0101363
21.2562 0.0101983
21.141 0.0102448
21.0258 0.0102736
20.9106 0.0102844
20.7954 0.0102794
20.6802 0.0102638
20.565 0.010246
20.4498 0.0102373
20.3346 0.0102523
20.2194 0.0103082
20.1041 0.0104245
19.9889 0.0106221
19.8737 0.0109226
19.7585 0.011348
19.6433 0.0119189
19.5281 0.0126546
19.4129 0.013572
19.2977 0.0146853
19.1825 0.0160054
19.0673 0.0175395
18.952 0.0192918
18.8368 0.0212628
18.7216 0.0234498
18.6064 0.0258475
18.4912 0.0284479
18.376 0.0312411
18.2608 0.0342157
18.1456 0.0373591
18.0304 0.0406577
17.9152 0.0440978
17.7999 0.0476656
17.6847 0.0513473
17.5695 0.0551295
17.4543 0.0589994
17.3391 0.0629447
17.2239 0.0669538
17.1087 0.071016
16.9935 0.075121
16.8783 0.0792594
16.7631 0.0834225
16.6478 0.0876023
16.5326 0.0917913
16.4174 0.0959824
16.3022 0.100169
16.187 0.104346
16.0718 0.108508
15.9566 0.112648
15.8414 0.116763
15.7262 0.120849
15.611 0.1249
15.4957 0.128914
15.3805 0.132886
15.2653 0.136813
15.1501 0.140693
15.0349 0.144523
14.9197 0.1483
14.8045 0.152022
14.6893 0.155688
14.5741 0.159296
14.4589 0.162845
14.3436 0.166335
14.2284 0.169768
14.1132 0.173145
13.998 0.176468
13.8828 0.179743
13.7676 0.182976
13.6524 0.186176
13.5372 0.189353
13.422 0.192522
13.3068 0.195702
13.1915 0.198914
13.0763 0.202185
12.9611 0.205549
12.8459 0.209042
12.7307 0.212711
12.6155 0.216605
12.5003 0.220782
12.3851 0.225306
12.2699 0.230244
12.1547 0.235668
12.0394 0.241649
11.9242 0.248254
11.809 0.255544
11.6938 0.263564
11.5786 0.272336
11.4634 0.281858
11.3482 0.292089
11.233 0.30295
11.1178 0.314319
11.0026 0.326033
10.8873 0.337889
10.7721 0.349657
10.6569 0.361085
10.5417 0.371915
10.4265 0.381896
10.3113 0.390792
10.1961 0.398403
10.0809 0.404565
9.96567 0.409163
9.85046 0.412129
9.73525 0.413446
9.62004 0.413131
9.50483 0.411216
9.38962 0.40773
9.2744 0.402672
9.1592 0.395978
9.04399 0.387458
8.92877 0.376783
8.81357 0.363547
8.69836 0.347367
8.58315 0.32798
8.46794 0.305361
8.35273 0.279786
8.23752 0.251833
8.12231 0.222304
8.00709 0.192154
7.89189 0.162404
7.77668 0.134061
7.66147 0.108024
7.54626 0.0849922
7.43105 0.0653851
7.31584 0.0493093
7.20063 0.0365839
7.08542 0.026818
6.9702 0.0195133
6.855 0.0141565
6.73979 0.0102826
6.62458 0.0075051
6.50937 0.00552133
6.39416 0.0041041
6.27895 0.00308767
6.16373 0.0023535
6.04853 0.00181797
5.93332 0.00142257
5.81811 0.00112659
5.7029 0.000901744
5.58769 0.000728355
5.47248 0.000592696
5.35726 0.000485123
5.24206 0.000398796
5.12685 0.00032881
5.01164 0.000271596
4.89643 0.000224517
4.78122 0.000185586
4.66601 0.000153283
4.55079 0.000126424
4.43559 0.000104067
4.32038 8.54587e-05
4.20517 6.99807e-05
4.08996 5.71249e-05
3.97475 4.64689e-05
3.85954 3.76584e-05
3.74433 3.03959e-05
3.62912 2.44297e-05
3.51391 1.95473e-05
3.3987 1.55688e-05
3.28349 1.23418e-05
3.16828 9.73774e-06
3.05307 7.64821e-06
2.93786 5.98203e-06
2.82265 4.6628e-06
2.70744 3.62673e-06
2.59223 2.82079e-06
2.47702 2.20103e-06
2.3618 1.73121e-06
2.2466 1.38143e-06
2.13139 1.12711e-06
2.01618 9.47925e-07
1.90097 8.27023e-07
1.78576 7.50309e-07
1.67055 7.05894e-07
1.55534 6.83591e-07
1.44013 6.74343e-07
1.32492 6.69504e-07
1.20971 6.60087e-07
1.09449 6.36411e-07
0.979285 5.88868e-07
0.864075 5.10315e-07
0.748865 3.99532e-07
0.633655 2.63263e-07
0.518445 1.14198e-07
0.403235 -3.77272e-08
0.288025 -1.88305e-07
0.172815 -3.10632e-07
0.057605 -3.35378e-07
