39.4594 -0.000977159
39.3442 -0.00292515
39.229 -0.00485455
39.1138 -0.0067547
38.9986 -0.00861792
38.8834 -0.0104401
38.7682 -0.0122207
38.653 -0.0139621
38.5377 -0.015669
38.4225 -0.0173473
38.3073 -0.0190032
38.1921 -0.020643
38.0769 -0.0222719
37.9617 -0.0238949
37.8465 -0.0255163
37.7313 -0.0271401
37.6161 -0.0287694
37.5009 -0.0304064
37.3856 -0.0320506
37.2704 -0.0336979
37.1552 -0.0353386
37.04 -0.036957
36.9248 -0.0385305
36.8096 -0.0400314
36.6944 -0.0414293
36.5792 -0.0426948
36.464 -0.0438045
36.3488 -0.0447457
36.2335 -0.0455197
36.1183 -0.0461433
36.0031 -0.0466475
35.8879 -0.0470733
35.7727 -0.0474646
35.6575 -0.0478603
35.5423 -0.0482863
35.4271 -0.0487492
35.3119 -0.0492344
35.1967 -0.0497078
35.0814 -0.0501231
34.9662 -0.0504322
34.851 -0.0505971
34.7358 -0.0506016
34.6206 -0.0504577
34.5054 -0.0502071
34.3902 -0.0499136
34.275 -0.0496487
34.1598 -0.049472
34.0446 -0.0494095
33.9293 -0.0494363
33.8141 -0.0494684
33.6989 -0.0493685
33.5837 -0.0489676
33.4685 -0.0481002
33.3533 -0.046647
33.2381 -0.0445749
33.1229 -0.0419624
33.0077 -0.0390022
32.8925 -0.0359761
32.7772 -0.0332068
32.662 -0.0309955
32.5468 -0.0295615
32.4316 -0.0289966
32.3164 -0.0292452
32.2012 -0.0301134
32.086 -0.0313021
31.9708 -0.0324576
31.8556 -0.0332272
31.7404 -0.03331
31.6251 -0.0324965
31.5099 -0.0306924
31.3947 -0.0279263
31.2795 -0.0243421
31.1643 -0.0201795
31.0491 -0.0157436
30.9339 -0.0113697
30.8187 -0.00738422
30.7035 -0.00406859
30.5883 -0.0016292
30.473 -0.000178559
30.3578 0.000270272
30.2426 -0.000204343
30.1274 -0.00145195
30.0122 -0.00327627
29.897 -0.00546328
29.7818 -0.00780618
29.6666 -0.0101241
29.5514 -0.0122726
29.4362 -0.0141474
29.3209 -0.0156812
29.2057 -0.0168378
29.0905 -0.0176044
28.9753 -0.0179852
28.8601 -0.0179958
28.7449 -0.0176609
28.6297 -0.0170132
28.5145 -0.0160937
28.3993 -0.0149528
28.2841 -0.0136501
28.1688 -0.0122526
28.0536 -0.0108319
27.9384 -0.00945853
27.8232 -0.00819557
27.708 -0.00709162
27.5928 -0.00617433
27.4776 -0.00544574
27.3624 -0.00488019
27.2472 -0.00442557
27.132 -0.00400805
27.0167 -0.00354012
26.9015 -0.00293123
26.7863 -0.00209988
26.6711 -0.000985912
26.5559 0.000438519
26.4407 0.00216077
26.3255 0.00412341
26.2103 0.00622476
26.0951 0.0083244
25.9799 0.0102536
25.8646 0.0118296
25.7494 0.0128725
25.6342 0.0132232
25.519 0.0127603
25.4038 0.0114141
25.2886 0.00917719
25.1734 0.00610837
25.0582 0.00233235
24.943 -0.00196731
24.8278 -0.00655997
24.7125 -0.0111838
24.5973 -0.0155646
24.4821 -0.0194353
24.3669 -0.022556
24.2517 -0.0247316
24.1365 -0.0258269
24.0213 -0.0257778
23.9061 -0.0245976
23.7909 -0.0223791
23.6757 -0.0192905
23.5604 -0.0155669
23.4452 -0.0114964
23.33 -0.00740151
23.2148 -0.00361783
23.0996 -0.000468983
22.9844 0.00175866
22.8692 0.00284092
22.754 0.00263783
22.6388 0.00111087
22.5236 -0.0016666
22.4083 -0.00550734
22.2931 -0.0101177
22.1779 -0.0151147
22.0627 -0.0200527
21.9475 -0.0244579
21.8323 -0.0278685
21.7171 -0.0298795
21.6019 -0.0301865
21.4867 -0.028628
21.3715 -0.0252205
21.2562 -0.0201844
21.141 -0.0139566
21.0258 -0.00718951
20.9106 -0.000733369
20.7954 0.00439715
20.6802 0.00707076
20.565 0.00609922
20.4498 0.000304746
20.3346 -0.01141
20.2194 -0.0299946
20.1041 -0.0561926
19.9889 -0.0904956
19.8737 -0.133115
19.7585 -0.183972
19.6433 -0.242706
19.5281 -0.308705
19.4129 -0.381137
19.2977 -0.45901
19.1825 -0.54122
19.0673 -0.626611
18.952 -0.714024
18.8368 -0.802345
18.7216 -0.890541
18.6064 -0.977689
18.4912 -1.06299
18.376 -1.14579
18.2608 -1.22555
18.1456 -1.30189
18.0304 -1.37453
17.9152 -1.44332
17.7999 -1.50817
17.6847 -1.56909
17.5695 -1.62615
17.4543 -1.67946
17.3391 -1.72916
17.2239 -1.77542
17.1087 -1.8184
16.9935 -1.85828
16.8783 -1.89523
16.7631 -1.92942
16.6478 -1.96099
16.5326 -1.99009
16.4174 -2.01683
16.3022 -2.04132
16.187 -2.06366
16.0718 -2.08392
15.9566 -2.10218
15.8414 -2.11848
15.7262 -2.13288
15.611 -2.14542
15.4957 -2.15612
15.3805 -2.16503
15.2653 -2.17218
15.1501 -2.1776
15.0349 -2.18136
14.9197 -2.18352
14.8045 -2.18419
14.6893 -2.18353
14.5741 -2.18173
14.4589 -2.1791
14.3436 -2.17604
14.2284 -2.17307
14.1132 -2.1709
13.998 -2.17045
13.8828 -2.17288
13.7676 -2.17969
13.6524 -2.19272
13.5372 -2.21424
13.422 -2.24701
13.3068 -2.29433
13.1915 -2.3601
13.0763 -2.44884
12.9611 -2.56575
12.8459 -2.71664
12.7307 -2.90792
12.6155 -3.14649
12.5003 -3.43947
12.3851 -3.79399
12.2699 -4.21667
12.1547 -4.71311
12.0394 -5.28711
11.9242 -5.93981
11.809 -6.66868
11.6938 -7.46654
11.5786 -8.32059
11.4634 -9.2118
11.3482 -10.1146
11.233 -10.9975
11.1178 -11.8233
11.0026 -12.5515
10.8873 -13.1392
10.7721 -13.5429
10.6569 -13.72
10.5417 -13.6293
10.4265 -13.2303
10.3113 -12.4822
10.1961 -11.3405
10.0809 -9.75061
9.96567 -7.63744
9.85046 -4.88506
9.73525 -1.29763
9.62004 3.48458
9.50483 10.1177
9.38962 19.6365
9.2744 33.1562
9.1592 50.4011
9.04399 67.4566
8.92877 79.1623
8.81357 84.2209
8.69836 84.2067
8.58315 80.9158
8.46794 75.65
8.35273 69.3257
8.23752 62.5578
8.12231 55.7024
8.00709 48.9381
7.89189 42.3531
7.77668 36.0116
7.66147 29.9931
7.54626 24.4048
7.43105 19.3686
7.31584 14.9911
7.20063 11.3333
7.08542 8.3943
6.9702 6.11619
6.855 4.40336
6.73979 3.14635
6.62458 2.24037
6.50937 1.5956
6.39416 1.1404
6.27895 0.820409
6.16373 0.595678
6.04853 0.437525
5.93332 0.325679
5.81811 0.245973
5.7029 0.188586
5.58769 0.146743
5.47248 0.115788
5.35726 0.0925193
5.24206 0.0747383
5.12685 0.0609259
5.01164 0.0500283
4.89643 0.0413083
4.78122 0.0342441
4.66601 0.0284621
4.55079 0.02369
4.43559 0.0197261
4.32038 0.0164182
4.20517 0.013649
4.08996 0.0113264
3.97475 0.00937705
3.85954 0.0077413
3.74433 0.00637006
3.62912 0.0052225
3.51391 0.00426427
3.3987 0.0034663
3.28349 0.00280386
3.16828 0.00225582
3.05307 0.0018041
2.93786 0.00143322
2.82265 0.00112996
2.70744 0.000883029
2.59223 0.000682832
2.47702 0.000521268
2.3618 0.00039154
2.2466 0.000288017
2.13139 0.000206089
2.01618 0.000142031
1.90097 9.28587e-05
1.78576 5.61831e-05
1.67055 3.01065e-05
1.55534 1.32231e-05
1.44013 4.74438e-06
1.32492 4.6562e-06
1.20971 1.36388e-05
1.09449 3.23598e-05
0.979285 6.00089e-05
0.864075 9.26064e-05
0.748865 0.000122627
0.633655 0.000142123
0.518445 0.000147485
0.403235 0.000147678
0.288025 0.000144864
0.172815 9.27941e-05
0.057605 -4.47189e-05
