39.4594 39.4454 -0.000952633 0.00106811
39.3442 39.2981 -0.00285202 0.001073
39.229 39.1509 -0.00473423 0.00108275
39.1138 39.0037 -0.00658955 0.0010973
38.9986 38.8564 -0.00841092 0.00111658
38.8834 38.7091 -0.0101944 0.00114049
38.7682 38.5618 -0.0119391 0.00116894
38.653 38.4145 -0.0136472 0.00120183
38.5377 38.2672 -0.0153224 0.00123908
38.4225 38.1198 -0.0169704 0.0012806
38.3073 37.9725 -0.018597 0.00132634
38.1921 37.8251 -0.0202085 0.00137626
38.0769 37.6776 -0.021811 0.00143032
37.9617 37.5302 -0.0234106 0.00148851
37.8465 37.3827 -0.0250133 0.00155083
37.7313 37.2352 -0.0266245 0.0016173
37.6161 37.0877 -0.0282491 0.00168795
37.5009 36.9401 -0.0298898 0.00176282
37.3856 36.7925 -0.0315459 0.00184194
37.2704 36.6449 -0.033212 0.00192537
37.1552 36.4972 -0.0348762 0.0020131
37.04 36.3496 -0.0365194 0.00210512
36.9248 36.2018 -0.038116 0.00220135
36.8096 36.054 -0.0396351 0.00230163
36.6944 35.9062 -0.0410446 0.00240573
36.5792 35.7582 -0.0423149 0.00251334
36.464 35.6102 -0.0434244 0.00262408
36.3488 35.4621 -0.0443636 0.00273755
36.2335 35.3139 -0.0451383 0.00285332
36.1183 35.1655 -0.0457699 0.002971
36.0031 35.0171 -0.0462933 0.0030903
35.8879 34.8684 -0.046751 0.003211
35.7727 34.7196 -0.0471863 0.00333302
35.6575 34.5705 -0.0476343 0.00345635
35.5423 34.4212 -0.0481148 0.0035811
35.4271 34.2717 -0.0486272 0.00370736
35.3119 34.1218 -0.0491497 0.00383524
35.1967 33.9716 -0.0496433 0.00396474
35.0814 33.821 -0.0500602 0.00409577
34.9662 33.67 -0.0503553 0.00422812
34.851 33.5184 -0.0504982 0.00436148
34.7358 33.3664 -0.0504831 0.00449549
34.6206 33.2137 -0.0503341 0.00462984
34.5054 33.0602 -0.0501033 0.00476429
34.3902 32.906 -0.0498608 0.00489881
34.275 32.7509 -0.049678 0.00503354
34.1598 32.5948 -0.0496071 0.0051688
34.0446 32.4376 -0.0496601 0.00530503
33.9293 32.279 -0.0497942 0.00544263
33.8141 32.119 -0.0499076 0.00558182
33.6989 31.9575 -0.0498497 0.00572248
33.5837 31.7941 -0.0494475 0.00586401
33.4685 31.6289 -0.0485432 0.00600534
33.3533 31.4615 -0.0470367 0.00614493
33.2381 31.2918 -0.044922 0.00628105
33.1229 31.1198 -0.0423066 0.00641197
33.0077 30.9453 -0.0394063 0.00653639
32.8925 30.7682 -0.0365135 0.00665369
32.7772 30.5885 -0.0339437 0.00676415
32.662 30.4063 -0.0319741 0.00686895
32.5468 30.2216 -0.030786 0.00697008
32.4316 30.0346 -0.0304276 0.00706994
32.3164 29.8457 -0.0308033 0.00717093
32.2012 29.6549 -0.0316906 0.00727495
32.086 29.4628 -0.03278 0.00738303
31.9708 29.2698 -0.0337269 0.00749509
31.8556 29.0762 -0.0342052 0.00760986
31.7404 28.8825 -0.0339526 0.00772506
31.6251 28.6892 -0.0328031 0.00783766
31.5099 28.4968 -0.0307031 0.00794432
31.3947 28.3056 -0.0277125 0.0080418
31.2795 28.116 -0.0239942 0.00812736
31.1643 27.9284 -0.0197926 0.00819908
31.0491 27.743 -0.015406 0.00825607
30.9339 27.5601 -0.0111539 0.00829852
30.8187 27.3796 -0.00734298 0.00832769
30.7035 27.2018 -0.00423457 0.00834569
30.5883 27.0265 -0.00201748 0.00835528
30.473 26.8538 -0.000790371 0.00835953
30.3578 26.6836 -0.000555926 0.00836153
30.2426 26.5157 -0.00122776 0.00836414
30.1274 26.35 -0.00264833 0.00836973
30.0122 26.1863 -0.00461417 0.00838008
29.897 26.0245 -0.00690359 0.00839633
29.7818 25.8644 -0.00930222 0.00841896
29.6666 25.7058 -0.0116227 0.00844791
29.5514 25.5485 -0.0137166 0.00848267
29.4362 25.3925 -0.0154789 0.00852241
29.3209 25.2376 -0.0168462 0.00856611
29.2057 25.0836 -0.0177901 0.00861265
29.0905 24.9305 -0.0183096 0.00866088
28.9753 24.7781 -0.0184233 0.00870972
28.8601 24.6265 -0.0181627 0.00875814
28.7449 24.4754 -0.0175681 0.00880524
28.6297 24.3249 -0.0166862 0.00885024
28.5145 24.1748 -0.0155698 0.00889248
28.3993 24.0252 -0.0142773 0.00893145
28.2841 23.876 -0.0128721 0.00896681
28.1688 23.7271 -0.0114216 0.00899838
28.0536 23.5785 -0.00999313 0.00902615
27.9384 23.4301 -0.00865006 0.00905029
27.8232 23.282 -0.00744534 0.00907109
27.708 23.1341 -0.00641556 0.00908899
27.5928 22.9863 -0.00557551 0.00910445
27.4776 22.8387 -0.00491454 0.00911796
27.3624 22.6912 -0.00439567 0.00912995
27.2472 22.5438 -0.00395797 0.00914069
27.132 22.3964 -0.00352236 0.00915031
27.0167 22.2491 -0.00300046 0.0091587
26.9015 22.1018 -0.00230575 0.00916552
26.7863 21.9546 -0.00136572 0.00917024
26.6711 21.8072 -0.000133733 0.00917217
26.5559 21.6599 0.00140108 0.00917053
26.4407 21.5124 0.00320707 0.00916461
26.3255 21.3649 0.00520772 0.00915377
26.2103 21.2173 0.00728429 0.00913767
26.0951 21.0695 0.00928346 0.00911631
25.9799 20.9215 0.0110296 0.00909008
25.8646 20.7734 0.0123402 0.00905988
25.7494 20.6251 0.0130439 0.00902703
25.6342 20.4767 0.0129977 0.00899328
25.519 20.3279 0.0121032 0.00896071
25.4038 20.179 0.0103191 0.00893156
25.2886 20.0298 0.0076688 0.00890815
25.1734 19.8803 0.00424249 0.00889262
25.0582 19.7306 0.000193671 0.00888683
24.943 19.5806 -0.00427032 0.00889217
24.8278 19.4304 -0.00890222 0.00890945
24.7125 19.2798 -0.0134323 0.0089388
24.5973 19.1289 -0.0175879 0.00897965
24.4821 18.9777 -0.0211134 0.00903072
24.3669 18.8262 -0.0237891 0.0090901
24.2517 18.6743 -0.0254477 0.00915535
24.1365 18.5221 -0.025988 0.00922365
24.0213 18.3696 -0.0253831 0.00929202
23.9061 18.2168 -0.0236849 0.00935746
23.7909 18.0636 -0.0210227 0.00941721
23.6757 17.9102 -0.0175974 0.00946894
23.5604 17.7564 -0.0136699 0.0095109
23.4452 17.6022 -0.00954532 0.00954211
23.33 17.4478 -0.00555306 0.00956246
23.2148 17.2931 -0.00202377 0.00957268
23.0996 17.1381 0.00073541 0.00957442
22.9844 16.9829 0.00246592 0.00957008
22.8692 16.8274 0.00298119 0.00956269
22.754 16.6717 0.00218643 0.00955567
22.6388 16.5157 9.28007e-05 0.00955257
22.5236 16.3596 -0.00317591 0.00955677
22.4083 16.2034 -0.00738536 0.00957117
22.2931 16.047 -0.0122023 0.00959791
22.1779 15.8905 -0.017216 0.00963808
22.0627 15.734 -0.0219678 0.00969161
21.9475 15.5774 -0.0259888 0.00975713
21.8323 15.4208 -0.0288417 0.00983206
21.7171 15.2643 -0.0301648 0.00991268
21.6019 15.1077 -0.029716 0.00999448
21.4867 14.9512 -0.0274113 0.0100725
21.3715 14.7948 -0.0233563 0.0101418
21.2562 14.6385 -0.017866 0.010198
21.141 14.4824 -0.0114719 0.010238
21.0258 14.3263 -0.00491343 0.0102603
20.9106 14.1704 0.000886328 0.0102658
20.7954 14.0146 0.00486052 0.010258
20.6802 13.859 0.00585139 0.0102434
20.565 13.7035 0.00267331 0.0102319
20.4498 13.5482 -0.00581859 0.0102361
20.3346 13.3931 -0.0206596 0.010272
20.2194 13.2382 -0.042712 0.0103576
20.1041 13.0836 -0.0726115 0.0105132
19.9889 12.9292 -0.11073 0.0107601
19.8737 12.7752 -0.157153 0.0111202
19.7585 12.6215 -0.211682 0.0116148
19.6433 12.4682 -0.273844 0.0122643
19.5281 12.3153 -0.342933 0.0130868
19.4129 12.163 -0.418044 0.0140983
19.2977 12.0112 -0.498136 0.0153114
19.1825 11.8601 -0.582078 0.0167355
19.0673 11.7098 -0.668709 0.0183767
18.952 11.5602 -0.756888 0.0202374
18.8368 11.4115 -0.845531 0.0223167
18.7216 11.2637 -0.933651 0.0246109
18.6064 11.1169 -1.02038 0.0271134
18.4912 10.9712 -1.10497 0.0298154
18.376 10.8267 -1.18682 0.0327062
18.2608 10.6833 -1.26546 0.0357738
18.1456 10.5413 -1.34056 0.0390051
18.0304 10.4005 -1.41188 0.0423866
17.9152 10.2611 -1.47931 0.0459042
17.7999 10.1231 -1.5428 0.0495442
17.6847 9.98653 -1.60239 0.0532929
17.5695 9.85145 -1.65817 0.0571371
17.4543 9.71788 -1.71025 0.0610641
17.3391 9.58585 -1.7588 0.0650619
17.2239 9.45538 -1.80397 0.0691193
17.1087 9.32649 -1.84595 0.0732257
16.9935 9.1992 -1.88491 0.0773712
16.8783 9.07352 -1.92101 0.0815467
16.7631 8.94946 -1.95441 0.0857436
16.6478 8.82703 -1.98525 0.0899542
16.5326 8.70624 -2.01367 0.0941712
16.4174 8.58708 -2.03978 0.0983878
16.3022 8.46956 -2.06368 0.102598
16.187 8.35367 -2.08545 0.106795
16.0718 8.23942 -2.10517 0.110975
15.9566 8.1268 -2.1229 0.115132
15.8414 8.0158 -2.13869 0.119262
15.7262 7.90641 -2.15258 0.12336
15.611 7.79863 -2.16463 0.127423
15.4957 7.69245 -2.17487 0.131446
15.3805 7.58784 -2.18333 0.135426
15.2653 7.4848 -2.19007 0.139361
15.1501 7.38332 -2.19516 0.143246
15.0349 7.28337 -2.19867 0.14708
14.9197 7.18494 -2.20074 0.150861
14.8045 7.08801 -2.20151 0.154587
14.6893 6.99256 -2.20121 0.158256
14.5741 6.89857 -2.20016 0.161868
14.4589 6.80602 -2.19877 0.165422
14.3436 6.71489 -2.19759 0.16892
14.2284 6.62515 -2.19733 0.172364
14.1132 6.53677 -2.19894 0.175756
13.998 6.44974 -2.20359 0.179101
13.8828 6.36402 -2.21277 0.182406
13.7676 6.2796 -2.22832 0.18568
13.6524 6.19643 -2.25251 0.188933
13.5372 6.1145 -2.28805 0.192181
13.422 6.03378 -2.33821 0.195442
13.3068 5.95424 -2.4068 0.198737
13.1915 5.87585 -2.49824 0.202094
13.0763 5.7986 -2.61758 0.205544
12.9611 5.72247 -2.77044 0.209126
12.8459 5.64743 -2.963 0.212882
12.7307 5.57348 -3.20185 0.216864
12.6155 5.5006 -3.49376 0.221125
12.5003 5.42882 -3.84543 0.225728
12.3851 5.35812 -4.26306 0.230736
12.2699 5.28855 -4.75177 0.236218
12.1547 5.22014 -5.31495 0.242241
12.0394 5.15295 -5.95339 0.248867
11.9242 5.08703 -6.66444 0.25615
11.809 5.02248 -7.44107 0.264132
11.6938 4.95941 -8.27105 0.27283
11.5786 4.89792 -9.13642 0.282237
11.4634 4.83815 -10.0133 0.292313
11.3482 4.78023 -10.8722 0.30298
11.233 4.72432 -11.679 0.31412
11.1178 4.67056 -12.3959 0.325579
11.0026 4.61907 -12.983 0.337165
10.8873 4.57001 -13.3998 0.348662
10.7721 4.52347 -13.6061 0.359834
10.6569 4.47958 -13.5617 0.37044
10.5417 4.43843 -13.2264 0.380243
10.4265 4.40011 -12.5571 0.389022
10.3113 4.36471 -11.5034 0.396582
10.1961 4.33228 -10.0005 0.402761
10.0809 4.3029 -7.95473 0.407432
9.96567 4.27662 -5.22108 0.410507
9.85046 4.25345 -1.56024 0.411931
9.73525 4.2334 3.4318 0.41167
9.62004 4.21642 10.3985 0.409697
9.50483 4.2024 20.1619 0.40597
9.38962 4.19115 33.1642 0.400419
9.2744 4.18237 48.1396 0.392915
9.1592 4.17562 61.5951 0.383244
9.04399 4.17032 70.4712 0.371121
8.92877 4.16565 74.3457 0.356258
8.81357 4.16066 74.3411 0.338433
8.69836 4.15425 71.7142 0.317576
8.58315 4.14533 67.4359 0.293828
8.46794 4.1329 62.1979 0.267577
8.35273 4.1161 56.4615 0.239437
8.23752 4.09433 50.5086 0.210196
8.12231 4.06724 44.5056 0.18076
8.00709 4.03474 38.5631 0.152077
7.89189 3.99697 32.7801 0.125062
7.77668 3.95436 27.2685 0.100505
7.66147 3.90747 22.1558 0.0789833
7.54626 3.85704 17.5677 0.0608019
7.43105 3.80379 13.6018 0.0459766
7.31584 3.74843 10.3045 0.0342743
7.20063 3.69157 7.66348 0.0252936
7.08542 3.63366 5.61739 0.0185578
6.9702 3.57507 4.07558 0.0135924
6.855 3.51603 2.93873 0.00997565
6.73979 3.45673 2.11382 0.00735974
6.62458 3.39727 1.52186 0.00547292
6.50937 3.33774 1.1 0.00411062
6.39416 3.27818 0.800389 0.00312282
6.27895 3.21863 0.587681 0.00240143
6.16373 3.15911 0.436302 0.00186953
6.04853 3.09963 0.32802 0.00147278
5.93332 3.0402 0.249978 0.001173
5.81811 2.98082 0.19317 0.000943349
5.7029 2.92149 0.151319 0.00076498
5.58769 2.86221 0.120063 0.000624578
5.47248 2.80297 0.0963729 0.000512687
5.35726 2.74378 0.07814 0.000422532
5.24206 2.68462 0.0638931 0.000349202
5.12685 2.62549 0.0525997 0.00028909
5.01164 2.56639 0.0435295 0.000239511
4.89643 2.50731 0.0361604 0.000198427
4.78122 2.44826 0.0301149 0.000164271
4.66601 2.38922 0.025116 0.000135816
4.55079 2.33019 0.0209567 0.000112085
4.43559 2.27118 0.0174802 9.22909e-05
4.32038 2.21218 0.0145652 7.57911e-05
4.20517 2.15319 0.0121163 6.2055e-05
4.08996 2.0942 0.0100573 5.06408e-05
3.97475 2.03522 0.00832609 4.11785e-05
3.85954 1.97624 0.00687182 3.33561e-05
3.74433 1.91726 0.00565202 2.69104e-05
3.62912 1.85828 0.00463102 2.1618e-05
3.51391 1.79931 0.00377863 1.72899e-05
3.3987 1.74033 0.00306913 1.37656e-05
3.28349 1.68136 0.00248053 1.09094e-05
3.16828 1.62238 0.00199399 8.60648e-06
3.05307 1.5634 0.00159335 6.76016e-06
2.93786 1.50442 0.00126474 5.28916e-06
2.82265 1.44544 0.000996293 4.12543e-06
2.70744 1.38646 0.000777885 3.21227e-06
2.59223 1.32748 0.000600904 2.50261e-06
2.47702 1.2685 0.00045808 1.95754e-06
2.3618 1.20952 0.000343329 1.54505e-06
2.2466 1.15054 0.000251623 1.23882e-06
2.13139 1.09156 0.000178866 1.01724e-06
2.01618 1.03258 0.000121769 8.62503e-07
1.90097 0.973594 7.77156e-05 7.59824e-07
1.78576 0.914611 4.46351e-05 6.96848e-07
1.67055 0.855629 2.09196e-05 6.63106e-07
1.55534 0.796646 5.44257e-06 6.49536e-07
1.44013 0.737663 -2.31358e-06 6.47926e-07
1.32492 0.67868 -2.1234e-06 6.5021e-07
1.20971 0.619698 6.86258e-06 6.4777e-07
1.09449 0.560715 2.53899e-05 6.31169e-07
0.979285 0.501733 5.27074e-05 5.90971e-07
0.864075 0.442751 8.49739e-05 5.20105e-07
0.748865 0.38377 0.000115086 4.17133e-07
0.633655 0.324789 0.000135371 2.8822e-07
0.518445 0.265808 0.000142309 1.45296e-07
0.403235 0.206826 0.000143015 -1.56465e-09
0.288025 0.147844 0.000142241 -1.48391e-07
0.172815 0.0888612 0.00011613 -2.81379e-07
0.057605 0.0298792 4.48788e-05 -3.64253e-07
