39.4594 39.4454
39.3442 39.2981
39.229 39.1509
39.1138 39.0037
38.9986 38.8564
38.8834 38.7091
38.7682 38.5618
38.653 38.4145
38.5377 38.2672
38.4225 38.1198
38.3073 37.9725
38.1921 37.8251
38.0769 37.6776
37.9617 37.5302
37.8465 37.3827
37.7313 37.2352
37.6161 37.0877
37.5009 36.9401
37.3856 36.7925
37.2704 36.6449
37.1552 36.4972
37.04 36.3496
36.9248 36.2018
36.8096 36.054
36.6944 35.9062
36.5792 35.7582
36.464 35.6102
36.3488 35.4621
36.2335 35.3139
36.1183 35.1655
36.0031 35.0171
35.8879 34.8684
35.7727 34.7196
35.6575 34.5705
35.5423 34.4212
35.4271 34.2717
35.3119 34.1218
35.1967 33.9716
35.0814 33.821
34.9662 33.67
34.851 33.5184
34.7358 33.3664
34.6206 33.2137
34.5054 33.0602
34.3902 32.906
34.275 32.7509
34.1598 32.5948
34.0446 32.4376
33.9293 32.279
33.8141 32.119
33.6989 31.9575
33.5837 31.7941
33.4685 31.6289
33.3533 31.4615
33.2381 31.2918
33.1229 31.1198
33.0077 30.9453
32.8925 30.7682
32.7772 30.5885
32.662 30.4063
32.5468 30.2216
32.4316 30.0346
32.3164 29.8457
32.2012 29.6549
32.086 29.4628
31.9708 29.2698
31.8556 29.0762
31.7404 28.8825
31.6251 28.6892
31.5099 28.4968
31.3947 28.3056
31.2795 28.116
31.1643 27.9284
31.0491 27.743
30.9339 27.5601
30.8187 27.3796
30.7035 27.2018
30.5883 27.0265
30.473 26.8538
30.3578 26.6836
30.2426 26.5157
30.1274 26.35
30.0122 26.1863
29.897 26.0245
29.7818 25.8644
29.6666 25.7058
29.5514 25.5485
29.4362 25.3925
29.3209 25.2376
29.2057 25.0836
29.0905 24.9305
28.9753 24.7781
28.8601 24.6265
28.7449 24.4754
28.6297 24.3249
28.5145 24.1748
28.3993 24.0252
28.2841 23.876
28.1688 23.7271
28.0536 23.5785
27.9384 23.4301
27.8232 23.282
27.708 23.1341
27.5928 22.9863
27.4776 22.8387
27.3624 22.6912
27.2472 22.5438
27.132 22.3964
27.0167 22.2491
26.9015 22.1018
26.7863 21.9546
26.6711 21.8072
26.5559 21.6599
26.4407 21.5124
26.3255 21.3649
26.2103 21.2173
26.0951 21.0695
25.9799 20.9215
25.8646 20.7734
25.7494 20.6251
25.6342 20.4767
25.519 20.3279
25.4038 20.179
25.2886 20.0298
25.1734 19.8803
25.0582 19.7306
24.943 19.5806
24.8278 19.4304
24.7125 19.2798
24.5973 19.1289
24.4821 18.9777
24.3669 18.8262
24.2517 18.6743
24.1365 18.5221
24.0213 18.3696
23.9061 18.2168
23.7909 18.0636
23.6757 17.9102
23.5604 17.7564
23.4452 17.6022
23.33 17.4478
23.2148 17.2931
23.0996 17.1381
22.9844 16.9829
22.8692 16.8274
22.754 16.6717
22.6388 16.5157
22.5236 16.3596
22.4083 16.2034
22.2931 16.047
22.1779 15.8905
22.0627 15.734
21.9475 15.5774
21.8323 15.4208
21.7171 15.2643
21.6019 15.1077
21.4867 14.9512
21.3715 14.7948
21.2562 14.6385
21.141 14.4824
21.0258 14.3263
20.9106 14.1704
20.7954 14.0146
20.6802 13.859
20.565 13.7035
20.4498 13.5482
20.3346 13.3931
20.2194 13.2382
20.1041 13.0836
19.9889 12.9292
19.8737 12.7752
19.7585 12.6215
19.6433 12.4682
19.5281 12.3153
19.4129 12.163
19.2977 12.0112
19.1825 11.8601
19.0673 11.7098
18.952 11.5602
18.8368 11.4115
18.7216 11.2637
18.6064 11.1169
18.4912 10.9712
18.376 10.8267
18.2608 10.6833
18.1456 10.5413
18.0304 10.4005
17.9152 10.2611
17.7999 10.1231
17.6847 9.98653
17.5695 9.85145
17.4543 9.71788
17.3391 9.58585
17.2239 9.45538
17.1087 9.32649
16.9935 9.1992
16.8783 9.07352
16.7631 8.94946
16.6478 8.82703
16.5326 8.70624
16.4174 8.58708
16.3022 8.46956
16.187 8.35367
16.0718 8.23942
15.9566 8.1268
15.8414 8.0158
15.7262 7.90641
15.611 7.79863
15.4957 7.69245
15.3805 7.58784
15.2653 7.4848
15.1501 7.38332
15.0349 7.28337
14.9197 7.18494
14.8045 7.08801
14.6893 6.99256
14.5741 6.89857
14.4589 6.80602
14.3436 6.71489
14.2284 6.62515
14.1132 6.53677
13.998 6.44974
13.8828 6.36402
13.7676 6.2796
13.6524 6.19643
13.5372 6.1145
13.422 6.03378
13.3068 5.95424
13.1915 5.87585
13.0763 5.7986
12.9611 5.72247
12.8459 5.64743
12.7307 5.57348
12.6155 5.5006
12.5003 5.42882
12.3851 5.35812
12.2699 5.28855
12.1547 5.22014
12.0394 5.15295
11.9242 5.08703
11.809 5.02248
11.6938 4.95941
11.5786 4.89792
11.4634 4.83815
11.3482 4.78023
11.233 4.72432
11.1178 4.67056
11.0026 4.61907
10.8873 4.57001
10.7721 4.52347
10.6569 4.47958
10.5417 4.43843
10.4265 4.40011
10.3113 4.36471
10.1961 4.33228
10.0809 4.3029
9.96567 4.27662
9.85046 4.25345
9.73525 4.2334
9.62004 4.21642
9.50483 4.2024
9.38962 4.19115
9.2744 4.18237
9.1592 4.17562
9.04399 4.17032
8.92877 4.16565
8.81357 4.16066
8.69836 4.15425
8.58315 4.14533
8.46794 4.1329
8.35273 4.1161
8.23752 4.09433
8.12231 4.06724
8.00709 4.03474
7.89189 3.99697
7.77668 3.95436
7.66147 3.90747
7.54626 3.85704
7.43105 3.80379
7.31584 3.74843
7.20063 3.69157
7.08542 3.63366
6.9702 3.57507
6.855 3.51603
6.73979 3.45673
6.62458 3.39727
6.50937 3.33774
6.39416 3.27818
6.27895 3.21863
6.16373 3.15911
6.04853 3.09963
5.93332 3.0402
5.81811 2.98082
5.7029 2.92149
5.58769 2.86221
5.47248 2.80297
5.35726 2.74378
5.24206 2.68462
5.12685 2.62549
5.01164 2.56639
4.89643 2.50731
4.78122 2.44826
4.66601 2.38922
4.55079 2.33019
4.43559 2.27118
4.32038 2.21218
4.20517 2.15319
4.08996 2.0942
3.97475 2.03522
3.85954 1.97624
3.74433 1.91726
3.62912 1.85828
3.51391 1.79931
3.3987 1.74033
3.28349 1.68136
3.16828 1.62238
3.05307 1.5634
2.93786 1.50442
2.82265 1.44544
2.70744 1.38646
2.59223 1.32748
2.47702 1.2685
2.3618 1.20952
2.2466 1.15054
2.13139 1.09156
2.01618 1.03258
1.90097 0.973594
1.78576 0.914611
1.67055 0.855629
1.55534 0.796646
1.44013 0.737663
1.32492 0.67868
1.20971 0.619698
1.09449 0.560715
0.979285 0.501733
0.864075 0.442751
0.748865 0.38377
0.633655 0.324789
0.518445 0.265808
0.403235 0.206826
0.288025 0.147844
0.172815 0.0888612
0.057605 0.0298792
