39.4594 39.4454 -0.00099985 0.00117952
39.3442 39.2982 -0.00299307 0.00118465
39.229 39.1509 -0.00496692 0.00119488
39.1138 39.0037 -0.00690985 0.00121014
38.9986 38.8565 -0.00881361 0.00123034
38.8834 38.7092 -0.0106739 0.00125538
38.7682 38.5619 -0.0124904 0.00128515
38.653 38.4146 -0.0142658 0.00131955
38.5377 38.2673 -0.0160053 0.00135846
38.4225 38.12 -0.017715 0.00140182
38.3073 37.9726 -0.0194015 0.00144955
38.1921 37.8253 -0.0210705 0.0015016
38.0769 37.6779 -0.0227266 0.00155794
37.9617 37.5304 -0.0243733 0.00161854
37.8465 37.383 -0.0260135 0.00168338
37.7313 37.2355 -0.0276492 0.00175245
37.6161 37.088 -0.0292823 0.00182574
37.5009 36.9404 -0.0309139 0.00190324
37.3856 36.7928 -0.0325437 0.00198496
37.2704 36.6453 -0.0341687 0.00207089
37.1552 36.4976 -0.0357817 0.00216101
37.04 36.3499 -0.03737 0.00225527
36.9248 36.2022 -0.0389147 0.00235361
36.8096 36.0545 -0.0403916 0.00245588
36.6944 35.9066 -0.0417725 0.00256188
36.5792 35.7587 -0.0430289 0.00267133
36.464 35.6107 -0.0441366 0.0027839
36.3488 35.4626 -0.0450799 0.0028992
36.2335 35.3145 -0.0458556 0.0030168
36.1183 35.1661 -0.0464759 0.00313631
36.0031 35.0177 -0.0469674 0.00325737
35.8879 34.869 -0.0473681 0.00337973
35.7727 34.7202 -0.0477218 0.00350322
35.6575 34.5712 -0.04807 0.0036278
35.5423 34.4219 -0.0484437 0.00375352
35.4271 34.2724 -0.0488565 0.00388049
35.3119 34.1226 -0.0493009 0.00400884
35.1967 33.9724 -0.0497487 0.00413865
35.0814 33.8218 -0.0501565 0.00426992
34.9662 33.6708 -0.0504744 0.00440253
34.851 33.5193 -0.0506587 0.00453624
34.7358 33.3673 -0.0506831 0.00467071
34.6206 33.2146 -0.0505481 0.00480558
34.5054 33.0612 -0.0502837 0.00494054
34.3902 32.907 -0.0499457 0.00507539
34.275 32.752 -0.0496036 0.00521011
34.1598 32.5959 -0.049322 0.00534486
34.0446 32.4386 -0.0491391 0.00547995
33.9293 32.2801 -0.0490477 0.00561578
33.8141 32.1202 -0.0489828 0.00575261
33.6989 31.9586 -0.048823 0.00589049
33.5837 31.7953 -0.0484075 0.00602906
33.4685 31.6301 -0.0475676 0.00616746
33.3533 31.4627 -0.0461692 0.00630435
33.2381 31.2931 -0.0441541 0.00643802
33.1229 31.1211 -0.0415716 0.00656668
33.0077 30.9466 -0.0385884 0.00668872
32.8925 30.7695 -0.0354705 0.00680313
32.7772 30.5898 -0.0325404 0.00690972
32.662 30.4076 -0.0301168 0.00700932
32.5468 30.223 -0.028451 0.00710368
32.4316 30.036 -0.0276753 0.00719523
32.3164 29.8471 -0.0277744 0.00728666
32.2012 29.6564 -0.0285855 0.00738046
32.086 29.4643 -0.0298257 0.00747837
31.9708 29.2713 -0.0311394 0.00758108
31.8556 29.0777 -0.0321545 0.007688
31.7404 28.884 -0.0325381 0.00779733
31.6251 28.6908 -0.0320421 0.00790624
31.5099 28.4984 -0.0305343 0.00801133
31.3947 28.3072 -0.0280119 0.00810902
31.2795 28.1177 -0.024598 0.00819606
31.1643 27.9301 -0.0205228 0.00826996
31.0491 27.7447 -0.0160932 0.00832924
30.9339 27.5617 -0.0116537 0.00837359
30.8187 27.3813 -0.00754438 0.00840386
30.7035 27.2035 -0.00406163 0.00842191
30.5883 27.0282 -0.00142579 0.00843033
30.473 26.8556 0.000238474 0.00843214
30.3578 26.6853 0.000907492 0.00843045
30.2426 26.5174 0.000649602 0.00842816
30.1274 26.3518 -0.000395081 0.00842778
30.0122 26.1881 -0.00204138 0.00843125
29.897 26.0263 -0.00408682 0.00843989
29.7818 25.8661 -0.00633561 0.00845444
29.6666 25.7075 -0.00861594 0.00847512
29.5514 25.5503 -0.0107893 0.00850173
29.4362 25.3943 -0.0127525 0.00853378
29.3209 25.2393 -0.0144349 0.00857053
29.2057 25.0854 -0.0157919 0.00861114
29.0905 24.9322 -0.0167986 0.00865468
28.9753 24.7799 -0.0174442 0.00870021
28.8601 24.6282 -0.0177281 0.00874676
28.7449 24.4772 -0.0176587 0.00879341
28.6297 24.3266 -0.0172544 0.00883927
28.5145 24.1766 -0.0165442 0.00888353
28.3993 24.027 -0.0155698 0.00892546
28.2841 23.8777 -0.014386 0.00896447
28.1688 23.7288 -0.0130589 0.00900014
28.0536 23.5802 -0.0116626 0.0090322
27.9384 23.4319 -0.0102737 0.0090606
27.8232 23.2838 -0.00896388 0.00908546
27.708 23.1358 -0.00779277 0.0091071
27.5928 22.9881 -0.00680018 0.00912591
27.4776 22.8405 -0.00600067 0.0091424
27.3624 22.693 -0.00538037 0.00915705
27.2472 22.5456 -0.00489708 0.00917027
27.132 22.3982 -0.00448391 0.00918234
27.0167 22.2509 -0.00405636 0.00919331
26.9015 22.1036 -0.00352217 0.00920306
26.7863 21.9563 -0.00279314 0.00921117
26.6711 21.809 -0.00179759 0.00921707
26.5559 21.6617 -0.000492043 0.00922002
26.4407 21.5142 0.00112929 0.0092192
26.3255 21.3667 0.00302845 0.00921384
26.2103 21.2191 0.00512217 0.00920334
26.0951 21.0713 0.00728529 0.00918734
25.9799 20.9234 0.00935906 0.00916586
25.8646 20.7753 0.0111639 0.00913933
25.7494 20.627 0.0125152 0.00910869
25.6342 20.4786 0.0132411 0.00907532
25.519 20.3299 0.0132001 0.00904101
25.4038 20.1809 0.0122962 0.00900788
25.2886 20.0318 0.0104917 0.00897821
25.1734 19.8823 0.00781382 0.00895435
25.0582 19.7327 0.00435672 0.00893845
24.943 19.5827 0.000277401 0.00893239
24.8278 19.4324 -0.00421378 0.00893756
24.7125 19.2818 -0.00886722 0.00895475
24.5973 19.131 -0.0134115 0.00898409
24.4821 18.9798 -0.017573 0.00902498
24.3669 18.8282 -0.0210953 0.00907611
24.2517 18.6764 -0.0237589 0.00913555
24.1365 18.5242 -0.025397 0.00920083
24.0213 18.3717 -0.0259092 0.00926911
23.9061 18.2189 -0.0252708 0.00933736
23.7909 18.0658 -0.0235362 0.00940259
23.6757 17.9123 -0.0208388 0.00946202
23.5604 17.7585 -0.0173841 0.00951332
23.4452 17.6044 -0.0134387 0.00955476
23.33 17.45 -0.00931348 0.00958541
23.2148 17.2953 -0.00534334 0.00960519
23.0996 17.1403 -0.00186317 0.00961493
22.9844 16.9851 0.000817768 0.00961635
22.8692 16.8297 0.00244169 0.00961192
22.754 16.674 0.00282627 0.00960476
22.6388 16.5181 0.00188458 0.00959836
22.5236 16.362 -0.000360981 0.00959628
22.4083 16.2058 -0.00377268 0.00960192
22.2931 16.0495 -0.00810065 0.00961812
22.1779 15.893 -0.0129959 0.00964693
22.0627 15.7365 -0.0180331 0.00968931
21.9475 15.58 -0.0227416 0.00974502
21.8323 15.4234 -0.0266444 0.00981249
21.7171 15.2668 -0.029301 0.00988893
21.6019 15.1103 -0.0303528 0.00997041
21.4867 14.9538 -0.0295667 0.0100522
21.3715 14.7975 -0.0268744 0.0101292
21.2562 14.6412 -0.0224024 0.0101964
21.141 14.485 -0.0164915 0.0102495
21.0258 14.329 -0.00970245 0.0102851
20.9106 14.1731 -0.00280473 0.0103021
20.7954 14.0174 0.00324939 0.0103015
20.6802 13.8618 0.00736722 0.0102871
20.565 13.7064 0.00837104 0.0102658
20.4498 13.5512 0.00506324 0.0102476
20.3346 13.3961 -0.00370347 0.0102457
20.2194 13.2413 -0.0189564 0.0102763
20.1041 13.0867 -0.0415391 0.0103579
19.9889 12.9323 -0.0720598 0.0105109
19.8737 12.7783 -0.110854 0.0107568
19.7585 12.6245 -0.157969 0.0111174
19.6433 12.4711 -0.21316 0.0116141
19.5281 12.3182 -0.275916 0.0122669
19.4129 12.1656 -0.345491 0.0130938
19.2977 12.0137 -0.420951 0.0141101
19.1825 11.8623 -0.501228 0.0153283
19.0673 11.7116 -0.58518 0.016757
18.952 11.5616 -0.671638 0.018402
18.8368 11.4124 -0.759464 0.020265
18.7216 11.264 -0.847583 0.0223448
18.6064 11.1167 -0.935024 0.0246371
18.4912 10.9703 -1.02093 0.0271351
18.376 10.825 -1.10459 0.0298297
18.2608 10.6809 -1.18541 0.03271
18.1456 10.538 -1.26296 0.0357638
18.0304 10.3963 -1.3369 0.0389781
17.9152 10.256 -1.40704 0.0423392
17.7999 10.117 -1.47326 0.0458332
17.6847 9.97938 -1.53554 0.0494463
17.5695 9.84322 -1.59392 0.0531652
17.4543 9.70855 -1.64849 0.0569765
17.3391 9.57538 -1.69938 0.060868
17.2239 9.44373 -1.74675 0.0648278
17.1087 9.31365 -1.79077 0.0688446
16.9935 9.18513 -1.83162 0.0729082
16.8783 9.05821 -1.86946 0.0770088
16.7631 8.93288 -1.90447 0.0811375
16.6478 8.80917 -1.9368 0.0852858
16.5326 8.68707 -1.9666 0.0894462
16.4174 8.5666 -1.99399 0.0936115
16.3022 8.44776 -2.0191 0.0977751
16.187 8.33054 -2.04202 0.101931
16.0718 8.21494 -2.06284 0.106073
15.9566 8.10097 -2.08164 0.110197
15.8414 7.98861 -2.09847 0.114297
15.7262 7.87787 -2.11339 0.11837
15.611 7.76872 -2.12644 0.12241
15.4957 7.66117 -2.13764 0.126414
15.3805 7.5552 -2.14704 0.130378
15.2653 7.45079 -2.15465 0.134299
15.1501 7.34794 -2.16051 0.138174
15.0349 7.24663 -2.16464 0.141999
14.9197 7.14684 -2.16709 0.145773
14.8045 7.04856 -2.16792 0.149493
14.6893 6.95176 -2.16723 0.153157
14.5741 6.85643 -2.16514 0.156763
14.4589 6.76255 -2.16186 0.16031
14.3436 6.67008 -2.15767 0.163797
14.2284 6.57902 -2.15293 0.167224
14.1132 6.48933 -2.14818 0.170592
13.998 6.401 -2.14408 0.173902
13.8828 6.31398 -2.14156 0.177158
13.7676 6.22826 -2.14176 0.180364
13.6524 6.14381 -2.14617 0.183525
13.5372 6.06059 -2.15664 0.186652
13.422 5.97858 -2.17544 0.189753
13.3068 5.89774 -2.20538 0.192845
13.1915 5.81805 -2.24981 0.195945
13.0763 5.73948 -2.31269 0.199074
12.9611 5.66198 -2.39867 0.202262
12.8459 5.58555 -2.51309 0.20554
12.7307 5.51015 -2.66197 0.208947
12.6155 5.43575 -2.85198 0.212528
12.5003 5.36235 -3.09031 0.216337
12.3851 5.28992 -3.3845 0.220433
12.2699 5.21847 -3.74208 0.22488
12.1547 5.148 -4.17016 0.229752
12.0394 5.07853 -4.67482 0.235123
11.9242 5.01009 -5.26032 0.241069
11.809 4.94274 -5.9281 0.247663
11.6938 4.87653 -6.67575 0.254972
11.5786 4.81155 -7.49578 0.263045
11.4634 4.7479 -8.37464 0.271911
11.3482 4.68571 -9.29187 0.28157
11.233 4.62512 -10.2198 0.291982
11.1178 4.56626 -11.1239 0.303067
11.0026 4.50929 -11.9636 0.314695
10.8873 4.45437 -12.6941 0.326692
10.7721 4.40164 -13.2682 0.338842
10.6569 4.35125 -13.6381 0.350892
10.5417 4.30332 -13.7569 0.362572
10.4265 4.25799 -13.5797 0.373598
10.3113 4.21537 -13.0637 0.383697
10.1961 4.17558 -12.1672 0.392615
10.0809 4.13874 -10.8476 0.400134
9.96567 4.10497 -9.05783 0.406087
9.85046 4.07438 -6.73775 0.410365
9.73525 4.04711 -3.80047 0.412926
9.62004 4.02326 -0.102695 0.413795
9.50483 4.00292 4.65061 0.41306
9.38962 3.98613 11.0786 0.410836
9.2744 3.97288 20.2885 0.407243
9.1592 3.96308 33.9194 0.402389
9.04399 3.95652 53.1595 0.39632
8.92877 3.95291 74.7865 0.388923
8.81357 3.95186 90.6068 0.379863
8.69836 3.95271 97.312 0.368627
8.58315 3.9545 97.2387 0.354632
8.46794 3.95599 93.0372 0.337356
8.35273 3.95578 86.3915 0.316497
8.23752 3.95241 78.4975 0.292135
8.12231 3.94461 70.225 0.26477
8.00709 3.93139 62.0717 0.235224
7.89189 3.91217 54.2465 0.204517
7.77668 3.88669 46.8059 0.173767
7.66147 3.85503 39.7599 0.144087
7.54626 3.81753 33.1341 0.116502
7.43105 3.7748 26.9966 0.0918427
7.31584 3.72759 21.4508 0.0706627
7.20063 3.67678 16.6053 0.0531799
7.08542 3.62322 12.5341 0.0392847
6.9702 3.56767 9.24988 0.0286105
6.855 3.51074 6.70057 0.0206428
6.73979 3.45289 4.78685 0.0148282
6.62458 3.39444 3.38856 0.0106533
6.50937 3.33561 2.38748 0.00768674
6.39416 3.27656 1.68106 0.00558967
6.27895 3.21738 1.1872 0.00410817
6.16373 3.15813 0.843752 0.003058
6.04853 3.09885 0.605291 0.0023084
5.93332 3.03957 0.439463 0.00176794
5.81811 2.98031 0.323605 0.0013733
5.7029 2.92107 0.242034 0.00108088
5.58769 2.86187 0.183991 0.000860745
5.47248 2.80269 0.142139 0.000692315
5.35726 2.74354 0.11149 0.000561393
5.24206 2.68442 0.0886585 0.000458127
5.12685 2.62532 0.0713433 0.000375611
5.01164 2.56625 0.0579764 0.000308943
4.89643 2.50719 0.0474821 0.000254596
4.78122 2.44816 0.0391165 0.000209981
4.66601 2.38913 0.0323593 0.000173166
4.55079 2.33013 0.0268411 0.00014268
4.43559 2.27113 0.0222952 0.000117381
4.32038 2.21213 0.0185254 9.63667e-05
4.20517 2.15315 0.0153844 7.89118e-05
4.08996 2.09417 0.012759 6.44263e-05
3.97475 2.03519 0.0105608 5.24242e-05
3.85954 1.97622 0.00871923 4.25016e-05
3.74433 1.91724 0.00717693 3.43207e-05
3.62912 1.85827 0.0058868 2.75976e-05
3.51391 1.7993 0.00480959 2.20929e-05
3.3987 1.74032 0.00391232 1.76042e-05
3.28349 1.68135 0.00316706 1.39608e-05
3.16828 1.62237 0.00255008 1.10185e-05
3.05307 1.5634 0.00204112 8.65553e-06
2.93786 1.50442 0.00162288 6.76976e-06
2.82265 1.44544 0.00128061 5.27539e-06
2.70744 1.38646 0.00100171 4.10071e-06
2.59223 1.32748 0.000775492 3.18599e-06
2.47702 1.2685 0.000592912 2.48167e-06
2.3618 1.20952 0.00044638 1.94674e-06
2.2466 1.15054 0.000329581 1.54735e-06
2.13139 1.09156 0.000237329 1.25555e-06
2.01618 1.03258 0.000165406 1.04826e-06
1.90097 0.973594 0.000110411 9.06293e-07
1.78576 0.914611 6.95943e-05 8.1364e-07
1.67055 0.855629 4.07324e-05 7.56853e-07
1.55534 0.796646 2.21111e-05 7.24506e-07
1.44013 0.737663 1.26452e-05 7.06616e-07
1.32492 0.678681 1.20577e-05 6.93901e-07
1.20971 0.619698 2.08369e-05 6.7697e-07
1.09449 0.560716 3.95554e-05 6.45885e-07
0.979285 0.501734 6.73165e-05 5.90876e-07
0.864075 0.442752 0.000100003 5.04755e-07
0.748865 0.383771 0.000129612 3.8657e-07
0.633655 0.324789 0.000148343 2.43504e-07
0.518445 0.265808 0.00015347 8.81567e-08
0.403235 0.206825 0.000159846 -7.31125e-08
0.288025 0.147842 0.00016673 -2.41208e-07
0.172815 0.0888593 8.11785e-05 -3.68813e-07
0.057605 0.0298766 -0.000168236 -3.24003e-07
