  0.209362E+00 -0.470919E-02
  0.628085E+00 -0.574396E-02
  0.104681E+01 -0.695446E-02
  0.146553E+01 -0.834370E-02
  0.188426E+01 -0.989907E-02
  0.230298E+01 -0.115847E-01
  0.272170E+01 -0.133331E-01
  0.314043E+01 -0.150381E-01
  0.355915E+01 -0.165513E-01
  0.397787E+01 -0.176860E-01
  0.439660E+01 -0.182323E-01
  0.481532E+01 -0.179836E-01
  0.523405E+01 -0.167732E-01
  0.565277E+01 -0.145145E-01
  0.607149E+01 -0.112331E-01
  0.649022E+01 -0.705898E-02
  0.690894E+01 -0.230776E-02
  0.732766E+01  0.260700E-02
  0.774639E+01  0.728875E-02
  0.816511E+01  0.113781E-01
  0.858383E+01  0.146028E-01
  0.900256E+01  0.168103E-01
  0.942128E+01  0.179760E-01
  0.984001E+01  0.181880E-01
  0.102587E+02  0.176144E-01
  0.106775E+02  0.164626E-01
  0.110962E+02  0.149426E-01
  0.115149E+02  0.132394E-01
  0.119336E+02  0.114988E-01
  0.123523E+02  0.982433E-02
  0.127711E+02  0.828070E-02
  0.131898E+02  0.690193E-02
  0.136085E+02  0.569973E-02
  0.140272E+02  0.467120E-02
  0.144460E+02  0.380486E-02
  0.148647E+02  0.308479E-02
  0.152834E+02  0.249361E-02
  0.157021E+02  0.201414E-02
  0.161209E+02  0.163031E-02
  0.165396E+02  0.132767E-02
  0.169583E+02  0.109342E-02
  0.173770E+02  0.916500E-03
  0.177958E+02  0.787671E-03
  0.182145E+02  0.699313E-03
  0.186332E+02  0.645430E-03
  0.190519E+02  0.621541E-03
  0.194706E+02  0.624699E-03
  0.198894E+02  0.653157E-03
  0.203081E+02  0.706431E-03
  0.207268E+02  0.784508E-03
  0.211455E+02  0.887863E-03
  0.215643E+02  0.101681E-02
  0.219830E+02  0.117101E-02
  0.224017E+02  0.134919E-02
  0.228204E+02  0.154854E-02
  0.232392E+02  0.176464E-02
  0.236579E+02  0.199105E-02
  0.240766E+02  0.221947E-02
  0.244953E+02  0.243980E-02
  0.249141E+02  0.264045E-02
  0.253328E+02  0.280916E-02
  0.257515E+02  0.293377E-02
  0.261702E+02  0.300351E-02
  0.265890E+02  0.301028E-02
  0.270077E+02  0.294998E-02
  0.274264E+02  0.282352E-02
  0.278451E+02  0.263763E-02
  0.282638E+02  0.240496E-02
  0.286826E+02  0.214320E-02
  0.291013E+02  0.187384E-02
  0.295200E+02  0.161989E-02
  0.299387E+02  0.140346E-02
  0.303575E+02  0.124296E-02
  0.307762E+02  0.115083E-02
  0.311949E+02  0.113187E-02
  0.316136E+02  0.118287E-02
  0.320324E+02  0.129295E-02
  0.324511E+02  0.144558E-02
  0.328698E+02  0.162113E-02
  0.332885E+02  0.180014E-02
  0.337073E+02  0.196637E-02
  0.341260E+02  0.210945E-02
  0.345447E+02  0.222646E-02
  0.349634E+02  0.232185E-02
  0.353821E+02  0.240635E-02
  0.358009E+02  0.249453E-02
  0.362196E+02  0.260131E-02
  0.366383E+02  0.273902E-02
  0.370570E+02  0.291446E-02
  0.374758E+02  0.312737E-02
