 -0.23506093  1.
  0.23506093  1.
  0.705182791  1.
  1.17530465  1.
  1.64542651  1.
  2.11554837  1.
  2.58567023  1.
  3.05579209  1.
  3.52591395  1.
  3.99603581  1.
  4.46615791  1.
  4.9362793  1.
  5.40640163  1.
  5.87652302  1.
  6.34664536  1.
  6.81676674  1.
  7.28688908  1.
  7.75701046  1.
  8.2271328  1.
  8.69725513  1.
  9.16737652  1.
  9.6374979  1.
  10.1076202  1.
  10.5777426  1.
  11.047864  1.
  11.5179853  1.
  11.9881077  1.
  12.45823  1.
  12.9283514  1.
  13.3984728  1.
  13.8685951  1.
  14.3387175  1.
  14.8088388  1.
  15.2789602  1.
  15.7490826  1.
  16.2192039  1.
  16.6893253  1.
  17.1594467  1.
  17.62957  1.
  18.0996914  1.
  18.5698128  1.
  19.0399342  1.
  19.5100555  1.
  19.9801788  1.
  20.4503002  1.
  20.9204216  1.
  21.3905449  1.
  21.8606663  1.
  22.3307877  1.
  22.800909  1.
  23.2710304  1.
  23.7411537  1.
  24.2112751  1.
  24.6813965  1.
  25.1515198  1.
  25.6216412  1.
  26.0917625  1.
  26.5618839  1.
  27.0320053  1.
  27.5021286  1.
  27.97225  1.
  28.4423714  1.
  28.9124947  1.
  29.382616  1.
  29.8527374  1.
  30.3228588  1.
  30.7929802  1.
  31.2631035  1.
  31.7332249  1.
  32.2033463  1.
  32.6734695  1.
  33.143589  1.
  33.6137123  1.
  34.0838356  1.
  34.5539551  1.
  35.0240784  1.
  35.4942017  1.
  35.9643211  1.
  36.4344444  1.
  36.9045639  1.
