 -0.522893608  0.0922000408
  0.476739585 -0.044997897
  1.26453578 -0.0876488686
  1.78857422 -0.0677318424
  2.24934006 -0.0497501493
  2.69548178 -0.0352921784
  3.13363075 -0.0130486488
  3.56417322  0.00944697857
  3.99103022  0.0280509591
  4.41767263  0.042057097
  4.84648609  0.0520734787
  5.27904415  0.0588584542
  5.71553373  0.0632675886
  6.15471506  0.065905571
  6.59499979  0.0672772527
  7.03540754  0.0677700639
  7.47578812  0.0676511526
  7.91635704  0.0669564009
  8.35731983  0.0658693314
  8.79883766  0.0644336939
  9.24104881  0.0627316236
  9.6840601  0.0608437061
  10.1279612  0.0588130951
  10.5728254  0.0566692352
  11.0187178  0.0544658899
  11.4656849  0.0522698164
  11.9137583  0.0501284599
  12.3629656  0.048050046
  12.8133516  0.0460211039
  13.2649803  0.0440305471
  13.7179403  0.0420930386
  14.172328  0.0402450562
  14.6282578  0.0385252237
  15.0858669  0.0369570255
  15.545331  0.0355319977
  16.0068779  0.0342146158
  16.4708099  0.0329580307
  16.9374962  0.0317201614
  17.4073639  0.0304820538
  17.8808632  0.0292531252
  18.3584366  0.0280712843
  18.8404522  0.0269836187
  19.3271408  0.0260353088
  19.8185272  0.0252521038
  20.3143654  0.0246278048
  20.8141022  0.0241229534
  21.3168793  0.0236760378
  21.8215714  0.0232118368
  22.3269081  0.0226573944
  22.8315983  0.0219576359
  23.3344841  0.0210771561
  23.83465  0.0200035572
  24.3314915  0.0187488794
  24.8247299  0.0173419714
  25.3143616  0.0158305168
  25.8005905  0.0142720938
  26.2837524  0.0127233267
  26.7642498  0.0112328529
  27.2424984  0.0098284483
  27.7189007  0.00852537155
  28.1938171  0.00732827187
  28.6675625  0.00624251366
  29.1404018  0.00527942181
  29.6125412  0.00444245338
  30.0841465  0.00372374058
  30.5553493  0.0031017065
  31.0262547  0.00255727768
  31.4969501  0.00208640099
  31.9674873  0.00169801712
  32.4379082  0.0013885498
  32.9082451  0.00113511086
  33.3785095  0.000915288925
  33.8487396  0.000734329224
  34.3189354  0.000605821609
  34.7890968  0.000509262085
  35.2592392  0.000417470932
  35.7293663  0.000351071358
  36.1994743  0.000317573547
  36.6695709  0.000281691551
  37.1396484  0.000269770622
