 -7.14994167E-05  1.25169754E-05
  0.470052361  1.65626407E-05
  0.94016701  2.52574682E-05
  1.410267  3.95178795E-05
  1.88035619  5.94258308E-05
  2.35043478  8.61883163E-05
  2.8205018  0.000120908022
  3.29055572  0.000164687634
  3.7605958  0.000218391418
  4.23062038  0.000283539295
  4.7006278  0.000361740589
  5.17061043  0.000455319881
  5.64055252  0.000569581985
  6.11043453  0.000713348389
  6.58023691  0.000898063183
  7.04994345  0.00113767385
  7.51953602  0.00144541264
  7.98898602  0.00183844566
  8.45825386  0.00233960152
  8.92728996  0.00297701359
  9.39603233  0.00378537178
  9.86440468  0.00480794907
  10.3323116  0.00609695911
  10.7996359  0.00771558285
  11.2662325  0.00973832607
  11.7319336  0.0122504234
  12.196537  0.0153468847
  12.659811  0.019127965
  13.1214981  0.0236904621
  13.5813227  0.0291165113
  14.0390139  0.0354551077
  14.4943209  0.0426994562
  14.9470558  0.0507595539
  15.3971415  0.0594394207
  15.8446541  0.0684175491
  16.289875  0.0772490501
  16.7333298  0.085386157
  17.1758118  0.0922292471
  17.6183739  0.0971975327
  18.0622864  0.0998140574
  18.5089684  0.099783659
  18.959877  0.0970510244
  19.4163647  0.0918190479
  19.879528  0.0845239162
  20.3500366  0.0757703781
  20.8280334  0.0662369728
  21.3130589  0.0565773249
  21.8040829  0.0473378897
  22.2996464  0.0389086008
  22.7980499  0.0315117836
  23.2975864  0.0252220631
  23.7967377  0.0200058222
  24.2943077  0.0157623291
  24.7894821  0.0123603344
  25.2818146  0.00966262817
  25.7711506  0.00754153728
  26.2575684  0.00588417053
  26.7412872  0.00459504128
  27.2226009  0.00359487534
  27.7018394  0.00282001495
  28.1793156  0.00221836567
  28.6553326  0.00175046921
  29.1301517  0.00138497353
  29.6039982  0.00109767914
  30.0770626  0.000871300697
  30.5495033  0.000691533089
  31.02145  0.000548124313
  31.4930077  0.000433206558
  31.9642525  0.000340104103
  32.435257  0.000263929367
  32.9060783  0.000200033188
  33.3767471  0.000144958496
  33.8473053  9.6321106E-05
  34.3177834  5.20944595E-05
  34.7881889  1.29938126E-05
  35.2585526 -1.78813934E-05
  35.7288704 -3.42726707E-05
  36.1991501 -2.74777412E-05
  36.6693954  3.93390656E-06
  37.139595  3.18288803E-05
