 -0.0230640434  0.0040667057
  0.436072975  0.00799173117
  0.89390564  0.0131133795
  1.34918058  0.0196151733
  1.80200028  0.0274351239
  2.25251627  0.0364075601
  2.70097756  0.0462651253
  3.14772654  0.0566568971
  3.5931828  0.0671722293
  4.03782511  0.0773639083
  4.48201895  0.086786449
  4.92502499  0.0949013233
  5.36480904  0.101060867
  5.79960155  0.104866147
  6.22929049  0.106128871
  6.65587139  0.104850054
  7.0822444  0.101291776
  7.51029348  0.0957620144
  7.94086838  0.0885410309
  8.37458229  0.0801296234
  8.81185913  0.0710695982
  9.2529335  0.0618726015
  9.69785309  0.0529671907
  10.1465092  0.0446703434
  10.5986786  0.0371825695
  11.0540705  0.0305994749
  11.5123615  0.0249359608
  11.9732342  0.0201486349
  12.4363966  0.0161608458
  12.9016066  0.0128794909
  13.36868  0.0102084875
  13.8374939  0.00805497169
  14.3079967  0.00633370876
  14.7802067  0.00496947765
  15.2542229  0.00389444828
  15.7302132  0.00305116177
  16.2084255  0.00238990784
  16.6891785  0.00186932087
  17.1728535  0.00145876408
  17.6598644  0.00113368034
  18.150631  0.00087594986
  18.6455307  0.000673174858
  19.1448231  0.000515222549
  19.6485825  0.00039255619
  20.1566105  0.00029695034
  20.668396  0.000222444534
  21.1830883  0.000163316727
  21.6995411  0.00011575222
  22.2164173  7.72476196E-05
  22.732336  4.55379486E-05
  23.2460232  1.99079514E-05
  23.7564602 -1.07288361E-06
  24.2629337 -1.67489052E-05
  24.7650852 -2.88486481E-05
  25.2628574 -3.60608101E-05
  25.756424 -3.95774841E-05
  26.2461262 -3.76701355E-05
  26.7323971 -2.97427177E-05
  27.2156944 -1.58548355E-05
  27.6964722  4.76837158E-06
  28.1751442  2.87294388E-05
  28.6520844  5.34057617E-05
  29.1276188  7.47442245E-05
  29.6020145  8.86917114E-05
  30.0755005  9.47713852E-05
  30.5482674  9.4294548E-05
  31.020462  9.04798508E-05
  31.4922085  8.77380371E-05
  31.9635944  8.8095665E-05
  32.4347  8.79764557E-05
  32.9055901  7.84397125E-05
  33.3763084  5.09023666E-05
  33.8469124  4.529953E-06
  34.3174324 -4.75049019E-05
  34.7878876 -8.38637352E-05
  35.2582893 -9.57846642E-05
  35.7286453 -0.000104188919
  36.198967 -0.000132739544
  36.6692734 -0.000157535076
  37.1395531 -0.000147163868
