 -1.53420329  0.270521283
 -0.673454046  0.164025992
  0.118210435  0.0870259181
  0.773888588  0.0621172339
  1.33030152  0.0628996193
  1.8438077  0.0623114705
  2.34249854  0.0598979294
  2.83466673  0.0570114851
  3.32317138  0.0541169643
  3.80928516  0.051320374
  4.29350758  0.0486928225
  4.77443838  0.0462947488
  5.24890423  0.0441981554
  5.71493769  0.042291224
  6.17343092  0.0405085683
  6.62754488  0.0388244987
  7.08066797  0.0372605324
  7.53432465  0.0357642174
  7.98863792  0.0343859196
  8.443573  0.0330879688
  8.89910889  0.0318571329
  9.35522175  0.0307183266
  9.81188679  0.029689908
  10.2690792  0.0287495852
  10.7267952  0.0278501511
  11.1850586  0.0269525051
  11.6439123  0.0260487795
  12.103405  0.0251641273
  12.5635824  0.0243433714
  13.0244923  0.0236241817
  13.4861879  0.0230230093
  13.9487486  0.0225235224
  14.4122963  0.0220806599
  14.877018  0.0216333866
  15.3431711  0.0211123228
  15.8110886  0.020457983
  16.2811794  0.0196284056
  16.7539196  0.0186047554
  17.2298336  0.0173944235
  17.7094631  0.0160228014
  18.1933327  0.0145357847
  18.6818943  0.0129855871
  19.1754608  0.0114262104
  19.6741295  0.00990879536
  20.1777058  0.00847494602
  20.6856556  0.00715506077
  21.197094  0.00596666336
  21.7108231  0.00491678715
  22.2254543  0.00400340557
  22.7395458  0.003221035
  23.25177  0.00256252289
  23.7610435  0.00201952457
  24.2666016  0.00158464909
  24.7680321  0.00124466419
  25.2652321  0.000986218452
  25.7583427  0.000789403915
  26.2476788  0.000636935234
  26.7336521  0.000516414642
  27.216711  0.000419974327
  27.6973019  0.000348091125
  28.175827  0.0003002882
  28.6526508  0.000273108482
  29.128088  0.0002566576
  29.6024055  0.000236034393
  30.0758324  0.000202655792
  30.5485573  0.000159144402
  31.020731  0.000117897987
  31.4924698  8.91685486E-05
  31.9638615  7.03334808E-05
  32.4349785  4.69684601E-05
  32.9058952  1.37090683E-05
  33.3766441 -1.61528587E-05
  33.847271 -2.28285789E-05
  34.317791 -1.24573708E-05
  34.7882156 -1.04904175E-05
  35.2585831 -1.68085098E-05
  35.7288971 -3.51667404E-06
  36.1991615  1.56164169E-05
  36.6693916  1.16825104E-05
  37.1395912  2.05039978E-05
