  0.95500505 -0.168393195
  1.09148359  0.093801558
  1.3235333  0.0045312047
  1.66027248  0.0452962816
  2.02287865  0.0542408824
  2.41283035  0.0610353649
  2.82114553  0.0645435452
  3.24300909  0.06609267
  3.67504978  0.0663659573
  4.11488485  0.0657821298
  4.56065083  0.0646697283
  5.01007652  0.0632236004
  5.46032333  0.0615478754
  5.90917253  0.0596464872
  6.35595751  0.057575047
  6.80164099  0.0554053187
  7.2476368  0.0532470942
  7.69454765  0.0510704517
  8.14239693  0.0489596128
  8.59117126  0.046901226
  9.04085445  0.0449154377
  9.49142456  0.043037653
  9.94285297  0.0412709713
  10.3951206  0.0395847559
  10.8482227  0.0379587412
  11.3021641  0.0364061594
  11.7569494  0.034960866
  12.2125788  0.0336470604
  12.6690598  0.0324602127
  13.1264277  0.0313634872
  13.5847588  0.0303088427
  14.0441704  0.029258132
  14.5048227  0.0281989574
  14.9669142  0.0271520615
  15.4306688  0.0261570215
  15.8963413  0.0252587795
  16.3642159  0.0244902372
  16.8346214  0.0238586664
  17.3079319  0.0233418941
  17.7845554  0.0228887796
  18.2649307  0.0224342346
  18.7494717  0.0219039917
  19.2385139  0.0212320089
  19.7322311  0.0203726292
  20.2305489  0.0193059444
  20.7330856  0.0180411339
  21.239109  0.0166152716
  21.7475758  0.0150824785
  22.2572193  0.0135018826
  22.7666893  0.0119305849
  23.2747173  0.0104150772
  23.7802525  0.0089892149
  24.2825356  0.00767982006
  24.7811394  0.00650179386
  25.2759323  0.00546598434
  25.7670155  0.004570961
  26.2546558  0.00380599499
  26.7392235  0.00315356255
  27.2211246  0.00259125233
  27.7007732  0.00210487843
  28.1785488  0.00168693066
  28.6547871  0.00133872032
  29.1297817  0.0010612011
  29.6037636  0.000844717026
  30.0769367  0.000672459602
  30.5494633  0.000528097153
  31.0214806  0.00040769577
  31.4930973  0.000317931175
  31.9643898  0.000262498856
  32.435421  0.000226616859
  32.90625  0.000189185143
  33.3769226  0.000145316124
  33.847477  0.000113487244
  34.3179398  0.000101685524
  34.7883148  8.69035721E-05
  35.2586441  5.71012497E-05
  35.7289276  4.18424606E-05
  36.199173  4.13656235E-05
  36.6693954  2.46763229E-05
  37.1395912  2.41994858E-05
