 -0.235133439  0.
  0.234990433  0.0828995034
  0.705114305  0.165802106
  1.17521977  0.248707652
  1.6453141  0.331616998
  2.11539817  0.414531291
  2.58547139  0.497451514
  3.05553198  0.580378413
  3.52557945  0.663312912
  3.99561214  0.746256053
  4.4656291  0.828574777
  4.93562698  0.903230906
  5.40559387  0.958742797
  5.87551117  0.989477992
  6.34535837  0.999864161
  6.81511593  1.00113761
  7.28477144  1.00144541
  7.75430059  1.00183845
  8.22367096  1.0023396
  8.69283581  1.00297701
  9.16174316  1.00378537
  9.6303215  1.00480795
  10.0984879  1.00609696
  10.5661354  1.00771558
  11.0331354  1.00973833
  11.4993305  1.01225042
  11.9645376  1.01534688
  12.4285364  1.01912796
  12.8910847  1.02369046
  13.3519106  1.02911651
  13.8107367  1.03545511
  14.2672911  1.04269946
  14.7213488  1.05075955
  15.1727629  1.05943942
  15.62152  1.06841755
  16.0677872  1.07724905
  16.5119591  1.08538616
  16.9546986  1.09222925
  17.396925  1.09719753
  17.839819  1.09981406
  18.28475  1.09978366
  18.7331867  1.09705102
  19.1865692  1.09181905
  19.6461639  1.08452392
  20.1128902  1.07577038
  20.5871849  1.06623697
  21.0688858  1.05657732
  21.55723  1.04733789
  22.0509338  1.0389086
  22.5483589  1.03151178
  23.0477428  1.02522206
  23.54743  1.02000582
  24.0460415  1.01576233
  24.542572  1.01236033
  25.0363941  1.00966263
  25.5272312  1.00754154
  26.0150681  1.00588417
  26.5000706  1.00459504
  26.9825058  1.00359488
  27.4626999  1.00282001
  27.9409771  1.00221837
  28.4176559  1.00175047
  28.8930111  1.00138497
  29.3672905  1.00109768
  29.840704  1.0008713
  30.3134232  1.00069153
  30.7855873  1.00054812
  31.2573147  1.00043321
  31.7286968  1.0003401
  32.1998062  1.00026393
  32.6707077  1.00020003
  33.1414452  1.00014496
  33.6120491  1.00009632
  34.0825615  1.00005209
  34.5529976  1.00001299
  35.0233803  0.999982119
  35.493721  0.999965727
  35.9640198  0.999972522
  36.4342842  1.00000393
  36.9045029  1.00003183
