 -1.0227102  0.
 -0.0230770111  0.0390642025
  0.976556182  0.135322988
  1.55251527  0.247642055
  2.02463293  0.34686923
  2.47404695  0.439994007
  2.91691661  0.539494991
  3.3503449  0.637906849
  3.77800179  0.731777251
  4.20405865  0.820998847
  4.63128614  0.904806852
  5.06168556  0.976471305
  5.49640322  1.02799237
  5.93466425  1.05635571
  6.37476587  1.06635189
  6.81523371  1.06776989
  7.25558138  1.06765115
  7.69599533  1.0669564
  8.13671875  1.06586933
  8.57791996  1.06443369
  9.01975441  1.06273162
  9.46234226  1.06084371
  9.90577888  1.0588131
  10.3501425  1.05666924
  10.7955074  1.05446589
  11.2419291  1.05226982
  11.6894426  1.05012846
  12.1380739  1.04805005
  12.5878572  1.0460211
  13.0388451  1.04403055
  13.4911165  1.04209304
  13.9447632  1.04024506
  14.3998928  1.03852522
  14.8566236  1.03695703
  15.3151112  1.035532
  15.7755499  1.03421462
  16.238205  1.03295803
  16.7034149  1.03172016
  17.1715775  1.03048205
  17.6431465  1.02925313
  18.118578  1.02807128
  18.5982952  1.02698362
  19.0826111  1.02603531
  19.5716724  1.0252521
  20.065382  1.0246278
  20.5633488  1.02412295
  21.0648575  1.02367604
  21.5688992  1.02321184
  22.0742435  1.02265739
  22.5795727  1.02195764
  23.0836258  1.02107716
  23.5853424  1.02000356
  24.0839539  1.01874888
  24.5790291  1.01734197
  25.0704327  1.01583052
  25.5582905  1.01427209
  26.0428886  1.01272333
  26.5246162  1.01123285
  27.0038853  1.00982845
  27.4811134  1.00852537
  27.956686  1.00732827
  28.4309464  1.00624251
  28.9041805  1.00527942
  29.3766232  1.00444245
  29.8484592  1.00372374
  30.3198338  1.00310171
  30.7908649  1.00255728
  31.2616463  1.0020864
  31.7322502  1.00169802
  32.2027245  1.00138855
  32.6730957  1.00113511
  33.1433907  1.00091529
  33.613636  1.00073433
  34.083847  1.00060582
  34.5540199  1.00050926
  35.0241699  1.00041747
  35.4943085  1.00035107
  35.9644241  1.00031757
  36.4345245  1.00028169
  36.9046173  1.00026977
