 -0.237207919  0.
  0.231476501  0.0831540972
  0.700160921  0.166446581
  1.16844618  0.249908149
  1.63628232  0.333574325
  2.10360789  0.417482167
  2.57035851  0.501670361
  3.03646636  0.586177766
  3.50186324  0.67104125
  3.96648264  0.756291747
  4.43026304  0.8414886
  4.89304733  0.920468688
  5.35421371  0.98228085
  5.81287003  1.02103269
  6.26819706  1.04010725
  6.71977901  1.04954207
  7.1677742  1.0578984
  7.61224794  1.06663442
  8.0531044  1.07534087
  8.49042034  1.08350754
  8.92447662  1.09057271
  9.35576534  1.09599018
  9.78498173  1.09930372
  10.2129784  1.10021806
  10.6407146  1.09864736
  11.0691824  1.09472799
  11.499341  1.08879817
  11.9320383  1.08133936
  12.3679752  1.07290423
  12.807663  1.06404126
  13.2514286  1.05523288
  13.6994267  1.04685736
  14.1516809  1.03917348
  14.6081285  1.0323292
  15.0686703  1.02637815
  15.5332155  1.02130783
  16.0017185  1.01706076
  16.4741993  1.01355505
  16.9507523  1.01069903
  17.431551  1.00839829
  17.9168167  1.00656223
  18.4067841  1.00510859
  18.9016399  1.00396419
  19.4014511  1.00306618
  19.9060822  1.00236344
  20.4151096  1.00181639
  20.9277859  1.00139225
  21.4430428  1.00106561
  21.9595661  1.00081503
  22.4759254  1.00062299
  22.9907246  1.00047565
  23.5027733  1.00036275
  24.0111752  1.00027788
  24.5153904  1.00021482
  25.0152092  1.00016999
  25.510704  1.00013852
  26.0021515  1.00011671
  26.4899521  1.00010014
  26.974556  1.00008476
  27.4564342  1.00006902
  27.9360275  1.00005007
  28.4137402  1.00002837
  28.8899136  1.00000513
  29.3648472  0.99998194
  29.838789  0.999962628
  30.3119373  0.999948859
  30.7844524  0.99994123
  31.2564659  0.999938369
  31.7280807  0.999937177
  32.1993828  0.999934018
  32.6704407  0.999927163
  33.141304  0.999920726
  33.6120148  0.999922931
  34.0826073  0.99994272
  34.553093  0.99998045
  35.0234947  1.00002134
  35.4938164  1.00004077
  35.964077  1.00003421
  36.4343147  1.00003636
  36.9045181  1.00006211
