 -0.252632558  0.
  0.206504464  0.084883213
  0.665641487  0.170733094
  1.12216973  0.257512152
  1.57619143  0.345176399
  2.02780938  0.433586985
  2.47722316  0.522520363
  2.92473197  0.611685991
  3.3707211  0.700747311
  3.8156445  0.78934139
  4.26000643  0.877039492
  4.70403194  0.960413039
  5.14601803  1.02958763
  5.58360004  1.07615948
  6.01560259  1.09901869
  6.44297838  1.10428751
  6.86876392  1.10129178
  7.29572439  1.09576201
  7.72486258  1.08854103
  8.15687466  1.08012962
  8.59228802  1.0710696
  9.03143024  1.0618726
  9.47443771  1.05296719
  9.92126846  1.04467034
  10.3717489  1.03718257
  10.8256083  1.03059947
  11.2825327  1.02493596
  11.7421913  1.02014863
  12.2042761  1.01616085
  12.6685171  1.01287949
  13.1346979  1.01020849
  13.6026621  1.00805497
  14.0723248  1.00633371
  14.5436678  1.00496948
  15.0167475  1.00389445
  15.4916973  1.00305116
  15.9687271  1.00238991
  16.4481239  1.00186932
  16.9302349  1.00145876
  17.4154701  1.00113368
  17.9042568  1.00087595
  18.397007  1.00067317
  18.8940582  1.00051522
  19.3955917  1.00039256
  19.9015694  1.00029695
  20.4116497  1.00022244
  20.9251423  1.00016332
  21.4410343  1.00011575
  21.9580479  1.00007725
  22.4747868  1.00004554
  22.9898853  1.00001991
  23.5021648  0.999998927
  24.0107517  0.999983251
  24.5151157  0.999971151
  25.0150566  0.999963939
  25.5106544  0.999960423
  26.0021896  0.99996233
  26.4900646  0.999970257
  26.9747314  0.999984145
  27.4566574  1.00000477
  27.9362831  1.00002873
  28.4140053  1.00005341
  28.8901672  1.00007474
  29.3650684  1.00008869
  29.8389587  1.00009477
  30.3120441  1.00009429
  30.7844906  1.00009048
  31.2564335  1.00008774
  31.7279797  1.0000881
  32.1992073  1.00008798
  32.6701927  1.00007844
  33.1409874  1.0000509
  33.6116371  1.00000453
  34.0821915  0.999952495
  34.5526733  0.999916136
  35.0231018  0.999904215
  35.4934769  0.999895811
  35.96381  0.99986726
  36.434124  0.999842465
  36.9044189  0.999852836
