  0.886765718  0.
  1.02324438  0.286259592
  1.15972281  0.23790592
  1.48734379  0.338047177
  1.83320129  0.410929024
  2.21255589  0.486482471
  2.61310482  0.561987638
  3.02918601  0.637922645
  3.45683217  0.71437633
  3.89326715  0.791347325
  4.33650255  0.868684888
  4.7847991  0.942147613
  5.23535395  1.00131118
  5.6852932  1.03828895
  6.13305235  1.05357313
  6.57886314  1.05528879
  7.02441883  1.05324709
  7.47085524  1.05107045
  7.91824007  1.04895961
  8.36655426  1.04690123
  8.81578732  1.04491544
  9.26592159  1.04303765
  9.71692848  1.04127097
  10.1687784  1.03958476
  10.6214619  1.03795874
  11.0749826  1.03640616
  11.5293465  1.03496087
  11.9845524  1.03364706
  12.4406033  1.03246021
  12.8975153  1.03136349
  13.355341  1.03030884
  13.8141766  1.02925813
  14.2741642  1.02819896
  14.7354822  1.02715206
  15.1983461  1.02615702
  15.6629915  1.02525878
  16.1296883  1.02449024
  16.5987434  1.02385867
  17.0705013  1.02334189
  17.5453587  1.02288878
  18.0237503  1.02243423
  18.5061111  1.02190399
  18.9928341  1.02123201
  19.4841957  1.02037263
  19.9802666  1.01930594
  20.4808331  1.01804113
  20.9853382  1.01661527
  21.4928799  1.01508248
  22.0022717  1.01350188
  22.512167  1.01193058
  23.0212135  1.01041508
  23.5282249  1.00898921
  24.03228  1.00767982
  24.5327911  1.00650179
  25.0294876  1.00546598
  25.5223751  1.00457096
  26.0116539  1.00380599
  26.4976597  1.00315356
  26.9807892  1.00259125
  27.461462  1.00210488
  27.9400826  1.00168693
  28.4170132  1.00133872
  28.8925648  1.0010612
  29.3669968  1.00084472
  29.8405285  1.00067246
  30.313343  1.0005281
  30.7855854  1.0004077
  31.2573776  1.00031793
  31.7288151  1.0002625
  32.1999626  1.00022662
  32.6708794  1.00018919
  33.1416206  1.00014532
  33.6122284  1.00011349
  34.0827293  1.00010169
  34.5531425  1.0000869
  35.0234909  1.0000571
  35.4937973  1.00004184
  35.9640579  1.00004137
  36.434288  1.00002468
  36.9045029  1.0000242
