  0.418724E+00  0.108963E-01  0.101090E+01  0.539943E-02
  0.837447E+00  0.134996E-01  0.101350E+01  0.658886E-02
  0.125617E+01  0.166677E-01  0.101667E+01  0.798066E-02
  0.167489E+01  0.204909E-01  0.102049E+01  0.957691E-02
  0.209362E+01  0.250568E-01  0.102506E+01  0.113599E-01
  0.251234E+01  0.304453E-01  0.103045E+01  0.132818E-01
  0.293107E+01  0.367228E-01  0.103672E+01  0.152534E-01
  0.334979E+01  0.438629E-01  0.104386E+01  0.171325E-01
  0.376851E+01  0.517806E-01  0.105178E+01  0.187183E-01
  0.418724E+01  0.602866E-01  0.106029E+01  0.197569E-01
  0.460596E+01  0.690699E-01  0.106907E+01  0.199627E-01
  0.502468E+01  0.776938E-01  0.107769E+01  0.190618E-01
  0.544341E+01  0.856198E-01  0.108562E+01  0.168540E-01
  0.586213E+01  0.922582E-01  0.109226E+01  0.132828E-01
  0.628085E+01  0.970467E-01  0.109705E+01  0.845289E-02
  0.669958E+01  0.995408E-01  0.109954E+01  0.277722E-02
  0.711830E+01  0.994937E-01  0.109949E+01 -0.314366E-02
  0.753703E+01  0.969046E-01  0.109690E+01 -0.871752E-02
  0.795575E+01  0.920202E-01  0.109202E+01 -0.134263E-01
  0.837447E+01  0.852878E-01  0.108529E+01 -0.169205E-01
  0.879320E+01  0.772333E-01  0.107723E+01 -0.190607E-01
  0.921192E+01  0.685573E-01  0.106856E+01 -0.199077E-01
  0.963064E+01  0.597936E-01  0.105979E+01 -0.196631E-01
  0.100494E+02  0.513513E-01  0.105135E+01 -0.186017E-01
  0.104681E+02  0.435162E-01  0.104352E+01 -0.170083E-01
  0.108868E+02  0.364580E-01  0.103646E+01 -0.151344E-01
  0.113055E+02  0.302501E-01  0.103025E+01 -0.131765E-01
  0.117243E+02  0.248951E-01  0.102490E+01 -0.112726E-01
  0.121430E+02  0.203481E-01  0.102035E+01 -0.950799E-02
  0.125617E+02  0.165368E-01  0.101654E+01 -0.792751E-02
  0.129804E+02  0.133762E-01  0.101338E+01 -0.654707E-02
  0.133992E+02  0.107793E-01  0.101078E+01 -0.536423E-02
  0.138179E+02  0.866210E-02  0.100866E+01 -0.436584E-02
  0.142366E+02  0.694871E-02  0.100695E+01 -0.353398E-02
  0.146553E+02  0.557125E-02  0.100557E+01 -0.284872E-02
  0.150741E+02  0.447106E-02  0.100447E+01 -0.229048E-02
  0.154928E+02  0.359821E-02  0.100360E+01 -0.184088E-02
  0.159115E+02  0.291073E-02  0.100291E+01 -0.148360E-02
  0.163302E+02  0.237393E-02  0.100237E+01 -0.120444E-02
  0.167489E+02  0.195968E-02  0.100196E+01 -0.990527E-03
  0.171677E+02  0.164557E-02  0.100165E+01 -0.830930E-03
  0.175864E+02  0.141418E-02  0.100141E+01 -0.716592E-03
  0.180051E+02  0.125301E-02  0.100125E+01 -0.639818E-03
  0.184238E+02  0.115311E-02  0.100115E+01 -0.594479E-03
  0.188426E+02  0.110900E-02  0.100111E+01 -0.575989E-03
  0.192613E+02  0.111830E-02  0.100112E+01 -0.581548E-03
  0.196800E+02  0.118065E-02  0.100118E+01 -0.609640E-03
  0.200987E+02  0.129819E-02  0.100130E+01 -0.660980E-03
  0.205175E+02  0.147438E-02  0.100147E+01 -0.736101E-03
  0.209362E+02  0.171399E-02  0.100171E+01 -0.836772E-03
  0.213549E+02  0.202310E-02  0.100202E+01 -0.964532E-03
  0.217736E+02  0.240827E-02  0.100241E+01 -0.111995E-02
  0.221924E+02  0.287676E-02  0.100288E+01 -0.130261E-02
  0.226111E+02  0.343537E-02  0.100344E+01 -0.151008E-02
  0.230298E+02  0.409091E-02  0.100409E+01 -0.173819E-02
  0.234485E+02  0.484800E-02  0.100485E+01 -0.198065E-02
  0.238672E+02  0.570965E-02  0.100571E+01 -0.222909E-02
  0.242860E+02  0.667512E-02  0.100668E+01 -0.247317E-02
  0.247047E+02  0.774026E-02  0.100774E+01 -0.269998E-02
  0.251234E+02  0.889516E-02  0.100890E+01 -0.289580E-02
  0.255421E+02  0.101243E-01  0.101012E+01 -0.304591E-02
  0.259609E+02  0.114073E-01  0.101141E+01 -0.313648E-02
  0.263796E+02  0.127180E-01  0.101272E+01 -0.315629E-02
  0.267983E+02  0.140266E-01  0.101403E+01 -0.309805E-02
  0.272170E+02  0.153019E-01  0.101530E+01 -0.296019E-02
  0.276358E+02  0.165133E-01  0.101651E+01 -0.274875E-02
  0.280545E+02  0.176337E-01  0.101763E+01 -0.247731E-02
  0.284732E+02  0.186424E-01  0.101864E+01 -0.216643E-02
  0.288919E+02  0.195284E-01  0.101953E+01 -0.184252E-02
  0.293107E+02  0.202905E-01  0.102029E+01 -0.153505E-02
  0.297294E+02  0.209394E-01  0.102094E+01 -0.127297E-02
  0.301481E+02  0.214959E-01  0.102150E+01 -0.108111E-02
  0.305668E+02  0.219892E-01  0.102199E+01 -0.976494E-03
  0.309855E+02  0.224532E-01  0.102245E+01 -0.965758E-03
  0.314043E+02  0.229228E-01  0.102292E+01 -0.104474E-02
  0.318230E+02  0.234296E-01  0.102343E+01 -0.119824E-02
  0.322417E+02  0.239990E-01  0.102400E+01 -0.140282E-02
  0.326604E+02  0.246471E-01  0.102465E+01 -0.163049E-02
  0.330792E+02  0.253801E-01  0.102538E+01 -0.185312E-02
  0.334979E+02  0.261949E-01  0.102619E+01 -0.204695E-02
  0.339166E+02  0.270811E-01  0.102708E+01 -0.219703E-02
  0.343353E+02  0.280246E-01  0.102802E+01 -0.229962E-02
  0.347541E+02  0.290118E-01  0.102901E+01 -0.236233E-02
  0.351728E+02  0.300329E-01  0.103003E+01 -0.240290E-02
  0.355915E+02  0.310850E-01  0.103109E+01 -0.244555E-02
  0.360102E+02  0.321752E-01  0.103218E+01 -0.251502E-02
  0.364290E+02  0.333172E-01  0.103332E+01 -0.263186E-02
  0.368477E+02  0.345304E-01  0.103453E+01 -0.280779E-02
  0.372664E+02  0.358357E-01  0.103584E+01 -0.304283E-02
  0.376851E+02  0.372512E-01  0.103725E+01 -0.332529E-02
