 -2.06593013  0.364279032
 -1.27445793  0.273962379
 -0.506121874  0.193838194
  0.211837292  0.13191466
  0.874446392  0.0914977938
  1.48562181  0.0695233047
  2.05730104  0.0581769347
  2.60236931  0.0514025092
  3.13015294  0.0465641618
  3.64635277  0.0428358316
  4.15417385  0.0399062037
  4.65370846  0.0375870466
  5.14222479  0.0357170105
  5.61803389  0.0341840982
  6.08290863  0.0328436494
  6.54123974  0.031604588
  6.99759483  0.0304304361
  7.45416546  0.0293651819
  7.91122341  0.0283532143
  8.3687458  0.0274332762
  8.82670498  0.0265799761
  9.28509617  0.0257463455
  9.74393272  0.024907589
  10.2032337  0.0240840912
  10.6630049  0.0233185291
  11.1232481  0.0226470232
  11.5839596  0.0220768452
  12.0451508  0.0215804577
  12.5068665  0.0211008787
  12.9691963  0.0205719471
  13.4322824  0.0199301243
  13.8963146  0.0191295147
  14.3615303  0.0181494951
  14.8282089  0.0169926882
  15.2966709  0.0156855583
  15.7672672  0.0142695904
  16.2403793  0.0127934217
  16.7164192  0.011308074
  17.1958275  0.00985848904
  17.679039  0.008482337
  18.1664772  0.00720477104
  18.6585026  0.00604355335
  19.1553459  0.00500869751
  19.6570492  0.00410175323
  20.1633739  0.00332081318
  20.6737671  0.00266158581
  21.1873322  0.00211501122
  21.7028809  0.00167047977
  22.2190361  0.00131607056
  22.7343807  0.00103521347
  23.247612  0.000811815262
  23.7576847  0.000630617142
  24.2638741  0.000477910042
  24.7658062  0.000347614288
  25.2634163  0.000237345695
  25.7568684  0.000149250031
  26.2464962  8.64267349E-05
  26.7327175  4.74452972E-05
  27.2159843  2.86102295E-05
  27.6967468  2.14576721E-05
  28.1754189  1.74045563E-05
  28.6523724  1.37090683E-05
  29.1279297  1.26361847E-05
  29.602356  2.08616257E-05
  30.0758705  4.33921814E-05
  30.5486526  7.43865967E-05
  31.0208511  0.000100851059
  31.492588  0.000109672546
  31.9639683  9.8824501E-05
  32.4350739  8.27312469E-05
  32.9059639  7.41481781E-05
  33.3766785  7.14063644E-05
  33.8472672  5.65052032E-05
  34.3177567  2.50339508E-05
  34.7881737 -2.98023224E-07
  35.2585373 -1.49011612E-06
  35.7288437 -3.81469727E-06
  36.1991158 -2.30669975E-05
  36.6693649 -2.05636024E-05
  37.1395836 -1.99079514E-05
