  0.796030819 -0.140361786
  1.10348749 -0.0669990033
  1.42962313 -0.0260530859
  1.77926826  0.0160960257
  2.14245939  0.0413844585
  2.52383494  0.0535426736
  2.92231226  0.0605014563
  3.33446503  0.0643849969
  3.75743842  0.0663384199
  4.18899822  0.0670155883
  4.6273303  0.0668613911
  5.07039356  0.0661453009
  5.51567268  0.064958334
  5.96096849  0.0633961558
  6.40528631  0.0615140796
  6.84908772  0.059448719
  7.29335546  0.0573498011
  7.73852634  0.0551903248
  8.18463898  0.0530145168
  8.63170147  0.0508717299
  9.07971096  0.0487594604
  9.52866459  0.046710968
  9.9785471  0.0447624922
  10.4293365  0.0429149866
  10.8810234  0.0411412716
  11.3336124  0.0394220352
  11.7871227  0.0377686024
  12.2415705  0.0362159014
  12.6969709  0.0347948074
  13.153348  0.033510685
  13.6107531  0.032335639
  14.0692759  0.0312228203
  14.5290585  0.0301291943
  14.9902935  0.0290346146
  15.4532213  0.0279456377
  15.9181166  0.0268961191
  16.3852901  0.0259281397
  16.8550873  0.0250792503
  17.327877  0.024368763
  17.8040543  0.0237854719
  18.2840176  0.0232931376
  18.768137  0.0228332281
  19.256691  0.0223362446
  19.7498131  0.0217349529
  20.2473907  0.0209753513
  20.7490253  0.0200288296
  21.2539921  0.018887639
  21.7612705  0.0175721645
  22.2696323  0.016119957
  22.7777824  0.0145789385
  23.2844982  0.0130047798
  23.7887707  0.0114511251
  24.2898731  0.00996625423
  24.7873974  0.00858700275
  25.2812195  0.00733721256
  25.7714424  0.0062212944
  26.2583389  0.00523388386
  26.7422695  0.00436282158
  27.2236385  0.00359833241
  27.7028465  0.00293815136
  28.1802578  0.00238060951
  28.6561928  0.00192475319
  29.1309299  0.00155723095
  29.6046982  0.00125646591
  30.0776939  0.0010061264
  30.5500774  0.000798344612
  31.0219784  0.000637292862
  31.4934921  0.000522255898
  31.964695  0.000436782837
  32.4356537  0.000358819962
  32.9064331  0.000279903412
  33.3770638  0.000216722488
  33.8475914  0.000179290771
  34.3180237  0.000149846077
  34.7883835  0.000109314919
  35.2587013  8.01086426E-05
  35.7289734  7.58171082E-05
  36.1992035  6.28232956E-05
  36.6694145  5.03063202E-05
  37.1395988  5.31673431E-05
