  0.230528653 -0.00109978882
  0.69885391 -0.00151620526
  1.16667259 -0.0020603002
  1.63393068 -0.00271871453
  2.10055828 -0.00349567877
  2.56648111 -0.00439410331
  3.03162241 -0.00541153504
  3.49590874 -0.00653640088
  3.95927215 -0.0077475193
  4.42165422 -0.00901551172
  4.88288689 -0.0103156026
  5.34224176 -0.0117001543
  5.79868698 -0.0132234916
  6.25131416 -0.0148482118
  6.69974518 -0.0163997021
  7.14432001 -0.0175815765
  7.58529663 -0.0180956852
  8.0227375 -0.0177415404
  8.4569006 -0.0163815264
  8.88826466 -0.0139726531
  9.31750011 -0.0105883731
  9.74545097 -0.00641957531
  10.1730614 -0.0017558143
  10.6013193  0.00305015291
  11.0311766  0.00762782851
  11.4634838  0.0116359154
  11.8989372  0.0148076871
  12.3380489  0.0169818979
  12.7811365  0.0181172527
  13.228343  0.0182857383
  13.6796722  0.0176458564
  14.1350327  0.0164052639
  14.5942879  0.0147809163
  15.0573025  0.0129692396
  15.5239792  0.0111260498
  15.9942837  0.00936269574
  16.4682636  0.00774861593
  16.9460487  0.00631980225
  17.427845  0.00508923177
  17.9139118  0.00405357778
  18.4045181  0.00319896685
  18.8998775  0.00250616833
  19.4000854  0.00195288227
  19.9050274  0.00151552237
  20.414299  0.00117168226
  20.9271641  0.000903068867
  21.4425678  0.000694014947
  21.9592037  0.000532556558
  22.4756489  0.000408707594
  22.9905167  0.000313881872
  23.5026131  0.000240670022
  24.011055  0.000183022872
  24.5153027  0.000137596697
  25.0151482  0.000101563543
  25.5106678  7.43340934E-05
  26.0021362  5.50014302E-05
  26.489954  4.32914676E-05
  26.9745731  3.81643622E-05
  27.4564648  3.7492995E-05
  27.9360676  4.01149555E-05
  28.4137821  4.30790387E-05
  28.8899536  4.4391174E-05
  29.3648796  4.2658874E-05
  29.8388081  3.67419198E-05
  30.3119392  2.8121578E-05
  30.7844353  1.88445701E-05
  31.2564316  1.13751885E-05
  31.7280331  7.45525494E-06
  32.1993294  6.81955225E-06
  32.6703835  6.2596464E-06
  33.1412544  1.81862603E-07
  33.6119728 -1.4863871E-05
  34.0825729 -3.6670077E-05
  34.5530624 -5.4894339E-05
  35.0234604 -5.63127433E-05
  35.4937897 -3.74116898E-05
  35.9640617 -1.59216052E-05
  36.4343071 -1.42422396E-05
  36.9045143 -1.89844432E-05
  37.3746872  0.
