  0.230528653 -0.0010933876
  0.69885391 -0.00148960936
  1.16667259 -0.00200374471
  1.63393068 -0.00262104021
  2.10055828 -0.0033449831
  2.56648111 -0.00417947723
  3.03162241 -0.00512681808
  3.49590874 -0.0061822827
  3.95927215 -0.00733335223
  4.42165422 -0.00847047381
  4.88288689 -0.00915814936
  5.34224176 -0.00979142636
  5.79868698 -0.0110566812
  6.25131416 -0.0133407507
  6.69974518 -0.0163495149
  7.14432001 -0.0186949819
  7.58529663 -0.0197353624
  8.0227375 -0.0198289026
  8.4569006 -0.0187446699
  8.88826466 -0.0163293201
  9.31750011 -0.0125914291
  9.74545097 -0.00773097808
  10.1730614 -0.00213696994
  10.6013193  0.00366899464
  11.0311766  0.00912940875
  11.4634838  0.0137447715
  11.8989372  0.0171738546
  12.3380489  0.0192668568
  12.7811365  0.0200647563
  13.228343  0.0197553448
  13.6796722  0.0186074115
  14.1350327  0.0169120505
  14.5942879  0.0149279442
  15.0573025  0.0128660724
  15.5239792  0.0108684218
  15.9942837  0.00902696233
  16.4682636  0.0073880027
  16.9460487  0.00596652273
  17.427845  0.00476314453
  17.9139118  0.00376540027
  18.4045181  0.0029520893
  18.8998775  0.0023010911
  19.4000854  0.00178806728
  19.9050274  0.00138654362
  20.414299  0.00107086322
  20.9271641  0.000825241557
  21.4425678  0.000633144344
  21.9592037  0.000485201512
  22.4756489  0.000372486305
  22.9905167  0.000286980503
  23.5026131  0.000221257535
  24.011055  0.000167638893
  24.5153027  0.000125616672
  25.0151482  9.00672749E-05
  25.5106678  6.37751436E-05
  26.0021362  4.45553233E-05
  26.489954  3.40807201E-05
  26.9745731  3.18225757E-05
  27.4564648  3.27323141E-05
  27.9360676  3.9599272E-05
  28.4137821  4.548996E-05
  28.8899536  4.88814585E-05
  29.3648796  4.8870912E-05
  29.8388081  4.07816224E-05
  30.3119392  2.91195993E-05
  30.7844353  1.61549033E-05
  31.2564316  6.06386493E-06
  31.7280331  2.52852624E-06
  32.1993294  6.70455483E-06
  32.6703835  1.455443E-05
  33.1412544  1.36734579E-05
  33.6119728 -4.68576854E-06
  34.0825729 -4.20553552E-05
  34.5530624 -8.02004579E-05
  35.0234604 -8.6931097E-05
  35.4937897 -4.13170419E-05
  35.9640617  1.39426202E-05
  36.4343071 -4.56333555E-06
  36.9045143 -5.47636737E-05
  37.3746872  0.
