  0.199151486 -0.00854844041
  0.655570149 -0.0113664269
  1.10893226 -0.0143874427
  1.55947638 -0.0173440147
  2.00746465 -0.0199706014
  2.45327187 -0.0220200457
  2.89737272 -0.0232875869
  3.34031677 -0.0236222036
  3.78270078 -0.0229283087
  4.22514677 -0.0211649314
  4.66795874 -0.017183749
  5.10926199 -0.010960632
  5.54641342 -0.00455205329
  5.97813892  0.000916972873
  6.40551567  0.00523383077
  6.83185577  0.00882483646
  7.2601738  0.0129187414
  7.69142199  0.0167707428
  8.12612152  0.0193942599
  8.56460285  0.0207195226
  9.0069952  0.0208517201
  9.45325756  0.0200161617
  9.90320683  0.0184929892
  10.3565683  0.0165598616
  10.8130112  0.0144560421
  11.272193  0.0123579912
  11.7337856  0.0103876041
  12.1975002  0.00860994402
  12.6630926  0.00705350609
  13.1303825  0.0057186163
  13.599247  0.00459354976
  14.0696335  0.00365835521
  14.5415516  0.00288902991
  15.0150871  0.002267926
  15.4903955  0.00177164946
  15.9677067  0.00138276361
  16.4473248  0.00108285656
  16.9296112  0.000848830561
  17.4149837  0.000667508692
  17.9038792  0.0005251572
  18.3967171  0.000409729342
  18.8938332  0.000316352118
  19.3954201  0.000243503091
  19.9014397  0.000188189879
  20.4115524  0.000145580067
  20.9250698  0.00011488
  21.4409809  9.2098453E-05
  21.9580116  7.44947538E-05
  22.4747658  6.14626115E-05
  22.9898739  4.98939698E-05
  23.5021629  4.11038891E-05
  24.0107574  3.09512034E-05
  24.5151291  2.40957706E-05
  25.0150719  1.44889464E-05
  25.5106716  7.12502288E-06
  26.0022049 -3.89490242E-06
  26.4900761 -1.63024852E-05
  26.9747372 -2.87356761E-05
  27.4566574 -4.28956446E-05
  27.9362774 -5.00572933E-05
  28.4139957 -5.17386798E-05
  28.8901596 -4.48728097E-05
  29.3650665 -2.94005167E-05
  29.8389645 -1.28401934E-05
  30.3120613  1.00861109E-06
  30.7845154  8.07863762E-06
  31.2564621  5.81207951E-06
  31.7280045 -7.58667341E-07
  32.1992264  2.53036802E-07
  32.6702003  2.02527135E-05
  33.1409836  5.85002272E-05
  33.6116257  9.85383012E-05
  34.0821762  0.000110590365
  34.5526543  7.72842832E-05
  35.0230751  2.53420494E-05
  35.4934464  1.78679056E-05
  35.9637833  6.07043003E-05
  36.4341049  5.27223638E-05
  36.9044113 -2.20531438E-05
  37.3746872  0.
