 -0.0415112972 -0.0577383675
  0.359395891 -0.053362824
  0.767219603 -0.0438951962
  1.18329144 -0.032801453
  1.60814548 -0.0214768518
  2.04196191 -0.0106592625
  2.48468041 -0.000805656426
  2.93603253  0.00774464337
  3.39553833  0.0147117442
  3.8624959  0.0198381022
  4.33562326  0.0230653547
  4.81009245  0.0245732237
  5.27872467  0.0242347103
  5.73806667  0.0224014316
  6.18964195  0.0201008599
  6.63844824  0.0179408602
  7.08900023  0.0162407886
  7.54229879  0.0144954678
  7.99812603  0.0127203735
  8.45624161  0.0109916795
  8.91639996  0.00936605688
  9.37836933  0.00788172893
  9.84192562  0.00655525504
  10.3068686  0.00539267994
  10.7730179  0.00439205533
  11.2402287  0.00354144978
  11.7083845  0.00283446326
  12.1774082  0.00225327932
  12.6472559  0.00178613153
  13.1179304  0.00141473417
  13.5894699  0.0011240989
  14.0619612  0.000897649152
  14.5355349  0.000716696784
  15.0103722  0.000572747202
  15.4867077  0.000452874257
  15.9648304  0.000354746589
  16.4450912  0.00027727132
  16.9278851  0.000213169609
  17.41366  0.000167750884
  17.9028702  0.00013470689
  18.3959579  0.000109291279
  18.8932724  8.92525059E-05
  19.3950176  7.28579325E-05
  19.901165  5.95834535E-05
  20.4113827  4.61086347E-05
  20.9249859  3.51982853E-05
  21.4409657  2.40018326E-05
  21.9580517  1.15302737E-05
  22.474844 -6.93123127E-07
  22.989975 -1.36910257E-05
  23.5022697 -2.28867957E-05
  24.0108547 -3.05983267E-05
  24.5152016 -3.03878496E-05
  25.0151119 -2.80216154E-05
  25.5106697 -1.73912067E-05
  26.0021629 -5.35592835E-06
  26.4899998  7.10990525E-06
  26.9746361  1.89938128E-05
  27.4565449  2.20684269E-05
  27.9361649  1.99233091E-05
  28.4138966  8.4978783E-06
  28.8900776 -6.26681185E-06
  29.3650055 -1.58299881E-05
  29.8389244 -1.58603179E-05
  30.3120403 -2.52135851E-06
  30.784523  2.01951952E-05
  31.2565079  3.71437563E-05
  31.7281075  3.42633248E-05
  32.199398  8.85549798E-06
  32.6704445 -2.46805939E-05
  33.1412849 -3.84912055E-05
  33.6119652 -1.44385631E-05
  34.0825272  2.9897059E-05
  34.5529938  4.44726866E-05
  35.0233955  1.0264238E-05
  35.4937286 -1.33069698E-05
  35.9640083  2.95311784E-05
  36.4342613  5.20939939E-05
  36.9044876 -1.48303343E-05
  37.3746872  0.
