 -1.00395882  0.00901115313
 -0.494693398  0.0199836176
  0.0231025219  0.0292686839
  0.548651934  0.0356209464
  1.08013761  0.0388970226
  1.61510599  0.0391514376
  2.15083075  0.0366384722
  2.68468761  0.031947121
  3.21454048  0.0260102302
  3.73902416  0.0198999215
  4.25722504  0.0146534732
  4.7653656  0.0103003085
  5.25796461  0.00721268263
  5.73435783  0.0053978716
  6.19865131  0.00450288085
  6.65741777  0.00406017248
  7.11576128  0.00374234654
  7.57479429  0.00314281718
  8.03443813  0.00267553632
  8.49461174  0.00245162658
  8.95526695  0.00247084373
  9.41640949  0.00266229571
  9.87809181  0.00292861625
  10.3403978  0.0031835488
  10.8034267  0.00336406892
  11.2672777  0.00343439798
  11.7320404  0.0033896137
  12.1977921  0.00323665142
  12.6645975  0.0030015097
  13.1325207  0.00271045277
  13.6016283  0.00239507644
  14.07201  0.00207858603
  14.5437794  0.00177490839
  15.0170956  0.00150086777
  15.4921598  0.00125433586
  15.9692345  0.00103922235
  16.4486389  0.000853171863
  16.9307423  0.000688927365
  17.4159603  0.000552100537
  17.9047279  0.000436911767
  18.397459  0.000339351245
  18.8944893  0.000259742606
  19.3960037  0.000193559012
  19.9019604  0.000140080636
  20.412014  9.66635416E-05
  20.9254742  6.60101869E-05
  21.4413261  4.57044735E-05
  21.9582977  3.52889219E-05
  22.474987  3.37375459E-05
  22.9900341  3.66692875E-05
  23.5022659  4.27423583E-05
  24.010807  4.47240236E-05
  24.515131  4.29719621E-05
  25.0150375  2.99377898E-05
  25.5106049  1.57001232E-05
  26.0021095  0.
  26.489954 -1.0296857E-05
  26.9745941 -6.1667406E-06
  27.4564991  7.43876672E-06
  27.9361191  3.16281585E-05
  28.4138584  5.11114195E-05
  28.8900642  5.80282649E-05
  29.3650322  4.88684345E-05
  29.8390026  2.37881704E-05
  30.3121738 -2.52108907E-06
  30.7847042 -1.26207542E-05
  31.2567234 -1.01063551E-06
  31.728344  1.90900482E-05
  32.1996536  2.45406954E-05
  32.6707191 -3.67016332E-06
  33.1415825 -5.17817207E-05
  33.6122704 -7.87739918E-05
  34.0828285 -6.21995496E-05
  34.5532799 -3.87717155E-05
  35.0236588 -6.38697675E-05
  35.4939613 -0.000107479522
  35.9641953 -7.55495785E-05
  36.434391 -1.92694006E-05
  36.9045563 -4.66554229E-05
  37.3746872  0.
