 -1.69482589  0.102433585
 -0.945303917  0.0951127931
 -0.227322459  0.0839971304
  0.453709602  0.0683394
  1.09394968  0.0496891327
  1.69527006  0.0322900638
  2.26483965  0.0198164657
  2.81118727  0.0125965271
  3.34127617  0.00879399106
  3.85989523  0.00656674569
  4.3697691  0.00498332409
  4.86918545  0.00306791067
  5.35459948  0.00177080533
  5.82622242  0.00137121114
  6.28783703  0.00159802102
  6.74511528  0.00197095168
  7.20216656  0.00212330907
  7.65968323  0.00192177924
  8.11763573  0.00182538258
  8.57600498  0.00182449736
  9.03479385  0.00180877675
  9.49402237  0.00169375923
  9.9536953  0.00148781226
  10.413805  0.00126520602
  10.8743305  0.00111464143
  11.335269  0.00110277755
  11.7966385  0.0012536447
  12.2585077  0.00154150429
  12.7209883  0.00191758433
  13.1842394  0.0023136111
  13.6484575  0.00267298729
  14.1138716  0.00294888089
  14.5807333  0.0031112025
  15.0493221  0.00316099101
  15.5199375  0.00310112024
  15.9929094  0.00295161223
  16.4685993  0.00273520243
  16.9473953  0.00247077248
  17.4297104  0.00218912051
  17.915966  0.00190210727
  18.4065533  0.00162717188
  18.9017715  0.00137661095
  19.4017754  0.00115289597
  19.9064884  0.000957947806
  20.4155388  0.000788684993
  20.9282017  0.000644402928
  21.4434319  0.000518444052
  21.9599228  0.000409902248
  22.4762516  0.000316042948
  22.9910202  0.000238439839
  23.5030384  0.000180597664
  24.0114136  0.000141501485
  24.515604  0.000124190366
  25.0154095  0.00011617507
  25.5109062  0.000116191994
  26.0023746  0.000110528781
  26.4902115  9.07096837E-05
  26.974865  6.22810476E-05
  27.4567966  2.57859137E-05
  27.9364414 -1.74317722E-06
  28.4141922 -1.52453031E-05
  28.8903923 -1.34102911E-05
  29.3653412 -4.39698806E-06
  29.839283 -7.30036072E-06
  30.3124199 -3.03807519E-05
  30.7849064 -6.13412703E-05
  31.2568722 -7.85846278E-05
  31.7284222 -6.37266858E-05
  32.1996498 -2.40387926E-05
  32.6706352  4.81004508E-06
  33.1414261  0.
  33.6120605 -1.59596511E-05
  34.0825729  6.08125902E-06
  34.5529976  6.18362319E-05
  35.0233688  7.7557037E-05
  35.4936943  3.42191779E-05
  35.963974  3.24471293E-05
  36.4342308  6.47703782E-05
  36.9044724  5.57729891E-06
  37.3746872  0.
