  1.07185841 -1.92626905
  1.20820451  0.393106729
  1.55502379 -0.119662561
  1.89895737 -0.0237682704
  2.27261138 -0.0169815253
  2.66731524 -0.00833905488
  3.07785177 -0.00351604144
  3.50043201 -0.000530692691
  3.93230939  0.00139643787
  4.37147045  0.00237319712
  4.81617165  0.00181195291
  5.26379585  0.000994285918
  5.71157837  0.00120118039
  6.15785122  0.0023708127
  6.60261869  0.00392010622
  7.04730082  0.00476637622
  7.49286556  0.00487042405
  7.93937922  0.00471328059
  8.38683701  0.00458669709
  8.83523369  0.00441596797
  9.28455734  0.00416757027
  9.7347908  0.00391354039
  10.1859026  0.00372836296
  10.6378794  0.00358863012
  11.090723  0.00342022302
  11.544445  0.00317797274
  11.9990559  0.0028835074
  12.4545631  0.00259999372
  12.9109783  0.00239789905
  13.3683434  0.00230105757
  13.8267374  0.00228708074
  14.2862921  0.00229929155
  14.7471848  0.00226556393
  15.2096329  0.0021456175
  15.6738873  0.00192891888
  16.1402302  0.00164262508
  16.6089764  0.00134260801
  17.0804729  0.00109183008
  17.555109  0.000950673886
  18.0332966  0.000946229906
  18.5154533  0.00109432125
  19.0019417  0.00137408031
  19.4930153  0.00174063642
  19.9887295  0.00214057323
  20.4888592  0.00251686224
  20.9928455  0.00281778234
  21.4997997  0.00301454356
  22.0085526  0.00310138054
  22.5177841  0.00308417412
  23.0261669  0.00298310677
  23.5325375  0.00282050483
  24.0359917  0.00260687876
  24.5359554  0.00236264337
  25.0321598  0.00209342013
  25.5246086  0.00182254787
  26.0135078  0.0015687017
  26.4991875  0.00134642085
  26.9820442  0.00116685557
  27.4624939  0.0010140239
  27.9409294  0.000874779362
  28.4177113  0.000731164531
  28.8931351  0.000584259862
  29.3674622  0.000456733775
  29.8409061  0.000364048145
  30.3136482  0.000305511378
  30.7858334  0.000255077786
  31.2575798  0.000190334351
  31.7289734  0.000117617667
  32.2000809  7.6177319E-05
  32.6709709  7.95017986E-05
  33.1416931  9.32047114E-05
  33.6122818  6.76411437E-05
  34.0827713  2.50855883E-05
  34.5531731  3.14255158E-05
  35.0235176  6.33653617E-05
  35.4938202  3.24458888E-05
  35.9640732  1.01401088E-06
  36.4342995  3.54925287E-05
  36.9045067  1.01411729E-06
  37.3746872  0.
