  0.209362E+00 -0.101558E-01  0.502851E-02  0.234195E-02
  0.628085E+00 -0.125880E-01  0.614827E-02  0.276879E-02
  0.104681E+01 -0.155404E-01  0.746277E-02  0.321955E-02
  0.146553E+01 -0.190939E-01  0.897742E-02  0.366379E-02
  0.188426E+01 -0.233256E-01  0.106810E-01  0.405261E-02
  0.230298E+01 -0.282999E-01  0.125371E-01  0.431460E-02
  0.272170E+01 -0.340547E-01  0.144722E-01  0.435455E-02
  0.314043E+01 -0.405838E-01  0.163590E-01  0.405756E-02
  0.355915E+01 -0.478180E-01  0.180183E-01  0.330283E-02
  0.397787E+01 -0.556056E-01  0.192204E-01  0.198924E-02
  0.439660E+01 -0.636987E-01  0.197031E-01  0.716923E-04
  0.481532E+01 -0.717509E-01  0.192075E-01 -0.239755E-02
  0.523405E+01 -0.793314E-01  0.175310E-01 -0.523721E-02
  0.565277E+01 -0.859585E-01  0.145861E-01 -0.813256E-02
  0.607149E+01 -0.911519E-01  0.104494E-01 -0.106741E-01
  0.649022E+01 -0.943094E-01  0.538135E-02 -0.123423E-01
  0.690894E+01 -0.952971E-01 -0.195099E-03 -0.128752E-01
  0.732766E+01 -0.940436E-01 -0.576432E-02 -0.121851E-01
  0.774639E+01 -0.906664E-01 -0.108104E-01 -0.104124E-01
  0.816511E+01 -0.854538E-01 -0.149109E-01 -0.788288E-02
  0.858383E+01 -0.788198E-01 -0.177744E-01 -0.501499E-02
  0.900256E+01 -0.712427E-01 -0.193035E-01 -0.221414E-02
  0.942128E+01 -0.632031E-01 -0.196795E-01  0.209047E-03
  0.984001E+01 -0.551308E-01 -0.191191E-01  0.207768E-02
  0.102587E+02 -0.473709E-01 -0.178818E-01  0.334483E-02
  0.106775E+02 -0.401691E-01 -0.162214E-01  0.406078E-02
  0.110962E+02 -0.336745E-01 -0.143553E-01  0.433028E-02
  0.115149E+02 -0.279538E-01 -0.124501E-01  0.427523E-02
  0.119336E+02 -0.230109E-01 -0.106208E-01  0.400951E-02
  0.123523E+02 -0.188068E-01 -0.893776E-02  0.362561E-02
  0.127711E+02 -0.152770E-01 -0.743632E-02  0.319133E-02
  0.131898E+02 -0.123447E-01 -0.612754E-02  0.275187E-02
  0.136085E+02 -0.992972E-02 -0.500663E-02  0.233449E-02
  0.140272E+02 -0.795511E-02 -0.405978E-02  0.195346E-02
  0.144460E+02 -0.634977E-02 -0.326879E-02  0.161474E-02
  0.148647E+02 -0.505027E-02 -0.261393E-02  0.131912E-02
  0.152834E+02 -0.400116E-02 -0.207580E-02  0.106448E-02
  0.157021E+02 -0.315467E-02 -0.163616E-02  0.847148E-03
  0.161209E+02 -0.247009E-02 -0.127826E-02  0.663035E-03
  0.165396E+02 -0.191299E-02 -0.986980E-03  0.508354E-03
  0.169583E+02 -0.145445E-02 -0.748739E-03  0.379191E-03
  0.173770E+02 -0.107030E-02 -0.551464E-03  0.271780E-03
  0.177958E+02 -0.740285E-03 -0.384466E-03  0.182571E-03
  0.182145E+02 -0.447375E-03 -0.238398E-03  0.107912E-03
  0.186332E+02 -0.177090E-03 -0.105189E-03  0.439861E-04
  0.190519E+02  0.831690E-04  0.219764E-04 -0.131630E-04
  0.194706E+02  0.344758E-03  0.148851E-03 -0.673015E-04
  0.198894E+02  0.618301E-03  0.280221E-03 -0.121907E-03
  0.203081E+02  0.914228E-03  0.419999E-03 -0.178945E-03
  0.207268E+02  0.124297E-02  0.571308E-03 -0.239701E-03
  0.211455E+02  0.161517E-02  0.736646E-03 -0.303821E-03
  0.215643E+02  0.204164E-02  0.917746E-03 -0.369424E-03
  0.219830E+02  0.253304E-02  0.111550E-02 -0.433472E-03
  0.224017E+02  0.309954E-02  0.132973E-02 -0.491866E-03
  0.228204E+02  0.375020E-02  0.155886E-02 -0.540020E-03
  0.232392E+02  0.449221E-02  0.179948E-02 -0.573058E-03
  0.236579E+02  0.533012E-02  0.204617E-02 -0.585882E-03
  0.240766E+02  0.626502E-02  0.229121E-02 -0.573515E-03
  0.244953E+02  0.729376E-02  0.252452E-02 -0.531242E-03
  0.249141E+02  0.840832E-02  0.273419E-02 -0.456050E-03
  0.253328E+02  0.959544E-02  0.290712E-02 -0.346734E-03
  0.257515E+02  0.108367E-01  0.303026E-02 -0.205378E-03
  0.261702E+02  0.121090E-01  0.309196E-02 -0.379023E-04
  0.265890E+02  0.133857E-01  0.308364E-02  0.145844E-03
  0.270077E+02  0.146383E-01  0.300145E-02  0.332001E-03
  0.274264E+02  0.158385E-01  0.284755E-02  0.503651E-03
  0.278451E+02  0.169607E-01  0.263081E-02  0.643001E-03
  0.282638E+02  0.179849E-01  0.236675E-02  0.733484E-03
  0.286826E+02  0.188982E-01  0.207671E-02  0.762145E-03
  0.291013E+02  0.196972E-01  0.178577E-02  0.722211E-03
  0.295200E+02  0.203883E-01  0.152007E-02  0.615013E-03
  0.299387E+02  0.209873E-01  0.130370E-02  0.450490E-03
  0.303575E+02  0.215180E-01  0.115553E-02  0.246607E-03
  0.307762E+02  0.220096E-01  0.108676E-02  0.271201E-04
  0.311949E+02  0.224936E-01  0.109939E-02 -0.181892E-03
  0.316136E+02  0.229997E-01  0.118603E-02 -0.355553E-03
  0.320324E+02  0.235534E-01  0.133110E-02 -0.474414E-03
  0.324511E+02  0.241729E-01  0.151342E-02 -0.527725E-03
  0.328698E+02  0.248682E-01  0.170954E-02 -0.515286E-03
  0.332885E+02  0.256409E-01  0.189778E-02 -0.447858E-03
  0.337073E+02  0.264855E-01  0.206169E-02 -0.345665E-03
  0.341260E+02  0.273923E-01  0.219283E-02 -0.234736E-03
  0.345447E+02  0.283501E-01  0.229193E-02 -0.142087E-03
  0.349634E+02  0.293497E-01  0.236853E-02 -0.907400E-04
  0.353821E+02  0.303865E-01  0.243922E-02 -0.948427E-04
  0.358009E+02  0.314621E-01  0.252457E-02 -0.156384E-03
  0.362196E+02  0.325848E-01  0.264201E-02 -0.265002E-03
  0.366383E+02  0.337681E-01  0.280324E-02 -0.399900E-03
  0.370570E+02  0.350286E-01  0.301151E-02 -0.534150E-03
  0.374758E+02  0.363827E-01  0.326102E-02 -0.640458E-03
