  0.0352871679 -0.106183067
  0.447356641 -0.125380397
  0.86073494 -0.137051195
  1.27808523 -0.142260402
  1.70084822 -0.142070904
  2.12991619 -0.13743557
  2.565835 -0.129213572
  3.00888824 -0.118207678
  3.45912766 -0.105202466
  3.91637778 -0.0909902304
  4.37988663 -0.0763961524
  4.845397 -0.0623543002
  5.30642462 -0.0501224548
  5.75971413 -0.0401807651
  6.20653152 -0.0322301202
  6.65150976 -0.0257332809
  7.0989089 -0.0202910788
  7.54965639 -0.0157726631
  8.00347996 -0.0121135134
  8.46006489 -0.00921341497
  8.91908073 -0.00695245061
  9.38021469 -0.00521274423
  9.84317017 -0.0038873069
  10.3076897 -0.00288592651
  10.7735462 -0.00213551614
  11.2405596 -0.00157785951
  11.7085857 -0.0011677132
  12.1775284 -0.000869284209
  12.6473274 -0.000653782045
  13.1179733 -0.000498107285
  13.5894966 -0.000384066458
  14.0619774 -0.000298043364
  14.5355434 -0.000230489211
  15.010375 -0.000175896959
  15.4867048 -0.000130998116
  15.9648228 -9.49235982E-05
  16.4450798 -6.68231951E-05
  16.9278736 -4.5282748E-05
  17.4136448 -2.86455706E-05
  17.9028549 -1.52839821E-05
  18.3959389 -3.37961865E-06
  18.8932495  7.86157216E-06
  19.3949928  1.83933935E-05
  19.9011364  2.77714535E-05
  20.4113503  3.63304935E-05
  20.9249516  4.27714112E-05
  21.4409332  4.71083622E-05
  21.9580193  4.84825141E-05
  22.4748154  4.59268704E-05
  22.9899521  3.91501308E-05
  23.5022564  2.8143415E-05
  24.0108528  1.33171052E-05
  24.5152073 -3.58654506E-06
  25.0151272 -2.02832689E-05
  25.5106945 -3.38594691E-05
  26.0021915 -4.15535942E-05
  26.4900246 -4.22089288E-05
  26.9746571 -3.60769955E-05
  27.4565582 -2.56106432E-05
  27.9361725 -1.53184483E-05
  28.4139004 -9.11830102E-06
  28.8900833 -9.9566123E-06
  29.3650169 -1.7813727E-05
  29.8389416 -2.83462214E-05
  30.3120632 -3.5498033E-05
  30.7845402 -3.18676357E-05
  31.2565136 -1.37839161E-05
  31.7280922  1.63913719E-05
  32.1993637  5.13581326E-05
  32.6703949  8.18847184E-05
  33.1412201  0.000104813204
  33.6118851  0.000124132654
  34.0824318  0.000145899685
  34.552887  0.00016782411
  35.0232811  0.000175978406
  35.4936295  0.000158688243
  35.9639244  0.00012599054
  36.4342003  9.44134808E-05
  36.9044571  5.20092581E-05
