 -0.811540484 -0.308854461
 -0.341267079 -0.249837562
  0.143063575 -0.199128509
  0.639352739 -0.15427053
  1.1454643 -0.114722013
  1.65903342 -0.0806482211
  2.17749238 -0.0523944348
  2.69821978 -0.0301617011
  3.21878552 -0.0137641719
  3.73722005 -0.00253591547
  4.2518177  0.00455776835
  4.75799417  0.00872114208
  5.24954176  0.0111005735
  5.72527027  0.0126248328
  6.18903255  0.0137916896
  6.64733934  0.0147615913
  7.10533285  0.0155032901
  7.56415892  0.0159875788
  8.02370644  0.0162553582
  8.48389626  0.0162960272
  8.94469452  0.0160814673
  9.40612793  0.015593824
  9.86825371  0.0148421368
  10.3311453  0.0138623975
  10.7948751  0.0127104092
  11.2595081  0.0114518739
  11.7250948  0.0101511106
  12.1916771  0.00886433944
  12.6592894  0.0076358635
  13.1279726  0.00649652723
  13.5977774  0.00546550984
  14.0687847  0.00455189683
  14.5411024  0.00375754689
  15.0148916  0.00307819084
  15.4903584  0.00250639697
  15.9677696  0.00203086925
  16.4474525  0.00163963437
  16.9297848  0.00132016488
  17.4151936  0.00106020155
  17.9041138  0.000848811353
  18.3969707  0.000677393691
  18.8941021  0.000537938497
  19.3957024  0.000423417339
  19.9017277  0.000328106864
  20.4118385  0.000248332246
  20.9253464  0.000180529634
  21.4412384  0.00012380234
  21.9582386  7.78031099E-05
  22.4749527  4.25320977E-05
  22.990015  1.84837445E-05
  23.5022545  5.16463115E-06
  24.0107994  4.55085683E-07
  24.5151253  1.81365135E-06
  25.015028  5.41254713E-06
  25.5105972  7.44512636E-06
  26.0021038  5.69270696E-06
  26.489954 -3.52275492E-07
  26.9745979 -8.15671046E-06
  27.4565048 -1.32568166E-05
  27.936121 -1.15637267E-05
  28.4138527  2.35751941E-07
  28.8900433  2.09076679E-05
  29.364996  4.52128697E-05
  29.8389568  6.6637127E-05
  30.3121223  7.92068386E-05
  30.7846508  8.27575423E-05
  31.2566719  8.16054235E-05
  31.7282925  8.11645368E-05
  32.1996002  8.26966134E-05
  32.6706734  7.95804517E-05
  33.1415443  6.40656508E-05
  33.6122589  3.54493022E-05
  34.0828362  5.16062573E-06
  34.553299 -1.34492875E-05
  35.0236816 -2.10914186E-05
  35.4939957 -3.02963126E-05
  35.9642296 -3.9065053E-05
  36.4344177 -3.01315231E-05
  36.9045715 -1.40160555E-05
