 -1.66163802 -0.0814213157
 -0.947693169 -0.0227014683
 -0.256682664  0.023402283
  0.407789856  0.0542357005
  1.04201388  0.0690910071
  1.64514041  0.0710070208
  2.22020864  0.0655872896
  2.7726717  0.0577819608
  3.30816102  0.0502469391
  3.83122611  0.0438043624
  4.34473228  0.038442146
  4.84708929  0.0340584442
  5.33466673  0.030802656
  5.80771494  0.0286535192
  6.27020121  0.0273520462
  6.7280364  0.0265349764
  7.1855464  0.025856372
  7.64350986  0.0251906924
  8.10189152  0.0245376695
  8.56068897  0.0238768235
  9.01990891  0.0232109986
  9.47956181  0.0225669295
  9.93963146  0.0219740737
  10.4000998  0.0214399751
  10.8609533  0.020942539
  11.3222075  0.0204350222
  11.7839155  0.0198601726
  12.2461805  0.0191657133
  12.7091417  0.0183165055
  13.1729755  0.0172992572
  13.6378794  0.0161232632
  14.1040726  0.0148169212
  14.571785  0.0134211611
  15.0412674  0.0119825536
  15.5127907  0.0105481511
  15.9866552  0.00915923901
  16.4631996  0.00784971192
  16.9427948  0.00664357562
  17.4258385  0.00555497501
  17.9127483  0.00459062913
  18.4039059  0.00375155755
  18.8996181  0.00303383195
  19.4000397  0.00243017962
  19.9051018  0.0019313182
  20.4144363  0.00152661814
  20.9273281  0.00120268634
  21.4427414  0.000946752261
  21.9593792  0.00074542244
  22.4758244  0.000585975824
  22.9906883  0.000458433176
  23.502779  0.000355821772
  24.0112114  0.000274316029
  24.5154476  0.000213109655
  25.0152798  0.000172142478
  25.5107937  0.00014938727
  26.0022659  0.000141324519
  26.4901066  0.000141324941
  26.9747639  0.000142110657
  27.4567051  0.000138110699
  27.9363594  0.000126565152
  28.4141235  0.000110058703
  28.8903351  9.25635395E-05
  29.3652954  7.72164858E-05
  29.8392448  6.39480422E-05
  30.312397  4.73042237E-05
  30.7849026  2.2163229E-05
  31.2568893 -1.15559706E-05
  31.7284603 -4.62327298E-05
  32.1996994 -7.03898259E-05
  32.6706848 -7.92550854E-05
  33.1414719 -7.81318595E-05
  33.6121063 -7.73234497E-05
  34.0826187 -7.74017462E-05
  34.5530357 -6.81529782E-05
  35.0233917 -4.65376615E-05
  35.4937096 -2.83722547E-05
  35.9639816 -2.22277886E-05
  36.4342346 -1.25555371E-05
  36.9044724 -2.69720022E-06
