  0.912639916  0.52829349
  1.13205278  0.132163793
  1.44564915  0.199151233
  1.79746854  0.170674548
  2.18098521  0.150794849
  2.58521485  0.133214489
  3.00450921  0.117866553
  3.43495941  0.104473226
  3.8738451  0.0927675217
  4.31922674  0.0825176239
  4.76939201  0.0735903606
  5.22146177  0.0663539618
  5.6725173  0.0610228702
  6.12104607  0.057346072
  6.56739426  0.0547800995
  7.01339197  0.0526683331
  7.46026421  0.0505878665
  7.90807724  0.0485416576
  8.35680866  0.0465492047
  8.80644608  0.044617258
  9.25696754  0.0427668765
  9.70834351  0.0410063565
  10.1605453  0.0393250659
  10.6135664  0.0377126895
  11.0674086  0.0361764766
  11.5220737  0.0347384848
  11.9775562  0.0334178694
  12.4338589  0.0322142541
  12.8910036  0.0311046299
  13.3490486  0.0300532356
  13.8080988  0.0290288441
  14.2682981  0.0280186646
  14.7298231  0.0270322114
  15.1928825  0.0260952413
  15.6577072  0.0252396856
  16.1245613  0.0244889427
  16.59375  0.02384937
  17.0656223  0.0233045034
  17.5405827  0.0228155516
  18.0190754  0.0223298911
  18.5015488  0.021787731
  18.988409  0.0211327244
  19.4799404  0.020320911
  19.9762211  0.0193265807
  20.4770336  0.0181464255
  20.9818211  0.0167972371
  21.4896736  0.015316451
  21.9993916  0.0137545168
  22.5096188  0.0121686272
  23.0189915  0.0106163733
  23.52631  0.00914623402
  24.0306492  0.00779354246
  24.531414  0.00657751551
  25.0283356  0.00550358929
  25.5214195  0.00456621032
  26.0108681  0.00375768496
  26.4970169  0.00306976167
  26.9802666  0.00249559153
  27.4610367  0.00202755374
  27.9397373  0.00165243028
  28.416729  0.00135343801
  28.8923321  0.0011100102
  29.3668079  0.000906298286
  29.840374  0.000735693437
  30.3132191  0.000596437138
  30.7854843  0.000486726582
  31.2572937  0.000397727039
  31.7287483  0.000317718019
  32.199913  0.000242446404
  32.6708412  0.000178641654
  33.1415939  0.000135126407
  33.6122055  0.000107379863
  34.0827103  8.22979855E-05
  34.5531311  5.82210851E-05
  35.0234795  4.62657663E-05
  35.4937897  4.20922261E-05
  35.9640503  3.00824522E-05
  36.4342842  1.8771867E-05
  36.9044991  1.19862307E-05
