  0.20942691 -0.0139588099
  0.669665217 -0.0192189664
  1.12750173 -0.0254679602
  1.58299971 -0.0325190686
  2.03621054 -0.0401278399
  2.48727083 -0.047992181
  2.93640947 -0.0557767563
  3.3839395 -0.0631370023
  3.83024573 -0.0697418749
  4.27576923 -0.0752905756
  4.7206893 -0.0795625746
  5.1633749 -0.082903482
  5.60157442 -0.0858541802
  6.03413868 -0.0885370225
  6.461936 -0.0905498862
  6.88784218 -0.0911261439
  7.31447935 -0.0895812288
  7.74285984 -0.0859617218
  8.17374802 -0.0805947036
  8.60776138 -0.073906377
  9.04532528 -0.0663699359
  9.48667526 -0.0584532246
  9.93185616 -0.0505712777
  10.3807631 -0.0430548415
  10.8331738 -0.0361363031
  11.2888031 -0.0299518444
  11.7473326 -0.0245561488
  12.2084513 -0.0199424699
  12.6718798 -0.0160629395
  13.1373873 -0.0128462669
  13.6048002 -0.010211492
  14.0740156 -0.00807628129
  14.5450001 -0.00636260211
  15.0177937 -0.00499895308
  15.4925184 -0.00392085593
  15.9693699 -0.00307237543
  16.4486275 -0.00240553217
  16.9306278 -0.00188095355
  17.4157772 -0.00146707706
  17.9044952 -0.00114023592
  18.397192 -0.000882285764
  18.8942013 -0.000679570599
  19.3957005 -0.00052121107
  19.9016533 -0.000398063334
  20.4117126 -0.000301858468
  20.92519 -0.000226601333
  21.4410686 -0.000167002887
  21.9580727 -0.00011929305
  22.4748039 -8.07097604E-05
  22.9898949 -4.87844118E-05
  23.5021687 -2.18335372E-05
  24.0107517  6.00854037E-07
  24.5151119  1.86069847E-05
  25.0150509  3.12550401E-05
  25.5106468  3.80432321E-05
  26.002182  3.86185711E-05
  26.490057  3.33871321E-05
  26.9747257  2.40811023E-05
  27.4566555  1.30593389E-05
  27.9362831  2.860108E-06
  28.4140053 -3.17198737E-06
  28.8901672 -2.59732428E-06
  29.3650665  5.82508528E-06
  29.8389549  2.16607477E-05
  30.3120346  4.09995337E-05
  30.7844791  5.81777276E-05
  31.2564201  6.61102677E-05
  31.7279682  5.89654592E-05
  32.1991997  3.57565914E-05
  32.6701927  1.42234785E-06
  33.140995 -3.35088662E-05
  33.6116486 -5.874411E-05
  34.0822067 -7.09631204E-05
  34.5526886 -7.64415236E-05
  35.0231209 -8.37907137E-05
  35.4934959 -9.13984695E-05
  35.963829 -8.36676845E-05
  36.4341354 -5.45948715E-05
  36.9044228 -2.67660726E-05
