  0.0139286667 -0.176754653
  1.01293004 -0.17373696
  1.574247 -0.103799962
  2.03411031 -0.0452676304
  2.47857308 -0.0216182191
  2.91553569  0.00659560133
  3.34384537  0.0310447812
  3.76801419  0.047704991
  4.192029  0.0574584417
  4.61826038  0.0622172616
  5.04828453  0.0640092567
  5.48288012  0.0645924732
  5.92105484  0.0650033951
  6.36104059  0.0655584335
  6.80140638  0.0660460368
  7.24175501  0.0660411641
  7.68228865  0.0654682666
  8.12322044  0.0644722283
  8.56470013  0.0631425381
  9.00686836  0.061549522
  9.4498291  0.0597666278
  9.89366817  0.0578455999
  10.3384552  0.055823192
  10.784256  0.0537423715
  11.2311144  0.0516535081
  11.679059  0.0495975688
  12.1281099  0.0475921519
  12.5783033  0.0456353463
  13.0296907  0.0437226482
  13.4823523  0.0418620519
  13.9363728  0.0400775857
  14.3918533  0.0383997932
  14.8489084  0.0368504673
  15.3076935  0.0354301557
  15.7684069  0.0341180786
  16.2313213  0.0328791216
  16.6967831  0.0316783376
  17.1651936  0.0304938275
  17.6370068  0.0293230936
  18.1126766  0.0281857662
  18.5926189  0.0271137897
  19.0771389  0.0261418708
  19.5663757  0.0252950825
  20.060236  0.0245790333
  20.5583286  0.0239753481
  21.0599499  0.0234403964
  21.5641022  0.0229142681
  22.0695686  0.0223290939
  22.5750446  0.0216245744
  23.0792789  0.0207602885
  23.581213  0.0197219569
  24.0800762  0.018522501
  24.5754299  0.0171944927
  25.0671291  0.0157809258
  25.5552921  0.0143230697
  26.0401974  0.0128579317
  26.5222263  0.0114164371
  27.0017853  0.010025966
  27.47929  0.00871357135
  27.9551163  0.00750186015
  28.4296055  0.00640682224
  28.9030437  0.00543110073
  29.3756676  0.00456801103
  29.847662  0.00381015893
  30.3191738  0.00315332157
  30.7903214  0.00259762397
  31.261198  0.00213684933
  31.7318821  0.0017546725
  32.2024231  0.00143141591
  32.6728554  0.00115681754
  33.1431961  0.000931935152
  33.6134796  0.000752101943
  34.0837212  0.000600346655
  34.5539207  0.000464796205
  35.0240974  0.000353275158
  35.4942513  0.000265934214
  35.964386  0.000185929966
  36.4345016  0.000115420291
  36.9046059  5.79001935E-05
