  0.234996006 -2.65888229E-05
  0.705122113 -3.71976494E-05
  1.17522991 -4.84350967E-05
  1.64532781 -6.5257751E-05
  2.11541677 -8.82891327E-05
  2.58549595 -0.0001174934
  3.05556393 -0.00015306563
  3.52562022 -0.000195014349
  3.99566317 -0.000243851449
  4.46569204 -0.000300538377
  4.93570375 -0.000367715518
  5.40568876 -0.000452476321
  5.87562943 -0.000565574912
  6.34550858 -0.000718427356
  6.81530857 -0.000921273429
  7.28501892 -0.00118164904
  7.75461721 -0.00151197624
  8.22407532 -0.00193089969
  8.69335079 -0.00246183691
  9.16239929 -0.00313423807
  9.63115597 -0.00398444524
  10.0995464 -0.00505683338
  10.5674763 -0.00640482316
  11.0348291 -0.00809202809
  11.5014639 -0.0101921177
  11.9672146 -0.0127881216
  12.43188 -0.0159694403
  12.895236 -0.0198263191
  13.357028 -0.0244408213
  13.8169909 -0.0298729539
  14.2748585 -0.0361430123
  14.7303953 -0.0432104208
  15.1834307 -0.0509528778
  15.6339035 -0.0591494776
  16.0819149 -0.067475833
  16.5277691 -0.0755145624
  16.9720306 -0.0827839896
  17.4155121 -0.08878351
  17.8593006 -0.0930495188
  18.3046837 -0.0952129662
  18.7530861 -0.0950503498
  19.2059383 -0.0925194472
  19.6645412 -0.0877759233
  20.1298828 -0.0811629817
  20.6025047 -0.0731736124
  21.082365 -0.064385891
  21.5688248 -0.0553838834
  22.0607071 -0.0466800034
  22.5564518 -0.0386592709
  23.0543499 -0.0315570235
  23.552763 -0.0254682116
  24.0503082 -0.0203791261
  24.5459652 -0.0162059329
  25.0390797 -0.0128303003
  25.5293503 -0.0101246517
  26.016737 -0.00796895847
  26.5013809 -0.00625752378
  26.983532 -0.00490215141
  27.4635029 -0.00383100659
  27.9416027 -0.00298647955
  28.4181423 -0.00232220581
  28.8933887 -0.00180143025
  29.3675823 -0.00139445183
  29.840929 -0.00107741659
  30.3135967 -0.000831240322
  30.7857208 -0.000640167564
  31.2574177 -0.000491904095
  31.728775 -0.000376671727
  32.1998672 -0.000286209048
  32.6707535 -0.000214294734
  33.1414795 -0.000155566988
  33.612072 -0.000106108899
  34.0825729 -6.32285446E-05
  34.5530014 -2.53112303E-05
  35.0233803  6.70987356E-06
  35.4937134  2.9475148E-05
  35.9640121  3.7560756E-05
  36.4342804  2.6671898E-05
  36.9045029  2.92771438E-06
