  0.23469165 -0.000203933509
  0.70465976 -0.000302355882
  1.17456877 -0.000426241022
  1.64442408 -0.000575327431
  2.11422038 -0.000753576751
  2.5839479 -0.000968346314
  3.05359554 -0.00122749119
  3.52315021 -0.00153822894
  3.99259734 -0.00190737343
  4.46192265 -0.00234189397
  4.93109655 -0.00285685388
  5.40002775 -0.00350172026
  5.86857462 -0.00435088947
  6.33658552 -0.00548367947
  6.8039279 -0.0069628302
  7.27051687 -0.00882288814
  7.73620605 -0.0111223627
  8.20078278 -0.0139472559
  8.66399288 -0.0173875671
  9.12555027 -0.0215305462
  9.58512783 -0.0264491886
  10.0423851 -0.0321874171
  10.4969664 -0.0387410596
  10.9485445 -0.0460374169
  11.3968439 -0.0539163388
  11.8416967 -0.0621199235
  12.2830725 -0.0702946261
  12.7211323 -0.0780110955
  13.1562519 -0.0848010331
  13.5890312 -0.0902068466
  14.0202837 -0.0938357934
  14.4510031 -0.0954084098
  14.882308 -0.0947947353
  15.315383 -0.0920308083
  15.7514048 -0.0873141959
  16.1914902 -0.0809800699
  16.6366425 -0.0734586343
  17.0877132 -0.0652241111
  17.5453949 -0.05674069
  18.0102005 -0.0484181643
  18.4824543 -0.0405814424
  18.9622841 -0.0334571116
  19.4495754 -0.0271759517
  19.9439411 -0.0217853729
  20.4446774 -0.0172678567
  20.9507389 -0.0135589913
  21.4607754 -0.0105666053
  21.9732132 -0.00818596035
  22.486393 -0.0063127242
  22.9987316 -0.00485182321
  23.5088749 -0.00372070493
  24.0158062 -0.00285147154
  24.5188866 -0.00218824926
  25.0178318 -0.00168664311
  25.5126591 -0.00131025258
  26.0036011 -0.00103037048
  26.4910259 -0.000823201612
  26.9753609 -0.000669557892
  27.4570522 -0.000553785241
  27.9365215 -0.000463419186
  28.4141541 -0.000388541492
  28.8902779 -0.000322698033
  29.365181 -0.000261619309
  29.839098 -0.000203097763
  30.3122253 -0.000146935548
  30.7847214 -9.35995849E-05
  31.2567177 -4.49158979E-05
  31.7283154 -3.21532207E-06
  32.1996002  2.93578123E-05
  32.670639  5.02222974E-05
  33.1414795  5.79496918E-05
  33.6121559  5.27418524E-05
  34.0827026  3.75489217E-05
  34.5531425  1.91878553E-05
  35.0235023  6.68841221E-06
  35.4938011  6.85889881E-06
  35.9640579  1.74152992E-05
  36.4342995  2.31684608E-05
  36.9045105  9.41149028E-06
