 -0.209361821  0.
  0.209361821  0.
  0.628085494  0.
  1.0468092  0.
  1.46553278  0.
  1.88425636  0.
  2.30298018  0.
  2.72170377  0.
  3.14042735  0.
  3.55915093  0.
  3.97787452  0.
  4.39659786  0.
  4.81532192  0.
  5.23404551  0.
  5.65276909  0.
  6.07149267  0.
  6.49021626  0.
  6.90893984  0.
  7.32766342  0.
  7.746387  0.
  8.16511059  0.
  8.58383465  0.
  9.00255775  0.
  9.42128181  0.
  9.84000587  0.
  10.258729  0.
  10.677453  0.
  11.0961761  0.
  11.5149002  0.
  11.9336233  0.
  12.3523474  0.
  12.7710705  0.
  13.1897945  0.
  13.6085186  0.
  14.0272417  0.
  14.4459658  0.
  14.8646889  0.
  15.2834129  0.
  15.702136  0.
  16.1208591  0.
  16.5395832  0.
  16.9583073  0.
  17.3770313  0.
  17.7957554  0.
  18.2144775  0.
  18.6332016  0.
  19.0519257  0.
  19.4706497  0.
  19.8893738  0.
  20.3080959  0.
  20.72682  0.
  21.1455441  0.
  21.5642681  0.
  21.9829903  0.
  22.4017143  0.
  22.8204384  0.
  23.2391624  0.
  23.6578865  0.
  24.0766087  0.
  24.4953327  0.
  24.9140568  0.
  25.3327808  0.
  25.751503  0.
  26.1702271  0.
  26.5889511  0.
  27.0076752  0.
  27.4263992  0.
  27.8451214  0.
  28.2638454  0.
  28.6825695  0.
  29.1012936  0.
  29.5200157  0.
  29.9387398  0.
  30.3574638  0.
  30.7761879  0.
  31.194912  0.
  31.6136341  0.
  32.0323601  0.
  32.4510803  0.
  32.8698044  0.
  33.2885284  0.
  33.7072525  0.
  34.1259766  0.
  34.5447006  0.
  34.9634247  0.
  35.3821487  0.
  35.8008728  0.
  36.219593  0.
  36.6383171  0.
  37.0570412  0.
