 -0.235133439  0.
  0.234990433  1.8706944E-06
  0.705114305  3.96331143E-06
  1.17521977  8.90003957E-06
  1.6453141  1.6246966E-05
  2.11539817  2.57529628E-05
  2.58547139  3.76438584E-05
  3.05553198  5.17931257E-05
  3.52557945  6.89161971E-05
  3.99561214  8.99985098E-05
  4.4656291  0.000118421747
  4.93562698  0.000162889759
  5.40559387  0.000230724749
  5.87551117  0.000321857049
  6.34535837  0.000431673165
  6.81511593  0.000554899045
  7.28477144  0.000704337494
  7.75430059  0.000893830089
  8.22367096  0.00113377313
  8.69283581  0.00143738347
  9.16174316  0.00181992236
  9.6303215  0.00229942193
  10.0984879  0.00289656967
  10.5661354  0.00363523979
  11.0331354  0.00454004016
  11.4993305  0.00563551951
  11.9645376  0.00694158487
  12.4285364  0.00846826285
  12.8910847  0.010207966
  13.3519106  0.0121238241
  13.8107367  0.0141390264
  14.2672911  0.016124526
  14.7213488  0.0178936422
  15.1727629  0.0192039236
  15.62152  0.0197797716
  16.0677872  0.0193496067
  16.5119591  0.0176995844
  16.9546986  0.0147341276
  17.396925  0.0105258664
  17.839819  0.00533692585
  18.28475 -0.000398867036
  18.7331867 -0.00613838155
  19.1865692 -0.0113176927
  19.6461639 -0.0154580465
  20.1128902 -0.0182498544
  20.5871849 -0.0196011998
  21.0688858 -0.019628102
  21.55723 -0.0186016504
  22.0509338 -0.0168657824
  22.5483589 -0.0147580476
  23.0477428 -0.012556632
  23.54743 -0.0104553774
  24.0460415 -0.00856737792
  24.542572 -0.00694007101
  25.0363941 -0.00557844527
  25.5272312 -0.00446045911
  26.0150681 -0.00355474278
  26.5000706 -0.00282566319
  26.9825058 -0.00224076491
  27.4626999 -0.00177205342
  27.9409771 -0.00139745849
  28.4176559 -0.00109796948
  28.8930111 -0.00085959374
  29.3672905 -0.000670603884
  29.840704 -0.000521334819
  30.3134232 -0.000405021827
  30.7855873 -0.000314512668
  31.2573147 -0.000244587136
  31.7286968 -0.000192100444
  32.1998062 -0.000152767054
  32.6707077 -0.000124788974
  33.1414452 -0.000105113933
  33.6120491 -9.11480311E-05
  34.0825615 -8.06070966E-05
  34.5529976 -6.80775483E-05
  35.0233803 -4.84020129E-05
  35.493721 -1.71919419E-05
  35.9640198  2.31539962E-05
  36.4342842  5.04950294E-05
  36.9045029  6.22692096E-06
