 -1.0227102  0.
 -0.0230770111 -0.000118309297
  0.976556182 -0.0173111651
  1.55251527 -0.0323833749
  2.02463293 -0.0186644811
  2.47404695 -0.0287988465
  2.91691661 -0.0311684702
  3.3503449 -0.0252630003
  3.77800179 -0.0169142447
  4.20405865 -0.00918783527
  4.63128614 -0.00377380359
  5.06168556 -0.00131077645
  5.49640322 -0.000964224979
  5.93466425 -0.00133295706
  6.37476587 -0.00118099432
  6.81523371  1.1807022E-05
  7.25558138  0.00138807029
  7.69599533  0.00240903441
  8.13671875  0.00320827193
  8.57791996  0.00383198843
  9.01975441  0.00427382952
  9.46234226  0.00458740396
  9.90577888  0.00480973767
  10.3501425  0.00492730364
  10.7955074  0.00492434297
  11.2419291  0.00482498342
  11.6894426  0.00468538702
  12.1380739  0.00455130497
  12.5878572  0.00442843838
  13.0388451  0.00428765966
  13.4911165  0.00409243722
  13.9447632  0.00382885383
  14.3998928  0.00351788825
  14.8566236  0.00320815668
  15.3151112  0.00294734584
  15.7755499  0.0027664504
  16.238205  0.0026633658
  16.7034149  0.00260761147
  17.1715775  0.00255565881
  17.6431465  0.00245970837
  18.118578  0.00229518954
  18.5982952  0.00205920544
  19.0826111  0.00177525124
  19.5716724  0.00148605963
  20.065382  0.00124152843
  20.5633488  0.00109193218
  21.0648575  0.00106806564
  21.5688992  0.00118427398
  22.0742435  0.00142493669
  22.5795727  0.00175106456
  23.0836258  0.00211134693
  23.5853424  0.0024512345
  24.0839539  0.00272968295
  24.5790291  0.00292294659
  25.0704327  0.00303179724
  25.5582905  0.00306267128
  26.0428886  0.00302663725
  26.5246162  0.00293025631
  27.0038853  0.00277386443
  27.4811134  0.00256687799
  27.956686  0.00232362072
  28.4309464  0.00207289867
  28.9041805  0.00183510641
  29.3766232  0.00161222799
  29.8484592  0.00139782368
  30.3198338  0.00118282274
  30.7908649  0.000980843441
  31.2616463  0.000813514693
  31.7322502  0.000688057684
  32.2027245  0.000584458932
  32.6730957  0.000478620146
  33.1433907  0.000382712751
  33.613636  0.000322932436
  34.083847  0.000288436364
  34.5540199  0.000237301123
  35.0241699  0.000185842029
  35.4943085  0.000170225976
  35.9644241  0.000150026797
  36.4345245  0.000122388112
  36.9046173  0.000123199614
