 -2.4049232  0.
 -1.67868459 -0.00449105538
 -0.952445984 -0.0075272657
 -0.251783133 -0.00816550199
  0.41914475 -0.00575730391
  1.05647886 -0.00102637406
  1.66000652  0.00383217493
  2.23394012  0.00697655836
  2.78476906  0.00819282047
  3.31868076  0.00825948082
  3.84039712  0.00791921467
  4.35278082  0.00737368083
  4.85421991  0.00617011264
  5.34111547  0.00446494948
  5.81371403  0.0028579284
  6.27592754  0.00183279894
  6.73359203  0.00152442057
  7.19095993  0.00149251265
  7.64878368  0.00146155071
  8.10702896  0.00147651881
  8.56568813  0.00148504099
  9.02476883  0.00143402955
  9.48428631  0.00131782598
  9.94423199  0.00118542777
  10.4045887  0.00110253179
  10.8653383  0.00112332299
  11.3264856  0.00127042702
  11.7880735  0.0015319708
  12.2501926  0.00186909037
  12.7129765  0.00223261374
  13.1765976  0.00257218513
  13.6412554  0.0028457467
  14.1071749  0.00302643678
  14.5745945  0.00310307182
  15.0437765  0.00307610468
  15.5149994  0.00295960275
  15.9885731  0.00277102087
  16.4648438  0.00253284257
  16.9441853  0.00226713647
  17.427002  0.0019904396
  17.9137096  0.00171539746
  18.4046917  0.00145275448
  18.9002533  0.00120958977
  19.4005489  0.000989900902
  19.9055061  0.000795968459
  20.4147568  0.000632457028
  20.9275799  0.000497101515
  21.4429398  0.00039002116
  21.9595356  0.00030894074
  22.4759464  0.000247844873
  22.9907837  0.000200454277
  23.5028534  0.000160356489
  24.0112686  0.000121414123
  24.5154915  8.19768102E-05
  25.015316  4.59287367E-05
  25.5108242  1.64066169E-05
  26.0022964 -8.73337125E-10
  26.4901371 -1.62115919E-06
  26.9747944  8.29935652E-06
  27.4567337  2.40691024E-05
  27.9363861  3.45474582E-05
  28.4141464  3.67361645E-05
  28.8903542  3.23109198E-05
  29.3653107  2.79941287E-05
  29.8392582  3.51752824E-05
  30.3124065  5.32062295E-05
  30.7849064  7.14404232E-05
  31.2568874  7.35368012E-05
  31.7284508  5.12662264E-05
  32.1996841  1.88244649E-05
  32.6706696 -2.38604594E-06
  33.1414566 -1.71786144E-06
  33.6120911  1.66444224E-07
  34.0826035 -1.96626752E-05
  34.5530205 -4.59586881E-05
  35.0233803 -3.86253087E-05
  35.4937019 -1.30657354E-05
  35.9639778 -2.05682918E-05
  36.4342308 -2.09639747E-05
  36.9044724 -5.73585385E-06
