 -1.96457779  0.
 -1.10382867 -0.00039804526
 -0.243079543  0.00711765746
  0.479500413  0.0259106588
  1.06827664  0.0319028832
  1.5923264  0.0274051912
  2.09528899  0.0235659759
  2.58970809  0.0208067764
  3.07962513  0.0185510647
  3.56671739  0.016573891
  4.05185318  0.0148465931
  4.53516197  0.0129704392
  5.01371431  0.0103040477
  5.48409414  0.0073968349
  5.94578123  0.00499474257
  6.40108013  0.00361259538
  6.85400915  0.00320747378
  7.30732632  0.00302259903
  7.7613225  0.00284383772
  8.21595287  0.00269314297
  8.67119312  0.00251561636
  9.1270237  0.00230921363
  9.58342075  0.00212288275
  10.0403528  0.00200600759
  10.4978046  0.00196096231
  10.9557858  0.00194587116
  11.4143324  0.00190387235
  11.8734922  0.00179703033
  12.3333168  0.00162302959
  12.793849  0.00141615351
  13.2551365  0.00123011996
  13.7172394  0.00111687614
  14.1802559  0.00111525226
  14.6443367  0.00123935752
  15.1097002  0.001474438
  15.576642  0.00178943761
  16.0455341  0.00213734433
  16.5168247  0.00247275294
  16.9910164  0.00275776722
  17.4686508  0.00296116457
  17.9502735  0.00306839892
  18.4363918  0.00307710655
  18.9273987  0.00299417134
  19.4235229  0.00283308793
  19.9247341  0.00261138333
  20.4306774  0.00235071848
  20.9406357  0.00206619757
  21.4535503  0.00177598896
  21.9680939  0.00149722677
  22.4828129  0.00124197709
  22.9962807  0.00102210371
  23.5072613  0.000842687208
  24.014822  0.000701060053
  24.5183811  0.000589415897
  25.0176849  0.000499328133
  25.5127773  0.000418180367
  26.0039043  0.000343668566
  26.4914513  0.000277395477
  26.9758549  0.000224560004
  27.457571  0.000190076025
  27.9370308  0.00016820975
  28.4146233  0.000150422347
  28.8906803  0.000123582271
  29.3654957  8.14991145E-05
  29.8393154  3.54604817E-05
  30.3123512  7.01665272E-07
  30.7847672 -1.14485038E-05
  31.2566967 -7.8485964E-06
  31.728241 -8.31052967E-06
  32.1994781 -2.06986169E-05
  32.6704826 -3.1780939E-05
  33.141304 -1.89169059E-05
  33.6119881  1.13310507E-05
  34.0825539  2.32708753E-05
  34.5530205  6.80625271E-06
  35.0234146  3.82683356E-06
  35.4937553  2.22454146E-05
  35.9640388  1.00693906E-05
  36.4342804 -4.0231489E-06
  36.9044991  3.95313236E-06
