 -0.190968663  0.0336728096
  0.217081636  0.0572329536
  0.626574218  0.0791940391
  0.626574218 -0.110481977
  0.626574218  0.0791940391
  1.0401715  0.0974625945
  1.45970273  0.111316234
  1.88612318  0.12054798
  2.3199625  0.125230849
  2.3199625 -0.409071982
  2.3199625  0.125230849
  2.76146126  0.12563318
  3.21062136  0.122191846
  3.66721487  0.115504503
  4.13060999  0.10633409
  4.59811687  0.0956187844
  5.06413651  0.0846444368
  5.52361631  0.0742814541
  5.97554302  0.0648494363
  6.42295265  0.0562566519
  6.87039137  0.0483507514
  7.32050753  0.0410454273
  7.77364922  0.0344769955
  8.22954082  0.0286779404
  8.22954082 -1.
  8.22954082  0.0286779404
  8.68788052  0.0236400366
  9.14837456  0.0193270445
  9.61074066  0.0156828165
  10.0747213  0.0126413107
  10.5400925  0.0101317167
  11.0066643  0.00808250904
  11.4742851  0.00642645359
  11.9428444  0.0050983429
  12.4122686  0.00404059887
  12.8825293  0.00320065022
  13.3536425  0.00253415108
  13.8256664  0.00200355053
  14.2987051  0.00157892704
  14.7729158  0.00123906136
  15.2485075  0.000966668129
  15.7257404  0.000750541687
  16.2049351  0.00058054924
  16.6864643  0.000447034836
  17.1707516  0.000343799591
  17.1707516 -1.
  17.1707516  0.000343799591
  17.6582451  0.000262022018
  18.149395  0.000195860863
  18.6445942  0.000141739845
  19.1441231  9.7155571E-05
  19.6480694  6.04391098E-05
  20.15625  3.01599503E-05
  20.6681595  6.55651093E-06
  21.1829529 -1.15633011E-05
  21.6994858 -2.39610672E-05
  22.2164268 -2.99215317E-05
  22.7323914 -2.95639038E-05
  23.2461109 -2.25305557E-05
  23.7565594 -1.090765E-05
  24.263031  4.64916229E-06
  24.7651653  1.99079514E-05
  25.262907  3.38554382E-05
  25.262907 -1.
  25.262907  3.38554382E-05
  25.7564354  4.24385071E-05
  26.2460995  4.50611115E-05
  26.7323322  4.16040421E-05
  27.2155991  3.24249268E-05
  27.6963615  2.18153E-05
  28.1750336  1.22785568E-05
  28.651989  8.22544098E-06
  29.1275482  1.12056732E-05
  29.6019764  1.87158585E-05
  30.0754967  2.62260437E-05
  30.5482941  2.74181366E-05
  31.0205212  1.78813934E-05
  31.4923038  3.57627869E-07
  31.9637375 -1.57952309E-05
  32.4348946 -1.9967556E-05
  32.9058266 -8.34465027E-06
  33.3765755  9.77516174E-06
  33.847187  1.65700912E-05
  34.3176956  2.50339508E-06
  34.7881203 -1.84178352E-05
  35.2584915 -2.32458115E-05
  35.7288094 -1.69873238E-05
  36.1990852 -3.0875206E-05
  36.669342 -5.5372715E-05
  37.139576 -4.83989716E-05
